0 1 2 119.459 64.591 39.448 11.101 3.134 3.276 -3.116
0 2 3 111.692 82.858 38.785 0.348 0.594 1.168 0.03
0 7 4 117.838 79.801 38.578 1.101 0.593 1.674 0.022
0 8 1 174.83 78.838 38.803 3.949 1.749 1.648 -3.104
0 9 3 153.298 62.936 39.199 0.452 0.456 1.052 -3.106
0 10 4 158.785 86.926 38.676 1.909 0.714 1.447 0.001
0 12 1 93.832 66.304 38.501 2.799 1.481 1.577 0.011
0 13 1 168.183 82.375 38.877 4.472 2.171 1.748 0.042
0 14 2 108.069 72.644 39.572 1.648 2.594 3.066 0.011
0 18 4 106.277 77.869 38.564 0.83 0.554 1.586 0.022
0 19 4 106.789 75.883 38.513 0.84 0.588 1.408 0.022
1 1 2 125.377 65.911 39.337 10.953 3.029 2.923 -3.121
1 2 3 110.794 82.738 38.811 0.479 0.522 1.323 0.046
1 7 4 114.473 79.071 38.526 1.048 0.648 1.579 0.041
1 8 1 177.066 79.565 38.806 4.032 1.814 1.64 -3.041
1 9 3 154.003 63.234 39.178 0.543 0.574 1.016 2.597
1 10 4 154.286 86.118 38.661 1.42 0.959 1.504 -0.165
1 12 1 92.966 66.278 38.448 1.543 1.733 1.437 0.04
1 13 1 163.564 81.396 38.846 4.386 2.115 1.702 0.028
1 14 2 100.349 71.136 39.476 4.027 2.473 3.482 0.04
1 18 4 103.674 77.32 38.542 0.904 0.679 1.787 0.064
1 19 4 103.894 75.38 38.492 1.255 0.681 1.638 0.064
1 20 5 77.681 63.963 38.412 0.278 0.594 0.902 0.018
1 21 1 85.178 65.347 38.242 0.812 0.624 0.629 -0.009
2 1 2 130.453 67.147 39.221 11.118 2.893 2.64 -3.139
2 2 3 109.991 82.628 38.863 0.471 0.694 1.356 3.137
2 7 4 111.576 78.386 38.58 1.057 0.601 1.643 -0.013
2 8 1 178.429 80.06 38.689 2.57 1.74 1.041 -2.974
2 9 3 154.591 63.405 39.179 0.411 0.371 0.724 -3.105
2 10 4 150.535 85.248 38.631 1.557 0.741 1.381 0.02
2 12 1 91.194 65.889 38.597 3.08 1.672 1.372 -0.001
2 13 1 159.542 80.655 38.823 4.361 2.056 1.592 0.024
2 14 2 96.646 70.56 39.644 0.449 2.647 2.983 0.006
2 18 4 101.301 76.703 38.513 0.625 0.621 1.696 -0.013
2 19 4 101.651 75.002 38.438 1.107 0.743 1.447 -0.013
2 20 5 77.165 63.394 38.739 0.551 1.444 1.123 -0.039
2 21 1 84.523 65.303 38.238 0.902 0.489 0.622 -0.011
2 23 2 72.009 57.551 39.653 4.111 2.986 3.178 3.139
3 1 2 134.904 68.086 39.308 11.141 2.764 2.797 3.135
3 2 3 109.243 82.489 38.898 0.599 0.494 1.28 -0.045
3 7 4 108.764 77.844 38.582 1.742 0.646 1.666 -0.035
3 8 1 179.606 80.597 38.664 1.257 1.627 1.172 -3.138
3 9 3 155.173 63.712 39.115 0.532 0.429 0.789 3.111
3 10 4 147.19 84.706 38.638 1.491 0.742 1.38 -0.067
3 12 1 90.45 65.669 38.577 3.259 1.977 1.411 0.001
3 13 1 156.228 80.027 38.83 4.297 2.158 1.715 0.003
3 14 2 90.946 69.289 39.374 3.299 2.608 3.219 -0.001
3 18 4 99.179 76.237 38.51 1.413 0.62 1.669 -0.009
3 19 4 99.724 74.616 38.554 1.235 0.639 1.662 -0.009
3 20 5 76.526 63.295 38.583 0.533 1.664 1.335 -0.009
3 21 1 83.059 64.844 38.279 3.64 0.971 1.075 0.025
3 23 2 71.341 57.17 39.378 11.415 3.177 3.277 -3.101
4 1 2 145.098 70.111 39.6 11.496 2.888 3.416 -3.139
4 2 3 107.534 82.288 38.905 0.879 0.553 1.312 -0.603
4 7 4 102.859 76.684 38.585 1.737 0.617 1.64 0.006
4 9 3 156.253 63.544 39.071 0.389 0.901 0.554 3.031
4 10 4 139.083 83.186 38.632 1.364 0.803 1.309 0.006
4 12 1 88.926 65.498 38.614 3.792 1.766 1.546 -0.002
4 13 1 147.149 78.13 38.796 2.106 2.205 1.496 0.007
4 14 2 81.677 67.284 39.365 3.02 2.738 3.042 0.048
4 18 4 94.585 75.245 38.618 1.046 0.642 1.757 0.044
4 19 4 95.364 73.739 38.537 1.252 0.587 1.541 0.014
4 20 5 73.418 62.968 38.695 1.163 1.039 1.59 0.111
4 21 1 81.505 64.181 38.517 4.284 1.665 1.418 0.013
4 23 2 79.776 59.07 39.435 11.102 3.066 3.385 -3.096
5 1 2 148.99 70.943 39.725 11.218 3 3.525 3.141
5 2 3 107.125 82.159 38.932 0.562 0.666 1.294 -3.123
5 7 4 100.277 76.236 38.611 1.927 0.649 1.646 0.016
5 9 3 156.765 63.432 39.12 0.207 0.604 1.027 2.876
5 10 4 135.803 82.581 38.557 1.216 0.767 1.346 -0.019
5 12 1 88.378 65.368 38.587 4.066 1.661 1.459 0.007
5 13 1 144.887 77.584 38.745 3.991 2.132 1.523 -0.001
5 14 2 79.531 66.857 39.378 0.449 2.56 3.098 0.007
5 18 4 92.517 74.787 38.617 1.407 0.644 1.689 0.002
5 19 4 93.575 73.609 38.592 1.255 0.697 1.599 0.016
5 20 5 70.901 62.253 38.526 3.018 1.547 1.535 0.014
5 21 1 80.881 64.057 38.577 3.965 1.692 1.491 0.014
5 23 2 83.371 59.843 39.418 10.877 3.118 3.206 -3.093
6 1 2 152.453 71.736 39.753 11.195 2.735 3.612 -3.11
6 2 3 106.519 82.114 38.736 0.67 0.751 1.657 0.165
6 7 4 98.027 75.881 38.612 1.883 0.579 1.691 0.079
6 9 3 157.416 63.552 39.19 0.238 0.58 0.801 -3.124
6 10 4 132.469 82.047 38.647 1.559 0.758 1.554 0.02
6 12 1 88.014 65.288 38.663 3.967 1.768 1.577 0.01
6 13 1 141.585 76.912 38.724 3.821 2.11 1.513 -0.002
6 14 2 75.121 65.849 39.304 3.419 2.647 2.957 0.006
6 18 4 90.374 74.262 38.645 1.8 0.618 1.727 0.137
6 19 4 91.705 73.321 38.603 1.549 0.732 1.612 0.137
6 20 5 69.129 61.573 38.733 2.889 2.108 1.681 0.01
6 21 1 79.847 63.854 38.472 4.516 1.633 1.205 0.01
6 23 2 87.322 60.952 39.379 11.016 3.012 2.85 -3.131
6 28 1 59.601 65.654 38.347 4.017 1.271 1.368 -0.507
7 1 2 155.69 72.412 39.468 11.289 2.753 3.245 -3.108
7 2 3 105.835 81.953 38.905 0.55 0.69 1.298 0.096
7 7 4 95.963 75.579 38.612 1.745 0.698 1.638 -0.042
7 9 3 157.934 63.551 39.067 0.322 0.531 0.36 2.887
7 10 4 128.968 81.586 38.566 1.538 0.714 1.345 -0.055
7 12 1 87.421 65.099 38.689 4.241 1.897 1.571 0.014
7 13 1 138.336 76.236 38.842 4.152 2.182 1.491 -0.007
7 14 2 72.682 65.361 39.312 3.087 2.511 2.78 0.029
7 18 4 88.634 73.921 38.677 1.355 0.605 1.701 -0.055
7 19 4 90.059 73.049 38.601 1.399 0.668 1.637 -0.055
7 20 5 67.818 61.467 38.712 0.948 1.689 1.569 0.023
7 21 1 79.077 63.63 38.566 4.07 1.667 1.39 0.019
7 23 2 91.463 61.694 39.238 11.182 2.995 2.699 -3.11
7 28 1 59.271 65.579 38.25 3.907 1.495 1.067 -0.374
7 29 4 64.686 48.847 38.736 1.026 0.577 1.299 3.142
8 1 2 159.155 73.198 39.704 11.34 2.901 3.375 -3.119
8 2 3 105.049 81.684 38.815 0.429 0.34 1.202 0.035
8 7 4 93.11 75.111 38.644 1.628 0.855 1.643 0.056
8 10 4 124.91 80.903 38.542 1.445 0.798 1.351 0.01
8 12 1 86.73 65.079 38.68 4.099 1.747 1.585 -0.001
8 13 1 134.346 75.393 38.793 3.624 2.29 1.542 -0.016
8 14 2 69.779 64.753 39.206 3.557 2.605 2.619 0.005
8 18 4 86.32 73.388 38.653 2.159 0.645 1.721 0.03
8 19 4 88.061 72.797 38.628 1.903 0.656 1.602 -0.005
8 20 5 63.799 60.267 38.714 3.011 2.072 1.657 0.04
8 21 1 77.802 63.327 38.647 4.583 1.906 1.474 0.011
8 23 2 96.731 63.052 39.17 11.086 2.89 2.496 -3.117
8 28 1 59.198 65.72 38.446 4.028 1.501 1.33 -0.316
8 29 4 66.499 49.384 38.762 1.719 0.558 1.191 -3.114
8 36 4 72.103 49.321 38.657 1.044 0.727 1.681 -3.114
9 2 3 103.302 81.448 38.917 0.411 0.568 1.279 0.093
9 7 4 87.816 74 38.669 1.658 0.705 1.641 -0.024
9 10 4 116.74 79.471 38.464 1.371 0.779 1.325 0.102
9 12 1 84.277 64.608 38.73 4.194 1.924 1.58 0.015
9 13 1 126.813 73.766 38.706 4.219 2.081 1.483 -3.082
9 14 2 65.69 63.814 39.193 3.264 2.591 2.555 -0.01
9 18 4 81.766 72.602 38.693 1.944 0.693 1.72 -0.005
9 19 4 84.285 72.206 38.675 1.662 0.66 1.636 0.064
9 20 5 56.608 58.751 38.764 2.952 1.843 1.744 0.034
9 21 1 75.242 62.798 38.68 4.545 1.794 1.479 0.028
9 23 2 107.908 65.547 39.456 11.375 2.745 2.991 -3.107
9 28 1 58.849 65.522 38.515 4.21 1.686 1.437 -0.331
9 29 4 70.812 50.911 38.707 1.712 0.618 1.58 -3.031
9 36 4 74.04 50.202 38.645 1.651 0.663 1.648 3.072
9 38 1 68.73 46.268 38.099 0.306 0.181 0.402 2.572
9 39 1 65.679 66.095 38.061 0.202 0.112 0.383 -1.529
9 42 1 40.03 49.817 38.836 2.429 1.033 1.373 -3.026
10 2 3 101.136 80.699 38.925 0.402 0.605 0.976 0.032
10 7 4 81.618 72.924 38.635 1.684 0.746 1.693 0.075
10 10 4 104.639 76.75 38.498 1.215 0.703 1.467 0.075
10 12 1 79.134 63.556 38.74 4.473 1.92 1.591 0.006
10 13 1 115.501 71.435 38.754 4.016 2.243 1.531 -0.002
10 14 2 57.444 62.741 39.271 11.571 3.022 2.735 -0.115
10 18 4 75.019 71.272 38.723 1.808 0.865 1.712 0.075
10 19 4 79.022 71.018 38.666 1.817 0.936 1.599 0.075
10 20 5 45.542 55.861 38.564 0.451 0.364 0.821 2.848
10 21 1 70.124 61.6 38.71 4.647 1.866 1.491 0.051
10 23 2 125.588 69.532 39.589 11.399 2.902 3.627 -3.121
10 28 1 58.534 65.569 38.61 4.793 1.808 1.475 -0.314
10 29 4 77.676 52.885 39.03 0.972 0.414 0.879 -3.088
10 36 4 77.973 51.374 38.963 0.797 0.528 1.072 -3.088
10 38 1 68.723 46.287 38.099 0.248 0.33 0.422 -3.08
10 39 1 65.664 66.126 38.144 0.207 0.277 0.503 2.61
10 42 1 36.434 49.415 38.506 4.026 2.138 1.115 -3.108
10 47 4 44.273 50.76 38.867 2.717 1.036 1.639 3.14
10 49 1 47.473 54.264 38.328 0.315 0.414 0.453 -1.528
10 50 1 42.979 23.57 38.645 2.271 0.593 0.644 -1.544
10 53 1 22.562 45.85 38.573 0.975 0.749 0.91 -3.078
10 61 1 34.078 62.874 38.601 2.85 1.348 0.871 -2.111
10 65 3 24.202 95.237 38.8 0.507 0.393 0.74 1.58
11 2 3 100.454 80.603 38.998 0.568 0.505 0.958 -0.064
11 7 4 80.078 72.627 38.625 1.652 0.834 1.649 0.055
11 10 4 101.274 75.904 38.497 1.479 0.809 1.406 0.037
11 12 1 77.841 63.165 38.751 4.508 2.19 1.571 0.022
11 13 1 112.26 70.715 38.548 3.793 2.131 1.184 0.003
11 14 2 56.274 62.852 39.269 11.585 2.749 2.759 -0.194
11 18 4 73.219 70.883 38.704 1.751 0.875 1.692 0.037
11 19 4 77.586 70.68 38.683 1.736 0.72 1.655 0.054
11 21 1 68.521 61.224 38.705 4.678 1.781 1.503 0.025
11 23 2 130.068 70.503 39.55 11.418 2.842 3.418 -3.092
11 28 1 59.045 65.553 38.625 3.666 1.892 1.483 -0.3
11 29 4 79.543 53.157 38.644 1.716 0.637 1.665 3.069
11 36 4 79.04 51.549 38.707 1.594 0.512 1.605 3.118
11 38 1 68.677 46.34 38.135 0.163 0.235 0.301 -2.937
11 39 1 65.653 66.146 38.147 0.264 0.276 0.472 2.095
11 42 1 38.541 49.612 38.711 2.755 1.057 1.02 3.071
11 47 4 45.339 51.088 38.765 2.758 1.022 1.611 3.085
11 49 1 47.508 54.25 38.293 0.294 0.315 0.439 1.544
11 50 1 43.025 23.333 38.626 2.851 0.375 0.895 1.555
11 53 1 24.234 46.271 38.832 2.68 1.425 1.426 -3.071
11 61 1 34.179 63.464 38.723 2.054 1.578 1.343 0.983
11 65 3 24.035 95.761 38.696 0.226 0.313 0.359 -1.541
11 71 1 31.045 50.174 38.364 0.698 1.502 0.562 3.091
11 72 5 33.656 97.546 38.156 1.464 0.955 0.361 -1.646
12 2 3 99.881 80.4 38.808 0.153 0.28 0.517 -0.001
12 7 4 78.684 72.236 38.629 1.461 0.728 1.644 0.007
12 10 4 97.972 75.077 38.537 1.56 0.755 1.516 -0.01
12 12 1 76.659 62.956 38.751 4.713 2.099 1.568 0.031
12 13 1 109.234 70.041 38.736 4.205 2.035 1.648 0.028
12 18 4 71.229 70.518 38.689 2.06 1.149 1.695 -0.001
12 19 4 76.177 70.426 38.671 1.715 0.841 1.668 0.014
12 21 1 66.916 60.744 38.709 4.694 1.855 1.505 0.057
12 23 2 129.136 70.162 39.589 0.866 2.588 2.769 -3.138
12 28 1 58.638 65.522 38.632 4.538 2.107 1.503 -0.29
12 29 4 81.486 53.289 38.64 1.829 0.703 1.667 3.134
12 36 4 80.306 51.667 38.645 1.546 0.613 1.626 3.137
12 38 1 68.68 46.367 38.077 0.214 0.237 0.42 -2.747
12 39 1 65.654 66.161 38.125 0.145 0.209 0.443 0
12 42 1 39.297 49.835 38.675 4.192 1.097 1.155 2.998
12 47 4 46.569 51.29 38.787 2.638 1.095 1.618 -3.106
12 49 1 47.558 54.257 38.283 0.213 0.192 0.566 0.127
12 50 1 43.106 22.856 38.679 3.751 0.462 0.989 -1.603
12 53 1 25.945 46.19 38.87 4.169 1.82 1.34 2.988
12 61 1 34.562 64.405 38.437 0.199 1.227 0.211 -2.371
12 65 3 24.055 96.53 38.71 0.273 0.514 0.692 -1.412
12 71 1 32.324 50.393 38.42 0.689 1.351 0.507 -3.073
12 72 5 34.324 93.648 38.202 4.578 1.259 0.34 1.553
12 73 2 54.968 63.051 39.234 11.368 2.829 2.698 -0.286
12 74 4 97.323 55.045 38.841 0.781 0.416 1.149 -3.077
13 2 3 98.552 80.306 38.934 0.306 0.547 1.051 0.015
13 7 4 75.763 71.463 38.642 1.659 0.655 1.639 0.077
13 10 4 91.198 73.159 38.524 1.239 0.757 1.379 0.276
13 12 1 73.86 62.493 38.754 4.477 1.803 1.532 0.007
13 13 1 102.95 68.709 38.698 4.359 2.092 1.64 0.001
13 18 4 67.549 70.018 38.711 2.181 0.741 1.691 -0.056
13 19 4 73.473 69.91 38.68 1.715 0.711 1.626 -0.037
13 21 1 63.65 59.881 38.735 4.679 1.855 1.476 0.052
13 28 1 59.152 65.459 38.633 3.454 1.954 1.517 -0.266
13 29 4 85.188 53.757 38.693 1.409 0.512 1.499 3.093
13 36 4 82.937 52.104 38.738 1.669 0.562 1.54 -3.027
13 39 1 65.651 66.186 38.159 0.233 0.295 0.477 -0.065
13 42 1 42.684 50.152 38.708 3.373 0.669 1.382 2.954
13 47 4 48.761 51.805 38.776 2.884 0.99 1.572 3.117
13 49 1 47.558 54.267 38.289 0.292 0.257 0.595 1.699
13 50 1 43.185 22.443 38.557 4.707 0.454 0.954 -1.625
13 53 1 30.652 46.044 38.909 4.146 1.81 1.582 2.836
13 61 1 34.598 69.525 38.185 0.432 0.307 0.155 -1.441
13 65 3 23.819 97.865 38.637 0.147 0.303 0.71 -1.45
13 71 1 34.226 51.23 38.384 1.422 1.525 0.75 2.802
13 72 5 36.192 83.806 38.336 4.909 1.068 0.719 -1.583
13 73 2 52.291 64.242 39.222 11.447 2.711 2.653 -0.535
13 74 4 100.136 55.56 38.724 0.919 0.592 1.359 -2.979
13 87 3 25.552 98.409 38.65 0.318 0.36 0.717 -1.648
14 2 3 97.815 80.254 38.894 0.334 0.556 0.902 0.007
14 7 4 74.24 71.253 38.66 1.775 0.8 1.662 0.001
14 10 4 87.197 72.216 38.56 1.356 0.794 1.388 0.057
14 12 1 72.178 62.062 38.767 4.466 1.956 1.575 0.014
14 13 1 99.227 67.954 38.685 4.183 2.174 1.585 -0.027
14 18 4 65.457 69.815 38.746 2.039 0.885 1.733 -0.027
14 19 4 71.872 69.63 38.705 1.695 0.704 1.617 0.001
14 21 1 61.779 59.352 38.74 4.704 1.806 1.472 0.075
14 28 1 59.134 65.397 38.654 3.319 2.063 1.502 -0.352
14 29 4 87.681 53.944 38.553 1.654 0.57 1.578 3.141
14 36 4 84.619 52.446 38.605 1.578 0.771 1.659 3.141
14 38 1 68.662 46.395 38.144 0.22 0.206 0.42 0.238
14 42 1 44.625 50.195 38.667 2.817 0.516 1.244 2.917
14 47 4 50.387 52.151 38.793 2.732 1.001 1.57 3.084
14 49 1 47.514 54.274 38.354 0.403 0.293 0.58 -0.016
14 50 1 43.315 21.921 38.576 5.73 0.493 1.272 1.519
14 53 1 33.372 45.443 38.857 4.208 1.683 1.611 2.694
14 61 1 35.04 72.308 38.13 0.382 0.369 0.488 -1.537
14 65 3 23.684 98.655 38.588 0.199 0.422 0.733 -1.513
14 71 1 36.02 52.044 38.418 0.774 1.717 0.726 3.081
14 72 5 37.175 78.044 38.646 4.624 1.267 1.673 1.47
14 73 2 50.718 65.223 39.279 11.385 2.834 2.636 -0.696
14 74 4 101.778 55.931 38.65 1.259 0.647 1.455 3.138
14 87 3 25.363 99.159 38.606 0.312 0.565 0.697 -1.645
14 91 1 11.71 44.462 38.696 2.975 1.247 1.216 3.123
15 2 3 97.221 79.97 38.929 0.379 0.42 0.891 -0.001
15 7 4 72.859 71.122 38.658 1.613 0.714 1.685 -0.217
15 10 4 83.921 71.499 38.582 1.616 0.79 1.524 -0.021
15 12 1 70.722 61.786 38.765 4.472 1.822 1.597 0.012
15 13 1 96.256 67.264 38.709 4.431 2.189 1.665 -0.021
15 18 4 63.682 69.561 38.732 2.053 0.841 1.743 -0.071
15 19 4 70.553 69.485 38.691 1.677 0.842 1.668 -0.017
15 21 1 60.343 58.834 38.741 4.753 1.839 1.491 0.091
15 28 1 59.031 65.45 38.664 3.518 2.075 1.566 -0.316
15 29 4 89.475 54.145 38.694 1.557 0.419 1.377 3.139
15 36 4 85.922 52.913 38.721 1.382 0.545 1.527 3.139
15 38 1 68.671 46.387 38.133 0.286 0.27 0.49 -2.632
15 42 1 46.568 50.316 38.671 1.625 0.373 1.1 3.092
15 47 4 52.069 52.432 39.175 2.604 1.026 0.943 3.096
15 49 1 47.563 54.279 38.312 0.283 0.259 0.575 -3.13
15 50 1 43.414 21.867 38.534 5.718 0.911 1.379 1.534
15 53 1 35.603 44.514 38.855 4.147 1.788 1.718 2.524
15 71 1 35.861 52.294 38.572 4.304 1.798 1.148 -2.843
15 73 2 49.31 66.391 39.222 11.857 2.84 2.69 -0.855
15 74 4 103.39 56.211 38.635 1.361 0.574 1.421 -3.139
15 87 3 25.337 99.787 38.572 0.232 0.416 0.751 1.584
15 91 1 13.067 44.812 38.87 1.871 1.006 0.902 3.048
16 2 3 94.54 79.653 39.044 0.319 0.487 0.947 0.241
16 7 4 67.882 70.563 38.656 1.658 0.67 1.645 -0.136
16 10 4 71.8 69.179 38.612 1.594 0.757 1.476 -0
16 12 1 64.184 59.733 38.845 4.419 1.798 1.572 0.219
16 13 1 83.408 64.527 38.807 4.442 2.192 1.652 0.03
16 18 4 57.84 68.254 38.763 1.915 0.715 1.699 0.018
16 19 4 64.928 68.844 38.696 1.589 0.712 1.637 -0.128
16 21 1 55.148 56.17 38.76 4.612 1.851 1.459 0.371
16 28 1 56.932 65.323 38.685 4.156 1.875 1.474 -0.095
16 29 4 97.351 55.305 38.709 0.55 0.504 1.07 3.142
16 36 4 92.554 54.401 38.725 1.283 0.566 1.319 3.12
16 42 1 60.341 51.544 38.747 4.793 1.76 1.419 -3.069
16 47 4 61.113 53.997 38.858 2.875 1.045 1.677 -3.068
16 49 1 47.528 54.292 38.378 0.251 0.242 0.595 -0.901
16 53 1 42.769 37.055 38.921 4.715 1.683 1.828 1.98
16 71 1 40.776 58.067 38.642 4.466 1.774 1.418 -2.322
16 73 2 45.701 74.21 39.203 11.012 2.551 2.687 -1.423
16 74 4 109.169 57.253 38.703 0.479 0.519 1.215 0.045
16 87 3 25.062 99.952 38.593 0.32 0.554 0.72 -1.205
16 91 1 20.882 46.035 38.692 3.114 1.207 1.476 2.997
16 104 1 36.126 60.984 38.845 4.654 1.878 1.766 1.011
17 2 3 93.615 79.448 38.98 0.263 0.437 0.941 -2.993
17 7 4 66.226 70.485 38.679 1.769 0.677 1.696 -0
17 10 4 69.155 68.833 38.605 1.947 0.83 1.524 0
17 12 1 62.298 58.81 38.774 4.366 1.85 1.639 0.33
17 13 1 79.171 63.565 38.8 4.373 2.315 1.736 0.128
17 18 4 56.572 68.24 38.753 1.889 0.698 1.769 -0.218
17 19 4 62.957 68.768 38.664 1.687 0.83 1.611 -0
17 21 1 53.559 54.729 38.749 4.073 2.227 1.523 0.55
17 28 1 55.814 65.128 38.689 4.102 1.879 1.501 0.029
17 29 4 99.55 55.681 38.568 0.928 0.408 1.129 3.142
17 36 4 94.489 54.757 38.569 0.975 0.621 1.435 -3.091
17 42 1 63.916 52.614 38.885 4.407 1.364 1.164 -2.93
17 47 4 64.509 54.675 39.005 2.874 1.487 1.376 -2.97
17 49 1 47.512 54.272 38.364 0.389 0.289 0.69 -0.077
17 53 1 44.645 33.862 38.849 4.505 1.858 1.71 2.029
17 71 1 41.817 60.415 38.611 4.741 1.823 1.397 -2.129
17 73 2 44.873 78.44 39.161 11.445 2.488 2.815 -1.481
17 74 4 110.961 57.651 38.585 0.534 0.381 1.257 -3.094
17 91 1 23.402 46.28 38.584 2.898 1.239 1.286 3.142
17 104 1 34.23 57.896 38.932 4.522 1.503 1.633 0.759
17 113 3 29.412 76.305 38.506 0.61 0.564 1.545 2.308
18 2 3 92.667 79.033 38.891 0.163 0.244 0.547 0.189
18 7 4 64.215 70.643 38.665 1.652 0.996 1.647 -0.064
18 10 4 66.224 68.762 38.628 1.889 0.813 1.48 0.049
18 12 1 60.338 57.783 38.812 4.179 1.864 1.552 0.472
18 13 1 74.447 62.579 38.794 4.589 2.247 1.707 0.17
18 18 4 55.018 68.243 38.772 2.083 0.648 1.728 -0.067
18 19 4 60.606 68.73 38.694 1.68 0.934 1.673 -0.103
18 21 1 51.566 52.815 38.773 3.5 1.983 1.474 0.839
18 28 1 54.199 64.818 38.712 4.088 1.941 1.475 0.143
18 29 4 102.345 55.959 38.58 0.852 0.478 1.461 -2.852
18 36 4 96.878 55.211 38.71 1.138 0.476 1.447 -2.937
18 42 1 67.035 53.232 38.696 2.453 1.767 1.438 -2.911
18 47 4 68.414 55.928 38.812 2.909 1.239 1.664 -2.944
18 49 1 47.478 54.341 38.359 0.254 0.388 0.693 -1.789
18 53 1 47.042 29.798 38.902 4.506 1.825 1.733 2.017
18 71 1 42.674 63.701 38.646 4.62 2.154 1.425 -1.926
18 73 2 43.772 83.675 39.152 11.368 2.769 2.98 -1.451
18 74 4 113.263 58.346 39.301 0.499 0.65 0.663 -2.972
18 91 1 26.302 46.644 38.697 3.047 1.193 1.373 3.083
18 104 1 30.871 55.518 38.833 4.755 1.896 1.693 0.544
18 113 3 30.392 75.797 38.644 0.295 0.619 1.457 2.709
18 123 3 26.501 85.907 38.882 0.515 0.786 0.918 -0.945
18 125 3 53.601 96.386 38.54 0.331 0.476 1.489 -1.448
18 128 3 66.586 26.958 39.175 0.362 0.626 1.138 -1.429
19 2 3 91.483 79.038 38.896 0.484 0.463 1.037 0.283
19 7 4 62.116 70.471 38.671 1.664 0.82 1.623 0.257
19 10 4 63.535 68.916 38.615 1.939 0.824 1.513 0.031
19 12 1 58.429 56.33 38.792 4.13 1.797 1.585 0.694
19 13 1 69.857 61.478 38.79 4.799 2.263 1.812 0.271
19 18 4 53.603 68.092 38.775 1.963 0.799 1.738 0.175
19 19 4 58.235 68.181 38.717 1.911 0.867 1.623 0.312
19 21 1 49.202 49.7 38.765 4.241 1.96 1.432 0.971
19 28 1 52.507 64.388 38.704 4.108 1.927 1.511 0.272
19 29 4 105.081 56.364 38.867 0.452 0.786 0.519 -2.86
19 47 4 72.487 57.134 38.792 2.892 1.117 1.714 -2.87
19 49 1 47.449 54.333 38.35 0.259 0.465 0.589 -1.45
19 53 1 48.685 25.823 38.907 2.775 1.713 1.678 1.909
19 71 1 43.452 67.837 38.704 4.805 2.467 1.442 -1.766
19 73 2 42.572 89.391 39.147 11.263 2.759 3.07 -1.378
19 74 4 115.339 58.984 38.67 0.548 0.509 1.195 0.254
19 91 1 29.148 46.918 38.743 3.139 1.186 1.433 -3.073
19 104 1 28.489 54.279 38.624 1.557 1.803 1.185 0.479
19 113 3 31.181 75.385 38.476 0.682 0.519 1.444 -0.582
19 123 3 26.89 84.06 38.868 0.976 0.535 1.046 1.987
19 125 3 54.081 95.201 38.53 0.367 0.595 1.464 1.788
19 128 3 66.403 28.107 39.355 0.691 0.354 0.542 0.069
19 135 3 23.971 101.679 38.643 0.29 0.512 1.251 -1.256
19 137 3 24.87 100.081 38.93 0.239 0.317 0.744 1.885
20 2 3 90.104 78.665 38.864 0.281 0.41 0.728 -2.732
20 7 4 58.57 70.11 38.669 1.898 0.941 1.69 0.434
20 10 4 59.83 68.723 38.585 2.234 0.814 1.468 0.391
20 12 1 55.399 53.062 38.788 4.159 1.729 1.553 1.024
20 13 1 63.124 59.355 38.871 4.772 2.255 1.768 0.509
20 18 4 51.007 67.313 38.826 1.845 0.697 1.742 0.317
20 19 4 54.619 67.49 38.729 2.014 0.796 1.621 0.206
20 21 1 46.687 44.121 38.773 4.538 1.906 1.491 1.46
20 28 1 50.082 63.283 38.726 4.223 1.783 1.485 0.618
20 29 4 108.648 57.047 38.559 1.584 0.376 1.095 -2.714
20 47 4 78.817 58.732 38.722 2.762 1.127 1.587 -2.761
20 49 1 47.441 54.347 38.408 0.371 0.322 0.578 2.812
20 53 1 50.524 18.405 39.261 1.221 1.523 0.599 1.909
20 71 1 44.502 74.643 38.501 4.522 1.859 1.403 -1.469
20 73 2 40.874 99.886 39.192 11.421 2.725 3.143 -1.248
20 74 4 118.458 59.589 38.774 0.275 0.483 0.815 -0.159
20 91 1 33.563 47.53 38.793 3.206 1.248 1.47 -2.881
20 104 1 21.844 51.907 38.959 1.132 1.691 1.529 0.413
20 113 3 32.501 74.984 38.491 0.478 0.574 1.647 2.196
20 123 3 27.566 81.812 38.756 0.671 0.573 0.965 -1.356
20 125 3 54.492 93.478 38.483 0.949 0.549 1.581 1.846
20 128 3 66.3 29.879 39.435 0.25 0.622 0.983 -1.372
20 135 3 23.892 101.212 38.657 0.187 0.604 0.75 1.933
20 137 3 24.551 101.459 38.689 0.243 0.423 0.679 1.933
20 138 4 34.474 90.918 38.506 1.766 0.683 1.115 1.807
20 139 1 80.129 56.59 38.588 1.898 1.706 1.504 -2.721
20 141 1 103.838 69.134 38.292 0.738 1.648 0.652 -2.746
21 2 3 87.96 78.437 38.925 0.306 0.555 0.93 0.442
21 7 4 53.356 69.234 38.713 1.679 0.805 1.682 0.357
21 10 4 57.809 67.99 38.626 1.953 1.035 1.526 0.735
21 12 1 51.212 46.443 38.998 3.992 1.62 1.167 1.347
21 13 1 54.625 54.751 38.872 4.749 2.009 1.844 0.883
21 18 4 46.335 65.876 38.792 2.092 0.683 1.798 0.472
21 19 4 49.805 66.608 38.752 1.97 0.717 1.64 0.481
21 21 1 44.882 33.722 38.681 3.173 1.802 0.985 1.767
21 28 1 47.033 61.181 38.733 4.228 1.77 1.488 1.002
21 47 4 88.384 60.786 38.655 2.718 1 1.657 -2.621
21 49 1 47.465 54.387 38.375 0.263 0.314 0.664 -1.088
21 71 1 43.45 87.261 38.488 4.254 1.919 1.016 -1.091
21 73 2 38.084 116.078 39.207 9.991 2.699 3.612 -1.12
21 91 1 39.252 48.774 38.811 3.276 1.327 1.549 -2.672
21 104 1 10.669 49.143 38.674 0.416 1.7 0.924 -2.58
21 113 3 33.956 74.612 38.506 0.467 0.753 1.525 -2.941
21 123 3 28.441 77.853 38.694 0.999 0.613 1.265 2.102
21 125 3 54.918 91.404 38.567 0.798 0.528 1.611 1.953
21 128 3 66.195 32.056 39.365 0.358 0.633 0.923 -0.846
21 135 3 24.414 102.942 38.816 0.233 0.344 0.734 0.003
21 137 3 24.614 103.493 38.801 0.359 0.45 0.739 0.003
21 138 4 35.942 79.173 38.606 1.783 0.7 1.545 2.016
21 139 1 97.004 61.053 38.46 2.829 0.341 1.279 -2.712
21 141 1 90.564 66.332 38.371 4.236 1.975 1.046 0.522
21 144 5 113.877 70.998 38.506 0.359 1.775 0.042 0.481
22 2 3 87.43 78.198 38.771 0.475 0.246 0.708 0.501
22 7 4 51.768 69.097 38.743 1.669 0.755 1.647 0.561
22 10 4 57.885 68.036 38.646 2.085 1.058 1.522 0.81
22 13 1 52.459 52.865 38.924 4.464 1.952 1.766 1.01
22 18 4 45.102 65.316 38.823 1.743 0.669 1.731 0.77
22 19 4 48.556 66.306 38.761 1.632 0.666 1.644 0.466
22 28 1 46.199 60.394 38.734 4.179 2.027 1.479 1.071
22 47 4 91.241 61.326 38.698 2.807 1.022 1.73 -2.656
22 49 1 47.498 54.376 38.368 0.283 0.372 0.702 -1.025
22 71 1 42.789 91.38 38.312 4.389 1.798 1.345 2.008
22 73 2 37.816 117.646 39.348 3.831 2.563 3.718 2.008
22 91 1 40.65 49.188 38.941 2.889 1.249 1.211 -2.617
22 104 1 7.044 48.372 38.646 0.405 1.739 0.96 0.619
22 113 3 34.27 74.425 38.531 0.503 0.7 1.59 3.01
22 123 3 28.882 76.574 38.616 1.123 0.463 1.6 2.114
22 125 3 55.028 90.57 38.512 0.455 0.562 1.49 -1.084
22 128 3 66.185 32.463 39.499 0.65 0.33 0.875 0.705
22 135 3 24.197 103.562 38.719 0.294 0.347 0.405 0.052
22 137 3 24.536 104.096 38.705 0.287 0.458 0.406 0.052
22 138 4 36.454 76.334 38.55 1.919 0.717 1.528 2.081
22 139 1 101.722 62.077 38.479 3.94 0.538 1.411 -2.556
22 141 1 86.265 65.488 38.368 4.286 1.725 0.971 0.5
22 144 5 111.153 70.441 38.789 1.967 1.589 0.751 0.504
22 147 5 54.801 18.551 39.141 0.225 0.887 0.062 2.055
23 2 3 86.642 78.304 38.757 0.35 0.182 0.871 0.553
23 7 4 50.145 68.922 38.739 1.703 0.796 1.682 0.439
23 10 4 57.849 67.945 38.644 1.853 0.892 1.513 0.851
23 13 1 50.462 50.805 38.895 4.51 2.101 1.788 1.149
23 18 4 43.688 64.662 38.821 1.691 0.643 1.715 0.668
23 19 4 47.166 65.951 38.768 1.647 0.687 1.661 0.668
23 28 1 45.422 59.473 38.741 4.255 1.806 1.472 1.165
23 47 4 94.21 61.934 38.672 2.69 1.007 1.668 -2.621
23 49 1 47.502 54.374 38.341 0.337 0.281 0.639 -0.991
23 71 1 42.326 94.204 38.188 1.512 1.736 1.042 -1.183
23 73 2 37.073 122.718 39.041 2.436 2.545 3.642 -1.099
23 91 1 42.174 49.631 38.941 2.906 1.223 1.284 0.493
23 104 1 3.162 47.464 38.715 0.418 1.754 0.668 0.639
23 113 3 34.761 74.328 38.93 0.26 0.665 0.922 -3.083
23 123 3 29.464 75.437 38.569 1.133 0.864 1.631 1.605
23 125 3 55.109 89.93 38.495 0.758 0.576 1.674 -1.07
23 128 3 66.081 32.689 39.329 0.314 0.558 0.933 -1.062
23 135 3 22.318 105.867 38.521 0.441 0.661 0.81 2.085
23 137 3 24.312 104.572 38.668 0.383 1.07 0.578 -0.009
23 138 4 36.95 73.776 38.612 1.881 0.583 1.658 2.044
23 139 1 106.257 62.803 38.746 2.94 0.519 0.597 -2.621
23 141 1 82.07 64.578 38.595 4.342 1.751 1.452 0.521
23 144 5 107.957 69.896 38.619 2.786 1.271 0.682 0.521
23 147 5 54.176 18.196 39.133 1.75 0.719 0.275 -1.063
23 149 1 50.175 42.813 38.821 2.98 1.097 1.499 1.331
24 2 3 85.536 77.925 38.897 0.209 0.398 0.992 1.16
24 7 4 47.269 68.79 38.734 1.649 0.711 1.687 0.413
24 10 4 57.607 67.747 38.645 1.509 0.861 1.487 0.729
24 13 1 47.61 46.724 38.9 4.394 1.93 1.675 1.391
24 18 4 41.305 63.245 38.807 1.688 0.692 1.759 0.904
24 19 4 44.776 65.049 38.762 1.647 0.708 1.675 0.729
24 28 1 44.336 57.889 38.729 4.18 1.644 1.526 1.382
24 47 4 99.455 62.979 38.601 2.739 1.014 1.403 -2.644
24 49 1 47.479 54.399 38.367 0.307 0.31 0.63 0.608
24 71 1 41.125 101.674 38.215 1.64 1.695 0.896 -1.049
24 91 1 45.291 50.403 38.827 3.204 1.243 1.514 -2.537
24 113 3 35.568 74.145 38.629 0.55 0.565 1.534 -3.097
24 123 3 30.003 73.678 38.617 1.031 0.589 1.631 1.97
24 125 3 55.319 88.637 38.529 0.872 0.632 1.643 2.01
24 128 3 66.668 33.277 39.435 0.273 0.642 0.735 1.782
24 135 3 22.687 104.926 38.528 0.785 0.384 0.412 -0.013
24 137 3 24.152 105.972 38.708 0.385 0.886 0.828 -0.013
24 138 4 37.72 70.105 38.708 1.88 0.723 1.631 2.043
24 139 1 114.02 64.05 38.516 0.466 1.24 0.434 -2.716
24 141 1 74.945 62.981 38.599 4.572 1.976 1.455 0.604
24 144 5 101.638 68.524 38.675 3.401 1.233 0.611 0.604
24 147 5 54.662 18.405 39.239 1.428 1.156 0.528 -0.96
24 149 1 48.387 39.12 38.815 4.039 1.802 1.456 1.639
24 152 1 1.015 42.571 38.352 1.013 1.389 0.889 -2.538
24 153 5 29.611 117.654 38.365 0.522 0.82 0.915 -2.802
25 2 3 84.658 77.823 38.773 0.414 0.512 1.298 0.738
25 7 4 44.937 68.585 38.747 1.688 0.657 1.692 0.625
25 10 4 57.643 67.777 38.638 1.559 0.976 1.525 0.771
25 13 1 46.088 43.476 38.99 3.824 1.938 1.498 1.605
25 18 4 39.436 62.052 38.84 1.684 0.687 1.778 0.95
25 19 4 43.245 64.299 38.763 1.262 0.715 1.638 0.944
25 28 1 43.687 56.654 38.723 4.137 1.736 1.478 1.606
25 47 4 103.581 63.858 38.778 2.686 1.02 1.408 -2.471
25 49 1 47.48 54.4 38.37 0.403 0.306 0.608 2.044
25 71 1 39.981 108.039 38.17 1.26 1.54 0.677 -0.917
25 91 1 48.006 50.873 38.809 3.275 1.322 1.576 -2.49
25 113 3 36.302 74.114 38.588 0.644 0.647 1.598 -2.73
25 123 3 30.208 71.767 38.631 1.671 0.612 1.727 2.181
25 125 3 55.494 87.749 38.515 0.391 0.594 1.503 2.136
25 128 3 67.147 33.756 39.401 0.418 0.386 0.772 -1.638
25 135 3 23.309 105.771 38.567 0.492 0.488 1.002 2.04
25 137 3 23.857 106.654 38.51 0.356 0.575 1.08 -1.019
25 138 4 38.256 67.901 38.71 1.887 0.784 1.654 2.325
25 141 1 70.09 61.903 38.638 4.705 1.834 1.483 0.73
25 144 5 96.385 67.336 38.438 4.065 1.668 1.163 0.716
25 147 5 54.915 18.507 39.076 2.086 1.679 0.954 2.238
25 149 1 47.804 36.879 38.852 3.508 1.834 1.518 1.854
25 152 1 4.214 43.318 38.565 4.126 1.943 0.959 -2.405
25 153 5 30.167 114.482 38.125 0.683 0.452 0.64 2.119
25 156 3 23.002 113.841 38.466 0.246 0.329 0.817 -0.792
25 157 3 25.721 118.572 37.953 0.291 0.354 0.733 2.153
25 158 3 24.273 107.489 38.516 0.488 0.271 1.046 -1.132
25 160 3 23.24 110.915 38.329 0.264 0.461 0.331 -0.754
26 2 3 84.067 77.686 38.639 0.618 0.691 1.337 0.775
26 7 4 43.514 68.48 38.722 1.173 0.597 1.632 0.7
26 10 4 57.79 67.89 38.629 1.82 0.952 1.547 1.071
26 13 1 45.663 42.089 38.881 1.277 1.943 1.646 1.841
26 18 4 38.136 61.2 38.827 1.572 0.636 1.719 1.194
26 19 4 41.9 63.595 38.762 1.483 0.691 1.686 1.093
26 28 1 43.261 55.682 38.758 4.085 1.807 1.499 1.759
26 47 4 106.499 64.57 38.674 2.713 0.999 1.433 -2.31
26 49 1 47.496 54.43 38.355 0.365 0.269 0.657 -0.541
26 71 1 39.085 113.42 37.973 1.047 1.558 0.846 -0.783
26 91 1 50.238 51.229 38.779 3.202 1.241 1.589 -2.42
26 113 3 36.944 74.111 38.583 0.704 0.619 1.621 -2.352
26 123 3 30.239 70.521 38.615 1.575 0.619 1.702 2.157
26 125 3 55.593 87.251 38.582 0.724 0.597 1.713 2.32
26 128 3 67.54 34.232 39.489 0.287 0.477 0.804 1.801
26 135 3 23.365 106.969 38.538 0.281 0.334 0.694 2.293
26 137 3 23.718 107.161 38.536 0.312 0.301 0.694 2.293
26 138 4 38.707 66.669 38.733 1.954 0.841 1.652 2.473
26 141 1 66.979 61.081 38.678 4.708 1.844 1.496 0.85
26 144 5 92.516 66.482 38.469 3.836 1.683 1.148 0.786
26 147 5 55.145 18.715 38.906 1.59 0.953 0.989 -0.886
26 149 1 47.727 35.4 38.904 3.119 1.56 1.417 2.105
26 152 1 7.597 44.376 38.48 4.043 1.414 0.618 -2.457
26 153 5 30.45 112.41 38.324 0.802 0.508 1.113 2.407
26 156 3 22.826 114.539 38.456 0.147 0.436 0.493 -1.003
26 157 3 25.717 118.008 38.076 0.187 0.394 1.16 2.338
26 158 3 24.207 107.559 38.53 0.347 0.328 0.693 2.293
26 160 3 23.071 111.583 38.401 0.31 0.43 0.759 -0.826
26 162 3 23.077 103.406 38.63 0.254 0.425 1.186 2.385
27 2 3 83.476 77.591 38.652 0.444 0.515 1.405 -0.047
27 7 4 41.677 68.23 38.729 1.482 0.636 1.636 0.902
27 10 4 57.78 67.917 38.638 1.93 0.776 1.543 1.302
27 13 1 44.642 38.608 38.981 3.333 2.042 1.669 2.064
27 18 4 36.94 60.362 38.809 0.701 0.527 1.691 0.902
27 19 4 40.583 62.752 38.776 1.361 0.701 1.592 1.484
27 28 1 43.111 54.614 38.76 4.156 1.774 1.432 -1.082
27 47 4 108.932 65.071 39.184 1.516 0.952 0.438 0.858
27 49 1 47.492 54.457 38.289 0.286 0.256 0.568 -2.528
27 71 1 38.422 117.845 37.947 0.783 1.38 0.651 -0.552
27 91 1 52.69 51.577 38.785 3.183 1.248 1.53 -2.303
27 113 3 37.72 74.1 38.633 0.493 0.618 1.63 -2.239
27 123 3 30.119 69.467 38.68 1.338 0.629 1.596 2.202
27 125 3 55.669 86.62 38.529 0.671 0.574 1.561 1.601
27 128 3 67.963 34.883 39.615 0.409 0.351 0.589 -0.048
27 135 3 22.845 107.386 38.383 0.206 0.186 0.983 2.397
27 137 3 23.212 107.422 38.502 0.333 0.449 1.233 2.397
27 138 4 39.176 65.609 38.773 1.92 0.789 1.654 2.627
27 141 1 64.327 60.254 38.69 4.754 1.777 1.416 1
27 144 5 88.781 65.772 38.505 4.026 1.745 1.332 0.902
27 147 5 55.272 18.795 38.888 1.545 0.892 0.948 -0.93
27 149 1 47.355 34.347 38.828 2.759 2.418 1.513 -0.754
27 152 1 11.048 44.761 38.622 4.212 1.881 0.807 -2.253
27 153 5 30.758 110.386 38.247 0.709 0.523 1.218 2.424
27 156 3 22.644 115.214 38.425 0.188 0.546 0.541 2.44
27 157 3 25.742 117.454 38.219 0.407 0.443 0.881 -0.046
27 158 3 24.267 107.426 38.614 0.315 0.384 0.542 -0.046
27 160 3 22.997 112.25 38.387 0.41 0.287 0.754 2.406
27 162 3 23.146 102.828 38.635 0.344 0.386 1.136 2.318
27 166 5 107.744 69.938 38.212 0.145 0.683 0.048 0.852
27 168 4 58.078 67.512 38.922 0.369 0.543 0.62 0.514
28 2 3 82.866 77.352 38.666 0.357 0.562 1.336 0.945
28 7 4 40.098 67.902 38.747 1.49 0.633 1.675 1.131
28 10 4 57.793 67.965 38.65 1.908 0.741 1.55 1.227
28 13 1 44.569 36.995 38.972 0.971 1.848 1.459 2.237
28 18 4 35.547 59.792 38.846 1.175 0.692 1.706 1.19
28 19 4 39.394 61.822 38.817 1.335 0.65 1.59 1.521
28 28 1 42.804 53.4 38.781 4.218 1.746 1.481 2.177
28 49 1 47.517 54.41 38.34 0.251 0.279 0.634 -1.611
28 71 1 37.695 122.084 38.023 0.126 0.463 0.289 -0.597
28 91 1 55.192 51.903 38.801 3.255 1.277 1.551 -2.212
28 113 3 38.166 74.021 38.66 0.912 0.629 1.551 -2.161
28 123 3 29.832 68.079 38.614 1.631 0.712 1.654 2.109
28 125 3 55.733 85.975 38.61 0.738 0.588 1.601 2.488
28 128 3 68.266 35.03 39.465 1.057 0.958 0.391 -0.048
28 135 3 22.598 107.903 38.621 0.549 0.482 0.943 0.992
28 137 3 23.117 107.951 38.383 0.362 0.168 0.954 0.992
28 138 4 39.607 64.588 38.779 1.994 0.646 1.624 2.674
28 141 1 62.025 59.351 38.711 4.8 1.757 1.448 1.131
28 144 5 85.123 64.995 38.465 4.167 1.579 1.144 0.981
28 147 5 55.528 18.684 38.775 1.683 0.852 1.009 -0.644
28 149 1 47.378 33.445 38.826 3.021 1.685 1.357 2.248
28 152 1 16.167 45.401 38.499 0.329 0.548 0.472 -2.215
28 153 5 30.932 108.504 38.225 1.016 0.715 1.414 2.507
28 156 3 22.585 116.01 38.545 0.32 0.637 0.809 -0.625
28 157 3 25.839 116.834 38.144 0.266 0.525 1.064 2.475
28 158 3 24.373 107.317 38.549 0.232 0.421 0.674 2.48
28 160 3 22.926 112.904 38.382 0.448 0.304 0.734 -0.625
28 162 3 23.213 102.24 38.637 0.42 0.463 1.104 2.48
28 166 5 104.331 69.249 38.204 1.16 1.584 0.672 0.985
28 168 4 58.218 67.565 38.972 0.346 0.58 0.872 -0.338
28 172 3 38.44 28.001 38.952 0.421 0.31 1.314 0.827
28 173 5 108.777 73.546 38.217 0.679 1.684 0.348 0.985
29 2 3 82.28 77.212 38.596 0.45 0.56 1.366 -2.077
29 7 4 38.504 67.545 38.782 1.552 0.718 1.641 1.205
29 10 4 57.837 67.991 38.645 1.98 0.638 1.561 1.331
29 13 1 44.561 32.794 38.938 4.214 1.901 1.642 2.603
29 18 4 34.085 59.444 38.932 1.002 0.785 1.53 1.535
29 19 4 38.064 60.996 38.826 0.718 0.72 1.651 1.475
29 28 1 42.91 52.046 38.765 4.174 1.594 1.488 2.491
29 49 1 47.515 54.361 38.418 0.212 0.18 0.532 -0.276
29 71 1 36.995 126.265 37.836 1.327 0.4 0.354 -1.916
29 91 1 57.845 52.298 38.762 3.367 1.261 1.518 -2.113
29 113 3 38.822 73.978 38.65 0.707 0.635 1.553 -2.223
29 123 3 29.458 66.842 38.641 1.63 0.643 1.637 2.011
29 125 3 55.78 85.423 38.602 0.81 0.611 1.592 2.559
29 128 3 68.567 36.218 39.887 0.164 0.384 0.897 2.712
29 135 3 21.527 109.205 38.398 0.42 0.812 1.199 -2.333
29 137 3 22.843 108.304 38.572 0.481 0.608 0.918 -0
29 138 4 39.924 63.416 38.796 2.031 0.743 1.616 2.649
29 141 1 59.935 58.295 38.695 4.815 1.764 1.422 1.315
29 144 5 81.416 64.237 38.492 4.07 1.677 1.249 1.119
29 147 5 55.925 19.246 38.525 0.896 1.311 0.88 2.768
29 149 1 47.589 33.356 38.956 2.291 1.54 1.187 2.572
29 152 1 17.452 46.302 38.562 4.246 1.968 1.022 -2.028
29 153 5 31.042 106.488 38.196 1.44 0.66 1.483 2.446
29 156 3 22.229 116.671 38.48 0.215 0.467 0.771 -0.618
29 157 3 25.872 116.286 38.238 0.345 0.379 0.814 -0.048
29 158 3 24.257 107.571 38.608 0.341 0.339 0.859 0.52
29 160 3 23 114.012 39.874 0.543 1.1 2.7 -0.049
29 162 3 23.096 101.653 38.522 0.444 0.767 1.265 2.609
29 166 5 100.515 68.371 38.271 1.358 1.663 0.663 1.092
29 168 4 58.224 67.589 38.707 0.561 0.343 1.402 1.332
29 172 3 38.467 28.824 38.921 0.339 0.409 1.117 2.489
29 173 5 103.389 72.296 38.152 1.246 1.762 0.706 1.092
30 2 3 81.279 76.849 39.004 0.287 0.55 0.875 1.244
30 7 4 36.025 66.817 38.778 1.202 0.668 1.647 1.43
30 10 4 57.821 68.017 38.645 1.925 0.699 1.541 1.545
30 13 1 44.748 28.426 38.926 4.229 1.902 1.746 -0.337
30 18 4 31.559 59.439 39.207 0.416 0.736 0.947 1.724
30 19 4 35.877 59.901 38.799 1.483 0.563 1.613 1.556
30 28 1 42.983 49.562 38.817 4.181 1.634 1.448 2.754
30 49 1 47.473 54.286 38.536 0.317 0.317 0.367 -0.049
30 71 1 36.077 131.977 38.088 0.626 1.528 0.835 -0.349
30 91 1 62.543 53.154 38.732 2.434 1.214 1.453 -1.829
30 113 3 39.791 73.87 38.711 0.487 0.562 1.64 -2.056
30 123 3 28.403 65.074 38.654 1.495 0.594 1.634 2.102
30 125 3 55.89 84.372 38.624 0.716 0.611 1.652 2.823
30 135 3 22.207 107.003 38.474 0.973 0.495 1.072 2.794
30 137 3 22.612 108.98 38.309 0.276 0.357 0.851 -3.043
30 138 4 40.255 61.266 38.81 1.924 0.713 1.621 2.798
30 141 1 56.84 56.659 38.777 4.595 1.727 1.434 1.568
30 144 5 75.582 63.055 38.486 4.249 1.646 1.205 1.257
30 147 5 56.128 19.227 38.636 0.746 1.25 0.734 0.002
30 149 1 47.387 32.389 38.729 2.734 1.433 0.999 -0.628
30 152 1 22 47.468 38.63 3.872 1.513 1.177 1.343
30 153 5 31.333 102.854 38.239 1.356 0.534 1.549 2.817
30 156 3 22.072 117.78 38.389 0.241 0.533 0.717 2.773
30 157 3 25.934 115.366 38.249 0.322 0.499 1.17 2.847
30 158 3 23.909 108.07 38.592 0.336 0.348 0.829 2.767
30 160 3 22.818 114.606 38.489 0.297 0.283 0.668 -2.304
30 162 3 23.183 100.806 38.706 0.488 0.603 1.369 3.003
30 166 5 95.289 67.164 38.166 4.03 1.775 0.761 1.282
30 168 4 58.71 67.441 38.723 0.557 0.618 1.398 -1.376
30 172 3 38.381 30.064 39.067 0.226 0.345 0.876 2.722
30 173 5 95.596 70.804 38.304 3.87 1.772 0.848 1.37
31 2 3 80.635 76.738 39.176 0.484 0.233 0.624 0
31 7 4 34.41 66.492 38.779 0.929 0.796 1.695 2.035
31 10 4 57.899 68.004 38.641 2.017 0.814 1.557 1.628
31 13 1 44.985 25.784 38.822 4.017 1.968 1.773 2.923
31 18 4 30.155 59.69 39.425 0.3 0.362 0.454 -0.948
31 19 4 34.538 59.302 38.797 1.378 0.882 1.603 2.035
31 28 1 43.022 48.002 38.841 4.007 1.779 1.442 2.874
31 49 1 47.461 54.286 38.509 0.566 0.401 0.28 -0.001
31 71 1 35.551 134.845 38.161 0.246 0.65 0.151 -0.001
31 91 1 64.845 53.478 38.638 3.24 1.232 1.382 -1.794
31 113 3 40.378 73.808 38.665 0.526 0.663 1.585 1.68
31 123 3 27.574 64.155 38.702 1.299 0.702 1.533 1.743
31 125 3 55.739 83.794 38.643 0.634 0.535 1.635 2.558
31 135 3 22.72 105.575 38.551 0.995 0.61 1.256 3.049
31 137 3 22.771 110.139 38.53 0.379 0.561 1.122 0.031
31 138 4 40.495 59.633 38.786 1.98 0.629 1.621 2.904
31 141 1 55.093 55.479 38.758 4.637 1.704 1.494 1.796
31 144 5 72.048 62.345 38.551 4.189 1.642 1.321 1.432
31 147 5 56.133 19.667 38.801 1.511 1.188 0.788 -0.332
31 149 1 47.196 31.583 38.745 3.625 1.934 1.233 2.746
31 152 1 23.98 47.761 38.593 4.601 1.871 1.153 -1.679
31 153 5 31.59 100.816 38.317 1.294 0.557 1.637 2.874
31 156 3 21.605 116.66 38.614 0.358 0.391 0.679 -0.189
31 157 3 25.974 114.844 38.125 0.266 0.551 1.196 -0.155
31 158 3 23.579 108.5 38.594 0.331 0.463 1.068 0.031
31 160 3 22.782 115.352 38.527 0.289 0.45 0.386 -0.189
31 162 3 23.496 100.213 38.664 0.596 0.721 1.256 0.031
31 166 5 91.19 66.508 38.185 3.801 1.208 0.511 1.432
31 168 4 59.141 67.486 38.712 0.868 0.529 1.315 1.761
31 172 3 38.273 30.787 38.755 0.311 0.552 0.652 -0.001
31 173 5 90.104 69.52 38.647 3.848 1.794 1.166 1.432
32 2 3 80.015 76.573 39.133 0.508 0.231 0.626 -0.002
32 10 4 57.877 67.956 38.64 1.926 0.756 1.533 1.672
32 13 1 45.223 24.09 38.965 1.901 1.874 1.383 -3.137
32 18 4 28.588 60.145 38.743 1.695 0.707 1.741 0.643
32 19 4 33.389 59.31 38.83 1.304 0.642 1.624 1.2
32 28 1 43.215 46.43 38.811 4.097 1.775 1.483 3.031
32 49 1 47.522 54.223 38.435 0.558 0.407 0.44 -0.001
32 91 1 67.483 54.055 38.619 3.226 1.308 1.466 -1.591
32 113 3 40.979 73.882 38.713 0.927 0.683 1.604 -1.136
32 123 3 26.723 63.37 38.762 1.119 0.675 1.712 1.649
32 125 3 55.741 83.28 38.638 0.537 0.414 1.641 -2.908
32 135 3 23.173 104.59 38.665 0.407 0.364 1.122 -0.087
32 137 3 22.234 110.448 38.606 0.278 0.318 1.021 -2.802
32 138 4 40.706 57.986 38.85 1.458 1.302 1.628 2.475
32 141 1 53.414 54.185 38.755 4.813 1.623 1.476 1.933
32 144 5 68.753 61.563 38.656 4.156 1.615 1.497 1.553
32 149 1 46.882 31.014 38.884 3.762 1.366 1.595 2.68
32 152 1 26.054 48.423 38.783 4.228 1.691 1.417 -1.519
32 153 5 31.776 98.976 38.311 1.508 0.583 1.552 3.053
32 156 3 21.595 117.312 38.51 0.263 0.374 0.876 -0.115
32 157 3 26.109 114.368 38.203 0.375 0.608 1.084 -0.002
32 158 3 23.344 109.192 38.592 0.172 0.539 0.437 -0.154
32 160 3 22.74 116.067 38.381 0.239 0.37 0.483 -0.115
32 162 3 23.581 99.642 38.717 0.552 0.986 1.184 3.073
32 166 5 86.195 65.133 38.301 1.94 1.66 0.589 1.542
32 168 4 59.916 67.391 38.589 0.611 0.709 1.519 1.23
32 172 3 38.035 31.535 38.868 0.429 0.52 1.009 -0.002
32 173 5 84.704 68.337 38.648 4.009 2.014 1.074 1.533
32 188 3 21.868 119.276 38.464 0.307 0.358 0.913 -0.115
32 192 3 69.921 38.608 39.167 0.536 0.532 1.021 -0.698
33 2 3 79.139 76.338 39.083 0.265 0.484 0.74 1.579
33 7 4 30.47 64.755 38.759 1.323 0.73 1.55 1.808
33 10 4 57.88 67.987 38.625 1.827 0.697 1.463 1.843
33 18 4 26.387 60.462 38.844 1.238 0.545 1.472 1.706
33 28 1 43.211 45.983 38.633 1.505 1.705 0.926 -3.11
33 49 1 47.54 54.243 38.531 0.34 0.244 0.175 0
33 91 1 67.901 51.631 38.206 0.251 1.838 0.44 0
33 113 3 42.026 74.067 38.71 0.648 0.724 1.653 -1.535
33 123 3 25.284 62.411 38.803 1.188 0.616 1.549 1.637
33 125 3 55.913 82.521 38.671 0.578 0.598 1.664 -2.825
33 135 3 23.789 102.283 38.611 0.932 0.605 1.19 3.089
33 137 3 21.853 111.363 38.498 0.25 0.706 1.033 -0.004
33 138 4 41.139 55.104 38.859 1.599 0.656 1.546 3.076
33 141 1 51.104 52.548 38.58 4.697 1.131 0.992 2.084
33 144 5 64.293 60.06 38.692 4.011 1.603 1.496 1.753
33 149 1 46.767 30.124 38.658 3.637 1.585 1.535 2.688
33 152 1 28.944 49.471 38.84 2.953 1.619 1.351 -1.429
33 153 5 32.298 96.014 38.42 1.801 0.614 1.554 3.119
33 156 3 21.469 118.196 38.537 0.363 0.475 1.106 -0.081
33 157 3 26.21 113.499 38.16 0.458 0.569 1.101 3.068
33 158 3 23.274 110.4 38.662 0.461 0.722 1.136 -0.004
33 160 3 22.637 117.069 38.467 0.382 0.47 0.879 -0.081
33 162 3 23.948 98.77 38.713 0.376 0.417 1.391 -0.036
33 168 4 60.697 67.471 38.699 0.563 0.478 1.35 -1.476
33 172 3 37.872 32.646 39.061 0.38 0.277 0.728 1.504
33 173 5 77.13 66.923 38.647 4.026 1.837 1.298 1.597
33 188 3 21.849 120.248 38.499 0.201 0.4 0.67 -0.081
33 192 3 70.417 39.411 39.181 0.322 0.405 1.137 -0.005
33 195 3 23.438 98.874 38.528 0.326 0.375 1.013 0.649
34 2 3 77.955 77.492 40.785 0.713 0.365 0.549 -0.023
34 7 4 28.399 63.533 38.687 0.957 0.636 1.64 2.001
34 10 4 57.858 68.02 38.573 1.816 0.725 1.456 1.942
34 18 4 24.363 59.881 38.841 1.452 0.618 1.614 1.622
34 28 1 43.483 45.004 38.486 1.459 1.477 0.757 -3.088
34 49 1 47.561 54.46 38.358 0.252 0.239 0.398 0.061
34 91 1 69.441 51.991 38.294 0.399 1.776 0.187 -0.023
34 113 3 42.875 74.294 38.692 0.92 0.61 1.669 -1.566
34 123 3 23.781 61.469 38.759 1.012 0.596 1.782 1.622
34 125 3 56.241 81.974 38.638 0.678 0.578 1.643 -2.69
34 135 3 24.441 100.462 38.691 1.188 0.558 1.273 3.141
34 137 3 21.716 112.385 38.532 0.558 0.438 1.149 0.017
34 138 4 41.565 52.303 38.928 1.332 0.59 1.503 -3.095
34 141 1 49.836 50.642 38.507 4.045 1.754 1.032 2.188
34 144 5 60.632 58.55 38.515 4.543 1.257 1.117 1.839
34 149 1 46.593 28.768 38.61 3.279 1.968 1.199 2.649
34 152 1 30.767 50.335 38.819 2.184 1.423 1.141 1.786
34 153 5 32.745 93.133 38.452 1.594 0.644 1.603 -3.132
34 156 3 21.392 119.156 38.429 0.356 0.402 1.118 -0.161
34 157 3 26.275 112.88 38.192 0.461 0.524 1.394 -3.137
34 158 3 23.049 111.43 38.63 0.395 0.675 1.358 -0.082
34 160 3 22.355 117.92 38.344 0.332 0.354 0.705 -0.104
34 168 4 61.462 67.499 38.541 1.351 0.593 1.383 -1.726
34 172 3 37.722 33.626 38.988 0.409 0.501 1.187 -0.004
34 173 5 70.338 65.411 38.646 4.019 1.708 1.326 1.62
34 188 3 21.599 121.309 38.455 0.345 0.505 0.99 -0.144
34 192 3 70.936 40.3 39.232 0.198 0.485 0.764 -0.023
34 195 3 23.539 97.919 38.559 0.446 0.437 1.187 -3.11
35 7 4 26.511 62.294 38.756 1.651 0.611 1.618 2.103
35 10 4 57.837 68.054 38.55 1.751 0.497 1.354 1.977
35 18 4 22.804 59.436 38.737 1.12 0.598 1.565 1.838
35 28 1 43.398 44.739 38.487 1.365 1.756 0.826 3.138
35 49 1 47.519 54.708 38.397 0.393 0.17 0.251 0.209
35 91 1 68.073 51.761 38.267 0.293 1.932 0.174 -0.007
35 113 3 43.692 74.324 38.695 0.98 0.728 1.68 -1.969
35 123 3 22.38 60.842 38.777 1.216 0.708 1.5 1.838
35 125 3 56.51 81.726 38.655 0.477 0.608 1.606 -2.164
35 135 3 24.676 99.129 38.669 1.527 0.642 1.096 3.022
35 137 3 21.618 113.074 38.473 0.442 0.455 1.271 -3.135
35 138 4 41.656 49.844 38.789 1.726 0.757 1.442 2.794
35 141 1 49.598 50.863 38.533 1.508 1.202 0.959 2.353
35 144 5 58.438 57.553 38.652 4.223 0.816 1.381 1.949
35 149 1 46.322 27.967 38.86 2.148 1.996 0.922 -3.13
35 152 1 31.582 50.836 38.67 2.024 1.282 1.258 1.829
35 153 5 33.053 91.077 38.466 1.726 0.741 1.608 -3.139
35 157 3 26.285 112.16 38.139 0.653 0.678 1.592 -2.982
35 158 3 22.876 112.208 38.697 0.344 0.586 1.205 -0.037
35 160 3 22.379 118.691 38.52 0.508 0.372 0.971 3.098
35 168 4 61.568 67.446 38.586 1.31 0.387 1.196 1.863
35 172 3 37.609 34.327 38.807 0.537 0.397 1.144 0.001
35 173 5 66.073 64.53 38.602 4.1 1.918 1.453 1.642
35 188 3 21.571 122.019 38.399 0.353 0.757 1.048 3.098
35 192 3 71.339 40.996 39.081 0.664 0.452 1.182 1.738
35 195 3 23.593 97.286 38.619 0.451 0.428 1.218 3.049
36 7 4 24.964 61.28 38.793 1.667 0.647 1.605 1.993
36 10 4 57.8 68.124 38.659 1.65 0.736 1.457 2.006
36 18 4 21.298 58.795 38.788 0.916 0.561 1.556 1.644
36 28 1 43.511 44.51 38.514 1.454 1.642 0.693 3.136
36 113 3 44.36 74.554 38.657 0.944 0.543 1.612 -1.773
36 123 3 21.256 60.487 38.899 1.135 0.555 1.353 1.709
36 125 3 56.75 81.546 38.655 0.446 0.585 1.705 -2.035
36 135 3 24.982 97.587 38.743 1.651 0.664 1.186 -3.103
36 137 3 21.396 113.728 38.337 0.408 0.417 1.175 -0.033
36 138 4 41.336 47.531 38.774 1.899 0.571 1.448 2.652
36 141 1 49.446 50.02 38.437 1.823 2.086 1.014 -0.005
36 144 5 56.488 55.998 38.42 4.138 1.186 1.127 1.968
36 152 1 32.472 51.135 38.609 1.703 1.421 0.771 -1.294
36 153 5 33.465 89.052 38.507 1.714 0.762 1.692 -3.121
36 157 3 26.107 111.671 38.154 0.549 0.568 1.54 -3.078
36 158 3 22.846 113.09 38.592 0.391 0.533 1.236 0.036
36 160 3 22.215 119.346 38.442 0.434 0.542 0.694 3.104
36 168 4 61.206 67.147 38.592 0.695 0.689 1.499 0.74
36 173 5 61.735 63.475 38.588 4.135 1.797 1.431 1.588
36 188 3 21.449 122.735 38.416 0.361 0.622 1.163 3.106
36 195 3 23.779 96.654 38.616 0.38 0.458 1.234 -3.102
