0 1 1 83.445 28.106 37.779 4.205 1.741 1.65 0.011
0 2 1 53.329 9.898 37.791 4.976 2.015 1.862 0.003
0 3 1 21.203 12.279 37.491 3.483 1.631 1.306 0.01
0 4 1 67.076 21.796 37.722 4.247 1.869 1.486 0.008
0 5 1 41.876 16.477 37.709 3.969 2.062 1.554 0.014
0 7 1 37.399 12.051 37.679 3.55 2.01 1.565 -0.057
1 1 1 87.47 29.028 37.833 4.311 1.777 1.62 0.002
1 2 1 53.368 9.888 37.55 4.798 1.788 1.366 -0.018
1 3 1 26.011 13.138 37.519 3.353 1.656 1.26 0.017
1 4 1 71.639 22.576 37.73 4.231 1.812 1.474 0.013
1 5 1 48.053 17.653 37.769 4.074 2.037 1.504 0.002
1 7 1 41.201 12.736 37.7 3.36 1.821 1.613 0.002
1 10 2 90.368 43.085 38.745 7.857 1.056 2.258 -3.104
2 1 1 91.131 29.75 37.84 4.196 1.852 1.626 0.005
2 2 1 53.435 9.805 37.557 4.656 1.965 1.395 0.002
2 3 1 30.897 14.069 37.535 3.421 1.818 1.26 0.015
2 4 1 76.308 23.531 37.712 4.12 1.902 1.488 0.013
2 5 1 54.248 18.812 37.764 4.007 2.064 1.568 -0.011
2 7 1 44.848 13.437 37.708 3.579 2.065 1.585 0.032
2 10 2 85.452 42.951 39.023 8.183 3.119 3.063 -3.132
3 1 1 94.104 30.436 38.153 3.457 1.626 0.873 0
3 2 1 53.399 9.848 37.563 4.747 1.929 1.467 0.002
3 3 1 35.864 14.957 37.63 3.625 1.689 1.206 0.041
3 4 1 81.305 24.425 37.68 4.26 1.74 1.455 -0.015
3 5 1 60.274 19.966 37.774 4 2.01 1.508 -0.004
3 7 1 48.692 14.209 37.722 3.516 1.806 1.557 0.038
3 10 2 81.006 42.117 38.867 6.71 2.884 2.97 -3.121
4 1 1 99.636 31.556 37.759 3.731 1.897 1.585 0.063
4 2 1 53.283 10.271 37.394 3.824 0.969 1.066 -0.019
4 3 1 47.596 17.273 37.593 3.487 1.856 1.24 0.053
4 4 1 92.616 26.452 37.672 4.21 1.825 1.477 -0.01
4 5 1 73.26 22.501 37.797 4.084 2.03 1.529 0.029
4 7 1 57.784 15.997 37.644 3.492 1.785 1.353 0.06
4 10 2 69.489 39.736 38.666 7.891 2.675 2.948 -3.116
5 1 1 101.622 31.944 37.775 4.283 1.904 1.669 0.002
5 2 1 53.027 10.457 37.388 3.656 0.322 1.02 0.033
5 3 1 53.053 18.354 37.621 3.163 1.796 1.168 0.031
5 4 1 97.932 27.375 37.634 4.186 1.768 1.491 -0.02
5 5 1 79.096 23.63 37.776 4.364 2.106 1.538 0
5 7 1 62.236 16.958 37.564 3.548 1.805 1.301 0
5 10 2 65.987 38.527 38.7 4.892 1.772 3.028 -3.12
5 15 5 134.882 48.39 37.313 0.208 0.265 0.366 -1.48
6 1 1 103.097 32.236 37.815 4.381 1.869 1.76 -0.005
6 3 1 58.21 19.491 37.689 3.653 1.886 1.448 0.051
6 4 1 103.404 28.429 37.628 4.27 1.812 1.491 -0.005
6 5 1 85.183 24.888 37.757 4.198 2.089 1.55 -0.005
6 7 1 66.996 17.913 37.758 3.301 2.008 1.53 0.047
6 15 5 130.742 47.453 37.458 3.944 0.32 0.728 -3.124
7 1 1 104.713 32.666 37.844 4.341 1.848 1.788 0.104
7 3 1 65.608 21.019 37.592 3.618 1.663 1.26 0.044
7 4 1 111.183 29.904 37.603 4.165 1.728 1.424 -0.017
7 5 1 93.398 26.641 37.778 4.38 2.319 1.466 -0.004
7 7 1 74.178 19.362 37.523 2.497 1.983 1.212 0.011
7 15 5 122.556 46.048 37.325 4.296 1.049 1.226 -3.138
7 21 1 124.01 50.852 37.695 3.519 0.773 1.1 3.128
7 22 3 123.591 18.714 37.852 0.386 0.405 1.435 -0.051
8 1 1 105.664 33.074 37.844 4.536 1.871 1.776 0.162
8 3 1 71.148 22.196 37.638 3.581 1.711 1.16 0
8 4 1 116.857 31.073 37.587 4.238 1.901 1.469 0.023
8 5 1 99.574 27.829 37.79 4.288 2.293 1.409 0.017
8 7 1 79.124 20.25 37.601 2.661 1.818 1.223 0.028
8 15 5 116.979 44.961 37.607 4.646 1.318 1.657 -3.133
8 21 1 117.928 49.487 37.721 2.853 1 1.229 -2.996
8 22 3 123.629 18.7 37.944 0.563 0.437 1.382 0.043
8 23 1 140.267 51.061 37.269 1.538 1.772 0.864 -3.123
8 25 2 158.574 32.08 37.554 4.768 2.358 2.127 0.034
8 26 4 128.74 54.149 37.323 1.504 0.484 1.477 -3.104
8 27 3 137.015 22.553 37.829 0.354 0.573 1.148 0.032
8 28 4 138.495 58.266 37.426 1.3 0.4 1.193 3.111
9 1 1 106.708 33.749 37.918 4.785 2.084 1.681 0.27
9 3 1 77.499 23.528 37.588 3.657 1.877 1.235 0.042
9 4 1 123.806 32.523 37.549 4.216 1.802 1.416 0.017
9 5 1 106.866 29.251 37.894 4.139 2.419 1.173 0.014
9 7 1 85.009 21.333 37.704 3.34 1.866 1.614 0.003
9 15 5 110.379 43.41 37.665 4.608 1.2 1.603 -3.124
9 21 1 113.631 48.228 37.666 0.821 0.572 1.272 3.141
9 22 3 123.588 18.706 37.948 0.734 0.489 1.471 -2.621
9 23 1 133.284 49.425 37.547 4.131 1.994 1.476 -3.125
9 25 2 158.517 32.036 37.64 4.741 2.367 2.228 -0.009
9 26 4 125.337 54.559 37.333 1.023 0.285 1.538 -3.071
9 27 3 137.69 22.786 37.618 0.389 0.581 1.395 0.006
9 28 4 136.251 57.915 37.675 1.003 0.598 1.064 3.077
9 31 4 123.717 53.041 37.408 1.719 0.558 1.488 -3.09
10 1 1 107.605 34.47 37.846 4.653 1.878 1.806 0.491
10 3 1 85.081 24.981 37.568 3.592 1.84 1.256 0.004
10 4 1 132.002 34.264 37.547 4.213 1.786 1.493 0.013
10 5 1 115.88 31.004 37.689 4.35 2.347 1.585 -0.005
10 7 1 92.389 22.704 37.691 3.209 1.809 1.615 -0.039
10 15 5 102.807 42.051 37.676 3.95 1.54 1.719 -3.133
10 21 1 104.094 46.768 37.588 3.715 1.763 1.593 3.141
10 22 3 123.611 18.635 37.954 0.56 0.493 1.576 -3.131
10 23 1 124.336 47.4 37.528 4.349 1.802 1.528 -3.116
10 25 2 158.732 32.082 37.651 5.905 2.418 2.266 -0.006
10 26 4 123.079 54.298 37.429 1.807 0.627 1.477 3.04
10 27 3 138.421 22.828 37.633 0.567 0.73 1.508 0.012
10 28 4 133.857 57.383 37.443 1.651 0.491 1.598 -3.126
10 31 4 117.765 51.864 37.489 1.88 0.618 1.603 -3.129
11 1 1 107.977 35.295 37.846 4.698 2.043 1.844 0.606
11 3 1 92.726 26.347 37.528 3.497 1.802 1.242 0.058
11 4 1 140.409 36.062 37.523 4.226 1.794 1.492 0.001
11 5 1 125.249 32.467 37.654 4.099 1.888 1.531 0.009
11 7 1 100.262 24.176 37.66 2.363 1.839 1.597 -0.043
11 21 1 95.303 45.018 37.624 4.152 2.106 1.664 -3.132
11 22 3 123.653 18.561 37.935 0.586 0.542 1.586 -3.141
11 23 1 115.639 45.49 37.54 4.49 1.662 1.557 -3.13
11 25 2 159.036 32.112 37.714 5.874 2.322 2.347 0.021
11 26 4 121.256 54.305 37.502 1.73 0.585 1.529 2.802
11 27 3 139.186 23.08 37.722 0.456 0.675 1.507 -0.061
11 28 4 131.637 56.841 37.979 0.41 0.542 0.571 -3.048
11 31 4 111.802 50.677 37.791 1.081 0.528 0.985 -3.021
11 36 2 171.958 61.606 38.938 7.982 2.621 1.665 -3.11
12 1 1 107.902 35.867 37.853 4.76 2.731 1.844 0.717
12 3 1 98.215 27.422 37.495 3.516 1.826 1.232 0
12 4 1 146.508 37.396 37.499 4.207 1.79 1.485 0
12 5 1 132.212 33.877 37.619 4.052 1.898 1.537 0
12 7 1 105.773 25.297 37.652 2.338 2.004 1.566 0
12 21 1 89.674 43.626 37.789 2.835 1.694 0.815 -3.138
12 22 3 123.666 18.489 38.065 0.583 0.583 1.36 0.001
12 23 1 109.275 44.066 37.635 4.421 1.792 1.595 -3.121
12 25 2 159.046 32.035 37.722 5.876 2.297 2.245 -0.017
12 26 4 120.027 54.221 37.862 0.725 0.286 0.725 -3.079
12 27 3 139.756 23.202 37.684 0.638 0.639 1.551 0.007
12 28 4 129.85 56.316 37.904 0.583 0.539 0.602 -3.053
12 31 4 107.831 49.847 37.478 1.845 0.495 1.491 -3.029
12 36 2 168.216 60.643 38.797 11.684 2.884 1.94 -3.095
13 1 1 108.18 35.973 37.859 4.632 2.256 1.766 0.778
13 3 1 104.917 28.683 37.504 3.424 1.892 1.281 -0.03
13 4 1 153.799 38.933 37.484 4.157 1.863 1.418 0
13 5 1 141.018 35.517 37.607 3.867 1.912 1.534 -0.033
13 7 1 112.377 26.633 37.419 2.736 1.816 1.176 -0.004
13 21 1 83.141 42.333 37.599 0.424 1.58 0.74 -3.128
13 22 3 123.692 18.565 37.969 0.517 0.357 1.429 -3.106
13 23 1 102.152 42.479 37.448 3.056 1.669 1.406 -3.085
13 25 2 159.142 31.986 37.765 6.17 2.394 2.225 -0.01
13 26 4 118.503 54.091 37.996 0.48 0.227 0.251 3.111
13 27 3 140.538 23.27 37.724 0.535 0.7 1.551 -0.129
13 36 2 161.487 59.126 38.716 12.418 3.295 2.347 -3.091
13 41 4 188.399 40.984 37.488 0.864 0.348 0.836 0.026
14 1 1 108.378 35.963 37.773 4.636 1.972 1.775 0.842
14 3 1 111.445 29.916 37.513 3.452 1.898 1.207 0
14 4 1 161.234 40.566 37.46 4.253 1.661 1.407 0
14 5 1 150.345 37.206 37.56 3.846 1.827 1.529 -0.049
14 7 1 119.447 28.118 37.411 2.575 1.786 1.138 0
14 22 3 123.775 18.423 38.08 0.434 0.493 1.226 0.04
14 23 1 95.708 41.182 37.442 0.36 1.286 0.581 3.102
14 25 2 159.193 32.005 37.806 6.272 2.352 2.292 -0.012
14 27 3 141.334 23.462 37.731 0.612 0.572 1.5 -0
14 36 2 154.866 57.53 38.592 12.201 2.961 2.789 -3.128
14 41 4 185.637 40.279 37.383 0.966 0.535 1.334 3.142
15 1 1 108.322 35.8 37.879 4.316 1.811 1.481 0.834
15 3 1 121.516 31.971 37.53 3.477 1.946 1.207 0.006
15 4 1 171.777 42.925 37.617 3.25 1.518 1.174 -0.001
15 5 1 164.518 39.343 37.514 3.757 1.855 1.558 -0.066
15 7 1 130.047 30.527 37.478 3.283 1.727 1.334 0.001
15 22 3 123.767 18.347 38.006 0.485 0.503 1.417 -0.029
15 25 2 159.213 31.933 37.8 6.267 2.595 2.205 -0.035
15 27 3 142.338 23.552 37.699 0.617 0.688 1.508 0.021
15 36 2 145.127 55.515 38.566 11.728 2.992 2.851 3.132
15 41 4 181.672 39.279 37.377 1.287 0.616 1.497 -3.124
15 45 5 109.732 24.691 37.358 0.665 0.688 0.794 3.12
16 1 1 108.317 35.297 37.854 3.131 1.584 1.049 0.658
16 3 1 134.12 34.582 37.448 3.38 1.79 1.188 -0.006
16 4 1 185.486 45.891 37.45 4.171 1.81 1.454 -0.015
16 5 1 181.772 42.045 37.464 3.296 1.872 1.527 -0.029
16 7 1 143.877 34.103 37.428 3.306 1.971 1.288 0
16 22 3 123.89 18.185 38.347 0.261 0.236 0.714 3.125
16 25 2 159.508 32.039 37.835 6.396 2.506 2.322 -0.022
16 36 2 129.785 51.13 38.735 4.93 0.736 2.293 3.139
16 41 4 176.743 37.901 37.466 1.832 0.665 1.628 3.135
16 45 5 123.291 28.026 37.307 0.993 1.679 0.799 0.04
17 4 1 204.167 49.792 37.446 4.226 1.901 1.481 0.005
17 5 1 206.236 46.623 37.426 2.72 1.922 1.533 -0.026
17 7 1 164.403 39.668 37.5 3.681 1.924 1.53 0.035
17 25 2 159.506 31.917 37.803 6.232 2.467 2.352 -0.021
17 41 4 169.798 35.894 37.481 1.117 0.608 1.62 3.127
17 45 5 143.517 32.708 37.289 0.865 1.772 0.782 0.034
17 48 4 231.976 44.64 37.257 0.987 0.49 1.368 2.648
17 50 3 240.284 45.828 37.438 0.358 0.689 1.463 -0.262
17 51 5 245.165 51.953 37.359 0.864 0.347 0.832 0.003
18 4 1 209.853 50.992 37.467 4.125 1.988 1.48 0.057
18 5 1 213.762 48.114 37.422 2.737 2.112 1.491 -0.026
18 7 1 170.672 41.218 37.436 3.757 1.9 1.379 0.028
18 25 2 159.555 31.824 37.798 6.087 2.435 2.326 -0.01
18 41 4 167.523 35.274 37.451 1.094 0.566 1.574 -3.084
18 45 5 148.923 34.038 37.499 2.527 1.865 1.318 -0.042
18 48 4 231.441 44.816 37.306 0.984 0.468 1.532 2.374
18 50 3 239.352 46.245 37.495 0.485 0.508 1.563 -0.583
18 51 5 248.19 52.961 37.214 1.252 0.557 0.855 -0.038
18 55 1 247.825 45.963 37.416 4.411 1.309 1.514 1.379
19 4 1 217.734 52.61 37.483 4.23 1.75 1.393 -0.021
19 5 1 223.882 50.273 37.424 2.681 1.882 1.466 -0.002
19 7 1 179.292 43.155 37.487 3.763 1.794 1.503 0.071
19 25 2 160.149 32 37.761 4.457 1.971 2.29 -0.038
19 41 4 164.13 34.521 37.59 0.638 0.485 1.146 -3.098
19 45 5 157.594 36.079 37.431 2.386 1.842 1.371 0.014
19 48 4 230.668 44.97 37.223 1.126 0.817 1.265 -2.996
19 50 3 238.134 46.442 37.53 0.411 0.422 1.784 -2.757
19 51 5 252.316 54.319 37.277 1.352 0.682 1.068 0.095
19 55 1 247.537 46.697 37.389 4.218 0.588 1.362 1.422
20 4 1 223.293 53.724 37.504 4.228 1.773 1.481 -0.024
20 5 1 230.765 51.689 37.411 2.716 1.93 1.407 -0.002
20 7 1 185.436 44.612 37.52 3.707 1.94 1.496 0.029
20 25 2 159.799 32.02 38.436 5.235 1.776 3.706 -0
20 41 4 161.38 33.905 37.336 1.078 0.64 1.52 -0.005
20 45 5 163.639 37.476 37.469 2.472 1.939 1.355 0
20 48 4 230.234 45.1 37.307 1.386 0.681 1.368 2.563
20 50 3 237.235 46.527 37.497 0.765 0.647 1.899 2.594
20 51 5 255.165 55.226 37.465 1.121 0.666 0.76 -0.001
20 55 1 247.521 47.061 37.412 4.536 0.674 1.322 1.419
20 69 1 234.718 41.806 36.913 0.182 0.24 0.419 -0.347
20 73 5 233.74 58.3 37.932 0.434 0.586 0.298 0.001
21 4 1 255.289 64.51 38.152 0.354 0.852 1.173 -0.114
21 7 1 183.389 44.58 37.499 2.941 0.749 1.332 -0.01
21 25 2 161.341 32.692 37.793 1.823 0.861 2.154 0
21 45 5 174.732 39.748 37.467 2.486 1.726 1.286 0.016
21 48 4 229.241 45.406 37.404 1.068 0.78 1.455 2.372
21 50 3 235.735 46.677 37.582 0.85 0.585 1.786 2.593
21 51 5 260.672 56.978 37.438 1.35 0.749 1.185 -0.011
21 55 1 247.844 47.887 37.44 3.955 1.403 1.438 1.418
21 69 1 234.692 41.807 36.981 0.17 0.1 0.351 -0.82
21 73 5 234.473 58.237 37.588 0.618 0.669 1.553 -0.009
21 76 1 233.258 42.683 37.063 0.119 0.13 0.464 -0.82
21 77 1 233.053 55.73 37.504 4.126 1.824 1.433 0.002
21 80 1 196.418 47.047 37.516 3.652 1.823 1.508 0.014
21 81 3 239.358 60.253 37.506 0.448 0.644 1.489 0.072
21 82 3 235.979 40.945 37.041 0.207 0.194 0.512 -0.82
22 7 1 190.44 46.1 37.345 3.077 0.976 1.192 0.005
22 45 5 181.878 41.23 37.525 2.916 1.845 1.309 -0.027
22 48 4 228.958 45.471 37.425 1.588 0.746 1.562 2.605
22 50 3 234.539 46.858 37.6 0.823 0.591 1.825 2.669
22 55 1 248.058 47.986 37.397 4.655 1.835 1.319 1.413
22 69 1 234.72 41.784 37.007 0.218 0.213 0.479 2.298
22 73 5 234.97 58.301 37.647 0.63 0.767 1.616 -0.009
22 76 1 233.297 42.669 37.008 0.264 0.219 0.512 -1.581
22 77 1 239.469 57.11 37.533 4.207 1.807 1.427 0.012
22 80 1 203.619 48.654 37.55 3.737 1.861 1.554 0.012
22 81 3 239.851 60.214 37.577 0.958 0.907 1.609 -0.008
22 82 3 235.992 40.92 37.149 0.186 0.144 0.454 2.29
22 86 1 247.016 33.245 37.09 0.312 0.348 0.569 1.677
22 88 1 269.764 60.275 37.281 0.246 1.013 0.593 0.039
22 96 3 272.33 67.653 37.612 0.693 0.654 1.333 -0.162
23 7 1 182.999 44.364 37.323 3.79 1.443 1.065 -0.011
23 45 5 198.653 44.302 37.448 2.487 1.873 1.266 -0.003
23 48 4 228.119 45.65 37.381 1.561 0.659 1.464 2.738
23 50 3 232.096 46.8 37.65 0.984 0.596 1.842 2.973
23 55 1 247.992 48.449 37.5 4.571 1.922 1.477 1.407
23 69 1 234.802 41.732 37.048 0.128 0.248 0.487 2.422
23 73 5 236.17 58.517 37.693 0.713 0.71 1.582 -0.005
23 76 1 233.374 42.575 37.075 0.126 0.197 0.494 2.422
23 77 1 254.516 60.437 37.606 4.16 1.809 1.444 -0.018
23 80 1 205.908 49.223 37.456 3.141 0.746 1.361 0.002
23 81 3 240.856 60.374 37.714 0.941 0.886 1.564 0.004
23 82 3 236.072 40.884 37.098 0.102 0.175 0.414 2.422
23 86 1 247.05 33.162 37.253 0.247 0.188 0.552 1.531
23 88 1 273.129 59.505 37.451 1.365 0.887 1.238 0.014
23 96 3 273.745 68.024 38.08 0.349 0.653 0.76 -0.008
23 101 1 279.554 62.549 37.649 0.792 1.6 1.39 -0.014
23 109 4 260.739 64.829 37.4 0.24 0.22 0.313 -0.012
23 111 4 255.977 63.673 37.232 0.306 0.233 0.495 0.008
23 114 1 220.254 52.228 37.564 3.756 1.887 1.529 -0.023
23 117 1 297.639 62.549 37.767 2.234 1.246 1.094 -0.013
24 45 5 208.968 46.142 37.121 0.964 1.918 1.024 0.001
24 48 4 227.376 45.836 37.375 1.484 0.526 1.468 -0.421
24 50 3 230.628 46.754 37.663 0.807 0.687 1.862 -3.082
24 55 1 248.147 49.232 37.55 4.205 2.047 1.506 1.385
24 69 1 234.872 41.66 37.034 0.125 0.105 0.38 2.414
24 73 5 237.028 58.769 37.705 0.416 0.686 1.515 -0.038
24 76 1 233.417 42.492 37.007 0.103 0.259 0.398 2.409
24 77 1 264.657 62.666 37.655 4.245 1.883 1.411 -0.01
24 80 1 215.176 51.443 37.505 3.384 1.349 1.408 -0.001
24 81 3 241.607 60.55 37.741 0.556 0.685 1.612 -0.02
24 82 3 236.134 40.781 37.094 0.181 0.159 0.521 1.114
24 86 1 247.11 33.083 37.243 0.391 0.25 0.459 -1.64
24 88 1 278.81 60.401 37.57 1.482 0.824 1.266 -0.148
24 96 3 274.873 67.937 38.159 0.333 0.51 0.372 -0.133
24 109 4 260.77 64.752 37.318 0.31 0.322 0.628 -0.004
24 111 4 256.051 63.605 37.276 0.513 0.322 0.673 -0.029
24 114 1 230.444 54.397 37.616 3.801 1.905 1.565 0.013
24 117 1 297.667 62.455 37.779 2.282 1.044 1.22 0.088
24 119 1 285.998 63.949 37.65 0.455 1.608 1.425 -0.032
24 121 5 195.799 47.153 37.133 0.172 0.406 0.288 -0.006
24 122 1 275.695 82.654 37.627 4.1 1.796 1.186 -3.141
25 45 5 213.683 46.962 37.135 1.445 1.851 1.076 0.03
25 48 4 226.502 45.901 37.383 1.453 0.511 1.192 2.828
25 50 3 229.816 46.695 37.541 0.818 0.677 1.749 -3.092
25 55 1 248.331 49.545 37.537 4.554 1.982 1.491 1.29
25 69 1 234.906 41.574 37.073 0.152 0.201 0.357 -3.076
25 73 5 237.288 58.941 37.677 0.586 0.616 1.562 0.122
25 76 1 233.417 42.454 37.065 0.101 0.087 0.404 -3.076
25 77 1 270.448 63.915 37.674 4.267 1.768 1.523 -0.026
25 80 1 220.293 52.463 37.329 3.269 1.211 1.248 0.046
25 81 3 241.91 60.611 37.74 0.476 0.81 1.607 -0.275
25 82 3 236.12 40.737 37.088 0.136 0.128 0.4 -3.076
25 86 1 247.123 33.047 37.164 0.342 0.337 0.547 1.519
25 88 1 281.993 60.948 37.565 1.608 0.744 1.385 -0.157
25 96 3 275.423 67.788 37.742 0.562 0.636 1.51 0.012
25 101 1 287.228 67.333 37.693 0.973 1.711 1.558 -0.015
25 109 4 260.772 64.722 37.34 0.415 0.392 0.713 -0.046
25 111 4 256.098 63.576 37.307 0.444 0.432 0.698 -0.058
25 114 1 235.974 55.635 37.612 3.792 1.916 1.651 0.011
25 117 1 297.67 62.263 37.767 2.238 1.165 1.296 -0.037
25 119 1 289.779 64.756 37.703 0.573 1.553 1.382 -0.015
25 121 5 200.453 48.001 37.266 3.758 1.202 1.082 0.065
25 122 1 269.935 81.172 37.78 4.069 1.244 1.624 3.132
25 128 4 279.42 88.206 37.677 1.685 0.602 1.472 3.068
26 45 5 222.113 48.433 37.51 2.238 1.765 1.386 0.01
26 48 4 223.668 45.763 37.329 0.714 0.364 1.219 -0.007
26 50 3 227.64 46.368 37.692 0.654 0.384 1.645 -0.007
26 55 1 249.371 51.277 37.552 4.538 1.929 1.468 0.923
26 73 5 238.365 59.126 37.568 0.749 0.495 1.424 -0.061
26 77 1 282.956 66.616 37.741 4.202 1.797 1.462 -0.032
26 80 1 231.124 54.687 37.46 3.285 1.144 1.068 0.01
26 81 3 242.849 60.536 37.663 0.544 1.088 1.506 0.034
26 88 1 288.863 62.38 37.698 1.609 0.898 1.435 -0.032
26 96 3 276.879 67.79 37.84 0.516 0.951 1.62 -0.053
26 101 1 303.103 71.127 37.828 0.807 1.717 1.222 0.022
26 109 4 260.839 64.643 37.388 0.327 0.269 0.623 0.017
26 111 4 256.185 63.588 37.313 0.363 0.247 0.672 0.017
26 114 1 248.152 58.237 37.718 3.743 1.863 1.56 -0.007
26 117 1 297.826 62.496 37.642 2.539 1.582 1.529 0.022
26 119 1 298.253 66.572 37.745 0.767 1.602 1.454 0.022
26 121 5 213.801 50.782 37.417 3.722 1.274 1.06 0.01
26 122 1 257.645 78.791 37.871 4.379 1.736 1.633 3.122
26 128 4 279.131 87.371 37.758 1.256 0.631 1.51 -3.135
26 143 1 286.953 82.932 37.784 2.93 1.638 1.498 -3.135
26 147 1 289.385 71.427 37.368 0.189 0.225 0.457 3.05
27 45 5 225.116 48.92 37.548 2.403 1.766 1.184 0.076
27 48 4 221.818 45.74 37.363 1.275 0.396 1.333 -0.039
27 50 3 226.22 46.394 37.499 0.496 0.558 1.2 0.092
27 55 1 250.319 52.403 37.52 3.703 1.884 1.411 0.732
27 73 5 238.729 59.333 37.941 0.244 0.512 0.843 -3.089
27 77 1 288.669 67.848 37.75 4.153 1.829 1.476 -0.019
27 80 1 236.392 55.887 37.593 2.352 1.324 1.351 -0.083
27 81 3 243.191 60.695 37.519 0.654 0.425 1.118 3.142
27 88 1 291.959 63.116 37.707 1.517 0.776 1.423 0.027
27 96 3 277.513 67.945 37.855 0.604 0.918 1.622 -0.087
27 101 1 311.485 72.854 37.783 3.365 1.721 1.4 -0.014
27 109 4 260.874 64.643 37.363 0.348 0.244 0.506 0.007
27 111 4 256.213 63.628 37.27 0.353 0.312 0.607 -0.13
27 114 1 253.574 59.497 37.708 3.759 1.876 1.594 0.008
27 117 1 298.241 62.608 37.662 3.385 1.681 1.3 0.019
27 119 1 301.832 67.377 37.516 0.382 1.581 0.914 0.05
27 121 5 219.643 51.993 37.37 3.763 0.894 0.991 -0.125
27 122 1 251.877 77.753 37.863 4.277 2.149 1.574 3.126
27 128 4 275.028 86.331 37.823 1.673 0.517 1.404 -3.104
27 143 1 281.128 81.569 37.903 4.417 1.715 1.339 -3.096
27 147 1 289.423 71.363 37.393 0.223 0.242 0.486 -0.01
28 45 5 227.345 49.073 37.391 4.033 1.794 1.326 -0.172
28 50 3 224.848 46.386 37.663 0.408 0.43 1.166 0
28 55 1 251.367 53.086 37.535 3.804 1.836 1.419 0.608
28 73 5 239.322 59.275 38.235 0.089 0.254 0.37 -3.057
28 77 1 294.403 69.116 37.767 4.152 1.96 1.428 0.002
28 80 1 240.949 56.828 37.491 3.402 1.206 1.195 -0.014
28 81 3 243.589 60.823 37.754 0.264 0.593 1.551 -0.015
28 88 1 295.126 63.914 37.773 1.672 0.815 1.397 -0.007
28 96 3 278.174 68.038 37.896 0.639 0.898 1.565 -0.005
28 101 1 316.944 73.993 37.68 0.605 1.681 1.349 -0.018
28 109 4 260.884 64.632 37.337 0.433 0.331 0.569 -0.019
28 111 4 256.195 63.522 37.253 0.481 0.307 0.599 0.092
28 114 1 259.027 60.684 37.74 3.674 1.819 1.527 0.01
28 117 1 298.721 62.75 37.666 4.473 1.754 1.465 0.004
28 119 1 305.852 68.229 37.799 0.914 1.628 1.445 -0.037
28 121 5 226.706 53.327 37.203 0.686 0.831 0.507 -0.031
28 122 1 246.869 75.976 37.74 2.923 0.831 1.509 -3.113
28 128 4 271.131 85.221 37.766 1.637 0.469 1.38 3.078
28 143 1 274.669 79.844 37.862 4.43 1.357 1.299 -3.1
28 147 1 289.465 71.34 37.459 0.319 0.3 0.649 0.002
29 45 5 229.826 49.16 37.437 4.17 1.142 1.194 -0.315
29 55 1 252.657 53.977 37.504 3.881 1.816 1.351 0.449
29 73 5 239.75 59.355 38.154 0.202 0.426 0.471 0.008
29 77 1 300.236 70.492 37.774 4.166 1.793 1.414 -0.014
29 80 1 245.892 57.853 37.476 3.345 1.136 1.185 -0.031
29 81 3 243.893 61.201 38.341 0.2 0.465 0.681 0
29 88 1 298.267 64.592 37.724 1.703 0.851 1.486 -0.032
29 96 3 278.774 68.19 37.897 0.476 0.863 1.609 0.005
29 101 1 324.955 75.38 37.615 3.389 1.923 1.425 -0.01
29 109 4 260.883 64.605 37.387 0.418 0.229 0.542 3.133
29 111 4 256.259 63.514 37.242 0.271 0.201 0.487 3.11
29 114 1 264.526 61.951 37.759 3.597 1.869 1.55 -0.009
29 117 1 298.563 62.665 37.722 4.09 1.837 1.573 -0.039
29 119 1 310.215 69.182 37.773 1.883 1.725 1.55 -0.022
29 121 5 231.844 54.446 37.189 0.809 0.608 0.508 -0.033
29 122 1 240.301 74.925 37.496 3.697 1.711 0.735 3.121
29 128 4 267.466 84.392 37.678 1.075 0.453 1.169 -3.101
29 143 1 268.208 78.77 37.818 4.236 2.026 1.479 -3.141
29 147 1 289.419 71.287 37.451 0.315 0.322 0.641 3.117
30 55 1 254.196 54.923 37.568 4.103 1.968 1.477 0.302
30 77 1 306.191 71.88 37.771 4.161 1.841 1.468 -0.025
30 80 1 250.616 58.895 37.465 3.396 1.294 1.074 -0.066
30 88 1 301.44 65.135 37.736 1.664 0.816 1.545 -0.108
30 96 3 279.367 68.47 37.861 0.418 0.558 1.571 -0.012
30 101 1 331.462 76.266 37.682 3.192 1.787 1.398 -0.05
30 109 4 260.881 64.584 37.353 0.262 0.204 0.553 0.035
30 114 1 269.899 63.172 37.788 3.611 1.968 1.616 -0.006
30 117 1 298.616 62.622 37.768 4.179 2.045 1.628 -0.06
30 119 1 314.181 70.108 37.739 1.916 1.684 1.4 0
30 128 4 263.156 83.268 37.607 1.787 0.509 1.255 -0.059
30 143 1 262.224 77.273 37.861 2.955 1.788 1.34 -3.11
30 147 1 289.499 71.246 37.469 0.324 0.306 0.694 0
30 153 5 309.858 75.885 37.278 0.168 0.191 0.406 -0.018
31 55 1 256.453 55.93 37.542 4.167 2.079 1.128 0.206
31 77 1 313.453 73.535 37.792 4.076 1.917 1.442 -0.027
31 80 1 256.774 60.421 37.632 2.613 1.434 1.102 -0.063
31 88 1 305.264 65.763 37.75 1.633 0.749 1.521 -0.167
31 96 3 280.171 68.502 37.885 0.415 0.876 1.624 0.05
31 101 1 338.72 77.253 37.622 1.832 1.71 1.157 -0.057
31 109 4 260.761 64.576 37.293 0.383 0.28 0.666 0.043
31 114 1 276.395 64.616 37.813 3.732 1.863 1.588 -0.007
31 117 1 298.748 62.697 37.785 4.373 1.956 1.598 -0.046
31 119 1 319.097 71.203 37.678 1.961 1.621 1.445 -0.047
31 128 4 258.825 82.342 37.596 0.693 0.516 1.247 3.142
31 143 1 253.578 75.333 37.643 4.074 1.631 0.839 3.142
31 147 1 289.499 71.27 37.47 0.336 0.353 0.706 0
31 153 5 309.9 75.838 37.348 0.281 0.239 0.559 0
31 155 5 347.257 81.088 37.422 0.325 1.205 0.355 0
32 55 1 259.005 56.847 37.588 3.673 2.131 1.392 -0.012
32 77 1 319.731 75.011 37.784 4.205 1.965 1.492 -0.035
32 80 1 261.158 61.215 37.505 3.281 1.204 1.115 -0.064
32 88 1 308.483 66.182 37.747 1.773 0.752 1.544 -0.175
32 96 3 280.782 68.714 37.913 0.478 0.816 1.583 -0.076
32 101 1 345.102 78.09 37.658 0.987 1.655 1.237 -0.058
32 114 1 281.792 65.843 37.79 3.778 1.916 1.569 -0.018
32 117 1 298.955 62.729 37.783 4.627 1.991 1.638 -0.076
32 119 1 323.375 72.199 37.725 2.222 1.773 1.531 -0.035
32 147 1 289.594 71.231 37.436 0.339 0.286 0.65 -0.068
32 153 5 309.993 75.834 37.409 0.324 0.189 0.476 -0.29
32 155 5 352.085 82.097 37.55 0.198 1.625 0.29 -0.078
33 55 1 262.924 58.133 37.398 2.119 1.83 0.841 -0.017
33 77 1 327.138 76.709 37.76 3.883 1.883 1.469 -0.075
33 80 1 267.489 62.472 37.549 2.582 0.869 1.244 -0.073
33 88 1 312.478 66.802 37.755 2.056 0.756 1.551 -0.29
33 96 3 281.38 68.887 37.826 0.849 0.548 1.559 2.039
33 101 1 353.431 79.389 37.673 0.66 1.605 1.222 -0.072
33 114 1 288.376 67.356 37.848 3.728 1.968 1.572 -0.034
33 117 1 299.1 62.711 37.783 4.555 1.89 1.634 -0.089
33 119 1 328.491 73.421 37.692 2.23 1.758 1.478 -0.047
33 147 1 289.598 71.245 37.446 0.292 0.296 0.639 -0.104
33 153 5 309.984 75.825 37.384 0.273 0.219 0.516 0.768
33 155 5 357.684 83.249 37.358 0.234 1.438 0.3 -0.059
34 55 1 266.329 59.092 37.45 2.133 1.785 0.871 -0.106
34 77 1 333.5 78.259 37.726 4.005 2.007 1.371 -0.079
34 80 1 272.442 63.604 37.642 2.386 0.726 0.893 -0.198
34 88 1 315.698 67.286 37.725 2.076 0.795 1.447 -0.137
34 96 3 281.923 69.124 37.896 0.488 0.788 1.555 -0.054
34 101 1 360.492 80.613 37.611 0.734 1.562 1.017 0.081
34 114 1 293.888 68.598 37.878 3.365 1.817 1.591 -0.042
34 117 1 299.182 62.661 37.745 4.309 1.945 1.573 -0.079
34 119 1 332.875 74.39 37.755 2.231 1.707 1.496 -0.079
34 147 1 289.606 71.176 37.5 0.236 0.246 0.546 -0.054
34 153 5 309.986 75.776 37.41 0.331 0.358 0.532 -0.054
34 155 5 362.784 84.501 37.35 1.262 1.664 0.675 0.081
35 55 1 274.864 61.061 37.505 0.627 1.747 0.557 0.058
35 77 1 347.737 81.381 37.712 2.136 1.879 1.389 0.03
35 80 1 285.621 66.578 37.856 0.667 1.032 1.215 -3.115
35 88 1 323.45 68.619 37.737 2.063 0.928 1.512 -0.258
35 96 3 283.117 69.586 37.85 0.246 0.622 1.27 -3.032
35 114 1 306.624 71.645 37.85 3.572 1.93 1.58 0.032
35 117 1 299.283 62.597 37.733 3.976 1.844 1.588 -0.074
35 119 1 343.694 76.954 37.723 2.582 1.624 1.57 0.03
35 147 1 289.648 71.17 37.34 0.149 0.137 0.427 3.137
35 153 5 310.042 75.745 37.455 0.177 0.206 0.467 2.124
35 155 5 373.889 87.01 37.333 0.35 1.581 0.612 0.024
36 55 1 278.719 61.989 37.54 0.583 1.792 0.593 -3.106
36 77 1 353.499 82.762 37.476 1.379 1.834 1.22 -0.066
36 80 1 291.036 67.474 37.669 0.268 0.511 0.214 2.612
36 88 1 326.619 69.385 37.714 2.034 0.734 1.485 -0.076
36 96 3 283.656 69.721 38.024 0.451 0.321 0.935 1.66
36 114 1 311.997 72.828 37.855 3.408 1.834 1.6 0.057
36 117 1 299.286 62.614 37.669 4.049 1.735 1.59 -0.091
36 119 1 348.182 77.978 37.726 2.58 1.782 1.534 -0.03
36 155 5 378.869 87.98 37.415 0.332 0.966 0.279 3.14
37 55 1 282.922 62.938 37.501 0.698 1.716 0.644 -0.013
37 77 1 360.439 84.422 37.585 3.09 1.95 1.399 0.002
37 80 1 294.903 68.492 37.611 3.255 0.863 1.104 -0.04
37 88 1 329.783 70.095 37.702 2.045 0.802 1.542 -0.121
37 114 1 317.233 74.226 37.874 3.41 1.905 1.56 -0.026
37 117 1 299.295 62.586 37.55 4.076 1.783 1.112 -0.043
37 119 1 352.711 79.018 37.693 2.569 1.671 1.571 -0.02
37 155 5 384.223 89.093 37.215 1.078 0.835 0.666 0.032
38 55 1 287.409 63.889 37.522 0.558 1.548 0.592 0.02
38 77 1 365.773 85.616 37.52 1.564 1.734 1.055 0.039
38 80 1 300.146 69.648 37.661 3.298 0.917 1.064 -0.02
38 88 1 332.956 70.823 37.677 1.955 0.724 1.433 0.062
38 114 1 322.483 75.482 37.872 3.39 1.947 1.579 -0.031
38 117 1 299.302 62.541 37.579 3.934 1.92 1.412 -0.095
38 119 1 357.287 80.08 37.674 2.571 1.683 1.57 -0.012
38 155 5 388.87 90.074 37.298 0.133 0.915 0.269 3.055
39 55 1 292.141 64.967 37.508 0.649 1.831 0.636 0.01
39 77 1 371.531 86.94 37.448 1.123 1.791 1.13 -0.06
39 80 1 305.461 70.82 37.633 3.462 1.005 1.078 0.031
39 88 1 336.134 71.49 37.668 2.07 0.72 1.471 -0.081
39 114 1 327.667 76.725 37.857 3.503 1.822 1.574 0.031
39 117 1 299.436 62.608 37.449 3.65 1.686 0.926 -0.056
39 119 1 361.885 81.159 37.67 2.675 1.654 1.556 -0.002
39 155 5 394.063 91.006 37.244 0.222 1.244 0.275 3.118
40 55 1 297.159 66.072 37.48 0.412 1.657 0.623 -0.005
40 77 1 377.487 88.335 37.392 1.209 1.762 1.167 0
40 80 1 310.656 71.993 37.599 3.293 1.111 1.112 -0.005
40 88 1 339.309 72.158 37.668 2.038 0.757 1.526 -0.187
40 114 1 332.953 78.03 37.844 3.415 2.047 1.564 -0
40 117 1 299.605 62.54 37.751 3.546 1.773 1.421 0
40 119 1 366.429 82.247 37.636 2.6 1.717 1.498 0
40 155 5 399.8 92.009 37.066 1.306 1.737 0.71 -0.008
40 171 3 406.591 83.443 37.875 0.256 0.352 0.76 0.111
40 173 1 390.726 107.12 37.738 2.242 1.615 1.328 -3.14
40 175 3 406.332 83.799 37.442 0.277 0.381 0.876 0.111
40 176 5 377.427 109.937 37.742 0.35 0.479 0.746 -3.135
41 55 1 301.423 67.045 37.87 2.206 1.596 0.984 0
41 77 1 383.534 89.69 37.383 1.518 1.809 1.199 0.021
41 80 1 316.415 73.542 37.565 2.499 1.774 1.05 -0.05
41 88 1 342.475 72.721 37.645 1.984 0.884 1.497 -0.017
41 114 1 338.179 79.212 37.832 3.41 1.992 1.616 -0.013
41 117 1 300.43 62.702 37.588 1.776 1.7 0.856 -0.005
41 119 1 371.014 83.307 37.61 2.737 1.641 1.595 -0.002
41 155 5 405.073 92.675 37.146 1.176 1.539 0.628 0.113
41 171 3 405.967 83.162 37.805 0.168 0.412 1.154 -3.108
41 173 1 385.853 106.173 37.74 4.134 2.04 1.419 -3.124
41 175 3 405.759 83.745 37.514 0.273 0.243 1.07 -3.118
41 176 5 374.354 109.222 37.671 0.917 0.476 1.414 3.073
41 177 1 372.256 102.643 37.233 4.59 1.498 0.791 -3.138
42 55 1 307.301 68.274 37.691 1.169 1.931 1.357 -0.009
42 77 1 389.071 91.013 37.351 1.042 1.62 1.165 0.021
42 80 1 321.693 74.678 37.613 2.516 1.936 0.967 -0.122
42 88 1 345.635 73.299 37.61 1.975 0.828 1.527 -0.138
42 114 1 343.424 80.388 37.776 3.568 1.994 1.603 0.063
42 119 1 375.498 84.35 37.592 2.612 1.714 1.588 0
42 155 5 410.775 93.635 37.102 1.362 1.536 0.65 -0.044
42 171 3 405.427 83.082 37.643 0.361 0.498 1.493 -0.227
42 173 1 380.113 104.961 37.614 4.41 1.979 1.529 3.102
42 175 3 405.142 83.682 37.669 0.217 0.182 0.894 3.1
42 176 5 371.603 108.529 38.278 0.219 0.113 0.178 0.041
42 177 1 367.011 101.409 37.654 4.91 1.568 1.476 -3.122
42 179 5 340.903 101.706 37.692 1.139 0.39 1.487 0.062
42 180 4 376.209 109.99 37.541 1.177 0.51 1.498 -3.135
43 55 1 320.549 71.218 37.379 1.814 1.804 0.691 0.009
43 77 1 401.524 93.843 37.346 1.021 1.727 1.059 -0.008
43 80 1 333.812 77.431 37.553 3.554 1.78 1.117 0.016
43 88 1 352.503 74.568 37.596 1.971 0.787 1.481 -0.164
43 114 1 355.492 82.985 37.77 2.488 1.977 1.577 -0.008
43 119 1 385.271 86.612 37.588 2.734 1.728 1.559 -0.008
43 155 5 422.994 95.893 37.164 0.317 1.606 0.321 -0.004
43 171 3 404.14 82.705 37.697 0.393 0.585 1.487 2.946
43 173 1 367.871 102.423 37.801 4.653 1.829 1.746 3.091
43 175 3 403.822 83.421 37.519 0.382 0.704 1.104 3.087
43 176 5 365.371 106.977 38.167 0.575 0.301 0.587 -3.103
43 177 1 355.443 98.706 37.753 4.62 1.802 1.508 -3.132
43 179 5 332.846 99.887 37.711 1.479 0.58 1.488 -3.103
43 180 4 370.721 108.716 37.639 1.446 0.572 1.536 -3.103
44 55 1 327.073 72.62 37.421 0.715 1.603 0.616 -0.017
44 77 1 407.23 95.111 37.313 1.293 1.737 1.09 0.009
44 80 1 339.038 78.617 37.601 3.466 1.786 0.944 -0.03
44 88 1 355.565 75.213 37.575 2.073 0.848 1.42 -0.136
44 114 1 361.328 84.336 37.749 3.481 2.054 1.568 -0.015
44 119 1 389.673 87.623 37.582 2.696 1.712 1.603 -0.015
44 155 5 429.129 97.258 37.476 1.117 1.678 1.055 0.057
44 171 3 403.603 82.515 37.698 0.378 0.68 1.573 3.097
44 173 1 362.301 101.393 37.853 4.5 1.786 1.737 3.109
44 175 3 403.238 83.251 37.624 0.325 0.37 1.398 3.004
44 176 5 362.435 106.312 37.743 1.578 0.433 1.594 -3.123
44 177 1 350.118 97.498 37.781 4.448 1.797 1.413 -3.133
44 179 5 329.512 99.122 37.933 0.098 0.178 0.617 -3.078
44 180 4 368.184 108.061 37.705 1.4 0.536 1.699 -3.123
45 55 1 332.518 73.909 37.445 1.837 1.793 0.676 0.049
45 77 1 412.442 96.288 37.292 1.003 1.823 1.054 0.02
45 80 1 344.155 79.836 37.657 3.393 1.907 1.519 0.094
45 88 1 358.595 75.913 37.542 2.151 0.701 1.389 -0.141
45 114 1 366.114 85.32 37.767 4.559 1.867 1.548 0.018
45 119 1 394.048 88.674 37.58 2.701 1.687 1.558 0.002
45 155 5 434.182 98.387 37.051 0.228 1.448 0.301 0.027
45 171 3 403.005 82.432 37.739 0.467 0.511 1.576 -3.139
45 173 1 356.539 100.309 37.873 4.453 1.751 1.722 3.092
45 175 3 402.645 83.07 37.718 0.301 0.549 1.65 -3.14
45 176 5 359.336 105.629 37.761 1.508 0.592 1.597 -3.111
45 177 1 344.804 96.188 37.642 4.363 1.613 0.5 3.132
45 179 5 325.538 98.221 37.923 0.875 0.502 0.37 -3.118
45 180 4 365.463 107.382 37.716 1.31 0.641 1.557 -3.111
46 55 1 337.825 75.042 37.734 0.933 1.833 1.253 0.001
46 77 1 417.196 97.509 37.351 0.569 1.608 0.65 -0.032
46 80 1 348.836 80.827 37.738 2.203 1.805 0.671 -0.052
46 88 1 361.854 76.581 37.496 1.905 0.811 1.271 -0.144
46 114 1 370.884 86.457 37.744 3.568 2.021 1.551 0.011
46 119 1 398.389 89.71 37.57 2.789 1.728 1.53 -0.015
46 155 5 439.768 99.553 37.435 1.147 1.445 1.096 -0.015
46 171 3 402.453 82.398 37.69 0.473 0.496 1.566 3.132
46 173 1 350.634 99.202 37.964 4.141 1.726 1.526 3.087
46 175 3 402.079 82.927 37.762 0.413 0.641 1.675 3.112
46 177 1 341.31 95.269 37.695 0.384 1.247 0.556 3.086
46 183 4 445.984 97.388 37.228 1.058 0.416 1.168 -0.007
47 55 1 344.029 76.425 37.482 0.522 1.724 0.61 -0.054
47 77 1 422.335 98.601 37.256 1.078 1.816 1.061 0.004
47 88 1 364.946 77.193 37.422 1.93 0.839 1.213 -0.131
47 114 1 376.297 87.614 37.736 3.381 1.902 1.556 -0.018
47 119 1 402.676 90.649 37.557 2.773 1.674 1.573 -0.032
47 155 5 444.263 100.589 37.197 0.97 1.346 0.802 -0.071
47 171 3 401.849 82.207 37.74 0.425 0.581 1.566 3.134
47 173 1 344.699 97.775 37.957 3.832 1.153 1.347 3.12
47 175 3 401.5 82.74 37.803 0.396 0.712 1.639 3.061
47 183 4 449.461 98.194 37.126 0.943 0.521 1.153 0.03
48 55 1 349.895 77.85 37.532 0.714 1.725 0.632 0
48 77 1 427.139 99.786 37.284 1.315 1.766 1.217 0
48 88 1 367.777 77.866 37.487 2.136 0.78 1.248 -0.012
48 114 1 381.624 88.906 37.712 3.343 1.746 1.587 0
48 119 1 406.971 91.71 37.568 2.771 1.667 1.537 -0.016
48 155 5 448.226 101.538 37.207 0.534 1.33 0.745 0.008
48 171 3 401.435 82.118 37.779 0.488 0.541 1.571 -2.856
48 175 3 400.932 82.654 37.793 0.485 0.668 1.636 -3.044
48 183 4 452.823 99.089 37.314 0.997 0.569 1.508 -0.004
49 55 1 360.501 80.304 37.431 0.392 1.597 0.577 -0.013
49 77 1 434.175 101.474 37.264 1.162 1.805 1.15 0.012
49 88 1 373.098 79.107 37.549 1.758 0.83 1.416 -0.075
49 114 1 391.138 91.133 37.707 3.451 1.863 1.581 -0.016
49 119 1 413.728 93.226 37.554 2.839 1.864 1.555 -0.032
49 155 5 454.641 102.923 37.333 1.426 1.709 1.261 -0.053
49 171 3 400.52 81.71 37.775 0.744 0.611 1.491 -3.137
49 175 3 400.146 82.501 37.807 0.698 0.541 1.605 -3.14
49 183 4 458.457 100.647 37.176 1.415 0.499 1.395 -0.013
49 187 5 451.476 127.233 37.944 0.202 0.535 0.434 3.124
49 188 5 465.392 100.812 37.266 0.467 0.213 0.936 0.388
50 55 1 374.612 83.726 37.518 1.607 1.961 0.795 -0.019
50 77 1 444.776 103.925 37.4 3.513 1.995 1.452 -0.002
50 88 1 381.436 81.202 37.458 1.388 0.805 1.038 -0.032
50 114 1 404.707 94.275 37.604 3.353 1.795 1.538 0.009
50 119 1 424.522 95.875 37.528 2.729 1.852 1.519 -0.012
50 155 5 463.747 104.922 37.125 3.36 1.602 0.953 -0.004
50 171 3 399.237 81.143 37.616 0.344 0.385 1.168 2.834
50 175 3 398.783 81.888 37.809 0.248 0.583 1.507 -3.002
50 183 4 466.89 102.78 37.394 0.821 0.679 1.253 -0.076
50 187 5 442.683 125.561 37.638 1.344 0.419 1.39 -0.049
50 188 5 468.726 101.731 37.555 0.473 0.48 1.317 0.12
50 190 3 437.126 129.182 37.938 0.408 0.531 1.436 -0.059
50 192 4 473.449 102.593 37.317 0.635 0.385 1.129 -0.057
50 193 4 425.367 120.617 38.059 2.658 1.531 2.237 -0.002
50 194 4 442.417 124.085 37.6 1.639 0.591 1.475 -0.049
51 55 1 380.077 85.187 37.39 1.571 1.901 1.153 0.019
51 77 1 447.642 104.615 37.417 3.168 1.832 1.477 0.044
51 88 1 384.504 81.914 37.436 1.368 0.903 1.08 -0
51 114 1 409.774 95.5 37.611 3.538 2.071 1.558 -0.005
51 119 1 428.518 96.749 37.537 2.706 1.921 1.566 -0.045
51 155 5 465.397 105.288 37.275 1.308 1.636 1.117 -0.066
51 171 3 398.589 80.86 37.816 0.567 0.735 1.467 3.088
51 175 3 398.269 81.673 37.745 0.347 0.64 1.637 -3.1
51 183 4 470.398 103.522 37.393 1.066 0.588 1.209 0.233
51 187 5 438.845 124.719 37.655 0.981 0.715 1.357 -3.141
51 188 5 471.626 102.411 37.461 0.668 0.535 1.487 0.039
51 190 3 436.593 129.294 37.847 0.376 0.682 1.333 0.002
51 192 4 476.284 103.221 37.326 0.534 0.521 1.12 0.056
51 193 4 422.05 119.826 38.013 2.864 1.399 2.221 3.097
51 194 4 439.238 123.389 37.622 1.685 0.657 1.431 -3.141
51 196 4 466.329 131.079 37.368 0.628 0.96 0.541 3.119
52 55 1 385.762 86.816 37.344 0.923 1.754 0.878 0.021
52 77 1 450.438 105.266 37.426 3.214 2.059 1.504 -0.004
52 88 1 387.628 82.664 37.412 1.374 0.698 1.073 0.006
52 114 1 415.01 96.77 37.584 3.381 1.866 1.618 0.003
52 119 1 432.443 97.752 37.548 2.66 1.687 1.531 0.015
52 155 5 467.659 105.711 37.22 1.214 1.584 1.248 -0.038
52 171 3 398.118 80.666 37.718 0.639 0.747 1.649 -3.023
52 175 3 397.683 81.463 37.744 0.259 0.492 1.609 -3.023
52 183 4 473.791 104.307 37.467 1.14 0.453 1.456 0.264
52 187 5 435.402 124.006 37.727 1.134 0.69 1.562 2.965
52 188 5 474.458 102.945 37.442 0.513 0.587 1.459 0.117
52 190 3 436.149 129.072 37.841 0.389 0.471 1.536 -2.92
52 192 4 479.313 104.028 37.285 0.682 0.651 1.075 0.062
52 193 4 418.553 118.887 38.058 3.445 1.34 2.339 -3.091
52 194 4 435.712 122.572 37.581 1.315 0.653 1.468 3.076
52 196 4 463.756 128.429 37.465 1.764 0.437 0.642 -3.123
53 55 1 390.94 88.418 37.386 1.195 1.82 0.865 -0.008
53 77 1 453.06 105.834 37.408 3.324 2.095 1.327 0
53 88 1 390.785 83.465 37.362 0.933 0.785 1.165 -0.008
53 114 1 419.962 97.909 37.575 3.531 1.873 1.563 0.022
53 119 1 436.339 98.576 37.539 2.803 1.772 1.526 -0.011
53 155 5 469.486 106.091 37.213 1.156 1.632 0.975 -0.002
53 171 3 397.592 80.603 37.863 0.339 0.384 1.275 0.03
53 175 3 397.165 81.316 37.744 0.286 0.575 1.589 0.03
53 183 4 477.158 105.226 37.508 1.083 0.642 1.424 -0.002
53 187 5 431.586 123.064 37.372 0.345 0.226 0.847 -3.108
53 188 5 477.295 103.555 37.49 0.893 0.757 1.425 -0.002
53 190 3 435.664 128.986 37.945 0.522 0.433 1.434 -3.113
53 192 4 482.424 104.936 37.351 0.895 0.585 1.084 -0.002
53 193 4 415.093 118.413 37.975 3.44 1.624 2.119 2.975
53 194 4 432.549 121.801 37.627 1.693 0.55 1.206 -3.108
53 196 4 459.957 128.221 37.748 3.049 1.396 1.441 -3.128
53 200 5 397.704 91.966 37.869 2.599 1.13 0.261 -0.012
54 55 1 396.05 89.953 37.414 1.055 1.294 0.852 0.036
54 77 1 455.409 106.337 37.431 3.263 1.834 1.397 -0.04
54 88 1 393.534 84.207 37.332 1.597 0.767 1.184 -0.069
54 114 1 424.635 98.992 37.585 3.393 1.859 1.58 -0.009
54 119 1 440.097 99.487 37.527 2.915 1.749 1.554 -0.023
54 155 5 472.272 106.836 37.401 3.562 1.686 1.56 0.067
54 171 3 397.039 80.45 37.896 0.433 0.342 1.192 3.141
54 175 3 396.624 81.099 37.908 0.25 0.54 1.195 3.141
54 183 4 480.566 105.93 37.526 1.101 0.568 1.415 0.126
54 187 5 428.77 122.151 37.709 1.406 0.58 1.402 3.136
54 188 5 480.109 104.31 37.533 1.017 0.466 1.383 0.126
54 192 4 485.437 105.759 37.394 0.85 0.484 1.049 0.126
54 193 4 412.116 117.493 37.864 2.585 1.259 2.026 3.051
54 194 4 429.11 120.943 37.474 1.639 0.504 1.209 3.136
54 196 4 456.444 127.787 37.628 2.93 1.078 1.549 3.004
54 200 5 402.825 93.219 37.901 2.526 0.893 0.269 -0.002
55 55 1 399.775 90.804 37.317 3.73 0.503 1.044 0.122
55 77 1 457.815 106.998 37.45 3.651 1.97 1.452 0.026
55 88 1 396.931 84.855 37.433 1.399 0.834 1.217 -0.036
55 114 1 428.827 99.985 37.562 3.525 1.843 1.574 0.006
55 119 1 443.646 100.242 37.523 2.853 1.818 1.57 0.005
55 155 5 473.777 107.1 37.4 3.825 1.701 1.507 -0.007
55 171 3 396.428 80.305 37.864 0.363 0.442 1.32 -3.046
55 175 3 396.053 80.956 37.841 0.231 0.491 1.389 -3.116
55 183 4 484.001 106.835 37.366 0.644 1.081 1.702 -1.056
55 187 5 425.249 121.41 37.701 1.999 0.472 1.651 -3.112
55 188 5 483.059 104.973 37.427 1.057 0.413 1.562 0.27
55 192 4 488.536 106.56 37.232 0.917 0.639 1.201 -0.001
55 193 4 408.751 116.744 37.945 2.602 1.237 2.151 -3.124
55 194 4 425.718 120.18 37.681 1.842 0.668 1.495 -3.102
55 196 4 452.805 127.259 37.802 3.046 1.097 1.71 3.081
55 200 5 408.107 94.502 37.82 2.877 1.769 0.46 -0.027
55 206 1 388.767 86.651 37.446 3.724 1.26 1.082 -0.04
56 55 1 404.181 92.242 37.399 1.972 0.602 1.235 0
56 77 1 459.763 107.382 37.468 3.158 2.119 1.42 0.015
56 88 1 399.968 85.624 37.437 1.381 0.777 1.506 -0.019
56 114 1 432.778 100.931 37.559 3.329 1.986 1.553 -0.05
56 119 1 446.989 101.055 37.539 2.617 1.655 1.548 -0.007
56 155 5 474.695 107.294 37.335 3.767 1.798 1.232 -0.013
56 171 3 395.859 80.132 37.805 0.211 0.238 0.987 0.004
56 175 3 395.477 80.915 37.668 0.158 0.359 1.291 -0.007
56 183 4 487.338 107.573 37.494 0.752 0.418 1.119 -0.006
56 187 5 422.259 120.711 37.626 1.144 0.481 1.49 -3.108
56 188 5 486.158 105.776 37.401 0.622 0.44 1.351 -0.021
56 192 4 491.398 107.156 37.374 0.536 0.486 1.221 -0.051
56 193 4 405.141 115.483 37.863 2.319 0.504 1.536 -3.112
56 194 4 422.873 119.482 37.588 0.632 0.305 1.249 -3.042
56 196 4 448.901 126.538 37.837 2.444 1.042 1.768 3.11
56 200 5 412.984 95.629 37.946 2.8 1.782 0.508 -0.016
56 206 1 395.456 88.42 37.23 0.829 1.45 0.584 -0.029
57 55 1 410.639 96.11 37.734 1.277 0.461 0.709 0.006
57 88 1 403.69 86.562 37.406 1.559 0.777 0.824 -3.026
57 114 1 436.715 101.802 37.558 3.576 1.821 1.58 0.012
57 119 1 450.867 101.882 37.532 2.696 1.796 1.561 0.003
57 171 3 395.089 79.866 37.755 0.609 0.54 1.152 -3.095
57 175 3 394.761 80.828 37.778 0.192 0.279 1.138 3.125
57 187 5 417.797 119.692 37.873 1.221 0.536 1.106 0.23
57 188 5 489.743 106.637 37.404 0.903 0.505 1.381 0.165
57 192 4 495.158 107.943 37.379 0.937 0.489 1.27 0.165
57 193 4 400.808 115.131 37.839 1.749 0.951 1.897 2.902
57 194 4 418.411 118.33 37.517 1.662 0.525 1.522 0.012
57 196 4 444.979 125.556 37.893 3.176 0.887 1.582 3.112
57 200 5 418.8 96.928 37.717 3.139 1.228 0.739 -0.039
57 206 1 401.067 89.772 37.392 2.486 1.02 0.841 0.183
58 55 1 421.587 98.962 37.835 1.194 1.295 0.403 0.028
58 88 1 411.247 88.121 37.391 1.272 0.835 1.188 0.029
58 114 1 443.152 103.333 37.587 3.391 1.872 1.575 -0.002
58 119 1 457.548 103.428 37.543 2.889 1.706 1.529 -0.023
58 192 4 496.862 108.32 37.717 0.973 0.663 1.155 0.018
58 194 4 410.004 116.161 37.64 1.333 0.219 0.789 -3.138
58 196 4 436.478 123.703 37.759 3.176 1.103 1.598 -3.094
58 200 5 428.516 99.087 37.521 3.165 1.499 1.329 0.028
58 206 1 414.071 92.595 37.44 3.803 1.772 1.328 0.022
58 208 5 502.318 109.524 37.741 0.753 0.414 0.276 0.171
58 209 5 499.874 110.615 37.973 0.312 0.393 0.579 -0.009
59 55 1 424.578 99.733 37.859 1.951 1.32 0.377 -0.009
59 88 1 414.425 88.76 37.502 1.244 0.824 1.41 0.004
59 114 1 445.389 103.805 37.596 3.398 2.045 1.595 0.005
59 119 1 459.788 103.935 37.553 2.769 1.689 1.578 -0.001
59 192 4 499.93 109.254 38.005 0.48 0.402 0.544 -0.009
59 194 4 406.5 115.419 37.724 1.13 0.348 1.301 -3.122
59 196 4 433.101 122.947 37.859 2.901 1.211 1.768 3.12
59 200 5 431.571 99.763 37.493 3.186 1.406 1.454 -0.014
59 206 1 419.756 93.935 37.394 3.588 1.451 0.883 0.007
59 208 5 505.273 110.321 37.753 0.743 0.299 0.273 0.041
59 209 5 503.298 111.305 37.973 0.327 0.639 0.614 0.019
60 55 1 426.977 100.213 37.879 3.024 1.72 0.613 0
60 88 1 417.468 89.501 37.403 1.677 0.819 1.422 0.009
60 114 1 447.329 104.236 37.581 3.638 1.835 1.579 0
60 119 1 461.974 104.394 37.568 3.105 1.807 1.586 0
60 192 4 502.981 110.071 37.868 0.531 0.382 0.558 0.039
60 194 4 403.069 114.574 37.54 1.032 0.279 0.961 -3.134
60 196 4 429.623 122.026 37.766 2.974 1.13 1.618 -3.115
60 200 5 434.282 100.422 37.536 3.212 1.506 1.532 0
60 206 1 425.16 95.25 37.414 4.019 1.65 1.211 0
60 208 5 508.269 111.013 37.764 0.555 0.422 0.637 -0.087
60 209 5 506.715 112.19 37.934 0.362 0.389 0.36 0.067
61 55 1 429.651 101.006 37.906 2.21 1.563 0.629 0.032
61 88 1 420.539 90.139 37.427 1.769 0.703 1.046 -0.125
61 114 1 449.204 104.671 37.592 3.558 1.848 1.581 0.022
61 119 1 463.556 104.765 37.544 2.728 1.772 1.529 -0.021
61 192 4 506.064 110.67 37.683 0.439 0.477 0.912 0.001
61 196 4 425.747 121.109 37.807 3.566 1.149 1.835 3.14
61 200 5 436.654 100.948 37.651 3.317 1.379 1.337 -0.005
61 206 1 430.644 96.598 37.426 3.737 1.834 1.362 -0.033
61 208 5 511.323 111.637 37.701 0.63 0.503 0.737 -0.005
61 209 5 510.149 112.849 37.933 0.171 0.433 0.314 0.016
62 55 1 431.437 101.405 37.921 3.244 1.545 0.747 0.058
62 88 1 423.67 90.872 37.487 1.745 0.864 1.365 -0.146
62 114 1 450.747 105.024 37.625 3.486 1.831 1.508 0.006
62 119 1 465.157 105.104 37.693 3.005 1.881 1.86 0.006
62 192 4 509.296 111.425 37.907 0.657 0.524 0.607 0.045
62 196 4 421.914 120.243 37.797 2.903 1.248 1.807 3.101
62 200 5 438.867 101.493 37.562 3.37 1.63 1.455 0.04
62 206 1 435.654 97.671 37.433 3.984 1.819 1.323 -0.021
62 216 1 421.134 95.978 37.618 1.322 0.367 0.655 -0.012
63 55 1 433.125 101.87 37.889 3.071 1.554 0.523 -0.012
63 88 1 426.801 91.553 37.427 1.696 0.793 1.479 -0.002
63 114 1 452.129 105.416 37.596 3.575 1.996 1.579 -0.012
63 119 1 466.337 105.412 37.578 2.781 1.803 1.568 -0.013
63 192 4 512.277 112.276 37.869 0.505 0.219 0.62 0.039
63 196 4 418.415 119.346 37.958 2.873 0.925 1.493 3.113
63 200 5 440.845 102.034 37.534 3.305 1.498 1.51 -0.012
63 206 1 440.283 98.727 37.405 4.116 1.852 1.272 -0.012
63 216 1 426.038 97.245 37.543 2.171 1.656 1.208 -0.012
64 55 1 434.823 102.268 37.86 3.182 1.461 0.5 -0.028
64 88 1 430.124 92.15 37.506 0.952 0.546 1.116 0.031
64 114 1 453.306 105.674 37.593 3.548 1.829 1.587 -0.028
64 119 1 467.416 105.649 37.571 2.667 1.795 1.569 -0.02
64 192 4 515.447 113.114 37.977 0.332 0.409 0.64 0.019
64 196 4 414.865 118.681 37.855 2.805 1.006 1.599 3.121
64 200 5 442.76 102.462 37.623 3.366 1.626 1.297 -0.028
64 206 1 444.304 99.83 37.418 4.445 1.818 1.364 -0.021
64 216 1 430.829 97.974 37.475 2.041 1.595 1.276 -0.028
65 55 1 436.829 102.677 37.972 2.257 1.441 0.643 0.055
65 88 1 432.928 92.975 37.942 0.125 0.161 0.183 -0.019
65 114 1 454.245 105.812 37.594 3.589 1.849 1.579 0.04
65 119 1 468.535 105.866 37.573 2.982 1.872 1.563 -0.022
65 192 4 518.48 113.778 37.903 0.392 0.437 0.34 0.107
65 200 5 444.458 102.979 37.564 3.296 1.573 1.437 -0.053
65 206 1 448.088 100.555 37.5 4.294 1.958 1.497 0.038
65 216 1 434.758 98.645 37.452 3.117 2.053 1.393 0.144
66 55 1 437.84 102.877 37.874 2.959 1.667 0.557 0.03
66 88 1 435.59 93.787 37.81 0.838 0.333 0.607 -0.176
66 114 1 454.859 105.925 37.604 3.57 1.873 1.568 0.063
66 119 1 469.237 106.055 37.568 2.857 1.901 1.574 -0.006
66 200 5 445.843 103.209 37.631 3.36 1.596 1.346 0.03
66 206 1 451.387 101.416 37.509 4.27 1.97 1.511 0.039
66 216 1 438.647 99.35 37.474 3.583 2.008 1.487 0.03
67 55 1 440.138 103.322 37.911 2.532 1.524 0.524 0.034
67 88 1 442.692 95.462 37.697 1.654 0.809 0.865 -0.022
67 114 1 455.652 106.193 37.592 3.558 1.862 1.598 -0.008
67 119 1 470.355 106.247 37.594 2.855 1.891 1.624 -0.011
67 200 5 447.793 103.635 37.511 3.296 1.562 1.499 -0.031
67 206 1 456.823 102.79 37.491 4.494 2.036 1.535 0.01
67 216 1 445.714 100.754 37.456 4.18 1.896 1.462 -0.046
67 221 1 408.499 95.2 37.485 1.755 1.692 0.895 -0.029
68 55 1 441.249 103.657 37.948 1.554 1.534 0.519 0.04
68 88 1 445.724 96.212 37.392 1.758 0.849 1.264 -0.058
68 114 1 455.909 106.253 37.606 3.586 1.949 1.573 0.024
68 119 1 470.507 106.313 37.58 2.765 1.87 1.568 -0.018
68 200 5 448.279 103.694 37.533 3.28 1.568 1.487 0.017
68 206 1 458.766 103.348 37.513 4.319 1.884 1.48 -0.002
68 216 1 448.377 101.23 37.474 4.11 2.073 1.417 -0.025
68 221 1 411.671 95.882 37.777 2.284 2.097 1.221 0.041
69 55 1 441.253 103.705 37.921 2.25 1.631 0.592 0.005
69 88 1 448.641 96.968 37.377 1.996 0.768 1.471 -0.148
69 114 1 456.192 106.243 37.599 3.511 1.888 1.575 0.105
69 119 1 470.539 106.297 37.567 2.774 1.905 1.54 -0.041
69 200 5 448.581 103.827 37.565 3.441 1.609 1.424 -0.013
69 206 1 460.135 103.678 37.429 4.522 1.788 1.339 -0.005
69 216 1 450.463 101.673 37.457 4.121 2.026 1.398 -0.013
69 221 1 415.641 96.524 37.332 0.615 1.181 0.162 0.094
70 55 1 441.858 103.763 37.955 2.731 1.538 0.568 -0.006
70 88 1 451.629 97.571 37.511 1.813 0.814 1.38 -0.087
70 114 1 456.415 106.386 37.593 3.361 1.943 1.601 0.02
70 119 1 470.557 106.37 37.564 2.828 1.826 1.542 0.003
70 200 5 448.846 103.891 37.57 3.401 1.622 1.44 0.024
70 206 1 461.325 103.942 37.485 4.552 1.939 1.493 0.028
70 216 1 452.064 102.023 37.472 4.124 2.027 1.466 0.006
70 221 1 418.439 97.238 37.284 0.437 1.288 0.502 -0.024
71 55 1 441.766 103.614 37.936 2.114 1.315 0.542 0.007
71 88 1 454.379 98.277 37.648 1.788 0.801 1.078 -0.236
71 114 1 456.632 106.458 37.594 3.399 1.958 1.592 0.035
71 119 1 470.532 106.399 37.568 2.787 1.703 1.575 0.017
71 200 5 449.06 103.941 37.534 3.386 1.539 1.482 -0.019
71 206 1 462.24 104.021 37.462 4.49 2.162 1.414 0.06
71 216 1 453.266 102.286 37.454 4.142 2.003 1.446 -0.008
71 221 1 420.776 97.747 37.368 0.386 1.168 0.278 3.14
72 55 1 442.112 103.888 37.918 2.779 1.593 0.51 0
72 88 1 457.252 98.882 37.752 1.464 0.574 0.808 -0.071
72 114 1 456.872 106.481 37.583 3.393 1.99 1.586 0
72 119 1 470.524 106.396 37.553 2.781 1.742 1.578 0.008
72 200 5 449.284 104.009 37.502 3.194 1.483 1.523 -0.011
72 206 1 462.711 104.168 37.458 4.569 2.029 1.416 -0.008
72 216 1 454.149 102.511 37.464 4.181 1.958 1.479 0
72 221 1 421.987 98.293 37.607 1.713 1.89 0.57 0.04
73 55 1 442.189 103.85 37.916 2.84 1.577 0.557 0.056
73 88 1 460.102 99.516 37.889 1.507 0.714 0.624 -0.151
73 114 1 457.101 106.602 37.599 3.405 1.903 1.587 -0.04
73 119 1 470.694 106.411 37.578 3.136 1.82 1.573 -0.031
73 200 5 449.409 104.014 37.521 3.21 1.592 1.512 0.03
73 206 1 463.031 104.379 37.465 4.635 1.836 1.49 0.067
73 216 1 454.782 102.644 37.441 4.245 2.015 1.443 -0.006
73 221 1 423.542 98.635 37.727 1.737 2.153 0.43 0.056
74 55 1 442.168 103.844 37.908 3.046 1.616 0.598 0.052
74 88 1 463.749 100.271 37.445 2.007 0.829 1.546 -0.11
74 114 1 457.384 106.649 37.587 3.42 1.911 1.598 0.004
74 119 1 470.591 106.374 37.558 2.911 1.784 1.543 -0.001
74 200 5 449.584 104.032 37.512 3.273 1.672 1.532 0.01
74 206 1 463.402 104.275 37.42 4.561 2.178 1.415 0.037
74 216 1 455.365 102.769 37.455 4.362 1.979 1.454 0.015
74 221 1 425.148 98.842 37.676 1.665 2.077 0.633 -0.023
74 226 5 411.729 91.893 37.084 0.483 0.941 0.045 -0.023
74 227 4 408.76 97.267 38.03 0.714 0.535 0.734 0.025
75 55 1 442.165 103.865 37.89 3.016 1.712 0.631 0.001
75 88 1 467.115 101.073 37.458 2.063 0.845 1.52 -0.031
75 114 1 457.555 106.658 37.611 3.563 1.818 1.558 -0.013
75 119 1 470.605 106.362 37.575 2.915 1.878 1.581 0.014
75 200 5 449.72 104.066 37.582 3.254 1.659 1.394 0.001
75 206 1 463.367 104.241 37.45 4.765 2.179 1.362 0.061
75 216 1 455.852 102.882 37.476 4.236 2.055 1.432 0.005
75 221 1 426.523 98.982 37.693 1.644 1.177 0.639 0.022
75 226 5 416.593 93.257 37.082 0.351 0.425 0.406 -0.044
75 227 4 414.911 99.024 38.115 0.266 0.5 0.692 0.067
76 55 1 442.228 103.916 37.862 3.132 1.627 0.623 -0.033
76 88 1 473.913 102.683 37.472 2.134 0.59 1.505 -0.039
76 114 1 457.843 106.716 37.608 3.565 2.014 1.551 0.047
76 119 1 470.948 106.494 37.55 2.711 1.696 1.51 -0
76 200 5 450.173 104.146 37.581 3.351 1.503 1.306 -0.064
76 206 1 463.366 104.262 37.418 4.709 2.183 1.364 0.014
76 216 1 456.055 102.944 37.469 4.401 2.016 1.411 0.005
76 221 1 428.629 99.658 37.87 2.018 1.214 0.702 -0.044
76 226 5 424.793 95.15 37.022 1.4 1.79 0.546 -0.029
76 227 4 427.192 102.233 37.813 0.753 0.647 0.989 -0.006
77 55 1 442.258 103.802 37.867 3.183 1.581 0.679 0.085
77 88 1 476.419 103.264 37.524 1.542 0.668 1.404 -0.065
77 114 1 457.876 106.705 37.586 3.587 1.962 1.589 0.011
77 119 1 471.369 106.572 37.558 2.809 1.694 1.58 -0.001
77 200 5 450.459 104.248 37.598 3.303 1.509 1.276 -0.054
77 206 1 463.38 104.25 37.431 4.759 2.205 1.401 0.038
77 216 1 456.052 102.94 37.467 4.425 2.07 1.462 0.016
77 221 1 429.488 99.847 37.912 2.058 1.219 0.723 -0.043
77 226 5 426.996 95.67 37.12 3.601 1.652 0.659 0.031
77 227 4 431.912 103.399 37.66 1.06 0.754 1.493 0.049
78 55 1 442.253 103.91 37.869 3.177 1.657 0.661 -0.014
78 88 1 479.247 103.89 37.904 1.445 0.605 0.634 -0.049
78 114 1 457.888 106.666 37.725 3.564 1.891 1.85 0.016
78 119 1 471.824 106.664 37.56 2.729 1.762 1.546 -0.026
78 200 5 450.797 104.377 37.62 3.239 1.558 1.244 0.016
78 206 1 463.381 104.259 37.446 4.744 2.199 1.371 0.027
78 216 1 456.154 102.938 37.468 4.48 2.098 1.455 0.016
78 221 1 430.147 100.006 37.915 2.187 1.412 0.715 -0.052
78 226 5 430.634 96.523 37.176 2.476 1.817 1.007 -0.052
78 227 4 436.527 104.488 37.645 1.069 0.738 1.351 -0.014
78 231 1 410.719 93.618 37.345 0.807 1.488 0.538 -0.005
79 55 1 442.397 103.9 37.873 3.069 1.632 0.666 0
79 88 1 482.16 104.434 37.871 1.516 0.572 0.704 -0.192
79 114 1 457.883 106.683 37.578 3.56 1.937 1.555 0
79 119 1 472.257 106.767 37.546 2.781 1.673 1.589 0
79 200 5 451.088 104.417 37.616 3.202 1.594 1.273 0
79 206 1 463.498 104.261 37.444 4.609 2.184 1.397 0
79 216 1 456.112 102.955 37.465 4.291 2.088 1.458 -0
79 221 1 430.858 100.105 37.942 2.099 1.496 0.694 0
79 226 5 432.643 96.955 37.069 4.112 1.829 0.758 0
79 227 4 440.737 105.494 37.685 1.458 0.77 1.468 -0
79 231 1 413.703 94.166 37.436 2.639 2.052 1.053 0
80 55 1 442.495 103.877 37.861 3.111 1.616 0.689 0
80 88 1 484.951 105.22 37.764 1.549 0.629 0.795 0.019
80 114 1 457.862 106.747 37.588 3.578 2.045 1.573 0
80 119 1 472.736 106.838 37.558 2.86 1.761 1.57 0
80 200 5 451.214 104.475 37.631 3.131 1.577 1.248 0
80 206 1 463.528 104.282 37.445 4.766 2.161 1.402 0
80 216 1 456.076 102.929 37.453 4.481 2.104 1.476 0.01
80 221 1 431.485 100.29 37.917 2.124 1.286 0.755 0
80 226 5 435.188 97.657 37.179 3.986 1.679 1.02 0
80 227 4 444.91 106.512 37.569 1.685 0.818 1.535 0.062
80 231 1 417.289 94.741 37.343 2.644 1.711 1.3 0.008
81 55 1 442.882 103.977 37.893 2.971 1.534 0.645 0.026
81 88 1 488.331 106.12 37.567 1.498 0.557 0.95 0.008
81 114 1 457.858 106.747 37.58 3.591 2.076 1.587 -0.012
81 119 1 473.091 106.948 37.54 2.856 1.705 1.592 0.02
81 200 5 451.356 104.493 37.663 3.188 1.505 1.156 0.023
81 206 1 463.84 104.321 37.452 4.73 2.221 1.426 0.029
81 216 1 455.952 102.935 37.456 4.226 2.052 1.471 0.01
81 221 1 432.235 100.436 37.972 2.216 1.385 0.672 -0.013
81 226 5 437.775 98.223 37.173 4.007 1.85 0.927 0.046
81 227 4 449.814 107.669 37.572 1.818 0.874 1.614 0.093
81 231 1 420.464 95.37 37.627 3.746 1.95 1.481 0.023
81 232 5 447.537 126.47 37.185 1.605 0.139 0.347 -3.099
82 55 1 443.27 103.971 37.901 2.973 1.548 0.618 -0.004
82 88 1 491.207 106.927 37.77 1.653 0.583 0.504 0.006
82 114 1 457.882 106.674 37.582 3.547 1.923 1.578 -0.004
82 119 1 473.159 106.952 37.554 2.805 1.676 1.562 -0.004
82 200 5 451.39 104.492 37.663 3.219 1.562 1.174 -0.004
82 206 1 464.283 104.399 37.434 4.597 2.181 1.444 -0.028
82 216 1 456.146 102.953 37.44 4.251 2.108 1.436 -0.004
82 221 1 432.828 100.591 37.961 2.225 1.339 0.64 -0.004
82 226 5 439.706 98.663 37.216 4.028 1.898 1.114 -0.004
82 227 4 453.633 108.486 37.638 2.038 0.796 1.644 0.002
82 231 1 423.849 95.879 37.546 2.718 1.87 1.636 -0.004
82 232 5 445.115 125.92 37.397 1.993 0.329 0.666 3.124
83 55 1 443.646 104.12 37.909 2.856 1.56 0.597 -0.028
83 88 1 493.857 107.673 37.873 1.363 0.533 0.594 0.045
83 114 1 457.868 106.713 37.596 3.522 1.919 1.586 -0.008
83 119 1 473.166 106.914 37.552 2.811 1.736 1.557 -0.016
83 200 5 451.366 104.512 37.672 3.23 1.563 1.161 -0.011
83 206 1 464.788 104.531 37.476 4.566 2.279 1.416 -0.01
83 216 1 456.078 102.925 37.451 4.335 2.066 1.474 0.017
83 221 1 433.232 100.661 37.979 2.336 1.261 0.67 -0.019
83 226 5 441.429 99.099 37.332 4.092 1.826 1.28 -0.029
83 227 4 457.373 109.371 37.66 2.125 0.937 1.627 -0.107
83 231 1 426.161 96.282 37.613 2.654 1.922 1.558 0.019
83 232 5 443.089 125.432 37.458 1.263 0.368 1.044 -3.115
84 55 1 444.013 104.232 37.918 2.777 1.618 0.631 0.017
84 88 1 496.615 108.471 37.692 1.367 0.568 0.46 0.059
84 114 1 457.866 106.753 37.585 3.556 2.072 1.572 -0.049
84 119 1 473.174 106.953 37.534 2.861 1.692 1.601 -0.022
84 200 5 451.285 104.483 37.653 3.373 1.488 1.194 -0.019
84 206 1 465.281 104.911 37.544 4.515 1.713 1.358 0.002
84 216 1 456.2 102.953 37.454 4.357 2.028 1.464 0.016
84 221 1 433.524 100.737 37.973 2.344 1.43 0.681 0.035
84 226 5 442.756 99.505 37.35 4.249 1.813 1.329 -0.038
84 227 4 461.01 110.19 37.685 2.208 0.874 1.674 0.004
84 231 1 428.071 96.6 37.376 2.714 2.089 1.51 -0.027
84 232 5 440.279 124.871 37.324 0.886 0.194 0.847 3.074
85 55 1 444.327 104.301 37.852 2.767 1.606 0.769 0.021
85 88 1 501.981 109.946 37.619 1.041 0.644 0.949 0.107
85 114 1 457.864 106.655 37.582 3.567 1.907 1.577 0.039
85 119 1 473.132 106.954 37.561 2.782 1.666 1.553 -0.007
85 200 5 451.372 104.494 37.634 3.19 1.504 1.229 0.012
85 206 1 466.058 105.113 37.69 4.338 1.769 1.043 -0.007
85 216 1 456.548 103.054 37.426 4.567 1.989 1.496 0.017
85 221 1 433.957 100.841 37.973 2.504 1.671 0.686 -0.056
85 226 5 445.097 99.954 37.385 4.189 1.825 1.419 0.021
85 227 4 467.241 111.544 37.719 2.211 0.731 1.642 0.03
85 231 1 431.711 97.267 37.417 2.477 1.945 1.529 0.135
85 232 5 436.336 123.502 37.349 0.75 0.299 0.731 0.039
86 55 1 444.711 104.341 37.911 1.944 1.663 0.651 -0.032
86 88 1 504.936 110.718 37.829 1.295 0.769 0.365 2.957
86 114 1 457.863 106.675 37.58 3.54 1.903 1.572 0.002
86 119 1 473.131 106.948 37.544 2.757 1.589 1.587 -0.013
86 200 5 451.391 104.509 37.487 3.282 1.546 1.525 -0.009
86 206 1 466.376 105.273 37.651 4.361 1.921 1.126 -0.01
86 216 1 456.897 103.126 37.466 4.358 1.996 1.449 0.002
86 221 1 434.088 100.738 37.982 2.3 1.53 0.665 -0.091
86 226 5 445.999 100.254 37.4 4.183 1.788 1.48 -0.004
86 227 4 470.583 112.445 37.692 2.072 0.709 1.63 0.032
86 231 1 432.617 97.535 37.406 3.943 1.919 1.645 -0.081
87 55 1 444.722 104.397 37.887 1.823 1.631 0.646 0
87 88 1 507.58 111.342 37.794 1.055 0.37 0.348 0
87 114 1 457.869 106.657 37.575 3.576 1.864 1.574 0.037
87 119 1 473.118 106.974 37.548 2.777 1.583 1.528 -0.002
87 200 5 451.353 104.497 37.651 3.223 1.556 1.124 0.037
87 206 1 466.704 105.272 37.642 4.283 2.004 1.107 -0.006
87 216 1 457.352 103.235 37.465 4.357 2.085 1.459 0.037
87 221 1 434.131 100.815 37.967 2.334 1.44 0.645 -0.059
87 226 5 446.815 100.409 37.416 4.184 1.887 1.47 -0.059
87 227 4 474.027 113.275 37.709 2.079 0.739 1.648 -0.079
87 231 1 434.016 97.779 37.363 4.608 1.872 1.387 -0.059
88 55 1 444.301 104.296 37.904 2.723 1.653 0.674 0.006
88 88 1 510.32 111.97 37.731 0.968 0.558 0.425 3.116
88 114 1 457.86 106.718 37.572 3.564 1.962 1.604 -0.014
88 119 1 473.186 106.825 37.542 2.838 1.923 1.58 -0.017
88 200 5 451.307 104.502 37.651 3.121 1.583 1.201 0.038
88 206 1 466.833 105.382 37.618 4.334 1.834 1.276 0.027
88 216 1 457.938 103.428 37.455 4.188 2.07 1.476 0.011
88 221 1 434.116 100.903 37.967 2.255 1.629 0.689 -0.031
88 226 5 447.558 100.644 37.435 4.251 1.844 1.499 -0.008
88 227 4 477.406 114.036 37.706 1.944 0.763 1.67 -0.048
88 231 1 435.516 98.055 37.431 4.426 2.005 1.657 -0.03
88 235 5 408.076 91.258 37.193 0.507 0.828 0.562 -3.01
89 55 1 444.683 104.368 37.892 2.135 1.705 0.711 -0.01
89 88 1 515.157 112.86 37.631 0.533 0.367 0.486 -1.806
89 114 1 457.866 106.67 37.584 3.578 1.859 1.642 0.005
89 119 1 473.121 106.969 37.534 2.776 1.656 1.611 -0.001
89 200 5 451.37 104.507 37.635 3.201 1.542 1.241 -0.002
89 206 1 466.896 105.401 37.64 4.174 1.904 1.223 -0.028
89 216 1 458.805 103.667 37.469 4.478 2.047 1.444 -0.016
89 221 1 434.112 100.808 37.975 2.33 1.49 0.66 0.009
89 226 5 448.938 100.937 37.419 4.118 1.837 1.459 -0.026
89 227 4 483.511 115.408 37.784 1.578 0.788 1.324 -0.049
89 231 1 437.854 98.583 37.59 4.387 2.226 1.812 0.088
89 235 5 413.56 92.557 37.229 1.091 0.909 0.788 -0.008
90 55 1 444.647 104.359 37.904 2.048 1.621 0.679 0.038
90 114 1 457.86 106.677 37.589 3.581 1.902 1.564 0.002
90 119 1 473.131 106.974 37.563 2.787 1.657 1.552 -0.005
90 200 5 451.369 104.501 37.655 3.201 1.547 1.198 0.016
90 206 1 466.896 105.406 37.655 4.198 1.843 1.196 0.016
90 216 1 459.336 103.752 37.485 4.425 2.055 1.479 0.015
90 221 1 434.142 100.842 37.973 2.299 1.494 0.701 0.039
90 226 5 449.688 101.145 37.433 4.241 1.891 1.476 0.017
90 227 4 487.057 116.207 37.824 1.174 0.722 1.468 0.004
90 231 1 438.739 98.721 37.625 4.564 2.113 1.745 0.023
90 235 5 415.531 93.014 37.407 2.242 0.917 0.999 0.022
91 55 1 444.34 104.264 37.912 2.774 1.68 0.668 -0.016
91 114 1 457.874 106.638 37.597 3.571 1.86 1.603 0.054
91 119 1 473.153 106.912 37.545 2.8 1.8 1.588 -0.024
91 200 5 451.353 104.494 37.675 3.161 1.553 1.165 0.08
91 206 1 466.905 105.435 37.632 4.193 1.831 1.176 0.034
91 216 1 459.879 103.907 37.473 4.413 2.058 1.509 0.015
91 221 1 434.187 100.857 37.981 2.385 1.507 0.699 0.051
91 226 5 450.61 101.325 37.448 4.178 1.945 1.504 0.028
91 227 4 491.704 117.312 38 0.726 0.645 0.964 0.023
91 231 1 439.433 98.938 37.587 4.52 2.303 1.849 0.086
91 235 5 418.43 93.873 37.509 2.156 0.832 0.922 0.01
