0 1 2 69.517 79.934 39.817 10.428 2.608 2.42 0
0 4 1 71.989 40.324 39.097 3.806 1.805 1.44 -3.117
0 5 3 44.638 67.523 40.158 0.241 0.532 1.311 -1.741
0 7 1 71.61 65.129 39.027 3.387 1.937 1.548 -0.015
0 12 3 51.311 72.364 39.585 0.284 0.61 1.339 0.09
0 15 5 76.242 14.89 39 0.415 1.502 0.48 -3.09
1 1 2 69.736 78.527 39.763 4.549 2.63 2.453 0.012
1 4 1 72.561 37.179 39.123 3.725 1.823 1.459 3.14
1 5 3 45.142 67.562 40.184 0.522 0.788 1.264 -1.725
1 7 1 71.461 66.59 39.021 3.717 1.976 1.53 -0.003
1 12 3 51.195 72.514 39.489 0.535 0.341 1.567 -1.473
1 15 5 76.786 11.607 39.096 0.308 1.124 0.567 3.14
2 1 2 69.449 79.987 39.776 4.33 2.567 2.463 0.027
2 4 1 73.18 34.016 39.155 3.736 1.784 1.313 -3.109
2 5 3 45.64 67.675 40.102 0.458 0.627 1.429 -1.584
2 7 1 71.271 67.834 39.02 3.437 1.987 1.532 0.011
2 12 3 51.082 72.703 39.55 0.387 0.555 1.505 0.014
2 15 5 77.416 7.272 39.199 2.281 1.466 1.307 -3.124
3 1 2 68.679 84.491 39.893 10.337 2.593 2.676 0.019
3 4 1 73.699 31.144 39.098 3.228 1.711 1.305 -3.057
3 5 3 46.197 67.804 40.145 0.425 0.697 1.203 -1.508
3 7 1 70.924 69.29 39.005 3.617 2.011 1.555 -0.043
3 12 3 51.002 72.83 39.523 0.513 0.555 1.45 0.205
3 15 5 77.833 4.734 39.051 1.125 1.17 0.793 3.043
4 1 2 68.362 85.964 39.711 10.458 2.622 2.5 0.039
4 4 1 74.152 28.243 39.193 2.352 1.588 1.134 -3.109
4 5 3 46.769 67.862 39.852 0.685 0.545 1.63 -1.57
4 7 1 70.816 70.667 39.002 3.565 2.086 1.56 0.034
4 12 3 51.071 72.887 39.573 0.316 0.56 1.534 0.138
4 15 5 78.28 2.344 39.006 0.51 1.402 0.586 -3.098
5 1 2 68.723 84.719 39.739 4.783 2.576 2.396 0.013
5 4 1 74.652 25.167 39.286 1.91 1.554 1.109 -3.116
5 5 3 47.428 67.925 39.793 0.66 0.42 1.67 3.022
5 7 1 70.646 71.952 38.976 3.435 2.046 1.503 0.019
5 12 3 51.133 73.069 39.534 0.4 0.52 1.577 0
6 1 2 68.5 85.987 39.75 4.121 2.582 2.317 0.006
6 4 1 75.186 21.925 39.281 1.635 1.64 1.097 -3.11
6 5 3 47.952 68.009 39.821 0.369 0.684 1.664 -1.576
6 7 1 70.395 73.352 39 3.353 2.009 1.534 -0.005
6 12 3 50.925 73.255 39.572 0.607 0.674 1.564 0.167
7 1 2 67.908 89.471 39.897 4.999 2.605 2.19 0.018
7 4 1 76.29 14.89 39.284 1.418 1.439 1.086 3.124
7 5 3 49.125 68.373 39.801 0.455 0.67 1.675 -1.667
7 7 1 69.961 76.397 38.992 3.325 2.009 1.529 -0.014
7 12 3 50.969 73.587 39.597 0.407 0.592 1.526 0.259
8 1 2 67.658 91.139 39.918 4.69 2.593 2.047 0.004
8 4 1 76.689 12.154 39.12 0.875 1.429 0.828 -3.103
8 5 3 49.519 68.548 39.708 0.459 0.679 1.631 -1.522
8 7 1 69.75 77.815 38.956 3.347 1.996 1.522 -0.03
8 12 3 51.036 73.767 39.59 0.519 0.445 1.561 -1.589
9 1 2 66.772 96.277 39.898 10.513 2.629 2.039 0.014
9 5 3 50.458 68.764 39.658 0.71 0.655 1.675 -1.558
9 7 1 69.435 80.268 38.955 3.645 2.016 1.535 -0.006
9 12 3 50.922 73.931 39.624 0.486 0.337 1.63 0.109
10 1 2 67.087 94.738 39.893 4.158 2.629 1.988 -0.002
10 5 3 51.078 68.911 39.672 0.718 0.819 1.676 -1.653
10 7 1 69.231 81.593 38.939 3.373 2.105 1.569 0.005
10 12 3 50.88 74.101 39.647 0.426 0.473 1.622 1.223
11 1 2 66.741 96.518 39.906 4.664 2.641 2.188 0.027
11 5 3 51.525 69.1 39.695 0.49 0.527 1.614 -1.646
11 7 1 69.009 83.075 38.95 3.451 2.039 1.536 0.021
11 12 3 50.848 74.225 39.667 0.497 0.553 1.576 1.29
12 1 2 66.087 100.889 39.875 10.389 2.6 2.366 0
12 5 3 51.992 69.408 39.587 0.516 0.76 1.706 -1.352
12 7 1 68.722 84.491 38.92 3.392 1.858 1.519 0.015
12 12 3 50.813 74.46 39.644 0.567 0.705 1.581 -2.788
13 1 2 65.804 102.627 39.739 10.465 2.586 2.185 0
13 5 3 52.409 69.753 39.61 0.391 0.732 1.641 -0.942
13 7 1 68.547 85.952 38.921 3.435 2.093 1.502 -0.007
13 12 3 50.728 74.667 39.639 0.514 0.489 1.582 -0.012
14 1 2 66.031 101.558 39.745 4.6 2.577 2.199 -0.02
14 5 3 52.646 70.122 39.604 0.575 0.529 1.659 -0.87
14 7 1 68.288 87.513 38.899 3.438 2.063 1.529 -0.008
14 12 3 50.719 74.756 40.03 0.288 0.463 0.748 1.7
15 1 2 65.124 106.31 39.716 10.415 2.633 2.497 0.011
15 5 3 52.789 70.612 39.581 0.742 0.694 1.622 -0.433
15 7 1 68.065 88.998 38.929 3.387 2.117 1.518 -0.01
15 12 3 50.863 74.961 40.011 0.301 0.243 0.731 3.063
16 1 2 64.922 108.506 39.79 10.559 2.599 2.556 -0.013
16 5 3 52.87 71.188 39.561 0.831 0.43 1.719 0.036
16 7 1 67.83 90.574 38.943 3.38 2.079 1.482 -0.01
16 12 3 50.846 75.103 40.112 0.455 0.385 0.594 0.083
17 1 2 64.491 111.138 39.691 3.343 2.61 2.469 -0.034
17 5 3 52.519 72.59 39.683 0.285 0.455 0.947 -0.168
17 7 1 67.124 95.414 38.889 3.434 2.092 1.52 0.005
18 1 2 64.305 111.861 39.728 0.47 2.594 2.446 -0.006
18 5 3 52.427 73.187 40.036 0.261 0.499 0.714 2.892
18 7 1 66.84 97.431 38.901 3.47 2.1 1.505 0.033
19 1 2 63.917 114.106 39.663 0.669 2.619 2.536 0.005
19 5 3 52.228 73.682 40.093 0.34 0.591 0.641 3.11
19 7 1 66.568 99.372 38.874 3.422 1.991 1.573 0.009
20 1 2 63.568 116.233 39.624 0.944 2.659 2.564 -0.019
20 5 3 52.156 74.187 40.032 0.245 0.673 0.756 -0.56
20 7 1 66.142 101.494 38.881 3.472 2.058 1.53 -0.025
20 42 3 39.084 120.491 41.272 0.441 0.553 0.76 0.06
21 1 2 63.238 118.225 39.62 0.964 2.672 2.586 0
21 5 3 52.02 74.717 40.247 0.2 0.567 0.577 0
21 7 1 65.848 103.855 38.9 3.419 2.096 1.508 0
21 42 3 40.87 120.252 40.32 0.201 0.461 0.615 3.105
21 46 3 41.757 119.965 40.403 0.235 0.394 0.408 3.116
22 1 2 62.488 122.784 39.454 6.413 2.577 2.921 0
22 5 3 51.862 75.193 40.232 0.12 0.53 0.615 0.057
22 7 1 65.5 106.308 38.861 3.469 1.944 1.515 0.017
22 42 3 41.081 119.609 40.196 0.289 0.38 0.932 0.263
22 46 3 41.747 119.392 40.523 0.271 0.455 0.778 0.263
23 1 2 62.222 124.617 39.656 6.609 2.572 2.566 0
23 5 3 51.718 75.728 40.251 0.125 0.523 0.497 0.019
23 7 1 65.189 108.649 38.86 3.372 2.01 1.545 0
23 42 3 41.191 119.075 40.223 0.331 0.521 0.886 -0
23 46 3 42.012 118.83 40.303 0.294 0.501 1.19 3.097
24 1 2 62.153 125.039 39.576 0.426 2.594 2.474 -0.022
24 5 3 51.181 74.126 40.211 0.476 0.515 0.516 1.606
24 7 1 64.491 112.923 38.851 3.455 2.06 1.533 -0.006
24 42 3 41.896 118.268 40.456 0.459 0.384 1.158 1.606
24 46 3 42.387 117.81 40.355 0.323 0.37 0.947 1.606
25 1 2 61.114 131.736 39.435 10.387 2.609 2.745 0.002
25 5 3 51.274 77.134 40.249 0.248 0.606 0.407 -0.003
25 7 1 64.182 114.98 38.837 3.653 2.125 1.548 0.002
25 42 3 40.941 117.418 41.042 0.328 0.266 0.493 1.605
25 46 3 42.018 117.644 40.487 0.349 0.377 0.914 1.605
25 51 4 61.679 156.504 38.629 0.362 0.639 1.052 0.048
26 1 2 61.428 129.946 39.431 0.534 2.6 3.009 0
26 5 3 50.953 78.027 40.329 0.567 0.318 0.537 1.473
26 7 1 63.658 118.553 38.847 3.768 2.133 1.501 0
26 42 3 40.98 117.428 41.005 0.383 0.233 0.564 1.669
26 46 3 41.277 116.536 40.985 0.226 0.278 0.567 1.601
26 51 4 62.123 154.207 38.539 0.614 0.827 1.296 1.44
27 1 2 61.18 131.869 39.518 0.985 2.646 2.505 0.047
27 7 1 63.366 120.318 38.839 3.484 2.099 1.525 0.018
27 42 3 40.857 117.401 40.613 0.696 0.251 1.425 1.603
27 46 3 41.311 116.547 41.165 0.152 0.201 0.258 1.603
27 51 4 62.301 153.378 38.736 0.467 0.47 1.123 1.634
27 54 5 50.854 78.506 40.318 0.124 0.602 0.425 -0.003
27 55 3 104.57 120.061 40.016 1.085 0.534 1.528 3.042
28 1 2 60.604 135.261 39.469 4.54 2.572 2.816 0.01
28 7 1 63.115 121.954 38.839 3.469 2.086 1.518 0
28 42 3 41.01 117.443 40.579 0.478 0.275 1.37 1.601
28 51 4 62.473 152.072 38.811 0.61 0.39 0.988 3.142
28 54 5 50.557 78.894 40.16 0.255 0.666 0.471 3.116
28 55 3 104.164 120.245 39.931 0.475 0.481 1.488 1.592
29 1 2 60.487 136.364 39.377 3.534 2.641 2.608 -0.008
29 7 1 62.886 123.664 38.827 3.567 2.086 1.537 -0.003
29 42 3 40.967 117.419 40.555 0.253 0.218 1.334 1.601
29 51 4 62.881 150.73 38.834 0.988 0.51 0.926 3.129
29 54 5 50.343 79.444 40.364 0.306 0.599 0.588 0.023
29 55 3 103.703 120.158 39.958 0.461 0.484 1.455 -1.548
30 1 2 60.188 138.271 39.346 2.244 2.639 2.52 0.002
30 7 1 62.435 126.203 38.835 3.436 2.088 1.539 0.002
30 42 3 40.965 117.394 40.366 0.474 0.248 1.491 1.601
30 51 4 63.619 148.718 38.727 1.185 0.676 1.256 -3.005
30 54 5 49.836 80.096 40.309 0.246 0.401 0.718 0.068
30 55 3 102.835 120.173 40.191 0.379 0.399 0.839 1.601
31 1 2 59.76 140.864 39.323 4.685 2.597 2.675 0
31 7 1 62.109 127.851 38.827 3.396 2.06 1.563 -0.019
31 42 3 40.974 117.398 40.354 0.311 0.292 1.475 1.601
31 51 4 63.976 147.363 38.843 0.994 0.604 1.235 -0.036
31 54 5 49.382 80.49 40.433 0.211 0.279 0.216 0.012
31 55 3 102.269 119.545 40.243 0.718 1.022 0.836 1.601
32 1 2 59.574 142.265 39.428 4.721 2.661 2.533 -0.004
32 7 1 61.786 129.641 38.84 3.437 1.984 1.514 -0.012
32 51 4 64.344 146.047 38.779 1.177 0.728 1.352 -3.133
32 69 3 62.603 179.392 38.638 0.37 0.507 1.282 -0.076
32 71 3 42.807 112.609 40.721 0.364 0.358 0.583 -3.096
33 1 2 59.392 143.27 39.546 3.408 2.598 2.457 -0.016
33 7 1 61.558 131.941 38.827 3.603 2.028 1.546 0.009
33 51 4 64.612 144.484 38.761 1.072 0.657 1.584 3.133
33 69 3 62.543 180.164 38.712 0.255 0.281 1.247 0.003
33 71 3 43.516 111.257 40.531 0.46 0.441 0.954 3.139
33 75 3 48.767 172.374 38.544 0.284 0.161 1.301 -1.666
34 1 2 58.963 146.233 39.419 3.912 2.629 2.739 -0.021
34 7 1 60.947 135.31 38.834 3.486 1.975 1.485 -0.029
34 51 4 64.852 141.727 38.883 1.062 0.751 1.33 -3.097
34 69 3 62.349 181.573 38.732 0.292 0.451 1.109 -0.006
34 71 3 43.213 110.606 40.543 0.404 0.462 0.828 1.568
34 75 3 49.814 172.495 38.685 0.384 0.625 1.311 0.009
34 79 1 70.039 79.877 38.582 0.793 1.774 0.587 -0.013
35 1 2 58.668 147.96 39.677 4.729 2.592 2.468 -0.005
35 7 1 60.754 136.492 38.819 2.758 1.912 1.586 -0.005
35 51 4 64.91 140.279 38.887 1.102 0.702 1.421 3.136
35 69 3 62.235 182.193 39.091 0.225 0.517 0.793 0.022
35 71 3 43.537 109.698 40.517 1.126 0.65 1.089 3.123
35 75 3 50.548 172.434 38.852 0.395 0.479 1.231 -3.113
35 79 1 69.405 84.057 38.563 0.856 1.593 0.6 -0.03
35 80 1 71.572 89.68 40.289 4.783 1.224 2.37 0.015
36 1 2 58.84 147.303 39.533 0.778 2.657 2.331 0.042
36 7 1 60.557 137.597 38.859 2.018 1.766 1.504 0.003
36 51 4 64.973 138.963 38.812 1.169 0.712 1.644 -3.1
36 69 3 62.157 182.851 38.77 0.181 0.346 1.422 3.023
36 75 3 51.174 172.456 39.018 0.232 0.237 0.904 -1.548
36 79 1 68.707 88.101 38.579 0.265 0.622 0.239 0
36 80 1 71.044 91.516 39.652 1.145 3.516 1.005 1.57
36 81 3 69.735 141.89 39.207 0.479 0.292 0.927 0.075
37 1 2 57.693 153.146 39.598 10.389 2.593 2.62 0.034
37 7 1 60.16 139.738 38.829 3.497 1.842 1.571 0.053
37 51 4 65.056 137.7 38.82 1.222 0.728 1.688 -3.107
37 69 3 62.211 183.588 38.87 0.285 0.399 1.431 -0.268
37 79 1 68.409 91.687 38.671 0.56 1.247 0.515 2.968
37 80 1 71.186 91.495 40.583 0.789 0.954 0.858 1.57
37 81 3 69.952 141.157 39.213 0.265 0.41 1.039 0.01
37 83 3 35.045 174.214 39.302 0.337 0.473 0.794 0.061
38 1 2 58.517 149.362 39.547 0.525 2.613 2.355 -0.001
38 7 1 59.946 141.251 38.837 3.673 2.102 1.566 -0.003
38 51 4 65.092 136.487 38.862 1.744 0.796 1.66 3.111
38 69 3 62.223 184.244 38.876 0.335 0.538 1.38 0
38 79 1 67.565 95.099 38.692 0.731 1.553 0.259 -3.111
38 80 1 71.742 89.836 40.634 2.959 0.596 1.637 -3.141
38 81 3 70.038 140.59 39.197 0.661 0.354 1.147 3.127
38 83 3 35.695 174.335 39.018 0.471 0.251 1.286 -0.549
39 1 2 57.463 155.838 39.675 10.754 2.643 2.486 0.006
39 7 1 59.529 143.573 38.83 3.39 2.043 1.551 0.006
39 51 4 65.365 134.095 38.86 1.705 0.637 1.657 -3.136
39 69 3 62.243 185.516 39.117 0.182 0.417 0.646 -0.003
39 79 1 66.776 100.64 38.535 0.831 1.755 0.501 0.006
39 80 1 71.734 90.249 40.549 3.775 0.988 1.45 0.116
39 81 3 70.287 139.39 38.981 0.277 0.39 1.613 -0.633
39 83 3 36.891 174.392 38.895 0.341 0.372 1.422 0.001
39 91 3 35.785 173.23 38.912 0.293 0.655 1.439 0.001
40 1 2 57.717 154.473 39.487 4.71 2.623 2.421 -0.008
40 7 1 59.175 145.543 38.808 3.46 2.104 1.563 0.035
40 51 4 65.769 131.92 38.826 1.841 0.592 1.637 -3.107
40 79 1 66.024 104.812 38.52 0.797 1.916 0.71 0.002
40 80 1 72.22 86.961 40.611 10.343 1.517 2.973 0.005
40 81 3 70.494 138.434 39.11 0.5 0.59 1.209 -1.464
40 83 3 37.817 174.559 38.879 0.575 0.438 1.401 -1.619
40 91 3 36.919 173.44 39.165 0.456 0.593 0.878 -1.641
40 92 3 51.987 172.378 39.344 0.32 0.368 0.812 1.518
40 93 3 58.474 170.726 39.109 0.609 0.284 0.725 -1.637
41 1 2 57.427 156.197 39.538 4.825 2.573 2.257 0.001
41 7 1 58.751 147.559 38.79 3.377 2.098 1.555 -0.01
41 51 4 66.211 129.29 38.828 1.701 0.547 1.547 3.113
41 79 1 65.083 109.936 38.643 1.82 1.969 0.934 0.014
41 80 1 72.192 87.106 40.995 10.077 1.469 2.364 -0.008
41 81 3 70.714 137.127 39.06 0.508 0.29 1.065 -2.951
41 83 3 39.382 174.708 39.024 0.305 0.09 1.03 -1.585
41 91 3 38.314 173.605 38.949 0.562 0.486 1.255 -1.585
41 92 3 50.657 172.778 38.974 0.568 0.466 1.575 1.305
41 93 3 60.701 171.161 38.646 0.961 0.458 1.615 -1.598
41 94 3 61.808 188.063 39.017 0.236 0.392 1.311 0.01
42 1 2 57.408 156.324 39.468 3.122 2.616 2.283 0.007
42 7 1 58.599 148.416 38.8 3.372 1.917 1.549 0.02
42 51 4 66.362 128.092 38.784 1.33 0.515 1.662 2.89
42 79 1 64.717 112.451 38.712 1.757 1.805 0.936 0.016
42 80 1 72.322 87.056 40.977 10.204 1.457 2.537 0.005
42 81 3 70.757 136.443 39.235 0.252 0.263 1.095 -1.558
42 91 3 38.917 173.684 39.058 0.377 0.425 1.071 -1.52
42 92 3 49.957 172.915 38.887 0.376 0.648 1.754 -0.006
42 93 3 61.441 171.315 38.849 0.961 0.322 1.568 -1.589
42 94 3 61.768 188.726 39.213 0.527 0.273 0.885 -1.515
43 1 2 57.262 157.176 39.557 3.12 2.572 2.102 0.03
43 7 1 58.448 149.244 38.807 3.327 2.036 1.513 -0.016
43 51 4 66.505 126.743 38.908 1.4 0.658 1.46 3.102
43 79 1 64.315 114.574 38.673 2.462 1.984 1.109 -0.016
43 80 1 73.524 80.619 40.996 6.792 0.904 2.613 0.002
43 81 3 70.934 135.876 39.203 0.49 0.523 1.167 -3.07
43 91 3 39.651 173.6 38.865 0.454 0.524 1.469 -2.127
43 92 3 49.294 173.046 38.886 0.492 0.493 1.775 -0.014
43 93 3 62.126 171.579 38.851 0.557 0.721 1.601 0.093
43 94 3 61.67 189.325 38.848 0.298 0.539 1.121 -0.011
43 97 3 40.622 174.796 38.808 0.904 0.714 1.525 1.138
44 1 2 57.158 158.116 39.599 3.15 2.661 2.03 0.004
44 7 1 58.34 150.119 38.778 3.374 2.044 1.57 0.004
44 51 4 66.669 125.26 38.909 1.02 0.667 1.518 2.867
44 79 1 63.912 116.942 38.745 2.393 1.881 1.33 0.004
44 81 3 71.078 135.23 39.253 0.477 0.498 1.05 -3.128
44 92 3 48.613 173.083 38.732 0.484 0.538 1.68 0.038
44 93 3 62.705 172.073 38.878 0.721 0.489 1.555 -1.629
44 94 3 61.615 189.936 38.904 0.226 0.448 1.039 3.138
44 97 3 41.264 174.759 38.863 0.622 0.553 1.442 -1.445
44 99 3 58.46 171.298 39.053 0.197 0.336 0.632 -1.534
45 1 2 56.639 160.567 39.657 6.262 2.59 2.095 0.03
45 7 1 58.096 150.987 38.782 3.44 1.88 1.586 0.029
45 51 4 66.708 124.103 39.114 0.845 0.612 0.968 3.13
45 79 1 63.449 119.382 38.7 2.435 1.929 1.249 0.065
45 81 3 71.132 134.653 39.258 0.547 0.51 1.022 0.086
45 92 3 47.891 173.018 38.749 0.581 0.414 1.661 1.474
45 93 3 63.037 172.779 38.944 0.77 0.798 1.682 -0.402
45 97 3 41.817 174.822 38.788 0.588 0.7 1.583 -2.255
45 99 3 58.996 171.108 38.997 0.349 0.347 0.764 -1.465
45 101 3 40.794 173.679 38.934 0.557 0.459 1.822 -0.969
46 1 2 56.666 160.517 39.576 4.281 2.652 2.051 0.044
46 7 1 58.008 151.845 38.778 3.44 2.01 1.519 0.031
46 51 4 66.783 122.844 39.112 0.888 0.601 0.947 -3.099
46 79 1 63.171 121.164 38.741 3.788 1.8 1.263 0.021
46 81 3 71.187 134.004 39.299 0.592 0.444 0.92 -3.118
46 92 3 47.183 173.147 39.25 0.392 0.391 0.628 0.897
46 93 3 63.489 173.412 38.852 0.563 0.597 1.54 -0.074
46 97 3 42.485 174.738 38.887 0.474 0.6 1.38 0.45
46 99 3 59.533 171.216 38.838 0.661 0.346 1.076 0.023
46 101 3 41.38 173.806 38.828 0.424 0.629 1.545 0.447
47 1 2 56.569 161.268 39.562 3.827 2.654 2.089 0.03
47 7 1 57.817 152.656 38.775 3.464 1.993 1.539 0.023
47 51 4 66.787 121.637 39.208 1.032 0.535 0.718 0.043
47 79 1 62.609 124.156 38.761 2.472 1.88 1.354 0.04
47 81 3 71.252 133.471 39.275 0.335 0.433 0.948 0
47 92 3 46.542 173.05 39.24 0.478 0.34 0.632 1.549
47 93 3 63.773 174.142 38.9 0.7 0.629 1.685 -0.41
47 97 3 43.119 174.796 39.017 0.61 0.626 1.085 -1.638
47 99 3 60.127 170.933 38.741 0.422 0.413 1.252 -1.438
47 101 3 42.013 173.955 38.91 0.518 0.482 1.347 -1.716
48 1 2 56.388 162.26 39.544 3.673 2.62 2.129 0
48 7 1 57.703 153.482 38.756 3.33 1.865 1.572 0
48 51 4 66.681 120.531 39.183 0.806 0.403 0.648 2.604
48 79 1 62.305 125.869 38.711 3.764 1.859 1.311 0
48 81 3 71.352 132.782 39.317 0.344 0.49 0.806 -3.079
48 92 3 45.826 173.199 39.167 0.451 0.459 0.854 1.439
48 93 3 64.183 174.871 38.898 0.691 0.643 1.682 -1.596
48 97 3 43.621 174.744 39.169 0.253 0.445 1.254 -2.282
48 99 3 60.609 170.928 38.682 0.462 0.439 1.399 -1.453
48 101 3 42.62 174.048 38.964 0.262 0.476 1.262 -2.282
49 1 2 56.16 163.419 39.523 3.448 2.609 2.161 0.032
49 7 1 57.471 154.307 38.768 3.36 2.014 1.531 -0.005
49 51 4 66.595 119.482 39.198 0.586 0.477 0.455 3.083
49 79 1 61.933 128.215 38.779 3.72 1.855 1.406 0.012
49 81 3 71.452 132.055 39.207 0.718 0.491 0.996 -3.043
49 92 3 45.125 173.078 39.002 0.46 0.529 1.196 0.759
49 93 3 64.76 175.501 38.871 0.91 0.508 1.709 -0.776
49 99 3 61.096 170.918 38.752 0.766 0.598 1.527 -1.261
49 101 3 43.305 174.128 39.079 0.341 0.536 1.02 -2.437
49 103 3 46.221 98.835 40.46 0.205 0.45 0.62 2.939
50 1 2 55.576 167.629 39.57 4.196 2.584 2.149 -0.017
50 7 1 56.975 157.357 38.711 3.458 1.862 1.527 0.002
50 51 4 65.456 116.528 38.929 0.93 1.066 1.278 -3.021
50 79 1 60.966 133.828 38.745 3.898 2.025 1.374 -0.012
50 81 3 71.719 130.388 39.125 0.571 0.648 0.593 -3.082
50 92 3 45.178 173.687 39.022 0.36 0.705 0.979 0.884
50 93 3 66.376 177.144 39.001 0.84 0.551 1.557 -0.821
50 99 3 62.302 171.344 38.816 0.531 0.567 1.501 -0.124
50 101 3 45.897 174.496 38.75 0.468 0.576 1.502 0.875
50 103 3 46.635 97.074 40.197 0.16 0.516 0.996 3.04
50 104 3 45.922 97.453 40.383 0.148 0.421 0.634 3.1
50 105 3 45.473 97.232 40.501 0.189 0.35 0.413 3.036
50 106 3 43.262 173.158 38.838 0.769 0.72 1.683 0.469
51 1 2 55.261 169.127 39.55 4.051 2.572 2.321 0
51 7 1 56.751 158.577 38.713 3.484 1.978 1.541 0
51 51 4 64.571 115.541 39.187 0.994 0.421 0.913 2.298
51 79 1 60.637 135.625 38.756 3.807 2.011 1.402 0.019
51 81 3 71.79 129.786 39.182 0.444 0.558 0.91 -3.142
51 92 3 45.792 173.489 39.121 0.316 0.559 0.911 -2.473
51 93 3 67.163 177.739 39.338 0.696 0.435 1.468 -1.59
51 99 3 62.64 171.58 38.8 0.546 0.559 1.564 -1.541
51 101 3 46.579 174.335 39.246 0.322 0.5 0.619 -2.473
51 103 3 46.835 96.41 40.288 0.184 0.498 0.647 -3.094
51 104 3 45.938 96.721 40.432 0.282 0.535 0.903 3.123
51 105 3 45.402 96.533 40.436 0.146 0.291 0.387 3.142
51 106 3 42.447 173.259 38.999 0.461 0.623 1.472 0.298
52 1 2 54.977 170.585 39.533 3.884 2.603 2.294 0
52 7 1 56.493 159.933 38.707 3.769 1.919 1.52 -0.009
52 51 4 63.968 114.499 39.13 0.832 0.642 0.738 -0.038
52 79 1 60.392 137.161 38.766 3.962 2.05 1.453 0.024
52 81 3 71.863 129.123 39.127 0.23 0.436 0.801 3.142
52 92 3 46.288 173.219 39.083 0.273 0.642 0.847 -2.682
52 93 3 67.772 178.315 39.877 0.625 0.736 1.476 -0.167
52 99 3 63.021 171.821 38.781 0.746 0.623 1.548 -1.884
52 101 3 47.18 174.331 38.787 0.559 0.795 1.712 -2.682
52 103 3 46.967 95.703 40.348 0.248 0.508 0.623 -0.03
52 104 3 46.218 96.113 40.171 0.258 0.435 1.052 -0.04
52 105 3 45.761 95.998 40.372 0.295 0.412 0.663 -0.04
52 106 3 41.691 173.332 38.866 0.835 0.526 1.62 1.514
53 1 2 54.703 172.271 39.559 3.92 2.557 2.183 0
53 7 1 56.261 161.012 38.67 3.343 1.987 1.535 -0.019
53 51 4 63.622 113.503 38.984 1.077 0.751 0.933 -0.012
53 79 1 60.154 138.609 38.669 3.909 1.851 1.374 -0.013
53 81 3 72.059 128.5 39.161 0.392 0.507 0.64 -3.056
53 92 3 46.948 173.016 39.177 0.412 0.434 0.612 -1.431
53 93 3 68.5 178.847 39.815 0.569 0.758 1.496 -0.149
53 99 3 63.249 171.985 38.783 0.537 0.553 1.428 -0.045
53 101 3 47.806 174.066 38.693 0.819 0.381 1.624 -1.519
53 103 3 47.224 95.099 40.349 0.185 0.524 0.699 2.965
53 104 3 46.414 95.479 40.36 0.16 0.366 0.687 2.906
53 105 3 46.006 95.26 40.345 0.243 0.59 0.732 2.981
53 106 3 40.959 173.346 38.852 0.812 0.344 1.55 1.659
53 114 5 68.57 91.785 38.475 0.429 1.428 0.315 -0.042
54 1 2 53.892 176.979 39.582 10.439 2.577 2.35 0.01
54 7 1 56.047 162.324 38.663 3.417 2.068 1.496 0.014
54 51 4 63.595 112.178 38.996 0.626 0.547 1.23 0.006
54 79 1 59.889 139.979 38.65 3.828 2.035 1.301 -0
54 81 3 72.139 127.795 39.228 0.256 0.343 0.7 0.023
54 92 3 47.552 172.855 38.753 0.525 0.606 1.6 -2.144
54 93 3 69.007 179.45 39.836 0.851 0.617 1.483 -1.169
54 99 3 63.311 172.375 38.765 0.432 0.558 1.564 -0.026
54 101 3 48.424 174.033 38.702 0.937 0.701 1.645 -2.144
54 103 3 47.377 94.326 40.277 0.228 0.405 0.755 2.946
54 104 3 46.698 94.838 40.299 0.214 0.422 0.715 3.13
54 105 3 46.285 94.706 40.124 0.351 0.409 1.078 3.017
54 106 3 40.306 173.418 38.866 0.944 0.537 1.623 1.306
54 114 5 68.39 93.13 38.831 2.114 1.895 1.154 0.014
55 1 2 53.692 178.618 39.605 10.382 2.608 2.396 -0.006
55 7 1 55.816 163.562 38.662 3.369 2.06 1.552 -0.041
55 51 4 63.634 111.073 38.931 0.741 0.567 1.055 -0.01
55 79 1 59.721 141.221 38.698 3.859 2.024 1.519 0.014
55 81 3 72.299 127.132 39.152 0.358 0.391 0.768 -3.113
55 92 3 48.068 172.881 38.712 0.818 0.917 1.751 -1.795
55 93 3 69.591 179.992 39.781 0.669 0.665 1.71 -0.926
55 99 3 63.484 172.848 38.723 0.558 0.609 1.527 -0.668
55 101 3 49.02 173.789 38.746 0.788 0.437 1.866 -1.779
55 104 3 46.909 94.213 40.264 0.31 0.291 1.021 2.857
55 105 3 46.619 94.179 40.114 0.414 0.275 0.745 2.734
55 106 3 39.628 173.45 38.835 0.784 0.477 1.72 0.923
55 114 5 67.864 95.918 38.328 0.959 1.638 0.332 -0.01
56 1 2 53.394 180.225 39.535 10.467 2.629 2.449 0
56 7 1 55.648 164.861 38.658 3.377 2.015 1.489 0
56 51 4 63.685 109.636 38.775 0.596 0.77 1.434 1.499
56 79 1 59.518 142.418 38.63 3.833 2.007 1.419 0
56 81 3 72.451 126.469 39.206 0.364 0.372 0.67 3.123
56 92 3 48.755 172.662 38.701 0.648 0.469 1.724 -1.637
56 93 3 70.276 180.635 39.753 0.535 0.732 1.665 1.528
56 99 3 63.586 173.119 38.77 0.353 0.623 1.586 -0.116
56 101 3 49.623 173.651 38.679 0.686 0.541 1.724 -1.637
56 106 3 38.982 173.493 38.912 0.974 0.548 1.82 1.671
56 114 5 67.595 97.277 38.751 2.074 1.929 1.16 0.038
57 1 2 53.708 178.309 39.512 3.156 2.599 2.31 0.005
57 7 1 55.423 166.379 38.652 3.433 2.012 1.553 0.022
57 51 4 63.847 108.435 38.754 0.608 0.513 0.973 -3.091
57 79 1 59.351 143.481 38.619 3.93 2.028 1.409 -0.021
57 92 3 49.397 172.505 38.68 0.582 0.766 1.77 -3.111
57 93 3 70.92 181.238 39.853 0.585 0.725 1.453 -0.928
57 99 3 63.834 173.552 38.764 0.553 0.618 1.602 -0.74
57 101 3 50.119 173.423 38.728 0.526 0.684 1.833 -2.986
57 106 3 38.313 173.514 38.96 0.553 0.572 1.668 0.96
57 114 5 67.401 99.307 38.821 2.101 2.089 1.089 -0.045
57 118 3 79.9 185.661 40.211 0.589 0.728 1.408 2.031
58 1 2 53.47 179.891 39.516 3.181 2.632 2.272 -0.03
58 7 1 55.14 167.962 38.642 3.393 1.952 1.533 0.013
58 51 4 63.947 107.12 38.64 1.264 0.516 1.061 3.127
58 79 1 59.19 144.598 38.681 3.836 1.814 1.39 -0.003
58 92 3 49.963 172.521 38.693 0.547 0.48 1.684 -1.587
58 93 3 71.521 181.776 39.855 0.844 0.716 1.424 -1.364
58 99 3 63.918 173.778 38.755 0.448 0.628 1.392 -0.392
58 101 3 50.58 173.319 38.854 0.519 0.582 1.528 -1.587
58 106 3 37.665 173.635 38.86 0.587 0.681 1.738 1.045
58 114 5 66.983 101.242 38.621 2.069 1.98 1.369 -0.003
58 118 3 79.357 185.288 40.197 0.381 0.566 1.287 1.504
58 122 3 89.904 175.186 40.425 0.336 0.442 0.928 2.44
59 1 2 52.019 187.148 39.565 11.365 2.966 2.507 0
59 7 1 54.512 171.368 38.611 3.39 1.779 1.505 0.018
59 51 4 64.453 104.406 38.818 0.852 0.503 1.466 0
59 79 1 58.755 147.009 38.573 3.899 2.008 1.453 0.011
59 92 3 51.152 172.207 38.659 0.691 0.737 1.717 -2.436
59 93 3 73.054 183.017 39.84 0.545 0.593 1.451 -1.292
59 99 3 64.101 174.793 38.699 0.403 0.59 1.588 -0.913
59 101 3 51.556 172.924 38.758 0.344 0.624 1.72 -2.406
59 106 3 36.319 173.759 38.894 0.584 0.587 1.811 1.519
59 114 5 66.11 106.153 38.292 0.494 1.788 0.34 -0.047
59 118 3 78.14 184.612 40.196 0.405 0.516 1.211 -1.327
59 122 3 89.012 174.052 40.511 0.388 0.452 0.649 -0.185
59 127 3 77.138 178.489 39.889 0.201 0.258 0.84 -1.16
59 130 3 27.921 211.355 38.783 0.348 0.561 1.533 -0.67
60 1 2 51.867 188.161 39.51 10.364 2.687 2.478 0.039
60 7 1 54.283 172.884 38.548 3.415 2.018 1.518 -0.016
60 79 1 58.549 148.153 38.551 3.915 2.017 1.495 -0.021
60 92 3 51.606 172.103 38.637 0.535 0.652 1.759 -2.176
60 93 3 73.769 183.556 39.788 0.619 0.727 1.475 -1.443
60 99 3 64.266 175.052 38.647 0.489 0.612 1.635 -0.049
60 101 3 51.997 172.776 39.095 0.366 0.635 1.021 -2.287
60 106 3 35.5 173.927 38.892 0.603 0.621 1.753 0.813
60 114 5 65.878 107.475 38.505 1.638 1.863 0.796 0.001
60 118 3 77.571 184.274 40.123 0.447 0.702 1.215 -1.033
60 122 3 88.61 173.555 40.33 0.545 0.458 0.92 -1.542
60 127 3 77.216 178.534 40.01 0.396 0.311 1.174 -0.802
60 130 3 28.488 211.797 38.733 0.267 0.322 1.539 -0.007
60 135 3 80.66 167.285 39.984 0.922 0.58 1.078 -1.559
60 139 3 75.496 186.597 39.781 0.153 0.383 0.89 -0.945
60 144 3 25.387 178.31 39.861 0.397 0.276 0.879 -1.416
61 1 2 51.74 189.785 39.525 10.507 2.581 2.406 0
61 7 1 54.094 174.271 38.513 3.342 2.01 1.586 0
61 79 1 58.398 149.292 38.564 3.913 1.874 1.447 0
61 92 3 51.971 172.045 38.949 0.612 0.473 1.134 -1.61
61 93 3 74.414 184.054 39.825 0.705 0.637 1.552 -1.496
61 99 3 64.413 175.602 38.656 0.631 0.655 1.54 -0.009
61 101 3 52.524 172.582 38.686 0.512 0.467 1.817 -1.61
61 106 3 34.928 173.882 38.88 0.573 0.699 1.748 1.567
61 114 5 65.623 109.181 38.645 2.043 2.034 1.056 0.005
61 118 3 77.128 183.91 39.985 0.395 0.662 1.309 -0.887
61 122 3 88.02 173.072 40.274 0.317 0.256 0.866 -1.505
61 127 3 77.176 178.485 39.964 0.186 0.244 1.133 -0.666
61 130 3 28.816 212.496 38.694 0.214 0.437 1.523 3.063
61 135 3 79.806 167.419 39.86 0.69 0.536 1.202 1.543
61 139 3 75.515 186.623 39.753 0.177 0.214 0.813 -1.389
61 144 3 25.477 178.35 39.851 0.108 0.246 0.852 1.46
61 146 3 93.964 195.186 40.707 0.218 0.566 0.887 1.738
61 147 3 89.071 173.084 40.49 0.242 0.29 0.425 1.565
61 149 3 93.803 195.817 40.715 0.265 0.585 0.894 1.738
62 1 2 52.055 187.896 39.436 3.216 2.562 2.236 0.016
62 7 1 53.934 175.753 38.489 3.365 1.937 1.551 0.016
62 79 1 58.215 150.52 38.464 3.835 2.015 1.366 0.002
62 92 3 52.584 172.051 38.594 0.51 0.69 1.689 -2.12
62 93 3 74.964 184.507 39.855 0.683 0.672 1.42 -1.644
62 99 3 64.678 176.181 38.598 0.831 0.53 1.555 -0.973
62 101 3 53.147 172.678 38.61 0.89 0.649 1.734 -2.12
62 106 3 34.3 173.907 38.868 0.447 0.691 1.713 1.329
62 114 5 65.249 111.304 38.507 2.182 1.809 1.28 -0.014
62 118 3 76.758 183.832 40.001 0.659 0.506 1.08 0.01
62 122 3 87.746 172.594 40.415 0.327 0.262 0.458 -1.656
62 127 3 77.189 178.576 39.919 0.16 0.195 1.121 -1.697
62 130 3 29.274 213.209 38.833 0.172 0.249 1.189 0.005
62 135 3 79.061 167.474 39.811 0.647 0.662 1.156 1.544
62 139 3 75.552 186.753 39.794 0.164 0.282 0.953 -1.636
62 144 3 25.497 178.471 39.942 0.245 0.209 0.618 0.168
62 146 3 93.302 194.816 40.638 0.278 0.517 0.886 1.822
62 149 3 93.12 195.508 40.658 0.327 0.514 0.869 1.75
63 1 2 52.01 188.19 39.422 0.429 2.574 2.344 0.021
63 7 1 53.959 176.823 38.491 2.524 1.385 1.467 -0.002
63 79 1 58.094 151.591 38.372 3.991 2.11 1.329 0.009
63 92 3 53.162 172.118 38.578 0.957 0.627 1.725 -2.044
63 93 3 75.566 184.948 39.929 0.882 0.719 1.235 -1.152
63 99 3 64.985 176.488 38.606 0.684 0.561 1.532 -1.168
63 101 3 53.782 172.551 38.575 0.934 0.48 1.751 -2.094
63 106 3 33.558 173.82 38.78 0.485 0.649 1.528 1.6
63 114 5 64.981 113.419 38.291 1.749 2.112 1.036 0.06
63 118 3 75.969 183.506 39.924 0.59 0.521 1.202 1.557
63 122 3 87.638 171.885 40.154 0.17 0.296 0.851 -1.272
63 127 3 77.196 178.633 39.875 0.253 0.198 1.132 2.138
63 130 3 29.574 213.856 38.742 0.526 0.464 1.477 0.009
63 135 3 78.199 167.585 39.696 0.615 0.592 1.25 1.621
63 139 3 75.56 186.765 39.698 0.182 0.259 0.794 -0.936
63 144 3 25.536 178.529 39.753 0.251 0.149 1.021 -3.019
63 146 3 92.63 194.458 40.597 0.352 0.581 0.87 -1.511
63 147 3 88.385 172.47 40.385 0.542 0.351 0.445 -1.466
63 149 3 92.471 195.16 40.279 0.399 0.492 1.526 -1.494
63 155 3 87.384 180.96 40.124 0.585 0.565 1.117 -0.933
64 1 2 51.751 189.725 39.407 0.504 2.58 2.511 -0.017
64 7 1 53.616 177.981 38.402 1.767 1.573 1.471 0.004
64 79 1 58.011 152.628 38.357 3.834 1.961 1.374 0.044
64 92 3 53.843 171.984 38.51 0.753 0.631 1.742 -1.624
64 93 3 76.283 185.247 39.895 0.622 0.717 1.173 -1.344
64 99 3 65.235 176.761 38.524 0.456 0.549 1.563 -1.184
64 101 3 54.598 172.383 38.499 0.799 0.517 1.735 -1.624
64 106 3 32.895 173.736 38.855 0.443 0.509 1.685 1.636
64 114 5 64.433 115.617 38.184 1.292 1.855 1.029 0.05
64 118 3 75.607 183.174 39.876 0.368 0.654 1.099 -1.344
64 122 3 87.619 171.239 40.059 0.458 0.367 0.877 0.017
64 127 3 77.181 178.672 39.815 0.21 0.288 1.087 -1.344
64 130 3 30.043 214.638 38.56 0.248 0.477 1.114 2.962
64 135 3 77.559 167.531 39.582 0.729 0.642 1.284 1.583
64 139 3 75.557 186.772 39.706 0.229 0.122 0.929 0.136
64 146 3 91.916 194.038 40.497 0.326 0.535 0.857 -1.489
64 147 3 88.517 171.913 40.084 0.538 0.303 0.869 -1.325
64 149 3 91.691 194.739 40.21 0.3 0.36 1.457 -1.604
64 155 3 87.864 181.054 40.033 0.303 0.5 1.152 -1.727
65 1 2 51.344 192.206 39.466 0.567 2.574 2.58 -0.002
65 7 1 53.055 181.251 38.271 3.393 1.94 1.489 0.022
65 79 1 57.709 153.94 38.292 3.988 2.043 1.498 0.032
65 92 3 55.033 171.701 38.43 0.479 0.694 1.746 -2.517
65 93 3 77.443 185.799 39.819 0.453 0.741 1.291 2.053
65 99 3 65.909 177.119 38.38 0.649 0.501 1.473 -1.595
65 101 3 55.779 172.253 38.448 0.635 0.759 1.817 -2.22
65 106 3 32.047 173.651 39.01 0.723 0.703 1.697 1.58
65 114 5 63.871 118.769 38.26 1.73 1.707 1.052 0.024
65 118 3 75.131 182.742 39.762 0.651 0.701 1.155 1.985
65 122 3 87.64 170.28 39.91 0.296 0.601 0.883 -1.597
65 127 3 77.167 178.691 39.724 0.168 0.171 1.104 -1.555
65 130 3 30.619 215.634 38.52 0.536 0.34 1.195 1.589
65 135 3 76.321 167.565 39.426 0.851 0.625 1.294 -1.555
65 139 3 75.561 186.825 39.596 0.175 0.25 0.728 -1.541
65 146 3 90.796 193.5 40.161 0.274 0.552 1.386 -1.278
65 147 3 88.493 170.946 39.932 0.34 0.471 0.887 -1.592
65 149 3 90.528 194.067 40.166 0.452 0.42 1.385 -1.325
65 155 3 88.75 181.286 40.046 0.517 0.398 0.994 -1.715
66 1 2 51.09 193.691 39.314 0.64 2.604 2.507 0.013
66 7 1 52.766 182.747 38.244 3.319 1.974 1.527 0.006
66 79 1 57.563 154.739 38.22 3.914 1.893 1.491 -0.008
66 92 3 55.746 171.534 38.346 0.682 0.46 1.766 -1.588
66 93 3 78.21 186.185 39.754 0.706 0.435 1.126 -2.928
66 99 3 66.328 177.249 38.404 0.546 0.627 1.609 0.218
66 101 3 56.506 171.969 38.351 0.603 0.524 1.768 -1.472
66 106 3 31.553 173.603 39.251 0.827 0.712 1.515 1.658
66 114 5 63.457 120.537 38.218 2.508 1.85 1.481 -0.01
66 118 3 74.762 182.43 39.48 0.688 0.66 1.38 -1.376
66 122 3 87.812 169.685 39.852 0.194 0.348 0.843 2.337
66 127 3 77.173 178.734 39.68 0.203 0.226 0.93 1.751
66 130 3 30.878 216.289 38.36 0.387 0.59 1.443 -0.008
66 135 3 75.448 167.62 39.3 0.974 0.818 1.374 1.904
66 139 3 75.523 186.88 39.521 0.142 0.257 0.891 -1.406
66 146 3 90.191 192.996 40.073 0.186 0.162 1.13 1.586
66 147 3 88.545 170.308 39.849 0.405 0.272 0.823 -0.717
66 149 3 89.976 193.833 40.055 0.56 0.692 1.194 0.054
66 155 3 89.355 181.478 39.851 0.432 0.531 0.802 1.304
67 1 2 50.552 196.665 39.129 0.455 2.611 2.298 0.026
67 7 1 52.217 186.037 38.114 3.38 1.99 1.467 0.026
67 79 1 57.375 156.083 37.98 3.923 1.975 1.354 0.026
67 92 3 57.116 171.01 38.186 0.784 0.852 1.755 -2.665
67 99 3 66.785 177.5 38.528 0.596 0.596 1.367 -1.554
67 101 3 58.059 171.729 38.134 0.845 0.713 1.683 -1.629
67 106 3 30.422 173.479 39.304 0.686 0.691 1.676 1.37
67 114 5 62.587 125.217 38.065 2.729 1.754 1.287 0.026
67 118 3 73.662 181.461 39.107 0.474 0.557 0.893 1.642
67 122 3 87.95 168.4 39.727 0.31 0.29 0.929 -1.27
67 127 3 77.092 178.721 39.495 0.14 0.212 0.927 -1.163
67 130 3 31.543 217.808 38.308 0.632 0.65 1.485 -0.505
67 135 3 73.824 167.666 39.106 0.809 0.811 1.486 -1.859
67 147 3 88.573 168.874 39.772 0.248 0.337 0.87 -2.06
67 155 3 90.524 181.549 39.742 0.627 0.535 1.053 -1.695
67 163 3 20.718 209.27 39.612 0.288 0.558 1.705 0.638
68 1 2 50.298 198.121 39.219 0.434 2.585 2.589 0.015
68 7 1 51.96 187.478 37.997 3.357 1.884 1.487 0.006
68 79 1 57.186 156.705 37.992 4 1.932 1.531 0.009
68 92 3 57.791 170.894 38.158 0.769 0.741 1.675 -2.149
68 99 3 66.96 177.483 38.578 0.444 0.601 1.109 2.058
68 101 3 58.639 171.701 38.103 0.865 0.579 1.786 -1.736
68 106 3 29.767 173.384 39.279 0.73 0.714 1.734 1.539
68 114 5 62.206 127.251 38.076 2.714 1.779 1.385 0.025
68 118 3 73.011 181.074 38.707 0.514 0.373 0.602 2.058
68 122 3 88.038 167.794 39.598 0.304 0.398 0.839 1.648
68 127 3 77.079 178.756 39.433 0.164 0.171 0.995 -0.529
68 130 3 31.717 218.345 38.226 0.482 0.517 1.135 -0.458
68 135 3 72.99 167.712 38.975 0.638 0.648 1.468 1.487
68 147 3 88.659 168.315 39.617 0.327 0.39 0.857 1.648
68 155 3 90.889 181.311 39.748 0.605 0.588 1.019 1.347
68 163 3 21.067 209.424 39.428 0.528 0.413 1.273 -1.569
69 1 2 50.053 199.643 39.009 0.513 2.576 2.755 0.029
69 7 1 51.658 188.855 37.98 3.34 1.836 1.52 0.019
69 79 1 57.055 157.468 37.928 3.955 2.047 1.526 0.025
69 92 3 58.415 170.708 38.031 0.855 0.683 1.746 -1.993
69 99 3 67.139 177.458 38.415 0.45 0.314 1.081 -1.506
69 101 3 59.301 171.511 37.999 0.997 0.717 1.742 -1.897
69 106 3 29.068 173.315 39.212 0.787 0.659 1.759 1.607
69 114 5 61.944 129.216 37.886 2.604 1.906 0.854 0.046
69 122 3 88.091 167.205 39.699 0.268 0.426 0.6 -1.653
69 127 3 77.039 178.78 39.329 0.123 0.154 1.005 -1.557
69 130 3 32.014 219.109 38.371 0.292 0.396 1.066 0.167
69 135 3 72.119 167.754 38.865 0.717 0.671 1.558 1.549
69 147 3 88.706 167.636 39.571 0.426 0.478 0.888 -1.741
69 163 3 21.464 209.586 39.298 0.374 0.504 1.236 0.064
69 171 3 2.26 175.13 39.665 0.244 0.604 1.236 1.146
70 1 2 49.79 201.018 39.093 0.524 2.603 2.552 0.001
70 7 1 51.426 190.22 37.89 3.293 1.918 1.467 -0.007
70 79 1 56.863 158.221 37.853 3.889 1.952 1.438 0.01
70 92 3 58.924 170.556 37.959 0.774 0.699 1.737 -1.507
70 101 3 59.879 171.482 37.97 0.713 0.58 1.832 -1.507
70 106 3 28.164 173.26 39.169 0.871 0.575 1.77 1.602
70 114 5 61.587 131.228 38.128 2.768 1.812 1.068 0.054
70 122 3 88.256 166.612 39.44 0.495 0.358 0.928 0.844
70 130 3 32.175 219.789 38.291 0.281 0.544 0.766 -0.002
70 135 3 71.362 167.812 38.75 0.602 0.59 1.596 1.652
70 147 3 88.914 167.08 39.465 0.519 0.51 0.905 0.719
70 163 3 21.781 209.687 38.931 0.426 0.387 1.401 1.393
70 171 3 1.677 175.394 39.812 0.184 0.394 0.896 1.55
70 172 3 19.228 177.649 39.317 0.192 0.212 0.865 1.55
70 174 2 40.841 229.631 38.977 4.946 2.878 3.331 -3.098
71 1 2 49.549 202.545 38.988 0.538 2.527 2.452 0
71 7 1 51.205 191.641 37.83 3.337 1.753 1.493 0.035
71 79 1 56.715 159.276 37.713 3.701 1.96 1.331 0.043
71 92 3 59.607 170.578 37.902 0.647 0.593 1.754 -1.734
71 101 3 60.531 171.404 37.874 0.836 0.636 1.771 -1.58
71 106 3 27.629 173.204 39.16 0.751 0.63 1.581 1.575
71 114 5 61.32 133.181 37.923 2.506 1.849 0.746 0.003
71 130 3 32.318 220.549 38.224 0.228 0.599 0.754 -0.065
71 135 3 70.606 167.824 38.627 0.35 0.599 1.684 -1.76
71 163 3 22.072 209.776 38.852 0.987 0.492 1.357 1.513
71 171 3 0.932 175.328 39.523 0.874 0.909 1.302 1.609
71 172 3 19.248 177.72 39.232 0.131 0.266 0.849 1.347
71 174 2 40.869 229.484 38.749 11.013 3.06 3.377 -3.114
71 178 3 51.581 229.464 37.919 0.646 0.414 1.423 3.048
72 1 2 49.286 204.363 38.818 0.75 2.617 2.456 0.02
72 7 1 51.026 193.219 37.717 3.276 1.833 1.514 -0.019
72 79 1 56.39 161.227 37.656 2.764 1.849 1.39 0
72 92 3 60.347 170.62 37.771 0.615 0.654 1.745 -2.07
72 106 3 26.921 173.236 39.414 0.673 0.682 1.437 1.683
72 114 5 60.905 135.63 37.931 1.993 1.638 0.838 0.027
72 130 3 32.541 221.459 37.959 0.413 0.501 1.261 -0.029
72 163 3 22.862 209.996 38.775 0.556 0.31 1.463 -1.46
72 171 3 0.523 175.941 39.674 0.173 0.512 0.63 0.782
72 172 3 19.254 177.75 39.157 0.223 0.111 1.014 2.99
72 174 2 41.639 225.994 38.679 11.088 3.029 3.312 3.142
72 178 3 51.91 229.369 37.681 0.521 0.713 1.415 1.498
72 181 2 56.68 172.569 37.3 0.286 0.351 0.653 -3.052
73 1 2 49.024 206.093 38.64 0.462 2.566 2.319 0.004
73 7 1 50.765 195.058 37.65 3.293 1.956 1.558 0.004
73 79 1 56.155 163.176 37.582 2.768 1.894 1.376 0.004
73 106 3 26.247 173.2 39.342 0.985 0.699 1.544 1.34
73 114 5 60.464 138.459 37.693 1.181 1.625 0.26 0.004
73 130 3 32.55 222.312 38.061 0.354 0.459 0.717 -0.205
73 163 3 23.428 210.245 38.619 0.356 0.585 1.426 0.135
73 172 3 19.265 177.781 39.059 0.087 0.211 1.006 1.433
73 174 2 42.434 220.842 38.608 9.512 2.898 3.59 -3.138
73 178 3 52.225 229.234 37.558 1.087 0.632 1.269 2.585
73 181 2 56.753 172.582 37.215 0.399 0.291 0.703 -1.486
74 1 2 48.834 207.414 38.523 0.536 2.578 2.408 -0.003
74 7 1 50.553 196.372 37.568 3.383 2.028 1.538 0.008
74 79 1 55.998 164.107 37.491 3.842 1.982 1.356 0.024
74 106 3 25.566 173.326 39.303 0.735 0.82 1.57 1.574
74 114 5 60.338 139.494 37.892 2.184 1.626 0.677 0.013
74 163 3 23.915 210.304 38.594 0.448 0.603 1.405 0.014
74 172 3 19.293 177.741 39.101 0.069 0.202 0.821 1.394
74 174 2 42.972 217.248 38.43 9.281 3.134 3.459 -3.132
74 178 3 52.49 229.138 37.572 0.25 0.623 1.248 3.099
74 181 2 56.772 172.616 37.154 0.268 0.347 0.545 3.112
75 1 2 48.382 210.67 38.301 0.553 2.638 2.399 -0.028
75 7 1 50.206 199.455 37.416 3.446 1.963 1.531 0.003
75 79 1 55.603 167.698 37.31 4.103 1.934 1.259 0.018
75 106 3 24.113 173.469 39.217 0.673 0.798 1.544 1.603
75 114 5 59.686 143.974 37.71 2.222 1.69 0.672 0.028
75 163 3 24.69 210.486 38.414 0.553 0.452 1.577 -1.603
75 178 3 52.62 229.156 37.423 0.322 0.609 1.297 2.268
75 181 2 56.808 172.566 36.963 0.203 0.339 0.578 -3.091
75 194 3 53.622 219.745 37.751 0.202 0.409 0.846 2.496
75 195 3 56.776 215.375 37.582 0.406 0.42 0.964 0.303
75 199 2 44.151 209.867 38.172 11.502 3.114 3.144 -3.117
76 1 2 47.79 217.699 38.085 11.966 2.704 2.495 -0.066
76 7 1 50.012 200.73 37.273 3.385 1.958 1.565 0.046
76 79 1 55.358 169.261 37.161 3.969 1.952 1.327 0.004
76 106 3 23.507 173.48 39.123 0.587 0.55 1.571 0.024
76 114 5 59.348 146.5 37.161 0.498 1.465 0.508 -0.002
76 163 3 24.938 210.581 38.261 0.657 0.468 1.585 -1.638
76 178 3 52.361 229.194 37.167 0.644 0.816 1.548 0.114
76 194 3 53.621 219.717 37.568 0.319 0.343 0.943 1.571
76 195 3 56.721 216.053 37.62 0.362 0.401 1.218 1.599
76 199 2 44.766 206.283 38.099 11.336 2.992 2.717 -3.114
76 207 5 53.945 218.915 37.677 0.243 0.272 0.438 -3.126
77 1 2 47.803 218.87 37.909 11.443 2.91 2.552 -0.081
77 7 1 49.8 202.028 37.168 3.357 2.007 1.514 0.004
77 79 1 55.062 170.838 37.06 3.8 1.854 1.319 0.018
77 106 3 22.641 173.721 38.955 0.447 0.81 1.384 2.142
77 114 5 58.97 147.895 37.443 0.891 1.645 0.416 0.011
77 163 3 25.071 210.704 38.253 0.566 0.485 1.682 -1.527
77 178 3 52.784 229.134 37.219 0.358 0.377 1.719 1.594
77 194 3 53.627 219.721 37.223 0.135 0.333 1.454 2.278
77 195 3 56.557 216.817 37.939 0.249 0.115 0.317 -0.064
77 199 2 45.34 202.523 37.855 11.021 2.891 2.527 -3.111
77 207 5 53.98 218.908 37.607 0.32 0.269 0.386 1.567
77 213 4 49.848 239.39 37.234 1.063 0.544 1.564 -0.037
78 1 2 47.803 220.183 37.775 11.51 2.644 2.959 -0.138
78 7 1 49.507 203.312 37.059 3.366 1.822 1.542 0.046
78 79 1 54.697 173.002 36.971 2.497 1.873 1.326 0
78 106 3 22.038 173.694 38.901 0.483 0.507 1.462 1.703
78 114 5 58.843 149.772 37.4 0.757 1.891 0.386 0
78 178 3 52.863 229.168 37.122 0.452 0.528 1.614 3.142
78 194 3 53.636 219.708 37.281 0.358 0.398 1.185 -0.044
78 195 3 56.498 217.428 37.46 0.466 0.515 1.137 0.018
78 199 2 46.088 198.812 37.58 11.045 2.888 2.511 -3.117
78 207 5 53.996 218.842 37.528 0.153 0.345 0.386 3.059
78 213 4 49.757 241.242 37.093 0.744 0.439 1.579 0.007
78 218 3 66.266 215.906 38.141 0.629 0.561 1.385 1.701
79 1 2 47.999 221.396 37.817 11.396 2.76 2.77 -0.171
79 7 1 49.374 204.706 36.982 3.654 2 1.547 0.027
79 79 1 54.564 173.966 36.859 3.799 1.95 1.352 -0.019
79 114 5 58.274 151.549 37.312 1.191 1.406 0.426 0.042
79 178 3 52.852 229.123 37.025 0.373 0.448 1.739 -0.094
79 194 3 53.649 219.711 37.125 0.402 0.434 1.378 -0.069
79 195 3 56.449 218.088 37.329 0.402 0.591 1.251 3.123
79 199 2 47.062 195.219 37.403 10.649 2.521 2.352 -3.122
79 207 5 54.037 218.909 37.42 0.377 0.316 0.497 -0.042
79 213 4 49.655 242.839 37.016 0.617 0.514 1.559 -3.022
79 218 3 65.576 216.06 37.979 0.822 0.459 1.5 0.933
79 219 3 31.296 227.137 37.133 0.611 0.712 1.602 0.154
80 1 2 48.15 222.693 37.689 11.325 3.023 2.886 -0.192
80 7 1 49.283 205.893 36.973 3.423 2.097 1.527 0.029
80 79 1 54.417 175.586 36.879 3.983 1.887 1.319 0.046
80 114 5 58.324 153.449 37.315 1.163 1.952 0.412 0.041
80 178 3 52.859 229.133 37.052 0.276 0.402 1.677 2.334
80 194 3 53.673 219.773 36.929 0.51 0.451 1.495 -0.014
80 195 3 56.445 218.792 37.261 0.405 0.441 1.331 0
80 199 2 48.12 191.667 37.449 11.268 1.561 2.331 -3.097
80 207 5 54.049 218.843 37.451 0.24 0.262 0.452 0.015
80 213 4 49.592 244.616 36.986 0.869 0.631 1.565 0.015
80 218 3 65.125 216.128 38.024 0.7 0.53 1.542 1.513
80 219 3 30.978 227.808 37.21 0.485 0.572 1.399 0.124
80 228 3 49.511 217.846 36.575 0.128 0.113 0.52 -3.109
80 235 3 32.022 212.998 36.585 0.286 0.259 0.615 -1.5
81 1 2 48.453 224.011 37.517 11.375 2.838 2.906 -0.253
81 7 1 49.071 207.326 36.966 3.533 2.036 1.545 0.01
81 79 1 53.975 178.07 36.843 2.514 1.843 1.395 0.01
81 114 5 58.32 154.559 37.345 0.179 0.581 0.429 0.03
81 178 3 52.84 229.155 36.949 0.48 0.272 1.816 0.999
81 194 3 53.69 219.706 36.906 0.542 0.427 1.568 -3.072
81 195 3 56.467 219.476 37.129 0.365 0.468 1.575 0.072
81 199 2 48.18 187.59 37.527 11.911 2.83 2.647 -3.109
81 207 5 54.109 218.798 37.418 0.223 0.298 0.587 -0.426
81 218 3 64.652 216.34 37.929 0.483 0.761 1.592 1.504
81 219 3 30.767 228.418 37.081 0.404 0.638 1.612 0.29
81 228 3 49.533 217.877 36.472 0.112 0.089 0.365 0.007
81 235 3 32.08 212.987 36.648 0.282 0.25 0.345 -1.496
82 1 2 48.835 225.567 37.474 11.617 2.803 2.857 -0.294
82 7 1 48.867 208.97 36.896 3.438 2.085 1.549 0.041
82 79 1 53.715 179.855 36.811 2.655 1.873 1.361 0.024
82 114 5 57.742 156.715 37.185 1.488 1.583 0.634 0.069
82 178 3 52.886 229.179 36.955 0.494 0.431 1.721 1.42
82 194 3 53.741 219.727 36.877 0.434 0.36 1.591 1.386
82 195 3 56.315 220.155 37.355 0.515 0.426 1.248 0.06
82 199 2 48.764 184.022 37.563 11.734 2.705 2.732 -3.109
82 207 5 54.093 218.904 37.295 0.4 0.364 0.782 -0.136
82 218 3 64.136 216.274 37.886 0.534 0.653 1.504 2.029
82 219 3 30.443 229.194 37.14 0.531 0.615 1.391 0.149
82 228 3 49.565 217.87 36.584 0.277 0.21 0.695 3.095
82 235 3 32.067 213.041 36.576 0.329 0.297 0.441 -1.504
83 1 2 49.658 230.615 37.365 11.482 2.745 2.969 -0.282
83 7 1 47.766 215.781 36.682 3.4 2.024 1.541 0.027
83 79 1 52.693 186.225 36.635 3.927 1.833 1.293 0.033
83 114 5 56.87 161.998 36.908 1.285 1.61 0.394 0.034
83 178 3 52.895 229.215 36.745 0.337 0.547 1.711 -1.167
83 195 3 56.119 222.633 36.991 0.4 0.523 1.533 -0.589
83 199 2 50.911 171.716 37.493 11.627 2.589 2.84 -3.089
83 228 3 49.531 217.967 36.233 0.285 0.178 0.573 -0.04
83 235 3 32.109 213.073 36.374 0.278 0.26 0.408 -1.53
84 1 2 49.8 232.082 37.242 11.474 2.954 2.96 -0.254
84 7 1 47.344 218.205 36.617 3.38 2.005 1.532 0.017
84 79 1 52.243 188.901 36.545 2.576 1.921 1.382 0.04
84 114 5 56.578 163.369 36.691 0.433 1.459 0.061 0.007
84 178 3 52.836 229.194 36.64 0.485 0.412 1.711 0.142
84 195 3 56.074 223.481 36.983 0.668 0.503 1.32 -0.203
84 199 2 51.155 169.902 37.635 9.457 2.775 3.344 -3.11
84 228 3 49.551 218.004 36.132 0.314 0.223 0.606 0.039
84 235 3 32.147 213.103 36.27 0.224 0.255 0.444 -0.027
84 281 3 61.877 216.31 37.515 0.573 0.585 1.388 1.515
84 289 3 61.988 188.129 36.92 0.281 0.288 1.399 1.568
85 1 2 49.585 230.529 37.097 5.071 2.685 2.682 -0.266
85 7 1 46.863 221.068 36.515 3.426 1.994 1.517 -0.006
85 79 1 51.998 190.364 36.442 3.77 1.985 1.325 0.032
85 114 5 56.315 164.392 36.732 1.706 1.64 0.644 0.026
85 178 3 52.862 229.207 36.626 0.325 0.529 1.612 2.296
85 195 3 55.875 224.075 36.702 0.607 0.467 1.741 0.347
85 199 2 51.848 165.469 37.534 13.067 2.706 3.31 -3.119
85 228 3 49.542 218.007 36.107 0.266 0.178 0.564 -3.127
85 235 3 32.116 213.137 36.184 0.236 0.284 0.465 0.109
85 281 3 61.436 216.332 37.413 0.652 0.695 1.408 0.812
85 289 3 61.93 188.132 36.622 0.287 0.63 1.587 -3.104
85 291 3 73.747 183.821 37.977 0.311 0.421 1.074 -2.633
86 1 2 49.576 231.321 37.049 3.217 2.677 2.74 -0.226
86 7 1 46.362 224.229 36.419 3.348 1.967 1.514 -0.012
86 79 1 51.775 192.31 36.399 3.892 1.816 1.449 0.042
86 114 5 56.229 165.474 36.651 2.018 1.867 0.686 0.079
86 178 3 52.87 229.228 36.532 0.272 0.462 1.628 2.071
86 195 3 55.649 224.804 36.628 0.521 0.394 1.705 0.112
86 199 2 51.428 168.311 37.662 2.494 2.614 3.26 -3.096
86 228 3 49.535 218.013 36.032 0.31 0.205 0.583 0
86 281 3 61.15 216.451 37.214 0.585 0.525 1.581 1.534
86 289 3 61.943 188.302 36.64 0.431 0.47 1.708 -3.096
86 291 3 73.083 183.234 37.855 0.488 0.478 1.289 1.827
86 300 3 67.035 178.097 36.949 0.329 0.274 1.649 -2.52
86 301 3 67.401 178.958 37.181 0.515 0.455 2.055 -2.369
87 1 2 49.827 236.719 37.002 10.479 2.601 2.824 -0.185
87 7 1 45.806 227.803 36.352 3.345 1.939 1.505 0.008
87 79 1 51.336 194.325 36.361 3.952 1.913 1.403 0.005
87 114 5 55.997 166.304 36.598 1.901 1.696 0.608 0.028
87 178 3 52.841 229.345 36.451 0.381 0.719 1.651 1.791
87 195 3 55.469 225.529 36.552 0.717 0.5 1.714 0.388
87 199 2 51.738 166.073 37.606 2.499 2.69 3.072 -3.137
87 228 3 49.531 218.021 35.949 0.27 0.224 0.567 -0.047
87 281 3 60.788 216.391 36.985 0.581 0.643 1.741 1.492
87 289 3 61.988 188.569 36.503 0.372 0.45 1.435 0.014
87 291 3 72.501 182.683 37.484 0.798 0.569 1.536 3.142
87 300 3 67.418 178.15 37.189 0.407 0.436 1.399 0.12
87 301 3 67.849 179.161 37.477 0.363 0.441 1.341 0.12
87 312 4 47.213 261.562 36.458 0.569 0.668 1.343 -0.001
88 1 2 49.757 239.023 36.98 11.381 2.602 2.898 -0.154
88 7 1 45.148 231.773 36.304 3.392 2.015 1.561 -0.038
88 79 1 51.044 196.273 36.221 3.855 1.931 1.412 -0.003
88 114 5 55.976 166.859 36.479 2.121 1.763 0.687 -0.026
88 178 3 52.864 229.223 36.402 0.356 0.543 1.765 2.331
88 195 3 55.326 226.135 36.495 0.555 0.578 1.775 -0.304
88 199 2 52.082 163.997 37.408 2.54 2.675 3.023 3.118
88 228 3 49.528 218.036 35.866 0.255 0.214 0.614 -0.005
88 281 3 60.475 216.528 36.837 0.453 0.583 1.605 1.586
88 289 3 62.122 188.79 36.41 0.451 0.538 1.582 0.111
88 291 3 71.978 182.343 37.481 0.934 0.944 1.657 -2.511
88 300 3 67.698 178.277 37.326 0.396 0.36 1.627 -1.371
88 301 3 68.281 179.137 37.308 0.585 0.437 1.629 -1.371
88 312 4 46.951 263.288 36.343 0.653 0.497 1.09 -0.099
88 315 3 56.25 171.938 36.615 0.343 0.443 1.12 0.813
89 1 2 49.788 241.704 36.786 11.814 2.698 2.734 -0.154
89 7 1 44.11 237.472 36.27 3.3 1.896 1.538 -0.016
89 79 1 50.625 198.907 36.197 3.786 1.843 1.457 0.004
89 114 5 56.04 167.95 36.361 1.944 1.192 0.722 0.015
89 178 3 52.897 229.243 36.33 0.348 0.532 1.724 2.089
89 195 3 55.212 227.05 36.444 0.863 0.633 1.678 -0.281
89 199 2 52.632 161.479 37.391 2.567 2.837 3.199 -3.131
89 281 3 60.019 216.626 36.477 0.588 0.611 1.741 1.156
89 289 3 62.169 189.102 36.308 0.467 0.412 1.521 -0.027
89 291 3 70.9 182.051 37.316 0.61 0.59 1.447 -2.335
89 300 3 68.417 178.352 37.587 0.316 0.467 1.054 -3.127
89 301 3 69.239 179.373 37.316 0.445 0.362 1.55 1.311
89 312 4 46.515 266.091 36.283 0.286 0.61 1.381 -0.671
89 315 3 54.583 172.433 36.601 0.284 0.338 0.874 -0.028
90 1 2 49.744 243.552 36.982 11.335 2.849 2.995 -0.125
90 7 1 43.365 242.278 36.361 3.2 1.937 1.534 -0.029
90 79 1 50.37 201.041 36.226 3.783 1.854 1.48 -0.009
90 114 5 55.891 168.786 36.363 1.807 1.624 0.657 -0.01
90 178 3 52.898 229.281 36.424 0.428 0.49 1.722 -0.644
90 195 3 55.337 227.803 36.552 0.832 0.606 1.752 -0.116
90 199 2 53.207 159.746 37.219 2.492 2.606 3.421 3.082
90 281 3 59.617 216.849 36.535 0.517 0.422 1.644 0.495
90 289 3 62.462 189.415 36.362 0.594 0.601 1.691 3.125
90 291 3 70.311 181.738 37.276 0.293 0.794 1.507 3.123
90 300 3 69.489 178.536 37.32 0.575 0.626 1.553 -2.467
90 301 3 70.007 179.531 37.318 0.349 0.55 1.56 -2.753
90 312 4 46.16 268.519 36.498 0.825 0.531 1.352 -0.017
90 315 3 53.289 172.805 36.197 0.488 0.657 1.657 3.09
91 1 2 49.801 247.952 38.741 11.88 2.709 3.104 -0.085
91 7 1 42.32 252.09 37.939 3.308 1.87 1.337 -0.009
91 79 1 50.131 205.215 37.731 3.935 1.965 1.332 -0.006
91 114 5 56.218 170.316 37.779 2.682 1.95 1.077 0.005
91 178 3 53.046 229.042 38.004 0.521 0.56 1.695 2.071
91 195 3 55.653 229.417 38.194 0.371 0.501 1.767 -0.326
91 281 3 58.695 217.183 38.048 0.656 0.589 1.409 0.544
91 289 3 63.04 189.489 37.909 0.283 0.446 1.511 0.033
91 291 3 69.171 180.624 38.893 0.32 0.647 1.347 -3.061
91 300 3 71.534 178.855 38.861 0.341 0.552 1.453 -3.133
91 301 3 71.859 179.936 38.874 0.368 0.699 1.397 -3.119
91 312 4 46.142 273.239 37.679 0.492 0.513 0.872 -0.031
91 315 3 51.527 172.841 38.196 0.389 0.636 0.847 -0.003
92 1 2 49.581 249.678 39.306 12.036 2.985 3.2 -0.079
92 7 1 41.725 255.258 38.473 1.379 1.818 1.299 -0.039
92 79 1 49.779 206.815 38.345 4.025 1.875 1.294 0.01
92 114 5 56.007 171.232 38.561 1.983 1.839 0.723 -0.043
92 178 3 52.766 229.064 38.509 0.837 0.583 1.669 2.217
92 195 3 55.483 230.154 38.71 0.711 0.739 1.745 -0.408
92 281 3 58.062 217.513 38.603 0.549 0.581 1.6 -0.057
92 289 3 62.912 189.439 38.486 0.356 0.509 1.602 3.102
92 312 4 45.749 275.302 38.455 0.495 0.356 1.392 -0.073
92 315 3 50.714 172.921 38.593 0.525 0.557 1.333 -3.08
