0 1 3 429.605 72.953 37.494 0.746 0.492 1.323 -0.012
0 6 3 443.317 2.324 37.628 0.27 0.597 0.881 0.001
0 7 1 406.659 65.145 37.243 1.717 1.542 0.648 -0.003
0 9 1 427.758 23.048 37.395 4.121 1.988 1.54 0.062
0 10 4 431.082 44.489 37.397 3.114 1.169 1.973 3.133
0 13 4 424.685 75.471 37.223 1.272 0.681 0.995 -3.102
0 14 3 437.134 23.249 37.564 0.82 0.668 1.728 0
0 15 4 436.034 19.079 37.595 0.875 0.629 1.164 0.023
1 1 3 429.728 71.979 37.311 0.623 0.463 1.733 -3.112
1 6 3 443.131 3.034 37.581 0.373 0.573 1.416 0.022
1 7 1 407.977 59.433 37.467 3.564 1.721 1.14 3.121
1 9 1 426.13 29.305 37.38 4.429 2.001 1.525 0.043
1 10 4 431.65 41.87 37.456 2.947 1.189 1.924 3.141
1 13 4 424.129 77.41 37.257 1.263 0.445 0.959 0.047
1 14 3 437.03 23.99 37.554 0.61 0.63 1.75 0.03
1 15 4 436.388 17.064 37.598 0.79 0.685 0.948 3.114
1 16 3 427.073 75.8 36.728 0.147 0.155 0.575 2.89
1 21 1 427.271 70.262 36.833 0.241 0.168 0.638 3.118
2 1 3 429.816 71.294 37.411 0.363 0.611 1.489 -3.117
2 6 3 443.052 3.687 37.682 0.307 0.54 1.113 2.758
2 7 1 409.268 53.337 37.46 4.407 1.852 1.312 -3.142
2 9 1 424.451 35.901 37.346 4.1 2.024 1.556 0.015
2 10 4 432.08 39.818 37.441 2.897 1.222 1.904 3.121
2 13 4 423.571 79.308 37.407 1.155 0.631 1.121 -0
2 14 3 436.93 24.702 37.536 0.541 0.617 1.67 0.029
2 15 4 436.792 14.94 37.606 0.542 0.528 0.999 -0
2 16 3 426.931 75.802 36.812 0.236 0.33 0.543 0.856
2 21 1 427.255 70.198 36.866 0.232 0.342 0.602 -2.618
3 1 3 429.891 70.645 37.343 0.412 0.373 1.531 2.787
3 6 3 442.898 4.434 37.454 0.201 0.454 1.518 -2.911
3 7 1 410.437 47.196 37.326 4.313 1.99 1.122 3.126
3 9 1 422.931 42.397 37.359 4.088 1.962 1.478 0.035
3 10 4 432.55 37.316 37.678 2.543 1.113 1.444 -0.04
3 13 4 423.08 81.309 37.277 1.179 0.523 1.04 -0
3 14 3 436.751 25.511 37.531 0.384 0.573 1.608 -3.113
3 15 4 437.209 12.814 37.562 0.575 0.549 0.9 0.005
3 16 3 426.976 75.831 36.904 0.273 0.335 0.484 1.631
3 21 1 427.245 70.273 36.878 0.304 0.357 0.645 1.631
3 30 1 407.116 117.528 36.991 1.034 1.616 1.309 -0.022
4 1 3 430.063 69.926 37.44 0.613 0.516 1.639 3.141
4 7 1 412.702 40.629 37.21 2.377 0.161 0.747 3.142
4 9 1 421.49 48.882 37.375 4.157 2.019 1.48 0.036
4 10 4 433.099 34.66 37.623 2.346 1.164 1.512 -3.122
4 13 4 422.603 83.331 37.367 1.324 0.606 1.094 0
4 15 4 437.575 10.955 37.519 0.672 0.533 0.824 -3.114
4 16 3 426.978 75.879 36.893 0.363 0.315 0.752 -0
4 21 1 427.223 70.285 36.91 0.418 0.401 0.778 0
4 30 1 406.578 120.199 37.189 1.568 0.714 0.929 1.527
5 1 3 430.249 69.236 37.488 0.547 0.631 1.711 -3.046
5 9 1 420.066 55.414 37.316 4.231 2.011 1.503 -0.007
5 10 4 433.644 31.93 37.656 2.415 1.143 1.503 3.122
5 13 4 422.184 85.42 37.222 1.508 0.588 1.517 -0.031
5 16 3 426.924 75.891 36.908 0.294 0.44 0.737 0.01
5 21 1 427.177 70.312 36.902 0.404 0.491 0.786 -0.048
5 30 1 406.005 122.728 37.002 1.049 1.64 1.101 -0.085
5 32 2 439.111 110.683 38.042 7.075 1.938 2.262 0.022
6 1 3 430.409 68.63 37.438 0.592 0.597 1.581 -3.013
6 9 1 418.703 61.911 37.318 4.226 1.984 1.487 0.017
6 10 4 434.275 29.189 37.525 2.392 1.133 1.241 -3.102
6 13 4 421.818 87.387 37.174 1.683 0.606 1.67 -0.003
6 16 3 426.89 75.963 36.906 0.388 0.381 0.768 0.017
6 21 1 427.209 70.402 36.876 0.31 0.311 0.485 -3.099
6 30 1 405.694 124.673 37.034 0.841 1.66 1.651 0.02
6 32 2 439.29 110.422 37.915 6.258 2.247 2.418 0.011
6 40 4 420.405 103.68 36.654 0.198 0.128 0.379 -2.147
7 1 3 430.56 68.016 37.433 0.314 0.492 1.684 -3.142
7 9 1 417.359 68.421 37.269 4.055 1.947 1.504 0.003
7 10 4 434.924 26.371 37.691 2.427 1.115 1.269 3.131
7 13 4 421.545 89.456 37.191 1.622 0.531 1.706 -0.106
7 16 3 426.922 76.017 36.896 0.28 0.322 0.734 -3.118
7 21 1 427.253 70.407 36.926 0.259 0.229 0.685 3.129
7 30 1 405.332 126.383 37.088 0.914 1.666 1.173 0
7 32 2 439.476 109.456 37.864 4.17 2.129 2.267 0.033
7 40 4 420.4 103.647 36.721 0.13 0.09 0.376 -2.404
8 1 3 430.774 67.384 37.493 0.37 0.534 1.627 3.122
8 9 1 416.046 74.796 37.249 4.196 1.947 1.471 0.013
8 13 4 421.332 91.54 37.218 1.666 0.938 1.728 -0.113
8 16 3 426.965 76.029 36.872 0.316 0.322 0.611 0.012
8 21 1 427.287 70.445 36.885 0.374 0.363 0.549 -3.116
8 30 1 404.866 128.909 37.045 3.538 1.891 1.261 0.015
8 32 2 439.695 108.468 37.723 2.175 2.072 1.902 0.021
8 40 4 420.389 103.668 36.742 0.153 0.188 0.495 -1.749
8 46 5 401.679 140.707 37.647 0.318 1.113 0.149 0.031
9 1 3 430.86 66.693 37.498 0.309 0.555 1.482 -3.077
9 9 1 414.765 81.036 37.2 4.21 2.006 1.481 0
9 13 4 421.005 93.599 37.204 1.632 0.61 1.687 -0.101
9 16 3 426.943 75.986 37.001 0.265 0.339 0.434 -0.749
9 21 1 427.226 70.424 36.975 0.294 0.279 0.669 -0.749
9 30 1 404.807 129 37.063 1.279 1.802 1.35 -0.049
9 40 4 420.361 103.673 36.771 0.144 0.113 0.484 -2.425
9 46 5 401.643 140.768 37.696 0.144 1.2 0.01 -0.034
9 49 2 402.041 155.749 37.495 3.328 2.67 2.647 -0.037
9 50 3 450.97 89.702 38.075 0.56 0.393 0.904 0.184
10 1 3 431.008 65.978 37.473 0.352 0.661 1.699 0.232
10 9 1 413.537 86.885 37.234 4.252 1.987 1.492 0.019
10 13 4 420.688 95.64 37.19 1.714 0.653 1.668 -0.06
10 16 3 427.02 76.031 36.855 0.238 0.374 0.568 0.016
10 21 1 427.239 70.443 36.922 0.188 0.225 0.429 -2.054
10 30 1 404.43 131.108 37.044 3.604 1.823 1.579 -0.018
10 40 4 420.337 103.695 36.73 0.175 0.198 0.485 -2.694
10 46 5 401.615 141.231 37.736 0.331 1.334 0.027 -0.022
10 49 2 401.524 157.884 37.53 3.784 2.7 3.309 -0.018
10 50 3 450.092 89.699 37.82 0.667 0.693 1.453 1.487
11 1 3 431.217 65.251 37.451 0.388 0.574 1.232 0.193
11 9 1 412.375 92.346 37.207 4.131 2.033 1.476 0.025
11 13 4 420.345 97.716 37.172 1.734 0.632 1.672 -0.022
11 21 1 427.296 70.422 36.894 0.18 0.291 0.51 2.775
11 30 1 404.177 131.877 37.127 3.636 2.085 1.645 0.033
11 40 4 420.352 103.736 36.766 0.19 0.184 0.572 -2.852
11 46 5 401.374 142.218 37.843 0.678 1.235 0.127 0
11 49 2 401.005 160.86 37.541 5.979 2.803 3.204 -0.03
11 50 3 449.48 89.63 37.672 0.428 0.746 1.235 0.973
12 1 3 431.179 64.645 37.828 0.493 0.944 0.845 -0.36
12 9 1 411.323 97.372 37.226 4.196 1.937 1.463 0.016
12 13 4 419.842 99.766 37.146 1.65 0.636 1.647 -0.028
12 30 1 404.017 132.976 37.189 4.146 1.907 1.694 -0.003
12 40 4 420.346 103.74 36.743 0.236 0.208 0.48 0.869
12 46 5 401.028 144.393 37.273 2.873 1.575 1.322 0.012
12 49 2 400.792 161.831 37.749 3.785 2.756 3.144 0.005
12 50 3 448.708 89.613 37.791 0.475 0.532 1.082 3.057
12 55 1 399.791 152.443 36.68 2.725 0.126 0.993 0.016
13 9 1 410.313 102.059 37.194 4.197 1.939 1.454 0.063
13 13 4 419.346 101.832 37.212 1.284 0.621 1.265 0.034
13 30 1 403.812 133.85 37.144 4.14 1.953 1.67 0.034
13 46 5 400.65 146.008 37.069 3.864 1.567 1.692 0.034
13 49 2 400.285 164.032 37.724 3.949 2.761 2.744 0.034
13 50 3 447.921 89.442 37.895 0.459 0.298 0.933 -3.068
13 55 1 399.494 153.233 36.891 3.353 0.531 1.368 0.034
13 56 5 397.698 161.228 36.724 0.302 0.592 0.547 0.034
13 58 5 394.993 174.921 36.73 0.239 0.456 0.543 0.034
14 9 1 409.336 106.459 37.165 4.133 1.943 1.509 0.057
14 13 4 418.989 103.424 37.241 1.19 0.592 1.019 0
14 30 1 403.575 134.785 37.177 4.17 1.918 1.757 0.008
14 46 5 400.246 147.418 37.092 3.955 1.67 1.693 0.02
14 49 2 399.839 166.183 37.591 3.867 2.591 3.107 0.01
14 55 1 399.183 154.921 36.84 3.792 0.315 0.998 0
14 56 5 397.173 163.406 36.843 0.391 1.062 0.685 0
14 58 5 394.506 177.425 36.787 0.602 0.751 0.761 0.002
15 9 1 408.435 110.595 37.196 4.051 1.894 1.468 0.034
15 13 4 418.671 105.436 37.382 1.209 0.565 1.266 -0.257
15 30 1 403.365 135.916 37.329 4.227 1.892 1.886 0.048
15 46 5 399.856 148.818 37.106 4.05 1.755 1.629 0.057
15 49 2 399.269 168.581 37.825 3.724 2.622 3.254 0.037
15 55 1 398.492 156.37 36.937 4 1.106 1.437 0.037
15 56 5 396.563 165.684 36.93 0.335 1.335 0.408 0.037
15 58 5 393.604 180.544 36.89 1.383 1.305 1.312 0.037
16 9 1 407.622 114.346 37.121 4.197 1.938 1.49 0.015
16 13 4 418.212 107.446 37.246 1.097 0.645 1.266 -0.071
16 30 1 402.524 137.389 37.603 4.048 1.529 1.031 0.043
16 46 5 399.549 150.307 37.137 4.222 1.841 1.739 0.055
16 49 2 398.869 171.121 37.714 3.722 2.754 3.223 0
16 55 1 397.981 157.945 36.955 4.179 1.491 1.51 0.01
16 56 5 396.025 168.393 36.734 0.878 1.457 1.212 0
16 58 5 393.274 182.936 36.819 0.526 1.165 0.773 0
17 9 1 406.85 117.83 37.139 4.054 1.919 1.398 0.021
17 13 4 417.77 109.409 37.225 0.963 0.562 1.081 0.008
17 30 1 402.485 138.873 37.238 4.411 2.108 1.667 0.058
17 46 5 399.108 151.728 37.168 4.23 1.866 1.703 0.029
17 49 2 398.585 172.109 37.736 0.31 2.681 2.401 -0.001
17 55 1 397.47 159.859 37.012 4.169 1.584 1.409 -0.006
17 56 5 395.304 171.591 36.9 2.081 1.65 1.159 -0
17 58 5 392.331 186.677 36.883 1.495 1.487 1.209 -0.043
18 9 1 406.119 121.037 37.102 4.024 1.845 1.369 0.038
18 13 4 417.254 111.49 37.2 0.827 0.52 1.138 -0.002
18 30 1 402.076 140.423 37.235 4.344 2.159 1.706 0.044
18 46 5 398.873 153.385 37.211 4.174 1.857 1.692 0.014
18 49 2 397.995 174.943 37.719 0.576 2.686 2.35 -0.023
18 55 1 397.069 161.831 37.045 4.179 1.751 1.454 -0.001
18 56 5 394.647 175.162 36.975 4.144 1.701 1.354 -0.024
18 58 5 391.553 189.881 36.915 1.412 1.553 1.145 0.067
18 82 2 388.45 205.015 37.738 0.527 1.331 2.15 0.536
19 9 1 405.478 123.978 37.172 4.126 1.917 1.442 -0.013
19 13 4 416.881 113.366 37.32 0.989 0.54 1.08 3.139
19 30 1 401.649 142.056 37.264 4.301 2.036 1.754 0.054
19 46 5 398.377 155.242 37.226 4.374 2.02 1.693 0.031
19 49 2 397.251 178.457 37.675 1.585 2.661 2.503 0.031
19 55 1 396.592 163.939 37.05 4.11 1.743 1.452 -0.018
19 56 5 394.098 177.349 36.935 3.521 1.769 1.223 0.031
19 58 5 390.752 193.062 36.841 1.083 1.617 1.302 0.031
19 82 2 387.146 207.318 37.79 0.361 1.984 2.117 0.535
19 87 4 399.192 211.053 37.065 0.671 0.388 1.041 -2.389
19 88 1 384.289 171.339 36.923 2.455 1.739 0.771 3.112
20 9 1 404.871 126.806 37.09 3.962 1.803 1.279 0.048
20 13 4 416.455 115.425 37.306 0.684 0.49 1.155 0.04
20 30 1 401.238 143.763 37.245 4.242 1.988 1.664 0.055
20 46 5 397.893 157.224 37.27 4.544 1.821 1.57 0.017
20 49 2 396.756 180.97 37.774 0.67 2.662 2.374 -0.024
20 55 1 396.171 166.273 37.06 4.175 1.709 1.445 -0.021
20 56 5 393.626 180.086 36.935 4.119 1.641 1.23 -0.046
20 58 5 389.772 196.521 36.905 1.703 1.555 1.537 0.003
20 82 2 385.354 209.24 37.878 1.867 0.293 1.535 2.227
20 87 4 400.021 209.603 37.019 1.045 0.623 1.123 -2.855
20 88 1 384.823 168.769 37.024 4.367 1.509 0.899 3.122
20 95 5 381.581 180.596 36.716 0.293 0.324 0.2 -0.006
20 98 3 406.497 211.234 37.372 0.433 0.936 1.299 -0.461
21 9 1 404.25 129.865 37.042 3.523 1.786 1.158 0.035
21 13 4 415.987 117.446 37.308 0.694 0.393 0.925 0.025
21 30 1 400.75 145.501 37.275 4.257 1.964 1.74 0.046
21 46 5 397.46 159.527 37.261 4.491 2.023 1.685 -0.02
21 49 2 395.81 185.6 37.647 3.63 2.667 2.712 0.006
21 55 1 395.667 168.878 37.123 4.246 1.787 1.437 -0.025
21 56 5 393.118 182.486 37.03 4.182 1.745 1.433 -0.064
21 58 5 388.693 199.363 36.902 1.504 1.637 1.433 0.22
21 82 2 381.421 212.389 37.681 4.965 1.853 2.258 0.755
21 87 4 400.319 208.335 36.906 0.883 0.562 1.189 -2.966
21 88 1 385.452 165.196 37.291 4.413 1.701 1.297 3.127
21 95 5 382.253 179.776 37.161 3.656 1.845 1.166 3.139
21 98 3 406.694 211.748 37.293 0.549 0.565 1.241 -1.002
22 9 1 403.861 132.729 37.022 3.533 1.911 1.238 0.005
22 13 4 415.518 119.515 37.296 0.87 0.507 1.037 0.002
22 30 1 400.197 147.381 37.193 4.18 2.167 1.621 0.047
22 46 5 396.947 161.835 37.245 4.525 2.131 1.687 -0.003
22 49 2 395.468 187.293 37.725 0.486 2.651 2.375 0.028
22 55 1 395.098 171.741 37.136 4.242 1.65 1.515 -0.025
22 56 5 392.596 184.603 36.997 3.964 1.748 1.341 0.024
22 58 5 387.171 202.804 36.884 3.26 1.613 1.41 0.308
22 82 2 378.911 214.085 37.465 5.457 2.115 2.537 0.834
22 87 4 400.359 207.094 37.038 0.742 0.778 1.359 -0.23
22 88 1 386.131 161.801 37.307 4.415 1.807 1.321 -3.138
22 95 5 382.811 177.47 37.186 4.245 1.518 1.169 -3.128
22 98 3 406.896 212.245 37.416 0.545 0.379 1.159 -0.957
22 102 4 362.685 198.849 36.858 1.29 0.745 1.191 1.397
22 104 2 366.035 220.368 37.916 11.236 2.846 3.216 1.253
22 105 4 361.542 200.342 36.798 0.931 0.554 1.204 1.542
23 9 1 403.497 136.114 37.166 2.498 1.693 1.359 -0.085
23 13 4 415.192 121.503 37.399 0.741 0.5 0.648 -0.001
23 30 1 399.718 149.33 37.245 4.156 1.979 1.679 0.052
23 46 5 396.462 164.348 37.238 4.591 2.075 1.66 0.011
23 49 2 393.116 195.968 37.809 11.934 2.64 2.504 0.098
23 55 1 394.516 174.753 37.121 4.425 1.756 1.444 -0.009
23 56 5 391.983 186.054 37.084 3.1 1.699 1.432 0.163
23 58 5 385.798 205.312 36.978 3.416 1.705 1.277 0.377
23 82 2 376.258 215.341 37.669 5.508 1.977 2.49 0.924
23 87 4 400.373 205.681 37.055 0.981 0.55 1.44 2.78
23 88 1 386.858 158.297 37.272 4.144 1.644 1.281 -3.122
23 95 5 383.419 174.719 37.213 4.356 1.638 1.125 -3.087
23 98 3 406.931 212.855 37.195 0.507 0.742 1.582 -0.321
23 102 4 362.741 198.822 36.958 1.13 0.565 1.402 -1.529
23 104 2 363.049 220.258 37.746 11.388 2.555 3.024 1.367
23 105 4 362.368 200.1 37.065 1.23 0.44 1.134 -1.983
23 110 1 393.61 225.493 36.764 2.099 0.742 1.087 -1.798
24 9 1 403.232 138.5 37.083 3.933 2.041 1.096 0
24 13 4 414.758 123.592 37.279 0.766 0.39 1.101 0.041
24 30 1 399.249 151.371 37.169 4.166 1.911 1.548 0.076
24 46 5 395.909 167.055 37.242 4.529 2.083 1.707 0.013
24 49 2 392.05 199.408 37.604 12.632 2.737 2.814 0.129
24 55 1 393.86 177.773 37.134 4.681 1.973 1.412 0.008
24 56 5 390.783 187.833 37.078 3.904 1.706 1.489 0.474
24 58 5 384.294 207.647 37.009 4.235 1.722 1.516 0.433
24 82 2 373.439 216.499 37.613 5.629 2.061 2.515 1.014
24 87 4 400.212 204.466 37.178 0.792 0.679 1.239 2.663
24 88 1 387.523 154.465 37.282 4.161 1.983 1.317 3.142
24 95 5 384.063 171.691 37.222 4.362 1.765 1.147 -3.093
24 98 3 407.108 213.406 37.189 0.514 0.779 1.447 -0.723
24 102 4 362.685 198.771 37.095 1.272 0.555 1.04 -1.736
24 104 2 360.195 219.986 37.74 11.259 2.649 3.181 1.471
24 105 4 363.402 199.807 37.155 1.484 0.522 1.261 -2.016
24 110 1 395.524 225.382 37 3.478 0.608 1.127 -1.786
24 115 5 391.763 231.98 36.974 2.146 0.108 0.342 -2.322
24 117 4 371.91 225.579 37.139 0.994 0.41 1.091 1.318
25 9 1 403 141.797 37.046 3.725 2.11 1.515 0.014
25 13 4 414.345 125.348 37.192 0.459 0.464 0.903 3.097
25 30 1 398.782 153.589 37.169 4.097 1.92 1.691 0.009
25 46 5 395.421 169.695 37.225 4.576 2.01 1.679 -0.001
25 49 2 390.927 202.381 37.677 12.647 2.977 2.849 0.166
25 55 1 393.346 180.701 37.238 4.641 1.879 1.182 0
25 56 5 389.251 188.901 37.049 4.59 1.764 1.503 0.807
25 58 5 382.891 209.321 36.917 3.98 1.751 1.35 0.572
25 82 2 370.697 217.286 37.618 5.409 2.261 2.91 1.086
25 87 4 400.285 203.128 37.09 1.33 0.663 1.647 3.14
25 88 1 388.393 150.338 37.219 4.334 1.386 1.154 3.13
25 95 5 384.633 168.452 37.136 4.265 1.998 1.335 -3.103
25 98 3 407.286 213.943 37.175 0.653 0.894 1.562 -0.654
25 102 4 362.593 198.777 36.878 1.421 0.726 1.281 -1.722
25 104 2 357.38 219.613 37.78 10.817 2.816 3.379 1.546
25 105 4 364.327 199.682 36.998 1.64 0.532 1.454 -1.896
25 110 1 399.201 226.137 36.964 4.463 1.668 1.263 -1.7
25 115 5 395.018 231.012 37.166 4.299 1.108 1.4 -2.133
25 117 4 370.265 225.716 37.054 1.438 0.319 1.083 1.364
26 9 1 402.615 145.875 37.017 2.584 1.637 0.915 0.006
26 30 1 398.317 155.951 37.046 4.075 1.925 1.492 0.036
26 46 5 394.896 172.262 37.214 4.609 2.117 1.697 -0
26 49 2 389.57 205.172 37.606 12.715 2.781 2.766 0.243
26 55 1 392.827 183.427 37.132 4.568 1.81 1.327 0.047
26 56 5 388.088 189.093 37.01 4.001 1.857 1.528 1.101
26 58 5 381.35 210.981 36.949 4.065 1.666 1.382 0.596
26 82 2 367.586 217.822 37.589 5.571 2.06 2.617 1.24
26 87 4 400.507 201.919 37.114 1.637 0.648 1.539 3.043
26 88 1 389.233 147.419 37.4 2.784 1.069 0.892 3.14
26 95 5 385.497 165 37.154 3.909 1.828 1.147 3.14
26 98 3 407.394 214.435 37.538 0.403 0.929 0.755 -0.534
26 102 4 362.614 198.803 36.804 1.466 0.638 1.405 -1.532
26 104 2 354.138 218.641 37.771 11.29 2.567 2.973 1.615
26 105 4 365.373 199.376 36.994 1.206 0.567 1.406 -1.816
26 110 1 402.787 226.683 36.667 4.508 1.341 0.886 -1.532
26 115 5 397.203 230.358 36.855 4.338 0.756 1.209 -1.975
26 117 4 368.653 225.679 37.037 1.244 0.422 1.272 -1.614
26 124 1 344.587 211.754 37.02 3.327 0.291 1.653 1.662
26 125 1 389.776 231.102 36.842 3.907 1.957 1.007 -2.274
27 9 1 402.271 149.251 37.009 3.614 1.653 1.163 0
27 30 1 397.639 159.192 37.086 2.454 2.118 1.482 0
27 46 5 394.347 175.035 37.192 4.54 2.106 1.678 0.018
27 49 2 388.073 207.823 37.598 12.635 2.684 2.791 0.306
27 55 1 392.296 186.256 37.05 4.611 1.943 1.446 -0.038
27 56 5 386.993 188.995 37.004 3.291 1.806 1.342 1.479
27 58 5 379.706 212.394 37.023 3.993 1.803 1.517 0.677
27 82 2 364.438 217.998 37.557 5.522 1.941 2.722 1.343
27 87 4 400.957 200.627 37.087 1.68 0.819 1.633 -3.039
27 95 5 386.066 162.321 37.019 1.43 1.517 0.886 3.135
27 98 3 407.582 214.928 37.456 0.477 0.872 0.869 2.552
27 102 4 362.551 198.845 36.831 1.522 0.791 1.187 -1.644
27 104 2 352.629 218.365 37.723 7.712 2.732 3.095 1.619
27 105 4 366.419 199.183 37.063 0.826 0.591 1.138 -1.872
27 110 1 404.722 227.448 36.794 1.348 1.683 0.839 1.641
27 115 5 399.655 230.28 36.939 4.575 0.93 1.073 -1.854
27 117 4 367.001 225.504 37.045 1.295 0.445 1.421 1.531
27 124 1 341.264 211.345 37.361 3.941 1.589 1.486 1.701
27 125 1 391.462 229.99 36.794 4.575 1.107 0.831 0.889
27 130 4 386.371 238.772 36.85 0.564 0.613 1.036 3.084
28 9 1 401.597 153.215 36.922 3.572 1.878 1.228 0
28 30 1 397.381 160.939 37.138 4.107 1.934 1.242 0
28 46 5 393.807 177.881 37.166 4.573 2.052 1.647 0.019
28 49 2 386.399 210.215 37.581 12.537 3.012 2.75 0.354
28 55 1 391.739 189.171 37.027 4.602 1.973 1.438 0.012
28 56 5 385.407 188.453 37.067 3.698 1.916 1.501 1.783
28 58 5 377.78 213.643 36.944 4.072 1.979 1.418 0.769
28 82 2 361.081 217.801 37.47 5.481 2.243 2.577 1.451
28 87 4 401.387 199.322 37.095 1.68 0.77 1.592 -3.061
28 98 3 407.651 215.632 37.152 0.842 0.873 1.483 -0.727
28 102 4 362.549 198.853 36.831 1.488 0.799 1.314 -1.78
28 104 2 350.541 217.79 37.691 5.549 2.693 2.884 1.637
28 105 4 367.208 198.976 36.993 0.749 0.687 1.432 -2.307
28 110 1 409.662 229.315 36.797 4.043 1.842 1.144 -1.337
28 115 5 402.092 230.459 36.963 4.288 1.197 1.107 1.412
28 117 4 365.021 225.218 36.88 1.285 0.545 1.526 1.376
28 124 1 337.755 210.212 37.114 3.869 1.731 1.148 1.676
28 125 1 394.096 229.386 36.8 4.709 1.511 0.988 -2.083
28 130 4 389.223 236.236 36.625 4.335 1.824 0.774 -2.634
28 135 1 382.874 239.817 36.741 1.861 1.344 0.935 0.19
29 9 1 400.688 158.355 36.714 1.648 1.752 1.007 -0.026
29 30 1 396.779 164.291 37.044 2.765 1.911 1.67 -0.039
29 46 5 393.275 180.591 37.07 5.113 2.005 1.663 -0.015
29 49 2 384.447 212.489 37.667 12.645 2.914 2.802 0.441
29 55 1 391.051 192.264 36.98 4.549 2.028 1.487 -0.024
29 56 5 384.477 187.474 36.996 3.158 1.927 1.486 2.158
29 58 5 375.773 214.815 36.983 4.156 1.728 1.509 0.861
29 82 2 357.585 217.335 37.452 5.59 2.12 2.662 1.537
29 87 4 401.912 197.966 37.078 1.766 0.908 1.632 -3.066
29 98 3 407.743 216.118 37.172 0.631 0.975 1.527 -0.556
29 102 4 362.698 198.745 36.82 1.221 0.584 1.432 -1.641
29 104 2 348.258 217.132 37.694 3.444 2.586 3.129 1.65
29 105 4 367.992 198.904 36.923 1.082 0.607 1.429 -2.06
29 110 1 411.854 230.747 36.762 1.187 0.98 0.827 -1.376
29 115 5 405.033 230.976 36.944 4.398 1.679 1.276 -1.677
29 117 4 363.575 225.077 37.229 0.748 0.467 0.74 1.298
29 124 1 334.175 208.883 37.252 3.674 1.609 1.072 1.669
29 125 1 396.637 228.745 37.071 4.731 1.075 1.432 -1.944
29 130 4 390.708 234.652 36.961 4.23 1.861 1.207 -2.638
29 135 1 384.144 237.598 36.598 4.029 1.832 0.718 -2.832
29 141 3 353.387 225.868 37.139 0.336 0.65 1.678 -3.071
30 9 1 400.1 161.817 37.005 3.53 1.759 1.27 -0.076
30 30 1 396.309 167.168 37.028 2.486 2.022 1.5 -0.076
30 46 5 392.589 183.914 37.085 4.569 1.95 1.677 -0.046
30 49 2 382.354 214.456 37.611 12.708 2.949 2.696 0.484
30 55 1 390.315 195.38 36.963 4.515 1.989 1.487 -0.032
30 56 5 383.586 185.481 36.921 3.933 1.721 1.409 2.508
30 58 5 373.489 215.715 37.019 4.219 1.827 1.544 0.95
30 82 2 354.036 216.461 37.475 5.518 2.187 2.796 1.556
30 87 4 402.214 196.577 37.081 1.708 0.568 1.634 -3.138
30 98 3 407.736 216.62 37.227 0.555 0.831 1.51 -0.708
30 102 4 362.687 198.86 36.864 1.14 0.557 1.516 -1.967
30 104 2 345.216 216.354 38.387 2.575 2.44 1.302 1.616
30 105 4 368.575 198.965 36.95 1.052 0.707 1.571 -1.63
30 110 1 415.423 232.335 36.957 0.269 1.264 0.506 -1.543
30 115 5 408.066 231.647 37.037 4.193 1.853 1.526 -1.683
30 124 1 330.56 207.648 37.151 3.374 1.596 1.462 1.642
30 125 1 399.177 228.764 37.086 4.782 1.215 1.482 -1.859
30 130 4 392.11 233.206 37.044 4.368 1.64 1.459 -2.616
30 135 1 386.008 234.745 36.749 4.071 1.854 0.936 -2.81
30 141 3 353.424 225.848 37.126 0.309 0.712 1.794 0.152
30 145 1 376.394 255.107 36.831 0.772 1.57 0.514 -3.127
30 147 1 375.792 246.488 36.976 2.406 1.652 1.217 -3.125
31 9 1 399.233 166.844 36.809 2.462 1.644 1.114 -0.208
31 30 1 395.798 170.066 37.005 2.216 2.137 1.571 -0.198
31 46 5 391.835 187.365 37.07 4.103 2.026 1.684 -0.156
31 49 2 380.188 216.207 37.608 12.612 2.84 2.787 0.495
31 55 1 389.466 198.363 36.939 4.565 1.971 1.498 -0.084
31 56 5 383.324 183.392 36.95 3.942 1.675 1.52 2.687
31 58 5 371.204 216.465 37.005 4.037 1.88 1.482 0.922
31 82 2 351.553 215.59 37.41 2.932 1.965 2.649 1.543
31 87 4 402.608 195.415 37.06 1.356 0.597 1.593 2.98
31 98 3 407.695 217.198 37.236 0.684 0.683 1.483 -1.432
31 102 4 362.868 198.801 36.921 1.033 0.684 1.441 -1.869
31 105 4 368.939 198.901 36.95 1.485 0.654 1.623 -1.91
31 110 1 421.129 235.371 36.637 4.079 1.651 0.715 -1.453
31 115 5 411.308 232.333 37.078 4.216 1.675 1.564 -1.685
31 125 1 401.725 229.413 37 4.416 1.76 1.417 -1.804
31 130 4 393.746 232.123 37.069 4.645 1.783 1.461 -2.588
31 135 1 387.958 232.427 37.008 4.43 1.762 1.384 -2.819
31 141 3 353.441 225.866 37.64 0.312 0.57 0.857 3.076
31 145 1 377.391 252.428 36.934 2.176 1.71 1.597 2.919
31 147 1 377.356 242.276 36.865 3.738 1.664 1.505 -3.049
31 153 5 360.532 224.68 37.304 0.344 0.288 0.534 1.561
31 154 1 368.208 258.821 36.65 1.915 1.195 0.83 2.946
32 9 1 398.372 171.12 36.747 3.817 1.672 1.403 -0.35
32 30 1 395.454 172.953 36.961 2.083 1.709 1.513 -0.398
32 46 5 391.126 190.357 37.063 4.518 2.121 1.736 -0.243
32 49 2 377.868 217.625 37.667 12.703 2.739 2.735 0.488
32 55 1 388.472 201.278 36.933 4.53 1.995 1.522 -0.142
32 56 5 383.468 180.955 36.745 4.03 1.71 1.328 2.755
32 58 5 368.581 216.94 37.047 4.085 1.902 1.501 0.908
32 82 2 348.842 214.768 37.596 0.45 2.048 2.392 1.437
32 87 4 403.086 194.07 37.018 1.361 0.672 1.549 2.96
32 102 4 362.762 198.833 36.906 0.907 0.798 1.363 -2.133
32 105 4 369.537 198.954 36.947 1.712 0.681 1.57 -2.009
32 110 1 423.458 236.904 36.735 0.408 1.682 1.001 -1.56
32 115 5 414.594 233.347 37.075 4.071 1.64 1.576 -1.76
32 125 1 404.585 230.106 36.992 4.396 1.695 1.488 -1.79
32 130 4 395.746 231.065 37.049 4.66 1.89 1.429 -2.529
32 135 1 390.015 230.413 37.021 4.51 1.789 1.514 -2.824
32 141 3 353.438 225.895 37.223 0.489 0.664 1.19 3.041
32 145 1 378.388 249.189 36.959 2.37 1.742 1.64 2.896
32 147 1 379.497 238.225 36.843 3.843 2.074 1.356 -3.136
32 153 5 358.692 224.354 36.902 1.368 0.669 1.601 1.158
32 154 1 368.54 257.932 36.587 1.941 1.094 0.922 2.831
32 163 3 397.331 254.425 37.123 0.837 0.59 1.595 -2.896
33 9 1 397.572 175.949 36.793 4.019 1.893 1.15 -0.441
33 30 1 394.873 175.349 37.118 2.635 1.869 1.523 -0.476
33 46 5 390.306 193.597 37.054 4.561 2.089 1.676 -0.417
33 49 2 375.375 218.866 37.68 12.621 2.679 2.774 0.466
33 55 1 387.249 204.005 36.961 4.494 1.96 1.437 -0.204
33 56 5 383.54 178.264 36.754 3.992 1.803 1.211 2.619
33 58 5 365.788 217.14 37.003 4.121 1.793 1.479 0.877
33 87 4 403.6 192.51 37.079 1.388 0.595 1.395 2.721
33 102 4 362.531 198.812 37.351 0.239 0.764 0.415 -2.249
33 105 4 369.909 198.978 36.958 1.767 0.61 1.533 -2.11
33 110 1 428.087 239.569 36.866 1.42 1.132 0.686 -1.238
33 115 5 418.047 234.786 37.107 3.995 1.932 1.532 -1.846
33 125 1 407.576 231.264 37.085 4.469 1.826 1.496 -1.832
33 130 4 397.937 230.64 37.115 4.546 1.82 1.503 -2.446
33 135 1 392.265 228.788 37.059 4.572 1.757 1.42 -2.802
33 141 3 353.444 225.859 37.149 0.559 0.345 1.693 1.234
33 145 1 379.312 247.137 37.668 1.329 1.705 0.493 2.802
33 147 1 381.813 234.607 36.991 3.898 1.998 1.541 3.108
33 153 5 356.981 223.971 36.905 1.567 0.552 1.696 1.217
33 154 1 368.214 258.181 36.796 4.133 1.742 1.015 2.707
33 163 3 397.428 254.252 37.477 0.657 0.571 0.624 -2.779
33 164 3 407.545 218.077 37.191 0.633 0.96 1.498 0.418
33 166 4 334.778 217.204 36.943 0.84 0.45 1.265 1.496
33 168 4 335.121 216.334 36.839 0.9 0.489 1.011 1.312
34 9 1 396.528 180.903 36.773 4.059 1.648 1.292 -0.548
34 30 1 394.259 178.793 37.118 1.575 1.932 0.602 -0.562
34 46 5 389.429 196.744 37.039 4.597 1.982 1.677 -0.513
34 49 2 372.835 219.827 37.706 12.895 2.685 2.753 0.457
34 55 1 385.793 206.458 36.966 4.475 1.894 1.469 -0.207
34 56 5 383.838 176.291 36.765 2.127 1.602 1.164 2.521
34 58 5 362.83 217.1 36.918 4.12 1.735 1.44 0.866
34 87 4 403.951 191.53 37.001 1.014 0.612 1.491 2.571
34 102 4 362.697 198.887 36.866 1.381 0.691 1.341 -1.979
34 105 4 370.246 199.057 36.915 1.67 0.609 1.576 -2.105
34 110 1 432.209 241.749 37.052 0.149 0.507 0.659 -1.902
34 115 5 420.918 235.978 37.177 2.121 1.545 1.379 -1.901
34 125 1 410.689 232.689 37.056 4.49 1.822 1.501 -1.878
34 130 4 400.317 230.492 37.136 4.308 1.565 1.485 -2.319
34 135 1 394.59 227.646 37.057 4.493 1.701 1.433 -2.753
34 141 3 353.458 225.86 37.148 0.325 0.598 1.736 -0.099
34 145 1 380.521 243.601 36.985 4.019 1.817 1.641 2.797
34 147 1 384.239 231.512 37.016 3.93 1.758 1.439 3.095
34 153 5 355.281 223.597 36.864 1.103 1.103 1.558 0.244
34 154 1 368.86 257.102 36.673 2.281 0.945 0.743 2.588
34 163 3 397.417 254.148 36.977 0.666 1.045 1.407 1.93
34 164 3 407.317 218.404 37.197 0.683 0.748 1.447 0.374
34 166 4 333.77 215.977 36.699 0.231 0.431 1.221 0.574
34 168 4 333.329 216.648 36.938 0.544 0.339 1.238 1.124
34 169 5 371.856 270.346 36.468 0.159 0.574 0.307 -0.647
35 9 1 395.61 185.727 36.835 3.495 1.746 1.339 -0.663
35 30 1 393.658 180.962 36.806 3.454 2.145 1.293 -0.636
35 46 5 388.328 199.896 37.059 4.488 2.07 1.708 -0.524
35 49 2 370.041 220.42 37.625 12.773 2.917 2.742 0.441
35 55 1 384.023 208.707 37.012 4.529 1.991 1.452 -0.195
35 56 5 384.578 172.512 36.795 3.347 1.329 1.142 2.415
35 58 5 359.691 216.805 36.953 4.162 1.773 1.529 0.842
35 87 4 404.197 190.237 37.116 0.536 0.632 1.426 2.532
35 102 4 363.181 199.051 36.922 1.471 0.689 1.478 -2.146
35 105 4 370.716 199.088 36.985 1.809 0.689 1.603 -2.202
35 115 5 424.248 237.603 36.798 1.45 1.626 0.743 -1.982
35 125 1 413.447 234.085 36.893 3.231 1.821 0.799 -1.976
35 130 4 403.61 231.069 37.32 3.324 1.154 1.07 -2.405
35 135 1 397.121 226.957 37.07 4.344 1.743 1.465 -2.688
35 145 1 381.994 240.856 37.064 4.481 1.976 1.654 2.753
35 147 1 386.789 228.984 37.114 4.089 1.822 1.492 3.118
35 153 5 353.617 223.839 36.858 2.264 1.999 1.548 1.022
35 154 1 368.992 256.895 36.715 2.226 0.931 0.745 2.562
35 163 3 397.562 253.823 37.026 1.428 0.601 1.401 -0.18
35 164 3 407.146 218.665 37.248 0.771 0.69 1.569 -2.127
35 166 4 331.948 215.224 36.84 1.452 0.376 1.287 1.093
35 168 4 331.836 216.153 36.839 0.591 0.473 1.249 1.052
35 169 5 372.869 266.298 36.625 0.832 1.477 0.357 2.606
35 173 1 342.213 202.638 36.682 0.574 1.566 0.599 -2.082
35 174 1 377.968 251.344 36.552 1.286 1.68 0.618 2.522
36 9 1 394.756 189.815 36.813 3.576 1.415 1.337 -0.787
36 30 1 392.963 183.808 37.024 4.041 1.696 1.529 -0.787
36 46 5 387.11 202.807 37.074 4.561 2.092 1.671 -0.509
36 49 2 367.132 220.897 37.553 12.753 2.751 2.627 0.445
36 55 1 381.854 210.804 37.026 4.538 1.971 1.481 -0.147
36 56 5 384.859 169.953 36.752 1.71 1.53 0.885 2.439
36 58 5 356.404 216.146 36.91 4.107 1.759 1.505 0.828
36 87 4 404.562 188.609 37.169 0.86 0.504 1.221 2.263
36 102 4 363.994 199.191 36.911 1.67 0.815 1.574 -2.322
36 105 4 371.131 199.153 36.955 1.788 0.807 1.557 -2.322
36 115 5 428.435 239.651 37.032 2.22 1.574 1.39 -2.101
36 130 4 404.668 231.724 36.998 1.539 1.51 1.256 -2.065
36 135 1 399.763 226.634 37.012 4.295 1.809 1.438 -2.635
36 145 1 383.646 238.104 37.099 4.553 1.937 1.648 2.739
36 147 1 389.53 227.066 37.12 4.111 1.79 1.615 -3.131
36 153 5 351.672 222.479 36.938 1.071 0.346 1.57 0.839
36 154 1 369.076 256.654 36.592 1.956 0.522 1.002 2.406
36 163 3 397.726 253.232 37.134 1.204 0.548 1.3 -0.425
36 164 3 407.004 218.987 37.17 0.597 0.841 1.574 -0.232
36 166 4 330.71 214.648 37.159 0.275 0.107 0.731 0.982
36 168 4 330.199 215.459 37.353 0.419 0.356 0.287 1.033
36 169 5 373.686 262.856 36.545 1.943 1.671 0.442 2.412
36 173 1 344.218 203.125 36.875 0.861 0.93 0.616 -2.291
36 174 1 378.791 249.526 36.71 4.104 1.946 1.038 2.524
37 9 1 393.915 193.701 36.863 2.729 1.583 1.262 -0.837
37 30 1 392.359 187.06 36.947 4.104 1.961 1.54 -0.834
37 46 5 385.449 205.437 37.079 4.544 2.144 1.696 -0.534
37 49 2 363.954 220.847 37.556 12.859 2.641 2.595 0.466
37 55 1 379.344 212.52 37.046 4.632 2.052 1.465 -0.135
37 56 5 385.406 166.967 36.771 0.382 1.386 0.673 2.237
37 58 5 353.188 215.353 36.922 3.862 1.93 1.428 0.762
37 87 4 404.821 187.36 36.983 0.431 0.563 1.189 2.228
37 102 4 364.872 199.27 36.857 1.518 0.688 1.451 -2.345
37 105 4 371.667 199.233 36.941 1.536 0.672 1.56 -2.403
37 115 5 431.808 241.314 36.692 0.348 1.305 0.344 -2.112
37 130 4 408.801 233.148 37.127 3.55 1.88 1.301 -2.18
37 135 1 402.515 226.698 37.013 4.278 1.995 1.435 -2.614
37 145 1 385.591 235.679 37.107 4.635 1.999 1.689 2.763
37 147 1 392.219 225.808 37.103 3.84 1.891 1.548 -3.085
37 163 3 397.919 252.471 36.982 1.298 0.631 1.513 -0.682
37 164 3 406.769 219.308 37.159 0.761 0.927 1.53 0.168
37 168 4 328.623 214.885 37.054 0.49 0.42 0.989 0.721
37 169 5 374.348 260.193 36.525 4.282 1.753 0.65 2.396
37 173 1 345.742 204.693 36.99 0.644 0.522 0.45 -2.421
37 174 1 379.713 246.223 36.764 4.122 1.703 1.092 2.698
37 188 2 326.543 207.059 37.585 1.384 0.922 2.275 0.743
38 9 1 393.345 196.202 36.916 3.226 1.555 1.285 -0.974
38 30 1 391.597 190.138 36.9 4.152 1.981 1.535 -0.947
38 46 5 383.635 207.825 37.107 4.554 2.084 1.721 -0.514
38 49 2 360.814 220.649 37.593 12.853 3.049 2.923 0.443
38 55 1 376.637 214.03 37.058 4.592 1.954 1.486 -0.096
38 56 5 386.214 162.806 36.662 1.225 1.52 0.752 2.166
38 58 5 349.529 214.019 36.903 4.172 1.707 1.395 0.767
38 87 4 405.168 185.591 37.094 0.944 0.549 1.179 -0.907
38 102 4 365.815 199.423 36.89 1.566 0.65 1.569 -2.503
38 105 4 371.986 199.364 36.95 1.31 0.626 1.54 -2.482
38 130 4 411.179 234.395 37.071 1.921 1.766 1.428 -2.255
38 135 1 405.025 226.778 36.946 3.511 1.158 0.671 -2.532
38 145 1 387.791 233.575 37.127 4.639 1.68 1.629 2.798
38 147 1 394.921 225.017 37.08 3.664 1.838 1.514 -2.997
38 163 3 397.566 251.941 37.568 0.441 0.216 0.76 1.948
38 168 4 326.987 214.41 36.785 0.596 0.65 1.222 0.673
38 169 5 375.334 256.622 36.595 4.32 1.946 1.023 2.265
38 173 1 347.053 204.696 36.894 2.094 1.645 1.461 -2.311
38 174 1 381.316 243.21 36.955 4.109 1.627 1.462 2.407
38 188 2 322.17 204.994 37.374 1.487 1.905 2.152 0.738
38 190 3 357.279 226.993 36.944 0.743 0.772 1.651 -0.931
39 9 1 392.791 198.282 36.959 3.428 1.177 1.218 -1.119
39 30 1 390.915 192.9 36.922 4.185 1.864 1.532 -1.02
39 46 5 381.598 209.932 37.133 4.556 2.156 1.728 -0.503
39 49 2 357.282 220.041 37.619 12.801 2.695 2.898 0.465
39 55 1 373.828 215.14 37.016 4.657 1.892 1.473 -0.045
39 58 5 345.93 212.917 36.89 3.926 1.714 1.469 0.669
39 102 4 366.689 199.537 36.878 1.562 0.674 1.554 -2.764
39 105 4 372.073 199.315 36.977 1.477 0.637 1.609 -2.546
39 130 4 414.465 236.006 37.079 1.586 1.599 1.438 -2.349
39 135 1 406.834 228.056 37.161 1.386 0.964 1.157 -2.607
39 145 1 390.181 232.02 37.207 4.52 1.906 1.705 2.899
39 147 1 397.594 224.813 37.047 3.864 1.83 1.549 -2.903
39 163 3 397.317 251.344 37.243 0.695 0.629 1.286 -1.346
39 168 4 325.348 213.835 36.854 0.74 0.384 1.529 0.757
39 169 5 376.366 253.215 36.544 4.524 1.799 0.843 -0.943
39 173 1 347.587 204.873 36.912 3.628 1.718 1.674 -2.48
39 174 1 382.675 240.325 36.868 4.392 1.723 1.235 2.332
39 188 2 318.167 203.681 37.44 0.455 1.809 2.18 0.567
39 190 3 357.453 227.031 36.962 0.647 0.618 1.63 -1.328
40 9 1 391.871 200.218 37.06 1.968 0.447 0.781 -0.969
40 30 1 390.213 195.266 37.016 4.211 1.896 1.644 -1.059
40 46 5 379.198 211.946 37.135 4.238 2.105 1.714 -0.375
40 49 2 353.783 219.293 37.533 12.674 2.897 2.846 0.46
40 55 1 371.009 215.837 37.044 4.617 1.813 1.494 -0.008
40 58 5 342.478 211.792 36.878 3.099 1.786 1.297 0.596
40 102 4 367.545 199.638 36.871 1.617 0.694 1.509 -2.638
40 105 4 372.277 199.375 36.973 1.282 0.59 1.602 -2.589
40 130 4 416.683 237.117 36.971 0.303 1.527 0.295 -2.284
40 135 1 410.016 228.99 36.788 3.902 1.338 1.112 -2.499
40 145 1 392.769 230.861 37.181 4.41 1.819 1.635 2.998
40 147 1 399.03 224.964 37.008 1.763 1.773 1.538 -2.813
40 163 3 396.763 250.58 37.195 0.473 0.632 1.276 1.224
40 168 4 323.918 213.152 36.869 0.475 0.362 1.187 0.557
40 169 5 377.466 249.858 36.744 4.723 1.936 1.23 2.143
40 173 1 349.261 205.373 36.945 2.538 1.327 1.629 -2.475
40 174 1 384.165 237.604 36.972 4.515 1.644 1.425 2.366
40 188 2 313.509 202.09 37.512 0.396 1.948 1.967 0.594
40 190 3 357.762 227.195 36.934 0.528 0.558 1.582 -2.437
40 209 1 373.594 267.113 36.864 1.804 0.727 0.851 1.999
40 211 5 364.124 271.98 36.317 3.906 1.503 0.402 2.082
41 9 1 392.184 200.126 37.085 4.302 1.427 0.902 -1.189
41 30 1 389.772 197.076 36.982 4.327 2.183 1.593 -1.128
41 46 5 376.952 213.38 37.155 4.618 2.148 1.666 -0.374
41 49 2 350.119 218.356 37.566 12.642 2.862 2.733 0.436
41 55 1 368.177 216.288 37.051 4.729 1.91 1.462 0.038
41 58 5 339.209 210.689 36.942 1.699 1.82 1.407 0.523
41 102 4 368.267 199.84 36.944 1.56 0.659 1.46 -2.774
41 105 4 372.387 199.443 37.094 1.346 0.574 1.408 -2.768
41 135 1 412.928 230.079 36.767 3.925 1.812 0.988 -2.54
41 145 1 394.869 230.293 37.238 4.317 1.904 1.668 3.054
41 147 1 402.649 225.792 37.009 3.507 1.696 1.446 -2.644
41 163 3 396 249.935 37.22 0.715 0.67 1.542 0.337
41 169 5 378.561 246.387 36.996 4.774 1.582 1.538 2.109
41 173 1 350.827 205.581 36.662 0.85 0.573 0.73 -2.835
41 174 1 386.061 234.985 37.098 3.947 1.774 1.462 2.369
41 190 3 358.075 227.427 36.969 0.591 0.637 1.537 -2.666
41 209 1 372.728 265.285 37.065 2.665 0.551 1.055 2.011
41 211 5 364.352 270.259 36.393 4.051 1.234 0.392 2.068
42 9 1 391.89 200.493 36.886 4.36 1.294 1.396 -1.198
42 30 1 389.405 198.337 36.973 4.286 1.894 1.674 -1.228
42 46 5 374.675 214.552 37.153 5.165 2.062 1.719 -0.353
42 49 2 346.354 217.261 37.557 12.653 2.862 2.794 0.381
42 55 1 365.531 216.369 37.023 4.733 1.841 1.454 0.061
42 58 5 335.2 209.333 36.808 1.503 1.834 1.27 0.482
42 102 4 369.133 200.007 36.903 1.55 0.623 1.487 -2.904
42 105 4 372.394 199.483 37.238 1.123 0.488 1.054 -2.904
42 135 1 414.57 230.978 36.789 1.269 1.659 0.664 -2.64
42 145 1 397.454 229.986 37.237 4.088 1.877 1.805 -3.104
42 147 1 405.439 226.879 37.029 3.517 1.768 1.429 -2.644
42 163 3 395.291 249.375 37.146 0.766 0.625 1.577 0.406
42 169 5 380.009 243.128 36.861 4.816 1.782 1.319 2.078
42 174 1 387.578 233.511 37.036 4.034 1.654 1.447 2.402
42 190 3 358.471 227.694 36.995 0.882 0.772 1.605 -2.908
42 209 1 373.781 261.464 37.303 3.839 0.711 1.047 1.94
42 211 5 364.904 268.802 36.34 3.664 1.526 0.551 1.94
42 222 4 341.917 219.789 36.97 0.853 0.418 1.155 0.552
43 9 1 392.037 200.347 36.875 2.56 1.496 1.19 -1.294
43 30 1 389.197 199.094 36.881 4.217 1.907 1.683 -1.296
43 46 5 371.825 215.683 37.161 4.617 2.113 1.722 -0.336
43 49 2 342.375 215.993 37.526 12.809 2.697 2.721 0.344
43 55 1 362.868 216.372 37.026 4.553 1.889 1.459 0.041
43 58 5 330.925 207.824 36.794 1.622 1.773 1.455 0.395
43 102 4 370.225 200.303 36.902 1.358 0.675 1.445 -3.025
43 105 4 372.242 199.486 36.981 0.323 0.364 1.495 3.011
43 135 1 417.582 232.268 36.811 1.472 1.257 0.859 -2.685
43 145 1 400.008 230.151 37.158 3.811 1.83 1.67 -3.058
43 147 1 408.201 228.302 36.981 3.596 1.716 1.449 -2.662
43 163 3 394.56 248.797 37.297 0.778 0.719 1.396 0.252
43 169 5 381.674 239.999 37.015 4.836 1.683 1.533 2.071
43 174 1 389.242 231.929 37.053 4.291 1.376 1.484 2.443
43 190 3 358.97 227.951 37.009 1.008 0.669 1.618 -2.436
43 209 1 375.109 258.929 37.071 3.99 1.744 1.339 1.853
43 211 5 365.309 267.66 36.592 4.016 1.643 0.362 1.833
43 222 4 340.096 219.135 36.904 1.587 0.621 1.506 0.368
44 9 1 391.928 201.024 36.775 3.564 1.578 1.509 -1.337
44 30 1 389.142 199.462 36.988 4.188 1.988 1.582 -1.376
44 46 5 368.988 216.428 37.179 4.583 2.089 1.709 -0.341
44 49 2 338.207 214.47 37.707 12.714 2.664 2.426 0.285
44 55 1 360.196 216.206 37.021 4.753 1.883 1.459 -0.028
44 58 5 325.756 206.014 36.856 3.404 1.867 1.403 0.262
44 102 4 371.9 200.155 37.451 1.817 0.348 0.651 2.144
44 145 1 401.11 230.428 37.002 0.85 1.861 1.192 -2.885
44 147 1 410.929 229.839 36.97 3.422 1.559 1.079 -2.674
44 163 3 393.395 248.178 37.065 0.713 0.61 1.665 0.547
44 169 5 383.077 237.125 37.022 4.192 0.873 1.457 2.091
44 174 1 391.601 230.655 36.948 4.073 1.887 1.196 2.626
44 190 3 359.189 228.219 37.027 0.732 0.675 1.639 -2.059
44 209 1 375.738 256.608 36.92 4.535 1.755 1.568 1.751
44 211 5 365.553 266.803 36.363 4.388 1.693 0.736 1.739
44 222 4 338.261 218.583 36.962 1.468 0.606 1.535 0.285
45 9 1 391.882 201.126 36.84 3.712 1.512 1.41 -1.465
45 30 1 389.116 199.427 36.853 4.157 1.904 1.549 -1.492
45 46 5 366.033 216.863 37.125 4.659 2.096 1.755 -0.328
45 49 2 339.482 215.137 37.487 0.612 2.666 2.84 0.206
45 55 1 357.571 215.793 36.987 4.583 1.934 1.505 -0.057
45 58 5 321.093 204.396 36.773 3.624 1.786 1.418 0.118
45 102 4 373.366 201.44 36.928 1.338 0.701 1.448 -3.068
45 145 1 403.79 231.233 37.486 0.687 1.312 0.634 -2.903
45 147 1 413.271 231.088 37.011 2.049 1.769 1.493 -2.931
45 163 3 392.512 247.671 37.088 0.719 0.559 1.242 0.213
45 169 5 385.156 234.888 37.102 4.803 1.189 1.453 2.092
45 174 1 394.234 229.77 36.718 4.128 1.59 0.863 2.654
45 190 3 359.73 228.443 37.015 0.901 0.802 1.718 -2.711
45 209 1 375.732 254.189 37.412 3.338 0.517 0.851 1.628
45 222 4 336.687 218.142 36.893 1.578 0.657 1.708 0.203
45 228 5 348.549 206.071 36.649 0.172 0.421 0.514 -1.176
46 9 1 391.878 201.087 36.631 3.687 1.677 1.168 -1.601
46 30 1 389.07 199.462 36.975 4.335 1.778 1.715 -1.601
46 46 5 363.047 217.001 37.093 4.69 2.075 1.73 -0.312
46 49 2 333.377 212.906 37.623 3.744 2.663 3.114 0.072
46 55 1 354.655 215.17 36.969 4.786 1.974 1.486 -0.05
46 58 5 316.516 202.744 36.751 3.569 1.802 1.456 0.072
46 102 4 375.033 202.223 36.941 1.556 0.613 1.454 3.119
46 145 1 407.399 233.029 37.586 2.171 1.481 0.736 -3.062
46 163 3 391.327 247.162 37.28 0.722 0.636 1.432 0.049
46 169 5 387.448 232.923 37.057 4.484 1.63 1.434 2.096
46 174 1 394.949 229.734 36.907 0.25 1.415 0.741 2.711
46 190 3 359.981 228.78 36.992 0.804 0.664 1.648 -3.054
46 209 1 376.286 252.748 37.449 2.6 0.698 0.541 1.566
46 222 4 334.847 217.43 36.894 1.849 0.681 1.631 0.053
46 228 5 350.139 205.961 37.014 3.464 1.696 1.61 -3.007
46 232 4 314.607 210.192 36.82 0.765 0.534 1.425 0.05
47 9 1 391.567 201.277 36.907 3.277 1.065 1.209 -1.657
47 30 1 389.048 199.418 36.913 4.218 1.752 1.775 -1.657
47 46 5 360.095 216.807 37.071 4.571 2.049 1.724 -0.22
47 49 2 328.64 211.06 37.605 3.838 2.67 3.115 0.065
47 55 1 351.61 214.311 36.954 4.798 2.068 1.49 -0.064
47 58 5 312.057 201.213 36.69 3.042 1.721 1.306 3.117
47 102 4 376.967 203.251 36.868 1.638 0.549 1.324 -2.955
47 163 3 390.264 246.621 37.404 0.578 0.479 0.957 1.621
47 169 5 389.888 231.117 37.01 4.483 1.847 1.243 2.19
47 174 1 398.175 229.777 36.825 1.019 1.422 0.832 2.912
47 190 3 360.245 228.983 36.957 0.709 0.682 1.58 -3.056
47 209 1 377.295 250.209 37.312 3.643 1.228 1.12 1.553
47 222 4 333.182 216.725 36.85 1.647 0.664 1.612 0.084
47 228 5 350.48 206.041 36.998 4.286 1.797 1.654 -3.086
47 232 4 313.633 208.79 36.757 0.532 0.558 1.518 -0.007
47 238 3 313.103 209.661 36.711 0.813 0.696 1.562 -0.007
48 9 1 389.804 201.338 36.89 2.749 0.55 0.465 2.85
48 46 5 356.848 216.264 37.082 4.212 2.098 1.745 -0.14
48 49 2 323.621 209.266 37.805 3.839 2.66 2.739 -0.032
48 55 1 348.159 213.329 36.965 4.675 2.008 1.475 -0.039
48 58 5 307.007 199.469 36.702 3.616 1.656 1.554 -0.058
48 163 3 389.131 245.777 37.161 0.424 0.593 1.266 0.289
48 169 5 391.619 230.083 36.835 2.983 1.657 0.766 -0.815
48 190 3 360.813 229.279 36.926 0.959 0.802 1.54 -2.847
48 222 4 331.348 215.988 36.885 2.096 0.657 1.678 -0.008
48 228 5 350.411 206.032 37.01 4.173 1.849 1.642 -3.107
48 232 4 312.006 208.156 36.714 1.084 0.601 1.301 -0.015
48 238 3 311.469 209.119 36.768 1.126 0.656 1.465 -0.059
48 241 1 331.043 201.794 36.916 3.288 1.675 1.488 -3.103
49 46 5 353.717 215.278 37.05 4.16 2.091 1.724 -0.1
49 49 2 318.592 207.351 37.446 3.892 2.755 2.939 -0.053
49 55 1 344.633 212.144 36.962 4.59 2.035 1.473 -0.059
49 58 5 302.106 197.878 36.618 3.679 1.68 1.235 -0.101
49 169 5 394.665 228.679 36.828 4.504 1.507 0.857 2.227
49 190 3 360.963 229.661 36.968 0.626 0.624 1.522 3.08
49 222 4 329.832 215.359 36.882 1.881 0.62 1.682 0.048
49 228 5 350.37 206.036 36.965 4.062 1.697 1.653 -3.115
49 232 4 310.279 207.59 36.714 0.737 0.684 1.315 -0.017
49 238 3 309.975 208.621 36.691 1.153 0.681 1.317 -0.04
49 241 1 333.794 202.777 36.939 3.819 1.868 1.574 -3.123
49 243 4 366.185 199.378 36.911 1.809 0.538 1.513 2.884
50 46 5 350.573 214.196 37.034 4.344 2.05 1.738 -0.027
50 49 2 315.155 206.085 37.54 0.468 2.664 2.49 -0.04
50 55 1 340.974 210.94 36.941 4.461 1.904 1.478 -0.021
50 58 5 297.367 196.252 36.643 3.39 1.769 1.407 -0.058
50 190 3 361.402 229.922 36.973 0.645 0.75 1.599 -2.962
50 222 4 328.039 214.682 36.878 1.936 0.53 1.652 0
50 228 5 350.525 206.082 37.015 3.982 1.876 1.636 -3.118
50 232 4 308.956 207.11 36.769 0.748 0.611 1.531 -0.047
50 238 3 308.328 207.914 36.737 1.245 0.595 1.547 -0.047
50 241 1 336.245 203.662 36.97 3.727 1.778 1.562 -3.141
50 243 4 367.549 199.683 37.451 0.261 0.216 0.226 0
50 246 1 357.57 208.115 36.696 1.079 0.77 0.756 3.096
51 46 5 347.377 212.937 37.067 4.559 2.035 1.702 0
51 49 2 310.142 204.395 37.545 0.461 2.644 2.415 -0.026
51 55 1 337.256 209.503 36.932 4.516 1.949 1.46 -0.003
51 58 5 292.022 194.614 36.652 4.122 1.717 1.379 -0.086
51 190 3 361.64 230.363 36.926 0.515 0.521 1.396 3.086
51 222 4 326.252 214.073 36.897 1.852 0.596 1.622 -0.056
51 228 5 351.126 206.283 37.02 4.021 1.795 1.541 3.14
51 232 4 307.246 206.557 36.842 1.034 0.578 1.552 -0.02
51 238 3 306.889 207.442 36.809 1.416 0.56 1.574 0.203
51 241 1 338.302 204.483 36.957 3.681 1.858 1.561 3.142
51 243 4 369.186 200.102 37.357 0.132 0.394 0.247 -0.636
51 246 1 358.332 208.835 36.785 0.471 1.553 0.777 -3.036
51 251 4 289.339 178.896 36.764 2.221 0.853 1.105 3.072
51 252 1 314.797 196.402 37.03 4.076 1.715 1.254 3.04
52 46 5 343.887 211.557 37.016 4.535 1.982 1.684 -0.008
52 49 2 303.572 202.293 37.37 3.622 2.668 2.742 -0.062
52 55 1 333.409 207.973 36.868 4.442 2.002 1.517 0.005
52 58 5 287.244 193.155 36.561 3.549 1.767 1.038 -0.102
52 190 3 362.046 230.525 36.811 0.26 0.448 1.139 -0.104
52 222 4 324.473 213.598 36.895 1.778 0.812 1.641 -0.059
52 228 5 352.17 206.752 37.068 3.873 1.932 1.174 3.141
52 232 4 305.511 206.002 36.765 1.756 0.673 1.518 -0.064
52 238 3 305.242 206.875 36.815 1.606 0.714 1.693 0.005
52 241 1 340.039 205.091 36.969 3.307 1.729 1.561 -3.109
52 243 4 371.596 200.709 36.872 1.418 0.549 0.884 2.983
52 246 1 360.095 209.584 36.742 0.838 1.662 0.957 -3.107
52 251 4 289.918 179.084 36.724 2.346 0.642 0.819 2.902
52 252 1 318.559 197.643 36.955 4.167 1.912 1.684 3.097
53 46 5 340.258 210.133 37.044 4.534 2.064 1.762 0.001
53 49 2 298.457 200.776 37.438 3.354 2.634 2.855 -0.081
53 55 1 329.37 206.334 36.903 4.466 2.036 1.437 0.001
53 58 5 282.014 191.659 36.691 3.809 1.801 1.259 -0.103
53 222 4 323.045 213.057 36.904 1.732 0.695 1.644 -0.024
53 228 5 353.676 207.57 37.076 3.856 1.427 1.168 -3.097
53 232 4 303.986 205.466 36.809 1.803 0.604 1.577 -0.04
53 238 3 303.696 206.393 36.804 1.735 0.661 1.701 -0.024
53 241 1 341.846 205.82 37.169 2.899 1.634 1.117 -3.098
53 243 4 373.333 201.281 36.916 1.623 0.359 1.097 3.129
53 246 1 362.689 210.569 37.036 2.142 1.638 1.437 -3.097
53 251 4 290.179 179.207 36.778 2.709 0.706 1.041 2.961
53 252 1 321.453 198.607 36.964 4.432 1.954 1.711 3.123
54 46 5 336.217 208.642 36.946 4.167 2.014 1.633 0.031
54 49 2 294.557 199.616 37.553 0.546 2.648 2.502 -0.029
54 55 1 325.287 204.766 36.86 4.378 1.986 1.491 0.003
54 58 5 277.004 190.217 36.679 3.478 1.857 1.234 -0.047
54 222 4 321.301 212.502 36.848 1.735 0.674 1.663 0.017
54 232 4 302.381 204.971 36.841 1.88 0.55 1.666 -0.065
54 238 3 302.083 205.832 36.824 1.902 0.57 1.64 0.004
54 241 1 343.404 206.517 37.28 1.837 1.427 0.816 -2.977
54 246 1 365.006 211.364 36.989 2.2 1.606 1.378 3.129
54 251 4 290.651 179.345 36.627 2.758 0.76 1.467 3.059
54 252 1 323.894 199.442 36.958 4.138 1.851 1.729 -3.136
55 46 5 332.344 207.117 36.998 3.952 1.877 1.715 0.01
55 49 2 287.736 197.598 37.426 3.518 2.738 2.709 -0.026
55 55 1 320.987 203.155 36.844 4.341 1.918 1.466 0.037
55 58 5 271.795 188.757 36.677 3.767 1.764 1.318 -0.063
55 222 4 319.52 211.933 36.875 1.757 0.681 1.65 0.043
55 232 4 300.828 204.467 36.864 1.822 0.657 1.645 0.013
55 238 3 300.595 205.374 36.854 1.627 0.69 1.638 -0.048
55 251 4 291.31 179.372 36.665 2.58 1.072 1.457 -3.131
55 252 1 325.953 200.142 37.016 3.367 1.569 1.555 -3.12
56 46 5 328.31 205.692 36.98 4.063 2.109 1.733 0.038
56 49 2 277.867 194.672 37.387 12.593 3.02 2.753 -0.054
56 55 1 316.36 201.539 36.824 4.088 2.005 1.521 0.038
56 58 5 266.615 187.32 36.698 3.759 1.774 1.336 -0.072
56 222 4 317.682 211.378 36.818 1.515 0.641 1.592 -0.034
56 232 4 299.24 204.057 36.888 1.892 0.998 1.651 -0.001
56 238 3 298.993 204.991 36.868 1.987 0.899 1.676 -0.027
56 251 4 291.74 179.569 36.667 2.615 0.954 1.499 -3.13
56 252 1 327.997 200.847 37.212 2.776 1.595 1.044 -3.093
57 46 5 324.204 204.179 36.89 4.047 1.982 1.634 0.036
57 49 2 272.225 193.066 37.509 12.654 2.726 2.744 -0.023
57 55 1 311.654 199.956 36.822 4 1.986 1.49 0.032
57 58 5 261.505 185.979 36.799 3.71 1.752 1.501 -0.05
57 222 4 315.916 210.791 36.783 1.346 0.685 1.546 0.031
57 232 4 297.813 203.547 36.849 2.161 0.765 1.631 0.053
57 238 3 297.289 204.498 36.882 1.78 0.766 1.679 0.053
57 251 4 291.831 179.477 36.706 3.512 1.284 1.492 -3.132
57 252 1 329.987 201.514 37.369 2.274 1.568 0.634 3.114
57 264 4 251.525 170.041 36.855 1.069 0.529 1.05 -3.138
57 265 1 288.176 184.578 36.791 4.314 1.775 1.545 -3.138
58 46 5 319.793 202.741 36.989 3.778 2.02 1.392 0.058
58 49 2 266.483 191.41 37.496 12.631 2.769 2.865 -0.012
58 55 1 306.658 198.398 36.811 3.895 1.935 1.43 0.054
58 58 5 256.379 184.634 36.722 3.606 1.933 1.326 -0.011
58 222 4 314.151 210.229 36.715 1.278 0.532 1.477 0.032
58 232 4 296.388 203.158 36.86 1.761 0.633 1.629 -0.029
58 238 3 296.069 204.097 36.868 1.791 0.679 1.693 -0.002
58 251 4 292.473 179.659 36.763 3.634 1.41 1.542 3.119
58 252 1 331.204 202.26 37.279 0.519 0.204 0.188 -1.46
58 264 4 255.6 170.946 36.716 1.126 0.722 1.217 3.123
58 265 1 294.553 186.61 36.825 4.148 1.669 1.507 -3.124
59 46 5 315.527 201.314 37.015 4.046 2.07 1.485 0.05
59 49 2 260.664 189.837 37.487 12.768 2.796 2.837 -0.011
59 55 1 301.592 196.688 36.826 4.023 2.03 1.429 0.053
59 58 5 251.42 183.262 36.84 3.369 1.802 1.499 -0.049
59 222 4 312.466 209.661 36.846 1.516 0.594 1.588 0.05
59 232 4 294.804 202.733 36.857 1.69 0.684 1.626 0.024
59 238 3 294.423 203.462 36.843 1.532 0.704 1.631 0.108
59 251 4 292.955 179.774 36.694 3.433 1.386 1.497 3.137
59 264 4 259.635 172.013 36.658 1.719 0.543 1.436 3.121
59 265 1 301.114 188.757 36.751 4.093 1.623 1.565 -3.082
59 267 1 258.015 179.523 36.95 3.621 1.313 0.829 3.115
60 46 5 311.136 200 36.909 4.068 1.704 1.503 0.043
60 49 2 255.054 188.304 37.329 12.335 2.787 2.457 -0.003
60 55 1 296.252 194.971 36.837 3.974 1.893 1.418 0.046
60 58 5 246.228 181.751 36.786 3.536 1.878 1.342 -0.001
60 222 4 310.684 209.094 36.862 1.252 0.567 1.373 0.01
60 232 4 293.35 202.262 36.775 1.37 0.589 1.474 0.048
60 238 3 292.931 202.96 36.842 1.435 0.674 1.677 -0.005
60 251 4 293.452 179.962 36.715 3.504 1.34 1.495 -3.109
60 264 4 263.839 172.965 36.726 1.768 0.824 1.469 3.111
60 265 1 306.327 190.24 36.501 0.881 1.56 1.081 -3.124
60 267 1 264.848 181.857 36.857 3.961 1.775 1.466 3.112
61 46 5 306.763 198.629 36.928 3.904 1.763 1.555 0.03
61 49 2 248.999 186.651 37.454 12.653 2.741 2.657 0.008
61 55 1 290.759 193.315 36.846 3.872 2.067 1.461 0.04
61 58 5 241.064 180.38 36.911 3.913 1.83 1.32 0
61 222 4 309.046 208.685 36.744 1.118 0.54 1.517 0.026
61 232 4 291.614 201.659 36.804 1.357 0.669 1.484 0.029
61 238 3 291.18 202.458 36.787 1.222 0.578 1.486 0.032
61 251 4 293.929 180.152 36.686 3.572 1.396 1.442 -3.052
61 264 4 267.998 174.104 36.713 1.751 0.625 1.362 3.113
61 265 1 312.776 192.364 36.755 0.458 1.55 0.644 -3.083
61 267 1 271.229 183.623 36.902 4.364 1.761 1.463 -3.128
62 46 5 302.336 197.186 36.896 4.364 1.993 1.723 0.07
62 49 2 243.331 185.209 37.462 12.003 2.772 2.678 0.004
62 55 1 285.189 191.738 36.856 3.734 1.947 1.457 0.061
62 58 5 236.332 179.099 36.94 3.458 1.859 1.48 -0.003
62 222 4 307.31 208.147 36.765 0.875 0.538 1.064 0.026
62 232 4 290.233 201.219 36.858 1.061 0.672 1.493 0.068
62 238 3 289.825 202.072 36.8 1.195 0.682 1.586 0.098
62 251 4 294.426 180.23 36.76 3.13 1.415 1.519 -3.11
62 264 4 272.065 175.247 36.709 1.781 0.594 1.476 3.127
62 267 1 277.144 185.178 36.98 2.188 1.4 1.164 -3.124
63 46 5 297.463 195.685 36.976 4.075 1.675 1.346 0.044
63 49 2 236.961 183.57 37.507 12.643 2.744 2.677 0.01
63 55 1 279.841 190.337 36.814 4.005 1.706 1.364 0.03
63 58 5 231.293 177.732 36.896 3.91 1.825 1.469 0
63 232 4 288.75 200.71 36.707 1.345 0.663 1.462 0.009
63 238 3 288.252 201.624 36.786 0.608 0.527 1.667 0.012
63 251 4 294.967 180.522 36.772 3.45 1.228 1.11 -3.045
63 264 4 276.217 176.533 36.785 1.672 0.391 1.404 -3.048
63 279 1 236.367 187.301 36.819 1.548 1.489 1.471 0.011
64 46 5 291.829 194.037 36.996 2.213 1.532 1.151 0.091
64 49 2 230.765 182.031 37.505 12.652 2.694 2.742 0.007
64 55 1 274.287 188.813 36.809 3.82 1.846 1.338 -0
64 58 5 226.409 176.447 36.936 4.096 1.773 1.5 0.011
64 232 4 287.064 200.221 36.817 0.872 0.51 1.337 -0.041
64 238 3 286.69 201.241 36.929 0.304 0.503 1.097 -0.061
64 251 4 295.471 180.71 36.543 3.138 1.067 1.179 0.11
64 264 4 280.274 177.884 36.688 1.586 0.411 1.296 -2.983
64 279 1 233.391 186.456 36.873 4.179 1.646 1.53 0.005
65 46 5 286.87 192.609 36.913 1.976 1.577 1.154 0
65 49 2 224.468 180.487 37.478 12.678 2.795 2.698 0
65 55 1 268.782 187.414 36.84 3.872 1.921 1.447 0.004
65 58 5 221.9 175.28 36.964 3.607 1.786 1.507 -0.004
65 232 4 285.427 199.762 36.767 0.717 0.464 1.215 0.15
65 238 3 285.014 200.811 37.013 0.616 0.536 0.672 -0.008
65 251 4 295.891 180.815 36.677 3.105 1.104 1.054 -3.056
65 264 4 284.191 179.258 36.663 1.259 0.381 1.056 -3.041
65 279 1 231.42 185.933 36.874 4.439 1.644 1.508 0.012
66 46 5 281.846 191.285 37.056 2.274 1.566 1.274 0.003
66 49 2 218.076 178.971 37.536 12.632 2.825 2.661 -0.002
66 55 1 263.251 186.115 36.836 3.791 1.734 1.402 0.004
66 58 5 217.213 173.985 36.985 3.716 1.784 1.476 -0.02
66 232 4 283.884 199.365 36.82 0.741 0.478 1.31 -3.091
66 238 3 283.279 200.365 36.82 0.765 0.486 1.349 0.051
66 264 4 288.315 180.468 36.639 1.022 0.503 0.998 0.035
66 279 1 229.388 185.416 36.903 4.48 1.908 1.539 0.047
67 46 5 276.632 189.833 37.058 2.218 1.253 1.266 0.027
67 49 2 211.518 177.492 37.575 12.633 2.931 2.687 -0.02
67 55 1 257.561 184.655 36.905 3.673 1.72 1.238 0.038
67 58 5 212.403 172.742 37.024 4.087 1.742 1.503 -0.009
67 232 4 282.471 199.039 36.85 0.543 0.316 1.115 -0.055
67 238 3 281.867 200.042 36.98 0.544 0.355 0.835 -0.028
67 279 1 227.08 184.599 36.949 4.502 1.845 1.589 0.055
67 285 1 177.179 154.907 37.393 4.423 1.547 1.241 3.133
67 286 1 191.123 195.936 37.775 1.005 0.376 0.971 -1.58
68 46 5 271.593 188.416 36.869 2.706 1.942 1.268 0.04
68 49 2 205.118 176.06 37.61 12.602 2.77 2.714 -0.005
68 55 1 251.984 183.234 36.765 3.591 1.768 1.207 0.067
68 58 5 207.925 171.577 37.027 4.08 1.816 1.484 -0.002
68 279 1 224.976 184.049 36.901 5.016 1.847 1.527 0.085
68 285 1 184.648 156.81 37.281 4.335 1.586 1.276 -3.141
68 286 1 191.047 194.779 37.762 2.433 1.18 1.02 -1.589
68 295 1 208.791 166.911 37.061 4.102 1.767 1.608 -3.132
69 46 5 265.283 186.935 36.708 1.063 1.204 0.857 -0.088
69 49 2 198.703 174.569 37.585 12.665 2.797 2.616 0
69 55 1 246.443 181.779 36.853 3.568 1.707 1.433 0.027
69 58 5 203.427 170.439 37.017 4.175 1.842 1.454 0.002
69 279 1 222.71 183.221 36.915 5.014 1.88 1.51 0.107
69 285 1 192 158.653 37.301 4.541 1.628 1.544 -3.134
69 286 1 190.852 194.496 37.982 2.037 1.328 0.761 -1.556
69 295 1 216.451 169.084 37.088 4.389 1.806 1.638 -3.102
69 299 2 153.957 163.709 37.93 5.166 2.206 2.608 0.056
70 46 5 260.613 185.449 37.045 2.1 1.583 1.345 0.026
70 49 2 192.325 173.118 37.678 12.64 2.843 2.882 -0.006
70 55 1 241.085 180.405 36.944 3.791 1.761 1.313 0.032
70 58 5 199.173 169.379 37.066 4.13 1.828 1.448 -0.005
70 279 1 220.432 182.445 36.94 4.283 1.926 1.486 0.106
70 285 1 199.418 160.478 37.136 4.555 1.76 1.895 3.129
70 286 1 190.935 194.638 37.759 2.394 1.371 1.065 -1.524
70 295 1 223.29 170.767 37.042 2.606 1.897 1.619 -3.121
70 299 2 149.774 162.733 38.001 3.725 2.354 2.599 -0.003
70 301 1 188.746 154.924 36.4 4.213 1.577 0.667 3.14
71 46 5 254.774 184.252 36.78 1.389 1.243 0.838 0.009
71 49 2 185.946 171.623 37.613 12.724 2.741 2.721 -0.004
71 55 1 235.537 178.993 36.943 3.894 1.755 1.448 0.017
71 58 5 195.081 168.4 37.061 4.187 1.793 1.505 -0.025
71 279 1 217.927 181.524 36.962 4.149 1.976 1.569 0.116
71 285 1 206.632 162.134 37.141 4.345 1.876 1.855 -3.128
71 286 1 191.238 194.705 37.848 2.184 0.703 0.971 -1.521
71 295 1 230.903 172.768 37.515 1.135 1.495 0.64 -3.137
71 299 2 144.39 161.439 37.81 5.168 2.3 2.67 -0.01
71 301 1 197.021 156.822 36.912 4.694 1.864 1.506 -3.132
71 302 4 155.019 146.06 37 1.406 0.471 1.398 3.106
72 46 5 250.663 182.998 37.081 3.911 1.323 1.314 0.021
72 49 2 179.672 170.189 37.699 12.624 2.805 2.732 0.005
72 55 1 229.897 177.573 36.899 3.496 1.676 1.322 0.124
72 58 5 191.169 167.497 37.113 4.237 1.824 1.506 0.005
72 279 1 215.307 180.594 36.976 4.185 1.984 1.544 0.137
72 285 1 213.674 163.938 37.108 4.392 1.641 1.84 3.14
72 286 1 191.249 194.081 37.946 1.078 0.876 0.732 -1.612
72 299 2 141.176 160.668 37.911 2.677 2.319 2.607 0.022
72 301 1 205.052 158.952 36.922 4.484 1.53 1.392 -3.118
72 302 4 162.969 148.039 36.981 1.973 0.593 1.396 -3.115
73 46 5 244.313 181.034 36.983 2.01 1.844 1.335 0.019
73 49 2 173.79 168.786 37.651 12.008 2.7 2.711 0.029
73 55 1 224.541 176.077 36.836 3.606 1.812 0.985 0.019
73 58 5 187.382 166.617 37.116 4.235 1.82 1.467 0.002
73 279 1 212.644 179.564 36.97 4.173 1.872 1.506 0.036
73 285 1 220.819 165.75 37.318 4.244 1.647 1.247 -3.128
73 299 2 136.835 159.631 37.894 3.229 2.114 2.859 -0.044
73 301 1 213.389 161.02 36.631 4.416 1.843 0.895 -3.078
73 302 4 171.057 150.062 37.054 2.181 0.657 1.411 -3.122
73 304 1 172.343 157.418 37.243 4.368 1.499 1.16 3.137
74 46 5 238.928 179.929 37.085 1.856 1.301 1.323 0.066
74 49 2 167.503 167.208 37.675 12.638 2.796 2.68 0.039
74 55 1 219.094 174.619 36.908 3.365 1.746 0.977 0.087
74 58 5 183.785 165.865 37.148 4.37 1.763 1.504 0.015
74 279 1 209.209 178.471 37.005 2.98 1.944 1.412 0.087
74 285 1 227.887 167.659 37.377 4.073 1.57 1.206 -3.087
74 299 2 131.88 158.142 37.965 5.434 1.737 2.524 0.068
74 301 1 221.414 163.285 36.941 4.409 1.49 1.045 -3.071
74 302 4 179.187 151.99 37.081 2.163 0.757 1.558 -3.107
74 304 1 179.504 159.331 37.279 4.061 1.707 1.051 -3.112
74 305 1 128.972 153.999 37.314 0.266 1.705 1.827 0.084
75 46 5 234.53 178.732 37.142 3.805 1.649 1.318 -0.013
75 49 2 161.699 165.786 37.723 12.842 2.707 2.836 0.042
75 55 1 213.995 173.235 36.947 3.694 1.776 1.334 0.049
75 58 5 180.339 164.977 37.291 4.474 1.862 1.199 0.025
75 279 1 206.006 177.459 36.958 2.299 1.901 1.429 0.029
75 285 1 234.418 169.376 37.286 3.169 1.633 1.318 -3.135
75 299 2 129.169 157.636 37.955 3.324 1.495 2.94 -0.069
75 301 1 229.087 165.257 36.541 4.32 1.704 0.487 -3.118
75 302 4 186.99 153.969 37.038 1.672 0.689 1.543 -3.121
75 304 1 186.041 161.026 37.111 4.366 1.734 1.497 -3.102
75 305 1 124.997 153.008 37.423 0.416 1.602 1.598 -0.073
76 46 5 228.308 177.062 37.137 1.895 1.422 1.34 0.047
76 49 2 156.266 164.581 37.743 12.554 2.741 2.839 0.005
76 55 1 208.782 171.816 36.942 3.648 1.797 1.323 0.029
76 58 5 177.442 164.339 37.282 4.515 1.845 1.251 0.026
76 279 1 203.024 176.482 36.989 1.877 1.769 1.194 0.018
76 299 2 121.917 155.699 38.043 11.196 1.568 2.841 0.025
76 301 1 220 161.54 39.859 6.174 2.242 0.894 3.141
76 302 4 195.302 156.109 37.014 2.037 0.616 1.528 -3.09
76 304 1 193.018 162.864 37.134 3.965 1.619 1.412 -3.088
76 305 1 120.776 151.956 37.387 0.946 1.71 1.786 0.024
77 46 5 222.971 175.701 37.113 1.918 1.528 1.291 -0.04
77 49 2 150.959 163.424 37.76 12.65 2.695 2.812 -0.034
77 55 1 203.807 170.496 36.999 3.827 1.788 1.192 -0.019
77 58 5 174.48 163.75 37.215 4.5 1.962 1.553 -0.034
77 279 1 200.311 175.731 37.049 2.851 1.935 1.482 -0.019
77 299 2 122.59 156.212 37.938 3.269 1.724 2.96 -0.042
77 302 4 203.417 158.35 37.076 2.031 0.594 1.162 3.138
77 304 1 199.81 164.495 37.472 2.825 1.185 0.628 0.018
77 305 1 117.262 151.006 37.62 0.325 1.723 1.419 -0.011
77 308 5 120.728 140.709 37.056 2.919 1.626 0.379 0.004
77 309 5 138.327 145.793 37.257 3.097 1.226 0.339 -0.025
78 46 5 218.111 174.358 37.202 2.724 2.072 1.066 0.001
78 49 2 146.105 162.503 37.828 12.553 2.751 2.783 -0.076
78 55 1 198.644 169.058 36.955 3.46 1.829 1.22 -0.011
78 58 5 171.823 163.209 37.214 4.358 2.036 1.486 -0.066
78 279 1 196.94 174.748 37.114 2.296 1.836 1.262 0.012
78 299 2 119.682 155.857 38.113 3.118 2.419 2.833 -0.03
78 302 4 211.193 160.452 37.026 1.231 0.543 0.813 3.116
78 305 1 113.417 150.033 37.616 0.304 1.775 1.679 -0.005
78 308 5 127.341 142.304 37.238 3.757 1.86 0.716 3.108
78 309 5 145.189 147.243 37.142 4.046 1.924 1.255 3.112
79 46 5 212.406 173.016 37.133 1.963 1.517 1.349 3.099
79 49 2 141.492 161.601 37.789 12.877 2.695 2.803 -0.081
79 55 1 193.689 167.733 36.986 3.434 1.796 1.209 3.138
79 58 5 169.217 162.719 37.194 4.095 2.002 1.523 -0.074
79 279 1 193.99 173.813 37.099 2.484 1.645 1.319 -3.11
79 299 2 112.837 154.423 38.129 11.444 3.065 3.343 -0.042
79 302 4 219.094 162.642 36.992 1 0.448 1.16 3.118
79 305 1 109.611 149.067 37.581 0.337 1.72 1.621 0.03
79 308 5 134.202 144.146 37.242 4.173 1.767 1.19 3.104
79 309 5 151.958 149.06 37.115 4.165 1.748 1.43 3.133
79 310 1 140.472 166.937 37.299 2.989 1.584 1.373 0.67
79 311 1 129.753 147.174 37.325 2.674 1.563 0.769 3.096
80 46 5 206.559 171.451 36.985 0.613 1.65 0.635 0.006
80 49 2 137.592 160.856 37.776 12.718 2.805 2.671 -0.058
80 55 1 188.928 166.616 37.032 3.606 1.626 1.069 0.016
80 58 5 166.627 162.3 37.216 3.881 2.018 1.474 -0.069
80 279 1 191.127 173.015 37.168 2.785 1.688 1.42 0.034
80 299 2 110.285 153.877 38.003 11.367 2.91 3.047 -0.02
80 305 1 105.563 148.063 37.367 0.87 1.635 1.891 0
80 308 5 140.973 145.898 37.19 4.412 1.884 1.445 -3.139
80 309 5 158.53 150.69 37.131 4.266 1.836 1.396 3.119
80 310 1 140.089 166.464 37.32 4.294 1.764 1.495 0.668
80 311 1 136.391 148.712 37.495 3.834 1.969 1.372 3.115
81 46 5 202.251 170.308 37.198 2.53 1.888 1.004 -0.045
81 49 2 134.144 160.124 37.803 12.727 2.718 2.696 -0.032
81 55 1 184.077 165.242 37.552 1.738 1.481 0.565 0.014
81 58 5 164.133 161.912 37.194 3.877 2.004 1.507 -0.028
81 279 1 188.182 172.135 37.068 2.707 1.699 1.611 0.026
81 299 2 107.852 153.297 38.15 11.361 2.963 3.231 -0.045
81 305 1 101.788 147.153 37.462 0.872 1.735 1.564 -0
81 308 5 147.736 147.666 37.193 4.45 1.804 1.471 -3.126
81 309 5 165.188 152.407 37.088 4.045 1.598 1.379 -3.134
81 310 1 139.87 166.31 37.333 4.577 1.93 1.457 0.705
81 311 1 143.244 150.53 37.354 4.429 1.849 1.696 -3.123
81 312 5 110.274 137.946 37.236 1.39 0.449 0.459 3.13
82 46 5 196.808 169.088 37.451 2.176 1.732 0.773 0.037
82 49 2 131.061 159.491 37.753 12.652 2.834 2.618 -0.022
82 55 1 179.02 163.629 37.195 2.488 1.322 0.803 -3.086
82 58 5 161.832 161.584 37.209 4.141 2.084 1.497 -0.111
82 279 1 184.929 171.21 37.133 1.981 1.665 1.112 0.073
82 299 2 105.574 152.874 38.141 11.3 2.845 3.328 0
82 305 1 98.002 146.258 37.369 0.872 1.835 1.821 0.015
82 308 5 155.197 149.693 37.424 2.308 1.747 0.947 -3.132
82 309 5 171.596 154.006 37.327 2.984 1.654 0.989 -3.105
82 310 1 139.911 166.213 37.405 4.461 1.849 1.51 0.694
82 311 1 149.928 152.356 37.384 4.257 1.805 1.633 -3.113
82 312 5 114.794 140.626 37.508 3.137 0.329 0.575 -3.128
82 313 5 103.562 139.42 37.661 0.821 1.684 0.432 -3.116
82 314 1 128.567 147.244 37.315 3.841 1.747 1.313 -3.132
82 315 2 86.379 147.721 37.822 3.889 0.765 2.455 0.032
83 46 5 191.55 167.683 37.544 1.833 1.438 0.748 0.002
83 49 2 128.238 158.975 37.739 12.68 2.856 2.494 -0.009
83 55 1 174.268 162.635 37.043 2.784 1.516 1.207 0.006
83 58 5 159.275 161.249 37.214 3.918 2.051 1.467 -0.104
83 279 1 182.072 170.381 37.171 2.091 1.588 1.115 0.056
83 299 2 103.41 152.434 38.126 11.413 3.005 3.082 -0.04
83 305 1 94.366 145.355 37.47 0.939 1.705 1.99 0.046
83 308 5 160.415 150.941 37.148 2.457 1.78 1.373 3.127
83 309 5 178.568 155.728 37.281 2.949 1.701 0.909 3.116
83 310 1 139.685 166.206 37.379 4.378 1.909 1.532 0.708
83 311 1 157.034 154.154 37.315 4.048 1.799 1.646 -3.139
83 312 5 121.478 141.558 37.171 4.581 1.865 1.399 -3.103
83 313 5 109.362 141.012 37.57 2.825 1.73 0.39 -3.137
83 314 1 134.457 148.785 37.293 4.659 1.776 1.405 -3.105
83 315 2 87.861 148.059 38.053 0.842 0.641 2.679 -0.02
83 316 2 86.382 130.424 37.98 3.338 2.813 1.976 -3.102
84 46 5 186.519 166.347 37.308 1.886 1.199 1.313 0.043
84 49 2 125.43 158.342 37.735 12.904 3.064 2.448 -0.019
84 55 1 169.876 161.678 37.073 3.269 1.903 1.385 -0.046
84 58 5 156.714 161.003 37.269 3.853 1.97 1.599 -0.079
84 279 1 178.914 169.381 36.923 1.339 1.653 0.83 0.074
84 299 2 101.545 152.005 38.023 11.567 2.742 2.981 -0.009
84 305 1 90.946 144.548 37.481 0.859 1.685 1.925 -0.009
84 308 5 168.23 153.052 37.237 3.862 1.605 1.006 -3.126
84 310 1 139.602 166.123 37.342 4.011 1.897 1.468 0.674
84 311 1 162.627 155.525 37.563 0.223 1.386 0.186 -3.11
84 312 5 127.605 143.199 37.267 4.831 1.862 1.553 -3.118
84 313 5 115.827 142.493 37.231 4.276 2.032 1.587 -3.122
84 314 1 140.438 150.233 37.333 4.409 1.94 1.526 -3.096
84 315 2 86.09 148.41 38.578 4.46 2.214 3.665 0.023
84 316 2 85.629 130.099 38.176 11.904 2.764 2.83 -3.137
85 46 5 181.616 165.203 37.271 2.189 1.354 1.288 -0.058
85 49 2 122.859 157.664 37.699 12.698 2.947 2.34 -0.021
85 55 1 165.625 160.614 37.069 4.04 1.798 1.16 0.039
85 58 5 154.339 160.702 37.182 3.863 1.858 1.471 -0.081
85 279 1 175.915 168.573 36.981 0.769 1.429 0.563 -0.058
85 299 2 100.027 151.685 38 11.425 2.689 3.05 -0.016
85 305 1 87.86 143.78 37.581 0.316 1.596 1.811 0.016
85 308 5 175.162 154.839 37.193 3.431 1.682 0.742 3.136
85 310 1 139.582 166.209 37.379 3.977 1.904 1.546 0.784
85 311 1 170.208 157.386 37.66 0.477 1.315 0.581 3.112
85 312 5 133.807 144.772 37.249 4.706 1.972 1.454 3.135
85 313 5 122.178 144.204 37.287 3.816 1.779 1.476 -3.12
85 314 1 146.034 151.749 37.451 2.558 1.562 1.008 -3.082
85 315 2 85.951 148.142 38.567 4.687 2.23 3.559 -0.033
85 316 2 92.569 131.766 38.099 4.107 2.843 2.747 3.114
85 319 5 101.224 139.674 37.628 1.508 0.922 0.116 3.101
86 46 5 176.745 164.206 37.183 2.717 1.256 1.331 0.03
86 49 2 120.562 157.247 37.688 12.95 3.045 2.353 -0.017
86 55 1 160.956 159.463 37.068 3.553 1.743 1.024 0.042
86 58 5 152.089 160.377 37.136 4.288 1.867 1.349 -0.173
86 279 1 173.972 168.081 37.155 2.287 1.487 1.286 0.045
86 299 2 98.777 151.366 38.051 11.355 2.765 2.964 -0.018
86 305 1 84.731 143.057 37.65 0.264 1.67 1.558 0.004
86 308 5 181.579 156.586 37.23 1.591 1.405 0.802 -3.111
86 310 1 139.559 166.252 37.361 4.133 1.877 1.421 0.721
86 311 1 177.955 159.534 37.875 0.021 0.628 0.046 3.121
86 312 5 140.095 146.413 37.229 4.472 1.796 1.431 -3.111
86 313 5 128.242 145.684 37.311 3.757 1.928 1.51 -3.139
86 314 1 152.591 153.457 37.722 1.071 1.268 0.328 -3.104
86 315 2 82.496 146.771 38.102 11.837 0.817 3.008 0.016
86 316 2 92.652 131.692 38.279 12.024 2.984 2.7 3.121
86 319 5 109.182 141.305 37.487 4.327 1.589 1.119 -3.132
87 46 5 171.487 162.609 37.232 1.879 1.506 1.31 -0.005
87 49 2 118.519 156.734 37.66 12.308 2.871 2.255 -0.005
87 55 1 156.404 158.28 37.05 3.576 1.753 1.097 0.04
87 58 5 149.598 160.17 37.193 3.866 2 1.443 -0.086
87 279 1 171.548 167.177 37.413 1.686 1.021 0.716 -0.006
87 299 2 97.434 151.084 37.959 11.895 2.81 2.853 -0.017
87 305 1 81.487 142.191 37.524 0.927 1.765 1.765 0.011
87 310 1 139.595 166.244 37.305 4.096 1.944 1.274 0.685
87 312 5 146.491 148.04 37.28 3.922 1.724 1.257 -3.111
87 313 5 134.682 147.365 37.288 3.794 1.708 1.476 -3.111
87 315 2 82.944 148.488 38.121 10.046 4.08 3.09 -0.019
87 316 2 96.305 132.546 38.062 12.296 2.817 3.193 3.129
87 319 5 115.914 142.986 37.286 4.48 1.858 1.413 -3.113
87 320 2 66.299 123.923 38.145 7.687 2.716 2.973 -3.027
87 321 1 81.252 129.38 37.377 1.458 0.78 0.881 -3.098
88 46 5 166.951 161.695 37.235 2.73 1.847 1.396 -0.017
88 49 2 116.51 156.289 37.774 12.15 2.847 2.433 -0.001
88 55 1 151.686 157.143 37.239 3.722 1.73 1.373 0.011
88 58 5 147.36 159.894 37.226 3.815 1.836 1.425 -0.112
88 279 1 169.397 166.634 37.571 0.6 1.498 0.406 -0.005
88 299 2 96.858 150.942 37.989 11.461 2.877 2.931 -0.012
88 305 1 78.704 141.599 37.518 1.023 1.719 1.897 0.004
88 310 1 139.545 166.287 37.274 4.156 1.748 1.662 0.676
88 312 5 153.132 150.136 37.469 3.375 0.757 0.7 -3.131
88 313 5 141.045 149.007 37.289 2.998 1.593 1.311 -3.108
88 315 2 82.085 146.73 38.106 11.829 1.401 3.176 -0
88 316 2 100.293 133.485 38.207 12.342 2.989 3.127 3.133
88 319 5 122.26 144.359 37.263 4.305 1.908 1.409 3.117
88 320 2 67.252 124.35 38.279 6.347 2.682 2.631 -3.097
88 321 1 84.138 129.928 37.514 1.445 0.944 0.934 -3.127
88 323 5 85.863 135.218 37.782 0.792 1.532 0.397 -3.119
89 46 5 161.999 160.33 37.221 2.007 1.565 0.929 0.011
89 49 2 114.36 155.857 37.799 12.664 3.075 2.539 -0.002
89 55 1 146.453 155.867 37.215 2.667 1.727 1.163 0.028
89 58 5 145.24 159.674 37.206 3.926 2.101 1.498 -0.152
89 299 2 95.569 150.655 37.865 12.144 2.815 2.563 -0.015
89 305 1 76.086 140.952 37.575 1.039 1.715 2.032 0.001
89 310 1 139.401 166.12 37.127 3.579 1.646 1.231 0.711
89 313 5 147.829 150.725 37.426 2.687 1.365 0.935 -3.113
89 315 2 81.908 146.536 37.945 11.689 0.648 2.941 0.023
89 316 2 104.431 134.352 37.925 12.251 3.158 2.955 -3.139
89 319 5 128.735 145.852 37.294 3.335 1.756 1.178 -3.1
89 320 2 64.804 124.002 38.252 11.307 3.017 2.78 -3.138
89 321 1 86.996 130.309 37.503 1.699 0.712 1.177 2.812
89 323 5 90.616 136.563 37.463 1.881 1.829 1.035 -3.112
89 325 4 82.596 127.583 37.149 0.999 0.642 1.089 3.032
90 46 5 157.217 159.171 37.341 2.215 1.564 1.033 0.026
90 49 2 113.08 155.525 37.878 12.099 3.004 2.494 -0.001
90 55 1 141.626 154.617 37.166 2.632 1.81 1.282 0
90 58 5 143.213 159.429 37.127 3.846 1.791 1.113 -0.126
90 299 2 94.817 150.526 37.884 11.85 2.839 2.561 -0.005
90 305 1 73.886 140.439 37.636 0.395 1.581 1.834 0.008
90 310 1 139.215 166.238 37.315 3.461 1.727 1.627 0.708
90 313 5 153.844 152.22 37.446 0.473 1.432 0.255 -3.101
90 315 2 81.306 147.079 38.024 11.791 2.132 2.888 0.038
90 316 2 108.42 135.424 37.934 11.784 2.916 2.759 -3.13
90 319 5 135.426 147.21 37.639 2.114 1.416 0.546 -3.133
90 320 2 66.427 124.124 38.33 8.27 2.794 2.518 -3.047
90 321 1 90.12 130.713 37.349 2.106 0.773 1.43 2.927
90 323 5 94.061 137.443 37.466 3.79 1.85 1.396 -3.116
90 325 4 85.124 127.647 37.702 0.224 0.39 0.351 -3.117
90 327 5 61.833 124.973 37.894 0.115 0.408 0.282 -2.946
91 46 5 151.724 157.857 37.158 0.786 1.56 0.61 -0.003
91 49 2 111.603 155.192 37.934 12.512 2.986 2.726 0.001
91 55 1 137.295 153.568 37.101 3.794 1.776 1.098 0.006
91 58 5 141.284 159.306 37.106 3.911 1.776 1.098 -0.16
91 299 2 94.101 150.326 37.842 11.56 2.95 2.443 -0.019
91 305 1 71.199 139.796 37.603 0.996 1.731 1.941 0.034
91 310 1 138.786 164.961 36.957 0.764 1.779 0.96 0.785
91 315 2 80.755 147.208 37.861 11.818 2.606 2.547 0.029
91 316 2 112.885 136.521 37.995 11.907 2.803 3.025 -3.132
91 319 5 141.615 148.42 37.365 0.1 0.871 0.035 -2.892
91 320 2 65.117 123.769 38.382 11.294 3.029 2.805 -3.069
91 321 1 93.077 131.146 37.444 1.593 0.773 1.301 3.009
91 323 5 98.505 138.708 37.392 3.915 1.791 1.432 -3.112
91 325 4 87.81 127.852 37.271 1.45 0.615 1.465 3.107
91 327 5 63.584 125.614 37.755 0.677 0.599 0.875 -3.08
91 330 1 86.341 135.972 37.279 3.925 1.788 1.38 -3.131
91 331 5 84.53 131.893 37.138 0.724 0.835 0.429 -3.094
92 46 5 148.034 156.9 37.253 2.714 2.073 1.322 -0.004
92 49 2 110.222 154.951 37.831 12.157 3.017 2.534 0.011
92 55 1 131.829 152.178 37.18 2.845 1.762 1.013 -0.014
92 58 5 139.418 159.176 37.105 3.913 1.785 1.313 -0.126
92 299 2 93.183 150.34 37.79 11.558 3.353 2.35 -0.013
92 305 1 69.007 139.283 37.666 0.8 1.698 1.806 0.021
92 310 1 138.785 164.882 37.002 0.655 1.16 1.105 0.946
92 315 2 79.457 146.901 37.885 12.973 2.81 2.534 0.044
92 316 2 117.537 137.697 38.084 11.999 2.776 3.146 -3.116
92 320 2 65.135 123.755 38.392 11.783 2.983 2.824 -3.073
92 321 1 96.514 131.537 37.344 1.981 0.844 1.509 3.052
92 323 5 102.834 139.877 37.421 3.825 1.759 1.527 -3.113
92 325 4 90.54 128.45 37.276 1.534 0.615 1.437 3.122
92 327 5 65.152 126.098 37.747 0.459 0.566 0.974 -3.083
92 330 1 90.669 137.036 37.357 4.235 1.802 1.361 -3.115
92 331 5 86.162 132.902 37.714 2.266 1.354 0.665 -3.065
92 332 3 75.871 126.088 37.444 0.374 0.42 1.448 -3.119
92 333 2 38.676 135.098 37.999 1.398 1.862 2.575 0.026
93 46 5 144.018 155.992 37.405 3.912 1.475 1.29 0.05
93 49 2 109.033 154.581 38.006 12.042 2.943 2.849 0.005
93 55 1 127.502 151.092 37.184 3.825 1.846 1.231 0.044
93 58 5 137.683 159.113 37.172 3.935 1.682 1.296 -0.212
93 299 2 92.373 149.996 37.783 11.551 2.885 2.29 -0.003
93 305 1 65.562 138.406 37.598 3.455 1.691 1.853 0.019
93 315 2 79.093 146.678 37.927 11.998 2.854 2.648 0.049
93 316 2 122.308 139.018 38.26 11.928 2.689 2.698 -3.121
93 320 2 65.608 123.954 38.134 12.222 3.048 3.349 -3.056
93 321 1 99.706 132.046 37.309 2.077 0.747 1.593 3.078
93 323 5 107.599 141.161 37.471 3.814 1.651 1.394 -3.095
93 325 4 93.49 129.118 37.572 1.119 0.724 0.967 -3.127
93 327 5 66.788 126.647 38.102 0.16 0.554 0.304 -3.028
93 330 1 94.776 138 37.415 4.476 1.857 1.452 -3.127
93 331 5 91.754 134.237 37.392 3.829 1.741 1.437 3.112
93 332 3 76.408 126.184 37.399 0.34 0.58 1.674 3.141
93 333 2 38.262 134.917 38.102 0.425 1.913 2.045 -0.026
94 46 5 138.526 154.609 37.455 2.224 1.598 1.355 0.049
94 49 2 107.797 154.244 37.888 11.895 2.842 2.632 0.007
94 55 1 122.353 149.855 37.256 3.446 1.753 1.238 0.015
94 58 5 136.033 159.134 37.173 4.096 1.755 1.299 -0.241
94 299 2 91.415 149.831 37.83 12.18 3.116 2.406 -0.009
94 305 1 64.727 138.267 37.602 1.162 1.663 1.895 0.01
94 315 2 77.831 146.372 37.902 11.875 2.946 2.509 0.065
94 316 2 127.175 140.275 38.148 11.721 2.695 2.957 -3.121
94 320 2 65.934 124.032 38.4 12.178 3.033 2.825 -3.059
94 321 1 102.998 132.578 37.475 2.076 0.744 1.227 3.065
94 323 5 112.241 142.31 37.407 2.89 1.677 1.19 3.115
94 325 4 96.382 129.93 37.285 1.494 0.635 1.436 3.121
94 327 5 68.707 127.373 37.48 1.062 0.66 1.484 -3.129
94 330 1 99.305 139.177 37.212 4.41 1.516 0.947 3.115
94 331 5 96.992 135.343 37.358 4.334 1.819 1.465 3.122
94 332 3 77.02 126.234 37.359 0.454 0.574 1.643 1.505
94 333 2 36.805 134.658 38.096 1.816 1.92 1.985 -0.015
94 338 1 70.985 132.529 37.63 2.932 1.466 1.041 -3.128
94 339 1 50.967 127.531 37.972 1.698 1.312 0.589 -3.116
94 340 5 53.816 124.847 37.58 1.513 0.963 0.458 3.141
95 46 5 133.994 153.476 37.492 2.101 1.458 1.208 0.014
95 49 2 106.519 154.633 38.027 11.755 4.108 2.973 0.004
95 55 1 117.602 148.7 37.176 3.48 1.761 1.125 0.014
95 58 5 134.405 159.169 37.236 3.807 1.694 1.011 -0.258
95 299 2 90.391 149.562 37.853 11.837 2.932 2.533 -0.008
95 305 1 61.715 137.457 37.626 3.746 1.642 1.913 0.02
95 315 2 76.423 145.89 37.862 11.925 2.951 2.389 0.053
95 316 2 128.606 140.691 38.099 4.157 2.686 2.573 3.136
95 320 2 66.216 124.163 38.211 12.162 3.024 3.216 -3.058
95 321 1 106.048 133.145 37.259 1.459 0.581 1.489 3.119
95 325 4 99.509 130.748 37.246 1.384 0.482 1.406 -3.094
95 327 5 70.372 127.913 37.921 0.344 0.55 0.668 -3.046
95 330 1 103.135 140.04 37.358 2.423 1.54 1.47 3.142
95 331 5 101.754 136.341 37.278 3.264 1.987 1.402 3.142
95 332 3 77.2 126.394 37.403 0.336 0.515 1.638 1.305
95 333 2 36.25 134.475 38.217 1.555 2.08 2.456 0.02
95 338 1 71.484 129.366 37.804 1.641 0.25 0.506 0.018
95 339 1 54.993 128.456 37.977 0.765 1.636 0.536 -3.135
95 340 5 56.785 125.22 37.475 3.621 1.811 1.057 -3.134
95 341 1 74.218 133.449 37.476 4.06 2.029 1.508 3.108
95 342 1 84.136 135.641 37.446 4.769 1.864 1.424 -3.124
96 46 5 130.296 152.623 37.175 4.123 1.641 0.847 -0.006
96 49 2 105.683 152.958 38.123 11.624 1.326 3.1 0.003
96 55 1 112.858 147.503 37.315 3.317 1.878 1.374 0.019
96 58 5 133.079 159.212 37.006 4.152 1.673 0.788 -0.253
96 299 2 89.684 149.378 37.888 12.187 2.94 2.588 -0.009
96 305 1 61.447 137.467 37.691 1.029 1.666 1.942 -0.039
96 315 2 74.853 145.399 37.839 11.793 2.925 2.372 0.072
96 316 2 134.697 142.246 38.18 5.84 2.661 2.335 3.12
96 320 2 66.44 124.369 38.165 12.286 3.13 3.109 -3.062
96 321 1 109.629 133.895 37.271 2.029 0.829 1.342 3.14
96 325 4 102.512 131.605 37.256 1.734 0.507 1.509 3.08
96 327 5 72.105 128.151 38.089 0.424 0.54 0.478 -3.069
96 331 5 106.79 137.689 37.416 2.605 1.615 1.074 -3.082
96 332 3 77.23 126.422 37.629 0.373 0.671 1.066 1.509
96 333 2 35.433 134.281 38.017 1.687 1.949 2.556 0.039
96 338 1 73.665 130.603 37.435 2.602 1.555 1.408 -3.107
96 339 1 59.253 129.542 37.751 3.905 1.702 1.132 3.141
96 340 5 60.422 126.257 37.529 4.07 1.788 1.306 -3.101
96 341 1 77.724 134.448 37.489 4.533 1.756 1.488 3.14
96 342 1 88.258 136.705 37.372 4.597 1.703 1.302 3.12
96 344 5 36.998 120.488 37.431 0.604 1.665 0.128 3.042
97 46 5 125.163 151.336 37.504 2.541 1.904 1.281 -0.008
97 49 2 104.628 152.957 38.219 11.489 1.781 3.16 0.004
97 55 1 108.306 146.481 37.289 3.796 1.766 1.343 0.048
97 58 5 131.62 159.294 36.976 4.154 1.69 0.978 -0.31
97 299 2 88.785 149.276 37.996 12.019 3.023 2.815 0.004
97 305 1 59.887 137.091 37.666 1.347 1.62 1.961 -0.015
97 315 2 73.357 145.036 37.817 12.03 2.891 2.321 0.066
97 320 2 66.822 124.497 38.117 12.265 3.026 3.128 -3.046
97 321 1 112.584 134.615 37.786 1.06 0.39 0.477 -3.115
97 325 4 106.005 132.49 37.369 0.917 0.418 1.267 3.124
97 327 5 74.232 128.435 37.501 1.631 0.636 1.761 3.027
97 331 5 111.614 138.831 37.33 0.545 1.56 0.086 -3.066
97 333 2 31.263 133.216 38.036 9.024 1.956 2.704 -0.002
97 338 1 78.636 131.733 37.451 4.359 1.699 1.445 -3.137
97 339 1 63.326 130.687 37.672 3.98 2.042 1.346 3.107
97 340 5 63.892 127.216 37.411 4.643 1.851 1.505 -3.098
97 341 1 81.186 135.354 37.512 4.549 1.906 1.485 -3.115
97 342 1 91.472 137.476 37.273 1.567 1.682 1.236 3.124
97 344 5 39.831 121.457 37.618 1.679 1.723 0.653 3.131
97 345 5 18.257 126.21 38.791 1.786 2.055 0.382 -0.038
97 346 2 19.625 113.293 38.492 9.519 2.767 2.415 3.132
97 347 1 50.806 124.345 37.574 3.385 0.416 0.791 -3.112
98 46 5 120.708 150.149 37.505 2.583 2.087 1.224 -0.004
98 49 2 103.45 153.106 38.148 11.432 2.526 3.176 0.004
98 55 1 103.838 145.335 37.283 3.952 1.83 1.371 0.028
98 58 5 130.346 159.176 37.207 3.806 1.483 1.245 -0.343
98 299 2 87.836 149.027 38.048 12.022 2.973 2.818 -0.002
98 305 1 57.453 136.4 37.687 3.747 1.843 1.896 -0.023
98 315 2 71.71 144.479 37.802 12.174 2.875 2.28 0.063
98 320 2 67.052 124.614 38.14 12.411 3.075 3.083 -3.043
98 321 1 116.104 135.491 37.294 1.346 0.565 1.05 -3.098
98 325 4 109.66 133.476 37.157 1.145 0.463 1.264 -3.068
98 327 5 76.212 128.645 37.446 1.603 0.624 1.747 3.086
98 331 5 117.212 140.398 37.208 0.164 0.647 0.027 -3.141
98 332 3 77.189 125.256 37.609 5.118 2.621 2.027 -3.115
98 333 2 32.89 133.588 38.05 4.698 2.038 2.679 0.036
98 338 1 82.881 132.706 37.429 4.234 1.637 1.461 3.11
98 339 1 67.355 131.879 37.555 4.174 1.907 1.576 3.141
98 340 5 67.975 128.434 37.45 3.789 1.766 1.498 -3.041
98 341 1 84.776 136.208 37.479 3.999 1.831 1.434 3.11
98 342 1 96.377 138.668 37.419 1.557 1.757 0.704 3.14
98 344 5 43.171 122.296 37.825 2.002 1.667 0.925 -3.127
98 345 5 17.974 126.046 38.808 1.664 2.081 0.314 0.013
98 346 2 21.224 113.584 38.391 11.088 2.888 3.131 3.108
98 347 1 54.458 124.691 37.397 4.287 1.822 1.542 -3.13
99 49 2 102.736 152.35 38.139 11.678 1.483 3.251 0.002
99 55 1 99.147 144.218 37.38 3.642 1.773 1.434 0.036
99 299 2 86.674 148.796 38.066 11.626 3.054 2.984 -0.013
99 305 1 57.635 136.522 37.674 1.088 1.655 1.937 0.015
99 315 2 69.856 143.988 37.91 12.148 2.995 2.529 0.051
99 320 2 67.342 124.815 38.083 12.537 3.038 2.871 -3.042
99 321 1 119.553 136.255 37.18 1.408 0.578 1.283 -3.062
99 327 5 78.189 128.743 37.47 1.61 0.701 1.743 2.855
99 331 5 123.713 142.519 37.463 1.535 0.478 0.331 -3.125
99 332 3 77.069 125.394 37.574 4.987 2.315 2.109 -3.136
99 333 2 34.097 133.952 38.056 1.776 2.129 2.768 0.031
99 338 1 87.223 133.6 37.353 3.902 1.786 1.46 3.12
99 339 1 71.175 132.85 37.566 4.264 1.854 1.579 -3.137
99 340 5 70.121 129.252 37.935 1.692 0.833 0.551 -3.121
99 341 1 88.038 137.144 37.505 2.324 1.556 1.392 3.131
99 344 5 45.933 123.173 37.783 3.56 1.744 1.439 3.098
99 345 5 18.126 126.117 38.636 0.81 2.186 0.339 0.014
99 346 2 22.942 113.835 38.264 11.688 3.157 2.788 3.093
99 347 1 57.379 125.669 37.424 4.439 1.816 1.522 -3.092
99 352 1 116.335 149.058 37.354 2.529 1.969 1.134 0.053
100 49 2 101.675 151.761 38.132 11.313 1.834 3.327 -0.087
100 55 1 94.854 143.124 37.33 3.905 1.894 1.347 0.036
100 299 2 85.782 148.455 38.134 11.924 2.934 2.936 -0.023
100 305 1 56.624 136.289 37.674 1.251 1.585 1.928 -0.01
100 315 2 67.983 143.381 37.874 12.387 2.9 2.277 0.048
100 320 2 67.737 124.887 38.118 12.447 3.269 2.869 -3.034
100 327 5 80.04 128.838 38.1 0.283 0.307 0.294 3.025
100 332 3 76.736 125.192 37.61 4.347 2.065 2.015 -3.14
100 333 2 33.469 133.812 38.159 2.735 1.975 2.669 0.034
100 338 1 91.07 134.443 37.666 2.116 1.567 0.838 3.125
100 339 1 74.982 133.862 37.554 4.039 1.786 1.514 3.127
100 340 5 74.294 130.329 37.452 2.981 1.606 1.484 -3.091
100 341 1 92.973 138.497 38.025 0.579 0.936 0.19 -0.014
100 344 5 48.643 124.015 37.686 4.93 1.656 1.556 3.093
100 345 5 17.797 126.022 38.803 0.866 2.066 0.76 0.104
100 346 2 24.822 114.302 38.454 11.853 2.996 3.097 3.072
100 347 1 60.188 126.571 37.464 4.524 1.908 1.395 -3.057
100 352 1 112.631 148.21 37.412 3.77 1.95 1.054 0.082
101 49 2 100.58 151.821 38.148 11.485 1.496 3.256 -0.001
101 55 1 90.517 142.099 37.341 3.808 1.924 1.382 -0.003
101 299 2 84.458 148.202 38.074 11.67 2.964 3.068 -0.022
101 305 1 55.794 136.069 37.706 1.301 1.642 1.955 0.002
101 315 2 65.94 142.826 37.811 12.448 2.968 2.354 0.051
101 320 2 67.934 125.104 38.038 11.999 2.945 2.901 -3.02
101 332 3 77.228 125.485 37.591 4.438 2.316 2.017 3.107
101 333 2 33.805 133.915 38.131 1.898 2.009 2.89 0.014
101 338 1 95.704 135.547 37.527 1.527 1.432 0.605 -3.136
101 339 1 78.983 134.795 37.527 3.733 1.768 1.539 -3.136
101 340 5 78.406 131.421 37.417 3.954 1.797 1.462 -3.097
101 341 1 96.788 138.954 37.868 1.337 0.335 0.459 -3.119
101 344 5 51.856 124.836 37.605 4.87 1.818 1.768 -3.13
101 345 5 17.21 125.863 38.673 0.753 2.226 0.34 -0.009
101 346 2 26.601 114.575 38.407 11.809 2.972 3.149 3.075
101 347 1 62.735 127.562 37.447 4.607 1.852 1.481 -3.043
101 352 1 107.742 147.133 37.397 2.566 1.948 1.095 0.018
102 49 2 99.788 151.273 38.106 11.693 0.992 3.066 -0.008
102 55 1 86.388 141.304 37.372 3.701 1.973 1.451 -0.033
102 299 2 83.396 147.996 38.112 11.853 3.044 3.029 -0.006
102 305 1 55.121 135.909 37.683 1.335 1.647 2.027 -0.046
102 315 2 64.007 142.235 37.835 12.239 2.875 2.397 0.048
102 320 2 68.447 125.356 38.023 11.799 2.889 2.879 -3.01
102 327 5 84.238 129.279 37.393 1.512 0.508 1.786 3.044
102 332 3 77.983 125.644 37.522 2.898 2.048 2.038 -3.134
102 333 2 32.259 133.534 38.062 4.667 2.018 2.663 0.021
102 338 1 100.055 136.617 37.474 0.519 1.304 0.303 -3.085
102 339 1 82.687 135.785 37.684 2.746 1.673 1.193 -3.112
102 340 5 82.113 132.377 37.367 3.555 1.777 1.499 -3.134
102 344 5 54.595 125.658 37.601 5.042 1.89 1.712 -3.116
102 345 5 16.382 125.652 38.717 0.754 2.283 0.948 0.021
102 346 2 28.362 114.919 38.317 11.854 3.088 3.458 3.059
102 347 1 65.167 128.541 37.459 4.724 1.799 1.494 -3.033
102 352 1 103.731 146.298 37.391 3.307 1.648 1.251 0.028
103 49 2 98.809 151.248 38.101 11.391 1.48 3.155 0.004
103 55 1 82.457 140.72 37.407 3.712 2.046 1.378 -0.059
103 299 2 82.694 147.841 38.097 11.788 3.027 3.039 -0.003
103 305 1 54.59 135.753 37.696 1.201 1.603 1.968 0.024
103 315 2 61.975 141.759 37.808 12.335 2.954 2.332 0.067
103 320 2 69.271 125.638 38.063 11.954 3.055 3.003 -3.002
103 327 5 86.333 129.531 37.483 1.429 0.498 1.613 -3.095
103 332 3 78.323 126.112 37.423 1.935 0.828 1.769 3.129
103 333 2 33.217 133.837 38.102 1.899 1.91 2.759 0
103 339 1 87.24 136.828 37.729 3.2 1.349 0.91 -3.126
103 340 5 85.837 133.41 37.517 3.149 1.575 1.16 -3.098
103 344 5 57.1 126.265 37.616 5.274 1.936 1.804 -3.076
103 345 5 14.77 125.19 38.542 1.832 2.083 0.781 0.015
103 346 2 30.113 115.049 38.42 12.027 3.157 3.17 3.069
103 347 1 67.776 129.41 37.449 4.388 2.034 1.478 -3.015
103 352 1 99.931 145.471 37.536 4.079 2.12 1.413 -0.024
104 49 2 97.949 151.083 38.212 11.42 1.356 3.152 0.004
104 55 1 78.722 140.239 37.421 3.469 1.948 1.47 -0.097
104 299 2 82.333 147.793 38.109 11.699 3.137 2.825 -0.002
104 305 1 54.136 135.636 37.718 1.098 1.706 1.935 0.003
104 315 2 59.967 141.136 37.837 12.417 3.118 2.344 0.065
104 320 2 70.098 126.014 38.125 11.859 2.957 2.995 -2.997
104 327 5 88.38 129.729 37.484 0.82 0.548 1.444 -3.026
104 333 2 31.453 133.235 38.12 4.598 2.215 2.678 0.011
104 339 1 91.363 137.904 37.886 2.816 1.34 0.641 -3.087
104 340 5 89.803 134.454 37.605 3.069 1.53 1.044 -3.087
104 344 5 59.625 127.082 37.606 5.145 1.947 1.789 -3.076
104 345 5 13.857 124.789 38.536 0.841 2.394 0.862 0.024
104 346 2 31.749 115.363 38.333 11.874 3.01 3.402 3.068
104 347 1 70.911 130.662 37.452 4.675 1.908 1.481 -3.018
104 352 1 95.912 144.549 37.475 4.135 1.703 1.657 -0.075
104 357 3 77.612 148.986 37.574 0.499 0.545 1.603 3.082
104 358 5 21.869 116.467 37.491 0.159 0.589 0.153 0.093
104 359 3 75.963 148.641 37.486 0.74 0.512 1.441 3.082
105 49 2 96.831 151.066 38.148 11.093 1.556 3.171 0.037
105 55 1 75.471 139.833 37.429 3.712 1.971 1.441 -0.056
105 299 2 81.877 147.746 38.095 11.609 3.089 3.112 0.024
105 305 1 53.767 135.592 37.72 1.162 1.775 1.919 0.093
105 315 2 58.165 140.594 37.826 11.849 2.928 2.298 0.053
105 320 2 71.14 126.293 38.144 11.835 3.307 2.959 -3
105 327 5 90.268 129.92 37.587 0.509 0.71 1.355 1.622
105 333 2 32.689 133.604 38.318 0.39 1.89 2.322 0.037
105 339 1 94.854 138.74 37.86 0.843 1.349 0.467 -3.05
105 340 5 93.128 135.27 37.645 1.314 1.51 0.658 -3.061
105 344 5 61.903 127.858 37.607 4.98 1.871 1.75 -3.078
105 345 5 11.937 124.172 38.57 1.766 2.238 0.871 0.028
105 346 2 33.31 115.699 38.306 11.818 2.916 3.377 3.06
105 347 1 74.243 131.769 37.427 4.436 1.83 1.411 -3.075
105 352 1 92.252 143.649 37.717 3.599 1.885 1.229 0.029
105 357 3 77.455 148.926 37.485 0.525 0.837 1.383 0.029
105 358 5 23.599 116.911 37.821 1.918 1.932 0.799 3.091
105 359 3 76.301 148.662 37.51 0.564 0.603 1.377 -3.121
106 49 2 96.239 150.899 38.293 11.279 1.658 3.259 0.029
106 55 1 72.461 139.409 37.458 3.666 1.993 1.48 -0.073
106 299 2 82.048 147.676 38.142 11.452 2.929 3.061 -0.007
106 305 1 53.393 135.497 37.733 1.039 1.809 1.943 -0.011
106 315 2 56.196 140.257 37.837 12.224 3.523 2.305 0.045
106 320 2 72.251 126.882 38.118 11.816 2.852 3.037 -2.998
106 327 5 92.353 130.419 37.986 0.297 0.338 0.437 -3.118
106 333 2 29.647 132.724 38.344 4.554 2.166 2.313 -0
106 339 1 99.192 139.906 37.797 0.71 1.373 0.303 -3.118
106 340 5 97.261 136.365 37.594 1.236 1.494 0.51 -3.137
106 344 5 64.324 128.741 37.613 5.181 1.868 1.736 -3.036
106 345 5 10.885 123.853 38.435 0.886 2.221 1.197 0.046
106 346 2 34.565 115.872 38.31 12.135 2.921 3.301 3.071
106 347 1 77.729 132.709 37.459 3.658 1.754 1.396 -3.114
106 352 1 88.876 142.753 37.936 3.418 2.067 0.791 0.022
106 357 3 77.403 148.491 37.413 0.446 0.437 1.506 1.515
106 358 5 25.904 117.617 37.925 2.438 0.973 0.734 3.118
106 359 3 76.569 148.587 37.448 0.576 0.518 1.458 1.57
106 361 5 32.282 122.119 38.009 0.83 0.663 0.428 3.072
107 49 2 95.841 150.399 38.157 11.267 0.941 3.053 0.001
107 55 1 69.9 138.997 37.442 3.718 1.965 1.423 0.029
107 299 2 81.849 147.759 38.131 11.544 3.012 2.942 0.005
107 305 1 51.809 134.927 37.739 3.755 1.881 1.918 0.09
107 315 2 54.283 139.523 37.865 12.337 2.942 2.333 0.052
107 320 2 73.631 127.294 38.169 11.95 3.002 3.035 -3.013
107 327 5 94.502 130.745 37.732 0.28 0.547 0.643 -3.087
107 333 2 28.231 132.297 38.782 4.695 2.006 1.37 0.018
107 339 1 103.809 141.032 37.877 1.035 1.225 0.409 -3.116
107 340 5 101.299 137.343 37.454 0.185 1.202 0.273 -3.126
107 344 5 66.718 129.719 37.591 4.632 1.751 1.752 -3.002
107 345 5 9.292 123.353 38.538 0.809 2.275 1.251 0.011
107 346 2 35.905 116.113 38.319 11.905 2.834 3.356 3.074
107 347 1 81.384 133.568 37.344 2.472 1.668 1.42 -3.14
107 352 1 85.781 141.879 37.896 3.888 2.095 0.881 0.031
107 357 3 77.337 148.378 37.455 0.37 0.429 1.249 -1.542
107 358 5 27.761 118.181 38.144 1.03 1.605 0.491 -3.075
107 359 3 76.639 148.375 37.41 0.221 0.353 1.35 0.018
107 361 5 37.14 123.722 37.5 3.467 1.477 1.392 3.095
108 49 2 95.505 150.304 38.083 11.606 1.037 3.227 -0.002
108 55 1 67.629 138.525 37.449 3.867 2.05 1.496 -0.027
108 299 2 81.972 147.804 38.12 11.719 3.118 3.04 0.009
108 305 1 52.746 135.261 37.725 1.098 1.667 1.955 0.08
108 315 2 52.098 138.874 37.896 13.315 2.854 2.356 0.043
108 320 2 75.086 127.892 38.29 11.849 2.994 2.881 -3.025
108 327 5 96.606 131.163 37.407 0.554 0.518 1.226 -3.066
108 333 2 26.613 131.802 38.844 4.667 1.869 1.345 0.04
108 339 1 108.197 142.11 37.774 0.716 1.481 0.526 3.124
108 340 5 105.888 138.697 37.557 0.322 1.174 0.32 3.135
108 344 5 69.751 130.586 37.607 4.705 2.104 1.735 -3.03
108 345 5 7.519 122.84 38.542 0.942 2.356 1.298 -0.062
108 346 2 36.908 116.222 38.34 12.012 3.032 3.242 3.078
108 347 1 85.514 134.322 37.527 1.568 1.466 1.082 -3.081
108 352 1 82.073 140.756 37.536 3.789 2.077 1.702 -0.003
108 357 3 77.303 148.352 37.383 0.528 0.462 1.429 1.454
108 358 5 30.777 119.453 37.95 3.334 1.715 0.747 -3.093
108 359 3 76.852 148.426 37.388 0.434 0.569 1.427 3.005
108 361 5 41.647 124.945 37.499 3.771 1.597 1.522 -3.125
109 49 2 95.164 150.152 38.117 11.074 0.614 2.981 0.037
109 55 1 65.879 138.16 37.479 3.77 2.032 1.448 -0.005
109 299 2 81.971 147.64 38.164 11.318 2.9 2.907 -0.011
109 305 1 52.61 135.221 37.725 0.775 1.712 1.956 0.015
109 315 2 49.479 138.387 37.903 12.138 3.545 2.375 0.019
109 320 2 76.712 128.489 38.167 11.755 3.09 3.115 -3.054
109 327 5 98.667 131.561 37.44 0.706 0.417 1.101 3.133
109 333 2 24.767 131.345 38.766 4.66 1.93 1.216 0.037
109 340 5 110.843 139.768 37.597 1.236 1.422 0.783 -3.115
109 344 5 73.074 131.766 37.584 4.597 2.062 1.736 -3.036
109 345 5 5.578 122.221 38.476 1.173 2.437 1.013 0.002
109 346 2 37.768 116.415 38.396 11.918 3.063 3.109 3.072
109 347 1 90.267 135.264 37.587 1.639 1.433 0.944 -3.132
109 352 1 79.332 140.134 37.651 4.372 1.914 1.526 0.058
109 357 3 77.176 148.209 37.284 0.405 0.183 1.362 0.911
109 358 5 34.098 120.247 37.751 3.87 2.05 1.314 3.122
109 359 3 76.855 148.325 37.372 0.411 0.724 1.414 3.139
109 361 5 46.207 126.245 37.529 4.035 1.855 1.46 -3.134
109 369 5 97.663 143.991 38.052 0.038 0.469 0.025 -0.117
110 49 2 95.036 150.469 38.31 11.227 1.599 3.024 0.015
110 55 1 64.418 137.815 37.488 3.585 2.063 1.47 -0.01
110 299 2 82.038 147.651 38.13 11.499 2.772 3.016 0
110 305 1 52.056 135.094 37.738 1.144 1.667 1.937 -0.016
110 315 2 48.506 137.953 37.947 12.931 3.132 2.45 0.012
110 320 2 78.588 129.152 38.18 11.772 2.86 3.143 -3.059
110 327 5 100.678 132.041 37.719 0.343 0.219 0.919 3.117
110 333 2 24.731 131.342 38.823 0.372 1.788 1.286 0.003
110 344 5 76.479 132.928 37.533 3.616 1.62 1.75 -3.065
110 345 5 3.797 121.687 38.542 1.16 2.248 1.068 0.032
110 346 2 38.48 116.535 38.316 11.921 2.895 3.313 3.079
110 347 1 95.005 136.18 37.424 1.098 1.424 0.906 3.138
110 352 1 76.418 139.365 37.565 4.592 2.109 1.722 0.031
110 358 5 37.633 121.163 37.632 4.043 1.834 1.378 3.112
110 359 3 76.961 148.255 37.454 0.691 0.46 1.541 1.535
110 361 5 50.684 127.561 37.529 4.431 1.815 1.447 -3.129
110 369 5 93.577 143.034 37.307 2.576 2.267 1.581 -0.003
110 370 1 36.09 123.613 37.609 3.288 1.634 1.286 -3.122
111 49 2 95.157 150.531 38.216 11.209 1.525 3.192 0.019
111 55 1 63.369 137.577 37.48 3.728 2.02 1.464 0.01
111 299 2 82.008 147.686 38.137 11.489 2.942 3.043 -0.002
111 305 1 50.359 134.635 37.726 3.595 1.678 1.949 0.012
111 315 2 46.678 137.52 37.962 12.845 3.092 2.524 0.012
111 320 2 80.639 129.751 38.225 11.762 2.826 3.196 -3.068
111 333 2 22.458 130.672 38.778 0.618 1.869 1.474 -0.024
111 344 5 80.213 134.186 37.994 2.573 1.715 0.932 -3.119
111 345 5 1.826 121.069 38.545 1.29 2.316 1.082 -0.017
111 346 2 38.893 116.577 38.301 12.215 2.899 3.295 3.079
111 347 1 100.046 137.248 37.481 0.983 1.51 0.524 3.127
111 352 1 73.68 138.397 37.534 4.615 2.097 1.645 0.012
111 358 5 41.582 122.052 37.588 4.051 1.867 1.644 -3.139
111 359 3 77.008 148.295 37.358 0.675 0.481 1.326 1.605
111 361 5 55.244 128.812 37.538 4.409 1.817 1.458 -3.103
111 369 5 90.792 142.143 37.576 3.38 1.608 1.169 0.012
111 370 1 41.142 124.986 37.685 3.623 1.863 1.414 -3.117
111 375 5 30.318 134.39 37.453 0.202 0.659 0.583 0.025
112 49 2 94.757 150.584 38.196 11.524 1.763 3.325 0.015
112 55 1 62.65 137.383 37.479 3.668 2.05 1.454 0.023
112 299 2 81.808 148.021 38.11 11.414 3.621 3.048 0.034
112 305 1 50.87 134.739 37.733 1.047 1.677 1.961 0.089
112 315 2 44.569 137.162 37.993 13.134 3.174 2.559 0.027
112 320 2 82.933 130.483 38.211 11.862 2.787 3.259 -3.053
112 333 2 20.196 130.044 38.758 0.294 1.874 1.161 -0.009
112 344 5 84.938 135.542 37.772 2.668 1.573 0.641 -3.077
112 345 5 0 120.362 38.521 0.81 2.368 1.061 -0.031
112 346 2 39.41 116.742 38.277 12.072 3.001 3.329 3.07
112 347 1 105.464 138.276 37.632 1.43 1.03 0.645 3.089
112 352 1 70.988 137.44 37.604 4.6 2.118 1.625 0.041
112 358 5 45.644 123.11 37.582 4.003 1.82 1.676 -3.112
112 361 5 59.688 130.108 37.523 4.369 1.77 1.452 -3.125
112 369 5 87.775 141.535 37.427 4.147 1.376 1.554 0.035
112 370 1 46.332 126.324 37.603 4.043 1.875 1.542 -3.12
112 375 5 27.924 133.912 37.437 0.311 1.038 0.355 -0.015
113 49 2 95.222 150.136 38.031 11.163 0.769 3.126 0.009
113 55 1 62.196 137.279 37.484 3.623 2.001 1.404 -0.035
113 299 2 81.945 147.771 38.119 11.639 2.903 3.109 0.009
113 305 1 49.809 134.48 37.715 1.127 1.603 1.917 0.051
113 315 2 42.474 136.369 38.017 12.964 2.885 2.639 0.005
113 320 2 85.381 131.15 38.215 11.724 2.729 3.296 -3.083
113 333 2 17.717 129.38 38.704 0.274 1.869 1.117 0.005
113 344 5 89.054 136.688 38.238 0.132 0.621 0.015 0.084
113 346 2 39.685 116.808 38.343 11.949 2.842 3.24 3.073
113 347 1 110.967 139.691 37.734 0.687 1.054 0.284 0.039
113 352 1 68.299 136.519 37.564 4.314 2.039 1.681 0.088
113 358 5 49.681 124.106 37.832 4.083 1.632 1.109 -3.113
113 361 5 64.274 131.356 37.505 4.055 1.609 1.421 0.029
113 369 5 84.899 140.594 37.377 4.128 1.734 1.438 0.032
113 370 1 51.651 127.696 37.589 4.372 1.92 1.49 -3.118
113 375 5 25.435 133.197 37.494 0.325 1.258 0.406 -0.01
113 378 5 31.477 121.952 38.029 1.181 1.354 0.457 0.013
113 379 2 114.647 151.803 38.209 2.779 2.877 3.09 0.033
114 49 2 95.093 150.224 38.07 11.266 1.197 3.316 -0.008
114 55 1 61.817 137.208 37.457 3.726 2.008 1.44 -0.047
114 299 2 81.865 147.706 38.095 11.533 2.979 2.952 -0.01
114 305 1 48.683 134.156 37.739 1.144 1.675 1.987 0.033
114 315 2 40.149 135.782 38.027 13.033 2.927 2.62 0.016
114 320 2 88.08 132.125 38.34 11.722 2.954 2.963 -3.088
114 333 2 15.179 128.664 38.837 0.295 1.886 1.003 0.036
114 344 5 95.159 138.095 38.333 0.285 0.653 0.055 -3.126
114 346 2 39.879 116.805 38.303 11.943 2.829 3.294 3.071
114 352 1 66.081 135.765 37.6 4.547 2.109 1.723 0.088
114 358 5 53.729 125.164 37.588 4.285 1.824 1.67 -3.13
114 361 5 68.898 132.51 37.489 3.603 1.647 1.443 3.141
114 369 5 82.09 139.789 37.479 3.773 2.059 1.353 0.008
114 370 1 57.157 129.181 37.577 4.31 1.848 1.579 3.135
114 375 5 21.565 131.97 37.178 2.858 1.295 1.035 0.015
114 378 5 37.516 123.553 37.961 3.61 1.599 0.717 -3.105
114 379 2 115.556 152.029 38.347 12.045 2.974 3.5 0.017
114 380 1 17.966 115.135 37.961 1.868 1.359 0.879 -3.129
115 49 2 95.045 150.509 38.171 11.787 1.623 3.545 -3.113
115 55 1 61.497 137.139 37.462 3.534 2.042 1.415 0.017
115 299 2 81.853 147.789 38.164 11.639 2.965 3.1 0.006
115 305 1 47.107 133.751 37.75 1.627 1.661 1.929 -0.006
115 315 2 37.511 135.151 38.022 13.114 3.027 2.576 0.025
115 320 2 91.217 133.232 38.383 12.39 2.679 2.977 -3.042
115 333 2 12.744 127.924 38.733 0.825 1.768 1.035 0.032
115 346 2 40.037 116.84 38.184 11.906 3.105 3.381 3.068
115 352 1 63.955 135.059 37.637 4.715 2.037 1.689 0.017
115 358 5 57.727 126.129 37.571 4.226 2 1.687 3.139
115 361 5 73.327 133.185 37.612 2.209 0.853 1.176 3.139
115 369 5 79.652 139.15 37.475 4.216 1.934 1.55 0.017
115 370 1 62.882 130.546 37.558 4.197 1.681 1.538 3.139
115 375 5 20.109 131.47 37.513 0.276 1.281 0.512 0
115 378 5 43.087 125.111 37.563 3.887 1.772 1.455 3.139
115 379 2 112.087 151.26 37.996 11.762 2.987 2.111 0.017
115 380 1 20.446 115.854 37.858 2.702 1.57 1.011 3.044
116 55 1 61.125 137.019 37.5 3.691 1.99 1.396 -0.025
116 299 2 81.879 147.863 38.113 11.547 3.102 3.017 -0
116 305 1 45.63 133.348 37.755 1.211 1.662 1.976 -0.021
116 315 2 34.774 134.309 38.151 13.038 2.855 2.847 0.025
116 320 2 93.782 133.744 38.566 11.594 3.072 2.482 -3.1
116 333 2 10.182 127.348 38.369 0.464 2.064 2.158 -0.017
116 346 2 40.041 116.862 38.282 11.947 3.136 3.212 3.066
116 352 1 61.548 134.373 37.638 4.551 2.072 1.696 0.029
116 358 5 61.759 127.086 37.55 4.118 2.053 1.727 3.101
116 369 5 77.143 138.55 37.481 4.251 2.009 1.481 0.026
116 375 5 17.272 130.436 37.361 0.22 1.233 0.491 -0.036
116 378 5 48.475 126.526 37.556 4.302 1.952 1.539 3.101
116 379 2 108.557 150.417 38.293 12.167 3.174 3.524 0.025
116 380 1 22.992 116.601 37.943 3.673 1.77 1.168 3.088
117 55 1 60.678 136.934 37.446 3.795 2.006 1.482 -0.016
117 299 2 81.809 147.759 37.862 11.692 3.036 2.567 -0.024
117 305 1 43.817 132.829 37.731 1.24 1.668 1.967 -0.006
117 315 2 32.358 133.651 38.274 12.08 2.843 3.026 0.041
117 320 2 96.598 134.646 38.476 11.496 2.702 2.718 -3.119
117 333 2 7.641 126.571 38.4 0.424 1.937 1.948 0.037
117 346 2 40.116 116.805 38.297 12.052 3.003 3.336 3.06
117 352 1 58.996 133.69 37.636 4.566 2.104 1.718 0.025
117 358 5 65.782 128.15 37.523 4.088 1.88 1.658 3.126
117 369 5 74.682 137.901 37.465 4.035 1.888 1.415 0
117 375 5 14.297 129.464 37.435 0.216 1.182 0.485 0.102
117 378 5 53.495 127.905 37.57 4.685 2.057 1.499 -3.136
117 379 2 104.884 149.355 38.136 11.88 2.855 2.418 0.002
117 380 1 26.086 117.52 37.755 3.942 1.573 1.543 3.14
