0 10 5 87.725 52.849 38.336 0.115 0.306 0.278 3.038
0 15 4 62.845 49.825 38.365 0.915 0.592 0.77 0.032
1 15 4 61.256 49.439 38.406 0.782 0.688 0.772 0.272
2 15 4 59.541 48.989 38.377 0.949 0.719 0.829 0.022
3 10 5 82.837 52.933 38.174 0.972 0.551 0.713 -0.331
3 15 4 57.756 48.62 38.006 1.34 0.802 1.566 -0.019
4 10 5 81.439 52.775 37.956 1.322 0.673 1.221 0.078
4 15 4 56.289 48.242 37.939 1.738 0.709 1.688 0.06
5 10 5 80.063 52.694 37.992 1.581 0.588 1.174 -0.059
5 15 4 54.6 47.831 37.946 1.706 0.816 1.649 0.043
6 10 5 78.539 52.602 37.971 1.482 0.604 1.211 0.024
6 15 4 52.961 47.452 37.928 1.689 0.724 1.649 0.015
7 10 5 76.455 52.31 37.842 1.621 0.576 1.51 -0.064
8 10 5 74.642 52.054 37.871 1.679 0.597 1.536 0.071
9 10 5 72.466 51.641 37.885 1.643 0.587 1.54 0.038
10 10 5 70.95 51.321 37.878 1.783 0.578 1.577 -0.016
11 10 5 69.48 51.159 37.939 1.64 0.82 1.636 0.051
12 10 5 68.03 50.658 37.928 1.639 0.612 1.534 0.063
12 31 1 44.502 8.552 37.391 2.026 1.585 1.288 -3.083
13 10 5 66.614 50.429 37.953 1.608 0.728 1.632 0.034
13 31 1 51.414 9.96 37.497 2.128 1.744 1.189 -3.125
14 10 5 65.225 50.079 38.07 1.486 0.576 1.409 0.001
14 31 1 52.973 11.005 37.278 1.402 0.222 0.599 -3.06
15 10 5 62.296 49.344 38.361 0.682 0.5 0.698 0.015
15 31 1 66.118 13.947 37.519 3.509 0.686 1.222 -3.119
15 33 4 94.433 56.661 38.25 1.005 0.591 0.622 0.074
16 10 5 60.786 48.908 38.379 0.71 0.583 0.724 0.448
16 31 1 72.426 15.229 37.68 1.894 0.944 1.256 -3.1
16 33 4 90.777 55.767 38.307 0.749 0.353 0.551 0.067
16 34 4 89.608 53.112 38.129 1.007 0.438 0.699 0.453
17 10 5 59.245 48.5 38.29 1.082 0.584 0.781 -0.081
17 33 4 87.284 55.058 38.108 1.354 0.571 1.011 -0.185
17 34 4 87.897 53.296 38.299 0.28 0.544 0.379 -0.175
18 10 5 57.813 48.113 37.93 1.598 0.679 1.631 0.101
18 33 4 83.808 54.315 37.839 1.885 0.642 1.271 -0.179
18 34 4 86.345 53.507 38.401 0.273 0.594 0.506 -0.043
19 10 5 56.42 47.771 37.876 1.688 0.828 1.552 0.065
19 31 1 88.855 19.043 37.657 3.493 1.405 1.227 -3.098
19 33 4 80.218 53.595 37.878 1.899 0.625 1.326 -0.124
19 34 4 84.555 53.474 38.187 0.871 0.647 0.925 -0.222
20 10 5 54.968 47.275 37.89 1.627 0.648 1.575 0.096
20 33 4 76.637 52.787 37.861 1.785 0.593 1.445 -0.001
20 34 4 82.982 53.485 37.966 1.132 0.627 1.386 -0.273
21 10 5 53.504 46.88 37.873 1.73 0.624 1.568 0.018
21 33 4 72.996 52.03 37.774 1.912 0.689 1.393 -0.131
21 34 4 81.848 53.509 37.958 1.761 0.631 1.415 -0.183
22 10 5 52.484 46.676 37.874 0.788 0.499 1.519 -0.007
22 33 4 69.676 51.249 37.851 1.744 0.646 1.38 -0.055
22 34 4 80.373 53.559 37.958 1.676 0.575 1.424 -0.258
23 33 4 66.147 50.437 37.923 1.729 0.727 1.355 0.021
23 34 4 78.978 53.577 37.94 1.625 0.635 1.473 -0.179
24 33 4 58.264 48.474 37.95 1.919 0.903 1.296 0.013
24 34 4 75.402 52.956 37.94 1.648 0.707 1.526 -0.017
25 33 4 55.057 47.649 37.849 1.909 0.799 1.472 -0
25 34 4 73.884 52.605 37.939 1.614 0.653 1.551 0
26 33 4 52.406 46.962 37.84 1.002 0.645 1.473 -0.014
26 34 4 72.346 52.198 37.941 1.663 0.681 1.572 -0.01
27 34 4 70.903 51.809 37.945 1.498 0.639 1.587 -0.099
28 34 4 69.244 51.364 38.01 1.353 0.643 1.475 -0.001
29 34 4 67.726 50.888 37.973 1.219 0.67 1.58 0.011
29 36 3 51.332 47.691 37.933 0.393 0.644 1.697 -3.089
30 34 4 66.043 50.505 38.059 1.224 0.644 1.421 0.031
30 36 3 51.767 47.782 37.935 0.893 0.638 1.708 3.089
31 34 4 64.744 50.198 38.201 1.492 0.646 1.158 0.016
31 36 3 52.46 48.004 37.947 0.86 0.749 1.696 -3.114
32 34 4 62.987 49.731 38.382 1.017 0.732 0.814 0.002
32 36 3 53.148 48.146 37.954 0.895 0.717 1.696 -3.113
33 34 4 59.908 48.415 38.437 0.596 0.671 0.679 0.038
33 36 3 54.565 48.451 37.982 1.012 0.711 1.675 -3.107
34 34 4 58.063 47.878 38.079 1.269 0.706 1.279 0.016
34 36 3 55.178 48.631 37.938 0.95 0.595 1.618 3.124
35 34 4 56.63 47.602 37.937 1.584 0.735 1.554 -0.023
35 36 3 55.914 48.704 37.998 0.789 0.603 1.669 -2.611
36 34 4 55.004 47.366 37.941 1.688 0.798 1.637 -0.026
36 36 3 56.536 48.892 37.991 0.855 0.486 1.688 -3.129
37 34 4 53.352 47.085 37.928 1.636 0.704 1.585 -0.107
37 36 3 57.126 49.041 37.991 0.852 0.64 1.694 -2.633
38 1 1 29.522 34.119 37.604 0.658 1.262 0.603 0.03
39 41 3 58.452 49.325 38.213 0.48 0.575 1.277 -3.086
40 41 3 59.03 49.528 38.351 0.465 0.67 1.074 -3.032
41 41 3 59.834 49.625 38.385 0.46 0.56 0.924 -3.027
42 41 3 61.221 49.926 38.378 0.423 0.577 0.877 -2.987
43 41 3 61.881 50.111 38.441 0.444 0.746 0.921 -3.106
44 41 3 62.532 50.1 38.391 0.329 0.503 0.865 -2.872
44 42 4 90.946 52.99 38.227 0.784 0.484 0.554 -0.05
45 41 3 63.211 50.333 38.406 0.401 0.583 0.972 -3.133
45 42 4 88.648 52.51 38.179 0.749 0.57 0.648 0.162
46 41 3 63.786 50.463 38.423 0.318 0.55 0.967 3.142
47 41 3 64.497 50.501 38.346 0.299 0.337 1.085 -2.983
48 41 3 65.07 50.721 38.262 0.375 0.639 1.173 -3.011
48 42 4 81.819 52.002 38.242 0.968 0.478 0.675 0.005
49 41 3 65.729 50.832 38.16 0.609 0.619 1.374 -3.142
49 42 4 79.477 51.61 38.058 1.222 0.691 1.036 -0.437
50 41 3 67.468 51.305 37.995 0.546 0.726 1.695 -2.801
50 42 4 73.683 51.095 37.781 1.876 0.81 1.416 -0.083
51 41 3 68.165 51.463 37.992 0.858 0.679 1.661 -2.987
51 42 4 71.752 50.948 37.755 1.812 0.944 1.516 -0.154
51 44 1 52.562 10.965 37.111 1.777 0.398 0.55 3.121
52 41 3 68.723 51.674 37.994 0.655 0.664 1.689 3.133
52 42 4 69.983 50.724 37.823 1.712 0.819 1.467 0.008
52 44 1 58.538 11.667 37.464 2.073 1.647 1.516 3.137
53 41 3 69.326 51.74 38.363 0.375 0.577 0.952 3.11
53 42 4 68.074 50.538 37.913 1.813 0.859 1.563 -0.084
53 44 1 65.192 13.795 37.519 2.484 0.514 1.206 -3.141
54 41 3 70.095 51.966 37.97 0.844 0.666 1.73 -2.949
54 42 4 66.406 50.475 38.009 1.812 0.981 1.39 0.073
54 44 1 71.794 15.475 37.349 0.77 0.134 0.559 3.131
55 41 3 70.591 51.985 37.981 0.451 0.729 1.712 -3.136
55 42 4 64.344 50.115 38.218 1.661 0.969 0.991 -0.02
56 41 3 71.501 52.373 37.987 0.774 0.688 1.697 3.108
56 42 4 61.092 49.491 38.312 1.094 0.889 0.637 0.08
57 42 4 57.46 48.691 37.906 1.855 0.969 1.51 0.021
58 48 3 73.565 54.507 38.183 0.411 0.552 1.454 -1.585
58 49 1 21.525 30.646 37.377 2.915 0.914 1.425 0.007
58 50 1 75.917 59.774 38.791 2.358 1.64 0.662 1.23
58 51 4 80.61 51.83 38.069 0.793 0.7 0.623 -0.027
59 50 1 75.841 58.343 38.286 3.899 1.355 1.713 1.524
59 51 4 77.47 51.545 37.971 1.253 0.668 0.925 0.009
60 48 3 73.751 55.942 38.787 0.365 0.406 0.458 -1.814
60 49 1 20.191 30.126 37.636 1.883 0.446 0.889 0
60 50 1 75.956 57.981 38.332 3.934 1.614 1.629 1.318
60 51 4 74.725 51.381 37.772 1.907 0.733 1.418 -0.248
61 48 3 73.989 57.59 38.766 0.425 0.521 0.451 -2.433
61 50 1 75.895 57.733 38.25 3.92 1.516 1.811 1.288
61 51 4 67.628 50.562 37.922 1.743 0.673 1.342 0.118
62 48 3 74.212 58.388 38.817 0.271 0.435 0.608 -2.284
62 50 1 75.773 57.284 38.239 3.801 1.592 1.842 1.241
62 51 4 63.941 49.951 38.207 1.496 0.587 0.698 0.077
63 48 3 74.512 59.441 38.891 0.506 0.555 0.459 -1.869
63 49 1 20.256 30.137 37.615 1.734 0.46 0.913 0.032
63 50 1 75.573 56.478 38.168 3.869 1.808 1.772 1.223
63 51 4 59.133 48.843 38.208 1.065 0.763 0.767 -0.006
64 50 1 74.931 53.955 38.055 4.211 1.929 1.79 1.115
65 49 1 20.2 30.081 37.658 1.804 0.355 0.845 -0.003
65 50 1 74.379 52.743 37.959 4.556 1.822 1.818 1.001
65 53 2 39.817 6.937 39.019 4.304 2.858 2.395 -3.128
66 50 1 73.916 51.815 37.938 4.159 1.965 1.655 0.911
66 53 2 48.293 8.61 38.483 11.182 2.973 3.793 -3.126
66 54 4 82.344 52.632 38.213 0.896 0.66 1.038 0.004
67 50 1 73.263 50.994 37.936 4.024 1.946 1.676 0.82
67 53 2 63.618 11.702 38.602 11.04 3.157 3.944 -3.113
67 54 4 79.685 53.159 38.013 1.417 0.696 1.425 -0.377
68 50 1 72.876 50.458 37.883 3.964 1.979 1.644 0.757
68 53 2 79.225 15.834 38.932 11.274 2.715 3.236 -3.078
69 49 1 21.748 30.61 37.24 2.49 0.771 1.118 -0.007
69 50 1 72.583 50.15 37.881 3.873 1.993 1.634 0.73
69 53 2 91.424 18.837 38.797 3.302 2.6 3.431 -3.133
69 54 4 74.195 53.294 38.055 1.139 0.632 1.595 0.072
69 56 1 45.912 11.989 37.689 1.231 1.232 0.93 -3.036
70 50 1 72.574 50.198 37.867 4 2.048 1.669 0.725
70 54 4 73.23 52.994 38.039 1.633 0.703 1.647 -0.006
70 56 1 53.221 14.125 37.325 1.986 0.225 0.518 -3.112
71 49 1 20.595 30.091 37.702 0.825 0.433 0.792 0.002
71 50 1 72.586 50.144 37.866 3.952 2.025 1.653 0.721
71 54 4 71.919 52.495 38.006 1.53 0.721 1.7 0.147
71 56 1 58.639 15.04 37.632 1.233 0.687 1.086 -3.116
72 50 1 72.549 50.089 37.868 4.006 1.971 1.654 0.708
72 54 4 70.494 51.962 38.077 1.579 0.754 1.566 0.18
72 56 1 66.336 16.662 37.685 1.237 0.909 1.061 -3.063
73 49 1 19.889 29.934 37.651 2.068 0.512 0.901 0.046
73 50 1 72.466 49.991 37.91 4.049 2.095 1.585 0.713
73 54 4 69.018 51.383 37.964 1.889 0.639 1.6 -0.022
73 68 1 50.732 10.712 37.48 1.638 1.379 0.867 3.138
74 49 1 19.847 29.903 37.559 1.123 0.395 1.092 0.016
74 50 1 72.312 49.905 37.854 3.884 1.985 1.678 0.702
74 54 4 67.126 50.949 37.962 1.75 0.721 1.618 0.025
74 68 1 58.174 12.413 37.525 1.115 1.389 0.476 -3.127
74 69 5 42.446 32.518 37.567 2.063 0.132 0.386 0.015
75 49 1 18.953 29.756 37.491 1.079 0.177 0.548 -0
75 50 1 72.241 49.794 37.823 3.966 1.97 1.563 0.676
75 54 4 64.812 50.378 38.24 1.435 0.683 1.097 0.043
75 68 1 65.955 14.041 37.747 3.577 1.756 1.499 -3.105
75 69 5 42.43 32.514 37.601 1.777 0.141 0.302 0.001
75 71 5 46.09 12.586 37.129 0.336 0.417 0.381 -3.108
76 49 1 17.798 29.155 37.734 1.581 0.892 1.082 0
76 50 1 72.259 49.803 37.838 3.945 1.981 1.644 0.696
76 54 4 62.455 49.745 38.39 0.691 0.681 0.805 0
76 68 1 73.419 15.984 38.177 2.991 1.445 0.931 -3.118
76 69 5 41.662 32.343 37.53 0.895 0.055 0.142 0
76 71 5 52.262 14.129 37.604 1.879 1.265 1.231 3.135
77 49 1 13.293 27.783 37.551 1.284 1.391 1.258 0.033
77 50 1 72.26 49.89 37.9 4.115 2.09 1.581 0.713
77 54 4 56.136 48.22 37.947 1.704 0.848 1.67 -0.027
77 69 5 41.866 32.329 37.679 2.254 0.364 0.49 0.051
77 71 5 71.868 17.882 37.875 2.069 0.916 1.014 -3.049
77 77 1 58.498 12.863 37.58 1.644 0.689 1.394 3.049
78 49 1 11.361 27.233 37.646 1.009 1.354 0.996 0.083
78 50 1 72.231 49.794 37.855 3.911 2.006 1.671 0.698
78 54 4 53.808 47.69 37.926 1.74 0.818 1.67 0.054
78 69 5 41.711 32.288 38.429 1.892 0.325 2.149 -0.002
78 77 1 65.817 14.404 37.629 3.721 0.844 1.35 -3.11
78 79 4 58.859 6.84 37.355 1.002 0.499 1.49 3.132
79 49 1 9.61 26.744 37.397 1.453 1.472 1.416 0.002
79 50 1 72.236 49.796 37.855 3.923 1.977 1.669 0.684
79 54 4 51.251 47.015 37.912 2.165 0.74 1.637 0.019
79 69 5 41.543 32.197 38.477 1.446 0.339 2.069 -0.01
79 71 5 86.639 21.322 37.859 1.54 0.895 0.909 -3.05
79 77 1 71.468 15.921 37.701 0.871 0.543 1.255 -3.111
80 50 1 72.239 49.784 37.892 3.921 1.979 1.585 0.691
80 69 5 41.198 32.103 38.467 0.967 0.635 2.105 -0.002
80 79 4 66.644 8.558 37.461 1.376 0.646 1.441 -3.116
80 82 2 42.012 11.46 39.031 1.547 2.183 1.688 3.142
81 49 1 6.036 26.454 37.477 0.935 0.53 1.113 0.071
81 50 1 72.229 49.802 37.782 3.89 2.034 1.557 0.675
81 69 5 40.72 31.863 38.197 0.419 0.802 0.995 0.015
81 82 2 46.89 12.886 38.483 4.041 1.593 2.964 -3.141
81 83 2 39.134 7.941 38.852 1.384 0.262 1.643 -3.068
82 49 1 4.94 26.159 37.589 2.188 0.744 0.83 0.073
82 50 1 72.251 49.838 37.86 3.96 2.036 1.644 0.686
82 69 5 39.735 31.443 38.117 0.164 0.709 0.431 0.06
82 77 1 88.518 20.16 37.559 1.271 0.285 0.979 -3.12
82 79 4 74.331 10.562 37.443 0.918 0.503 1.459 -3.08
82 82 2 53.185 14.15 38.521 5.214 1.89 3.224 -3.139
82 83 2 46.49 9.325 38.515 5.171 0.57 3.075 3.126
83 50 1 72.221 49.835 37.89 4.011 2.014 1.576 0.682
83 82 2 60.463 15.584 38.51 5.977 2.047 3.185 3.127
83 83 2 54.114 9.935 38.34 8.662 2.713 3.535 -3.124
84 50 1 72.289 49.852 37.883 3.763 2.021 1.586 0.7
84 79 4 93.703 16.303 37.65 1.448 0.703 1.39 3.113
84 82 2 67.368 17.023 38.618 6 2.576 3.005 -3.075
84 83 2 59.583 11.261 38.357 5.96 2.553 3.488 -3.1
85 50 1 72.292 49.933 37.876 3.745 2.002 1.561 0.701
85 82 2 74.862 18.632 38.915 3.853 2.58 2.57 -3.114
85 83 2 65.971 12.771 38.514 5.698 2.636 3.225 -3.106
86 50 1 72.277 49.817 37.923 3.885 1.991 1.351 0.668
86 82 2 88.655 21.948 39.228 0.374 2.426 1.999 3.142
86 83 2 77.663 15.665 38.976 6.919 2.471 2.481 -3.101
87 50 1 72.239 49.815 37.897 3.991 2.051 1.443 0.714
87 83 2 84.178 17.406 39.036 8.778 2.624 2.352 -3.092
87 89 1 52.36 11.039 37.608 2.34 1.145 1.44 -3.119
88 50 1 72.207 49.767 37.965 4.014 2.046 1.441 0.681
88 82 2 102.978 26.046 39.778 0.102 0.55 0.313 -3.011
88 83 2 89.423 18.983 38.706 8.049 1.959 3.056 -3.089
88 89 1 59.606 12.911 37.371 1.337 0.366 0.552 3.105
88 90 2 27.659 4.996 38.361 2.853 3.086 2.438 -3.042
89 50 1 72.106 49.759 37.898 3.933 2.012 1.506 0.637
89 83 2 93.192 19.563 39.177 4.267 2.48 2.21 3.121
89 89 1 66.509 14.344 37.511 1.371 0.583 0.903 3.101
89 90 2 29.581 5.533 38.341 10.167 2.693 3.053 3.044
90 50 1 71.981 49.675 37.841 3.796 1.784 1.524 0.668
90 89 1 71.927 15.366 37.688 3.747 0.949 1.281 -3.112
90 90 2 34.614 6.11 38.234 12.397 2.939 3.123 3.067
91 50 1 71.767 49.501 37.847 3.431 1.79 1.554 0.656
91 90 2 40.249 7.238 38.324 11.895 3.105 3.265 3.09
