0 7 1 54.628 632.641 37.049 5.027 1.819 1.821 -1.305
0 14 1 55.262 615.838 36.644 4.78 1.714 0.812 -1.332
0 19 1 68.647 555.736 36.892 2.465 1.691 1.219 -1.302
0 20 1 41.076 587.944 36.606 0.271 0.182 0.582 1.854
0 21 1 44.654 586.461 36.556 0.23 0.199 0.519 1.854
0 24 1 63.844 623.879 36.915 3.8 1.462 1.256 -1.102
0 25 3 20.342 581.371 37.416 0.311 0.573 0.621 -2.779
0 26 3 46.29 585.506 36.494 0.248 0.182 0.461 1.854
0 28 1 39.226 588.348 36.57 0.334 0.255 0.495 1.854
0 30 5 75.006 593.538 36.483 0.835 0.911 0.491 1.863
0 36 1 58.253 627.711 36.656 2.08 0.394 0.665 -1.252
0 41 1 66.208 567.844 36.584 3.994 1.606 0.899 -1.302
0 43 2 76.703 572.936 37.615 12.213 3.368 3.135 1.863
0 45 2 50.445 581.79 36.451 0.254 0.189 0.53 1.854
1 7 1 55.424 629.285 37.206 4.973 1.828 1.928 -1.199
1 14 1 56.468 609.574 36.985 4.772 1.811 1.425 -1.247
1 19 1 69.884 550.143 36.73 4.003 1.677 1.358 -1.19
1 20 1 41.079 587.902 36.57 0.138 0.194 0.539 2.612
1 21 1 44.653 586.449 36.568 0.153 0.174 0.551 2.612
1 24 1 63.509 624.689 36.974 2.469 1.614 1.042 -0.955
1 25 3 20.964 581.494 37.04 0.48 0.604 1.417 0.558
1 26 3 46.315 585.507 36.546 0.126 0.144 0.491 2.612
1 28 1 39.192 588.336 36.586 0.292 0.16 0.579 -2.585
1 30 5 74.966 594.341 36.587 2.456 1.263 1.003 1.979
1 36 1 60.065 624.797 36.994 5.163 1.38 1.532 -0.995
1 41 1 67.131 563.697 36.641 4.041 1.519 0.987 -1.19
1 43 2 76.302 573.048 37.971 11.893 2.389 2.848 1.979
1 45 2 50.413 581.836 36.49 0.077 0.121 0.414 2.612
1 47 1 56.221 642.331 37.03 2.845 0.544 1.141 -1.097
1 54 5 7.34 589.903 37.255 1.096 0.26 0.433 0.491
1 55 3 20.723 582.268 36.966 0.38 0.449 1.565 0.558
2 7 1 56.177 625.765 37.037 5.116 1.837 1.965 -1.085
2 14 1 57.784 603.177 36.893 5.038 1.837 1.539 -1.058
2 19 1 70.961 545.33 36.945 3.752 1.709 1.234 -1.042
2 20 1 41.096 587.914 36.639 0.203 0.221 0.541 0
2 21 1 44.666 586.463 36.612 0.215 0.237 0.598 0
2 24 1 63.985 623.773 36.789 3.507 1.682 1.183 -0.775
2 25 3 21.559 581.845 37.058 0.358 0.644 1.702 0.649
2 26 3 46.316 585.503 36.586 0.21 0.247 0.576 -0
2 28 1 39.237 588.329 36.591 0.254 0.257 0.594 -0
2 30 5 74.77 595.181 36.771 4.001 0.969 1.467 2.039
2 36 1 60.842 623.674 36.566 5.088 1.992 1.111 -0.849
2 41 1 68.027 559.5 36.707 4.182 1.565 0.842 -1.06
2 43 2 76.415 573.715 37.578 12.451 2.944 2.665 2.087
2 45 2 50.423 581.861 36.521 0.177 0.138 0.607 0
2 47 1 56.804 641.817 36.658 4.13 1.012 0.755 -0.961
2 54 5 7.558 590.576 37.248 1.393 1.564 0.49 0.568
2 55 3 21.339 582.501 36.981 0.307 0.649 1.431 0.649
2 56 3 84.38 582.338 37.411 0.345 0.788 0.934 2.054
3 7 1 56.908 622.095 37.18 5.077 1.878 1.962 -0.945
3 14 1 59.047 596.793 36.996 5.008 1.83 1.433 -0.971
3 19 1 71.962 540.131 36.855 3.959 1.58 1.31 -1.023
3 20 1 41.104 587.884 36.651 0.203 0.194 0.601 -2.503
3 21 1 44.709 586.453 36.61 0.187 0.208 0.581 2.755
3 24 1 64.099 623.447 36.869 2.692 1.613 1.387 -0.671
3 25 3 22.107 582.048 37.121 0.576 0.657 1.533 0.646
3 26 3 46.348 585.486 36.585 0.189 0.231 0.577 2.755
3 28 1 39.24 588.33 36.616 0.211 0.208 0.578 -2.503
3 30 5 74.784 596.09 36.698 4.414 1.148 1.272 2.077
3 36 1 61.262 622.538 36.782 4.891 1.824 1.152 -0.724
3 41 1 68.912 555.143 36.56 3.983 1.582 0.895 -1.009
3 43 2 76.295 574.127 37.695 12.281 3.061 3.104 2.204
3 45 2 50.431 581.858 36.484 0.13 0.211 0.578 2.755
3 47 1 57.013 641.863 36.581 3.564 1.52 1.089 -0.795
3 54 5 8.202 590.509 37.209 1.701 0.526 0.755 0.792
3 55 3 21.894 582.74 37.123 0.544 0.641 1.546 0.646
3 56 3 84.179 582.703 37.031 0.519 0.587 1.564 2.21
3 61 5 58.215 637.861 36.991 0.523 0.282 0.944 2.488
4 7 1 57.625 618.306 37.179 5.138 1.857 1.826 -0.801
4 14 1 60.425 590.353 36.97 4.666 1.942 1.484 -0.829
4 19 1 73.067 535.203 36.7 3.478 1.858 0.973 -0.759
4 20 1 41.085 587.851 36.624 0.221 0.208 0.535 -2.867
4 21 1 44.713 586.427 36.587 0.191 0.255 0.587 -2.867
4 24 1 64.049 623.538 36.892 3.028 1.726 1.556 -0.654
4 26 3 46.344 585.444 36.564 0.239 0.223 0.587 -2.867
4 28 1 39.252 588.307 36.592 0.196 0.196 0.545 -2.589
4 30 5 75.115 597.801 36.716 4.384 1.719 1.142 2.127
4 36 1 61.801 621.163 36.784 3.21 1.849 1.098 -0.553
4 41 1 69.761 551.943 36.598 1.642 1.667 0.885 -0.796
4 43 2 76.236 574.736 37.804 12.099 3.233 3.154 2.389
4 45 2 50.464 581.855 36.51 0.189 0.24 0.524 3.137
4 47 1 56.748 641.715 36.669 3.462 1.148 0.764 2.382
4 54 5 8.11 590.917 37.178 1.954 1.71 0.595 0.873
4 55 3 22.706 583.011 37.063 0.684 0.553 1.498 -2.387
4 56 3 84.371 583.343 37.006 0.606 1.113 1.759 -0.815
4 61 5 58.459 636.801 36.954 2.953 0.405 1.505 2.384
5 7 1 58.293 614.352 37.272 5.154 1.945 1.957 -0.652
5 14 1 61.79 583.601 36.967 4.623 1.658 1.46 -0.672
5 19 1 73.931 531.233 36.648 0.61 1.588 0.736 -0.675
5 20 1 41.111 587.818 36.616 0.172 0.208 0.595 0.606
5 21 1 44.685 586.4 36.551 0.15 0.217 0.483 0.606
5 24 1 64.17 623.392 36.991 2.594 1.83 1.21 -0.628
5 26 3 46.382 585.435 36.564 0.198 0.241 0.566 0.606
5 28 1 39.23 588.276 36.601 0.171 0.192 0.556 0.606
5 30 5 75.087 599.475 36.693 4.483 1.516 1.074 2.266
5 36 1 62.375 620.284 36.704 1.457 1.798 0.725 -0.628
5 41 1 70.793 547.457 36.579 1.428 1.605 0.65 -0.596
5 43 2 76.172 575.208 37.983 12.255 3.004 2.526 2.489
5 45 2 50.48 581.821 36.499 0.233 0.169 0.619 0.606
5 47 1 57.113 641.244 36.847 2.533 1.96 0.841 -0.653
5 54 5 8.903 591.142 36.915 0.625 0.85 0.245 1.076
5 55 3 23.187 583.102 36.974 0.457 0.408 1.554 0.758
5 56 3 83.825 583.894 37.103 0.745 0.628 1.639 2.267
5 61 5 59.079 635.968 36.89 4.264 1.192 1.617 -0.628
5 66 5 74.171 569.51 37.279 2.763 1.536 0.225 2.491
5 67 1 89.632 632.563 36.875 1.967 0.202 0.88 -1.994
6 7 1 59.047 610.33 37.3 5.077 1.785 1.987 -0.572
6 14 1 63.205 576.824 36.951 4.546 1.804 1.451 -0.552
6 20 1 41.08 587.805 36.64 0.192 0.181 0.491 0.72
6 21 1 44.68 586.365 36.6 0.214 0.216 0.525 0.72
6 24 1 64.215 623.255 36.962 2.227 1.515 1.252 -0.428
6 26 3 46.358 585.396 36.616 0.209 0.235 0.492 0.72
6 28 1 39.23 588.253 36.58 0.182 0.229 0.644 0.72
6 30 5 75.571 601.066 36.632 4.476 1.547 0.927 2.236
6 36 1 63.033 620.248 36.631 0.951 0.597 0.774 -0.565
6 41 1 71.773 543.304 36.819 0.386 1.413 0.581 -0.537
6 43 2 75.915 575.697 37.622 12.264 2.993 2.833 2.603
6 45 2 50.479 581.77 36.511 0.226 0.257 0.563 0.135
6 47 1 57.307 640.847 36.754 1.818 1.946 0.978 -0.465
6 56 3 83.892 584.418 37.076 0.489 0.59 1.658 2.549
6 61 5 59.188 635.775 36.984 4.268 1.44 1.576 -0.458
6 66 5 73.925 569.75 37.262 3.171 1.266 0.609 2.603
6 67 1 89.347 632.292 37.144 2.803 0.372 0.765 -1.842
6 77 1 74.875 594.696 36.626 1.026 0.703 0.888 2.374
7 7 1 59.856 605.77 37.201 5.705 1.902 1.849 -0.414
7 14 1 64.446 569.914 36.894 4.571 1.776 1.393 -0.451
7 20 1 41.058 587.789 36.63 0.201 0.205 0.484 -3.095
7 21 1 44.656 586.347 36.616 0.202 0.259 0.555 -3.095
7 24 1 64.644 623.167 36.848 1.851 0.764 0.926 2.758
7 26 3 46.324 585.371 36.553 0.192 0.17 0.567 -3.095
7 28 1 39.25 588.217 36.695 0.222 0.171 0.447 -2.721
7 30 5 76.162 602.543 36.602 4.48 1.808 1.041 2.276
7 41 1 72.608 537.784 36.613 1.525 1.096 0.724 -0.383
7 43 2 75.915 576.299 37.597 12.306 3.147 2.83 2.763
7 45 2 50.46 581.744 36.496 0.2 0.242 0.552 -3.095
7 47 1 57.204 640.199 36.603 0.253 1.18 0.348 2.517
7 56 3 83.688 584.964 37.221 0.546 1.026 1.401 2.04
7 61 5 59.207 635.804 37.13 4.182 1.471 1.321 2.905
7 66 5 74.281 569.787 37.204 3.883 1.377 0.533 2.786
7 67 1 89.036 632.249 36.889 3.605 0.326 1.052 1.481
7 77 1 74.73 595.403 36.88 1.976 0.574 1.285 2.665
7 83 1 84.932 548.333 37.205 3.51 1.661 0.918 2.775
8 7 1 60.477 601.23 37.255 5.168 1.844 2.027 -0.295
8 14 1 65.713 563.052 36.903 4.294 1.862 1.521 -0.278
8 20 1 41.056 587.76 36.607 0.066 0.104 0.386 -2.264
8 21 1 44.626 586.349 36.565 0.196 0.15 0.492 -2.301
8 26 3 46.308 585.36 36.586 0.106 0.153 0.505 -2.301
8 28 1 39.171 588.194 36.556 0.061 0.103 0.412 -2.264
8 30 5 76.669 604.014 36.836 4.385 1.67 1.394 2.408
8 41 1 74.061 533.422 36.768 0.139 0.851 0.271 -0.259
8 43 2 75.713 576.835 37.424 12.329 3.156 2.598 2.892
8 45 2 50.458 581.76 36.507 0.136 0.153 0.535 -2.717
8 47 1 57.271 640.398 36.66 0.483 1.007 0.536 2.994
8 56 3 83.708 585.483 37.737 0.516 0.84 0.495 2.989
8 61 5 59.323 635.796 36.932 4.373 1.64 1.532 2.986
8 66 5 74.084 569.879 37.292 3.543 1.596 0.937 2.914
8 67 1 88.811 632.382 36.951 3.898 0.599 1.04 -1.526
8 77 1 74.632 596.793 36.795 2.784 0.248 0.66 2.759
8 83 1 81.801 548.809 37.292 2.17 1.467 0.605 2.914
8 85 1 76.194 586.186 36.881 2.73 0.986 1.279 2.981
8 87 1 82.835 565.556 37.079 1.169 1.34 1.108 2.914
8 90 1 83.99 552.086 37.186 3.192 1.814 0.754 2.937
9 7 1 61.165 596.923 37.228 5.198 1.835 2.017 -0.188
9 14 1 66.899 555.961 36.926 4.468 1.885 1.513 -0.226
9 26 3 46.267 585.349 36.596 0.198 0.213 0.564 -2.816
9 28 1 39.163 588.171 36.588 0.156 0.179 0.339 -2.391
9 30 5 77.104 605.108 36.639 4.001 1.49 0.88 2.422
9 43 2 75.572 577.46 37.513 12.315 3.123 2.59 2.988
9 45 2 50.425 581.701 36.499 0.198 0.203 0.576 -2.816
9 61 5 59.438 634.989 37.045 2.339 1.427 1.6 3.112
9 66 5 74.085 569.826 37.145 3.882 1.528 1.264 2.986
9 77 1 75.056 598.212 37.109 3.047 0.823 1.067 2.992
9 83 1 81.173 549.729 37.322 2.038 0.571 0.595 2.988
9 85 1 76.24 587.831 36.854 2.928 1.692 1.261 2.988
9 87 1 81.686 567.647 37.142 0.973 0.636 1.037 3.007
9 90 1 83.244 554.959 37.219 2.296 1.551 1.148 2.988
10 7 1 61.815 592.461 37.261 5.147 1.981 1.942 -0.111
10 43 2 75.497 577.782 37.505 11.68 3.123 2.564 3.06
10 66 5 74.22 569.368 37.312 3.672 1.698 0.917 3.076
10 83 1 81.373 550.92 37.285 2.255 1.568 0.817 3.09
10 85 1 75.581 589.726 36.847 2.656 0.98 1.43 3.045
10 87 1 81.246 569.86 37.102 1.337 0.735 1.021 3.08
10 90 1 82.476 559.273 37.16 3.909 1.546 1.199 3.09
11 7 1 62.625 587.898 37.229 5.111 2.04 2.035 -0.075
11 43 2 75.297 578.428 37.481 11.891 2.917 2.677 3.095
11 66 5 74.157 569.52 37.269 4.381 1.726 1.014 3.102
11 83 1 81.221 551.422 36.887 3.342 1.537 1.626 3.102
11 85 1 75.186 591.164 37.338 1.355 0.26 0.393 3.045
11 87 1 80.706 572.041 36.846 1.863 0.718 1.494 3.102
11 90 1 81.639 562.631 37.133 3.828 1.921 1.298 3.102
11 108 1 101.783 555.58 37.678 0.407 1.645 0.918 1.568
11 113 1 77.222 552.267 37.077 2.745 1.287 1.087 3.102
11 121 5 84.976 538.437 36.87 1.98 0.206 0.325 3.086
12 7 1 63.38 583.174 37.222 5.096 1.956 1.953 -0.087
12 43 2 75.341 579.156 37.722 11.926 3.027 2.416 3.097
12 66 5 74.216 569.232 37.227 3.947 1.69 0.929 3.123
12 83 1 80.921 552.679 36.911 3.236 1.539 1.554 3.118
12 87 1 80.103 573.995 37.098 1.288 0.377 1.034 3.118
12 90 1 81.042 565.772 37.115 3.755 1.781 1.451 3.118
12 108 1 102.363 555.77 37.792 1.727 1.692 1.516 1.567
12 113 1 77.607 551.698 37.093 4.002 1.741 1.102 3.118
12 121 5 84.71 540.924 36.907 0.146 1.385 0.47 1.378
13 7 1 64.277 578.309 37.188 5.067 2.179 1.89 -0.08
13 43 2 74.91 579.81 37.752 11.907 2.923 2.705 3.097
13 66 5 74.268 568.91 37.294 3.379 1.704 0.996 3.113
13 83 1 80.579 554.3 37.01 2.49 1.6 1.194 3.127
13 87 1 79.746 576.129 37.182 0.824 0.675 0.74 -3.118
13 90 1 80.473 568.476 37.076 4.129 1.841 1.491 3.097
13 108 1 102.799 555.869 37.686 2.711 1.616 1.009 1.567
13 113 1 77.576 551.408 36.992 4.541 1.852 0.925 3.127
13 121 5 84.475 543.391 37.06 0.793 0.291 0.407 3.127
13 137 5 82.707 529.12 37.233 1.825 1.744 0.199 3.127
14 7 1 65.122 573.369 37.192 5.105 2.049 1.977 -0.014
14 43 2 74.746 580.481 37.846 11.83 2.681 2.691 3.097
14 66 5 74.316 568.774 37.297 3.14 1.871 0.894 3.129
14 83 1 80.261 555.825 36.977 3.119 1.531 1.508 3.078
14 90 1 79.928 570.732 37.122 3.588 1.726 1.405 3.1
14 108 1 103.209 555.994 37.836 3.614 1.69 1.504 1.564
14 113 1 77.571 551.404 37.058 4.475 1.723 1.165 3.1
14 121 5 84.353 548.115 37.249 4.608 0.84 0.783 2.983
14 137 5 82.071 532.115 37.259 2.56 1.446 0.436 3.135
14 141 2 89.066 523.711 38.224 10.529 1.31 3.323 3.115
15 7 1 66.193 568.261 37.193 5.022 2.023 1.975 -0.017
15 43 2 74.685 580.929 38.001 11.752 2.631 2.576 3.125
15 66 5 74.285 568.739 37.272 3.199 1.554 0.946 3.137
15 83 1 80.054 556.716 37.12 2.57 1.548 1.207 3.137
15 90 1 79.37 573.192 37.09 3.452 1.746 1.403 3.11
15 113 1 77.546 551.336 37.243 4.592 1.84 1.008 3.125
15 121 5 83.782 550.735 37.194 4.734 0.856 0.702 3.12
15 137 5 81.73 534.708 37.329 2.87 1.648 0.549 3.105
15 141 2 89.029 527.973 38.086 11.118 2.792 3.109 3.111
16 7 1 67.275 563.05 37.227 5.183 2.047 1.907 -0.013
16 43 2 74.586 581.12 38.136 11.723 2.789 2.596 -3.129
16 66 5 74.165 568.74 37.148 3.135 1.442 0.893 -3.112
16 83 1 79.666 558.325 37.112 3.134 1.474 1.274 3.139
16 90 1 78.385 575.657 37.11 2.711 0.693 0.807 3.129
16 113 1 77.582 551.103 37.385 4.224 1.825 0.807 3.08
16 121 5 83.554 553.464 37.194 4.657 1.393 0.824 3.105
16 137 5 81.375 536.756 37.36 3.099 1.873 0.731 3.118
16 141 2 88.024 531.959 37.839 11.069 2.76 2.884 3.118
17 7 1 68.41 557.728 37.214 5.094 2.013 1.909 -0.016
17 43 2 74.111 581.039 38.333 11.652 1.689 2.086 3.12
17 66 5 74.132 567.367 36.961 0.323 0.736 0.368 0.027
17 83 1 79.552 559.088 37.157 1.809 1.385 1.185 3.123
17 90 1 78.392 577.744 37.559 1.357 1.223 0.291 3.123
17 113 1 77.729 550.512 37.37 3.058 2.015 0.842 -3.113
17 121 5 83.449 554.118 36.935 0.387 1.322 0.529 3.097
17 137 5 81.042 537.915 37.363 4.14 1.795 0.711 -3.138
17 141 2 87.266 535.796 37.795 10.948 3.109 2.859 3.12
17 162 3 61.336 530.447 37.319 0.453 0.549 1.395 -1.128
18 7 1 69.558 552.278 37.267 5.02 2.054 1.984 0.012
18 66 5 74.086 567.28 37.179 0.292 0.786 0.267 -3.118
18 83 1 79.201 560.681 37.193 2.17 1.247 1.046 3.137
18 113 1 77.804 550.065 37.355 2.168 1.532 0.726 -3.124
18 121 5 82.892 558.011 36.981 2.902 1.632 1.129 3.099
18 137 5 80.81 539.015 37.292 3.947 1.839 0.697 3.103
18 141 2 86.598 539.113 37.756 10.708 2.665 2.796 3.136
18 162 3 61.575 530.233 37.172 0.521 0.786 1.628 -1.424
18 165 1 64.285 577.48 36.762 0.388 1.474 0.551 0.05
19 7 1 70.726 546.7 37.232 5.048 2.021 1.958 0.011
19 66 5 73.932 567.369 37.047 0.278 0.423 0.24 3.111
19 113 1 78.351 549.404 37.215 0.55 0.722 0.283 3.111
19 121 5 82.527 559.981 36.741 1.371 1.105 1.07 3.123
19 137 5 80.808 540.188 37.339 3.865 1.919 0.783 3.071
19 141 2 85.82 542.7 37.751 10.958 2.598 3.048 3.133
19 162 3 61.648 529.892 37.193 0.587 0.765 1.686 -1.434
19 165 1 61.585 574.657 36.523 0.467 1.822 0.335 0.023
19 169 1 85.967 474.082 36.88 0.537 1.442 0.691 -0.031
19 170 1 81.007 484.64 36.826 1.144 1.813 1.141 -0.031
19 174 5 90.609 492.507 37.436 0.164 1.046 0.077 -3.129
19 175 1 65.475 570.505 37.279 1.823 1.499 1.405 0.023
20 7 1 71.972 540.955 37.221 4.943 2.123 1.942 0
20 121 5 81.946 562.789 36.763 0.239 0.978 0.782 -3.119
20 137 5 80.507 540.883 37.198 3.207 1.582 0.938 3.142
20 141 2 84.88 546.653 37.794 11.912 2.475 3.376 3.142
20 162 3 60.96 529.697 37.185 2.657 1.531 1.617 -3.012
20 165 1 62.654 568.858 36.714 2.024 2.088 0.969 0
20 169 1 87.272 468.159 36.867 0.792 1.57 0.65 0
20 170 1 82.425 477.922 36.874 0.494 1.5 0.582 0
20 174 5 89.019 499.581 37.514 2.083 1.801 0.585 3.142
20 175 1 66.958 562.258 36.858 0.657 1.639 0.511 0
21 7 1 73.157 535.273 37.256 5.024 2.074 1.854 -0.005
21 121 5 80.995 565.873 36.902 1.13 1.538 0.901 -3.132
21 137 5 80.328 542.562 36.912 3.145 1.468 1.07 -3.132
21 141 2 84.034 550.481 37.989 11.337 2.504 3.262 -3.132
21 162 3 61.078 528.922 37.029 1.061 1.19 1.22 -3.071
21 165 1 64.027 561.842 36.547 0.72 1.851 0.648 -0.005
21 169 1 88.57 462.563 36.84 0.335 1.523 0.425 -0.028
21 170 1 83.842 471.045 36.929 0.506 1.427 0.584 -0.028
21 174 5 87.548 505.765 37.065 3.898 1.756 1.427 -3.132
21 175 1 68.241 554.458 36.567 0.899 1.668 0.79 -0.005
21 186 5 99.115 474.735 36.825 0.851 1.583 0.316 -3.133
22 7 1 74.335 529.425 37.281 5.024 1.897 1.883 0.015
22 121 5 80.506 568.092 36.668 0.169 1.225 0.321 -3.115
22 137 5 80.965 542.876 37.065 0.144 0.689 0.198 -3.112
22 141 2 84.201 550.3 37.914 4.182 2.668 3.584 3.126
22 165 1 65.106 556.418 36.905 2.203 1.872 1.231 0.01
22 169 1 90.017 456.05 36.775 1.065 1.435 0.747 -0.007
22 170 1 85.454 463.856 36.851 0.942 1.423 0.888 0.036
22 174 5 86.456 510.651 37.095 4.112 1.747 1.497 -3.125
22 175 1 69.632 546.836 37.147 1.847 1.73 1.7 0.017
22 186 5 97.874 480.065 37.026 4.092 1.97 0.694 3.129
22 189 5 106.221 462.316 37.19 0.606 0.508 0.305 -3.082
23 7 1 75.642 523.458 37.287 5.022 2.114 1.957 0
23 137 5 80.392 544.833 37.027 0.614 1.139 0.309 0.006
23 141 2 82.898 556.293 37.991 9.924 2.706 3.499 3.124
23 165 1 66.661 549.424 36.692 0.514 1.8 0.601 0
23 169 1 91.037 450.187 36.91 0.366 1.594 0.446 0
23 170 1 86.765 457.234 36.92 0.47 1.574 0.571 0
23 174 5 85.403 515.351 37.069 4.727 1.605 1.549 -3.131
23 175 1 71.076 538.238 36.755 0.48 1.646 0.525 0
23 186 5 96.58 486.879 36.793 4.502 1.815 1.104 -3.138
23 189 5 105.577 465.544 37.244 0.865 0.431 0.6 3.142
24 7 1 76.898 517.444 37.325 5.048 2.134 1.88 0
24 137 5 80.774 546.715 37.008 0.434 1.421 0.375 -3.14
24 141 2 81.847 559.095 37.947 9.655 2.054 2.931 3.141
24 165 1 67.739 543.928 36.794 1.834 1.571 0.861 0.001
24 170 1 88.261 450.074 36.874 0.162 0.891 0.281 0.029
24 174 5 84.584 519.228 37.129 2.849 1.577 1.37 -3.138
24 175 1 72.492 530.226 36.733 0.654 1.786 0.75 0
24 186 5 95.112 493.465 36.962 4.646 1.734 1.267 -3.116
24 189 5 104.833 468.651 36.913 0.848 0.59 1.481 -3.114
25 7 1 78.183 511.274 37.343 5 2.085 1.976 -0.008
25 137 5 80.596 548.939 36.935 0.355 1.344 0.321 3.074
25 165 1 69.057 537.159 36.566 0.665 1.161 0.569 -0.048
25 170 1 89.835 442.498 36.785 0.971 1.573 0.664 -0.026
25 174 5 83.929 522.549 37.421 2.658 1.333 0.739 -3.139
25 175 1 73.764 522.553 36.971 1.076 1.718 1.178 0
25 186 5 93.864 499.792 37.037 4.544 1.796 1.387 3.108
25 189 5 104.108 472.132 36.991 0.917 0.506 1.34 3.031
26 7 1 79.44 505.067 37.355 5.062 2.03 1.942 0.012
26 165 1 70.062 531.181 36.626 0.348 0.418 0.33 0.001
26 170 1 91.253 434.618 36.823 1.67 1.594 0.716 0.02
26 174 5 83.343 524.878 37.288 1.894 0.992 0.466 3.141
26 175 1 74.957 515.544 37.211 2.635 1.755 1.922 0.033
26 186 5 92.521 506.589 36.905 5.622 1.787 1.296 3.124
26 189 5 103.403 475.311 36.991 1.896 0.676 1.36 -3.14
26 205 3 94.106 447.823 37.448 0.36 0.403 1.325 -1.531
26 207 3 108.244 480.573 37.185 0.875 0.978 1.567 1.66
27 7 1 80.807 498.851 37.388 5.075 2.059 1.911 -0.011
27 170 1 92.654 427.66 37.001 0.416 1.431 0.37 -0.079
27 175 1 76.331 507.938 37.301 2.881 1.843 1.798 -0.012
27 186 5 91.421 511.39 36.924 2.685 1.56 0.771 -3.122
27 189 5 102.532 478.891 37.075 1.847 0.662 1.47 -3.127
27 205 3 94.176 447.63 37.398 0.481 0.931 1.611 -1.531
27 207 3 108.973 480.819 37.227 0.845 0.585 1.654 1.792
27 209 3 97.368 451.409 37.875 0.503 0.323 0.31 -1.531
27 210 3 97.387 448.295 37.806 0.57 0.63 0.333 -1.531
28 7 1 82.027 492.533 37.377 5.077 2.041 1.998 0.021
28 170 1 94.177 420.072 37.071 0.347 1.031 0.65 0.038
28 175 1 77.851 499.759 37.217 1.798 1.737 1.806 0.021
28 186 5 90.203 517.083 36.798 2.309 1.545 0.707 -3.089
28 189 5 101.547 482.502 37.07 1.833 0.534 1.5 3.114
28 205 3 94.013 447.842 37.426 0.437 0.41 1.67 -1.603
28 207 3 109.483 481.159 37.293 0.742 0.71 1.623 1.622
28 209 3 97.353 451.369 37.843 0.77 0.372 0.569 1.538
28 210 3 97.343 448.406 37.958 0.389 0.362 0.685 -1.603
29 7 1 83.391 486.191 37.432 4.917 1.984 1.953 0.009
29 175 1 79.375 492.142 37.267 1.808 1.843 1.735 0.026
29 189 5 100.772 486.088 37.04 1.783 0.517 1.429 -3.113
29 205 3 93.946 447.845 37.424 0.436 0.481 1.642 -1.531
29 207 3 110.156 481.269 37.212 0.493 0.642 1.645 1.642
29 209 3 97.174 451.363 37.75 0.551 0.435 0.829 -1.531
29 210 3 97.247 448.348 37.933 0.573 0.43 0.687 -1.531
30 7 1 84.708 479.957 37.439 5.059 1.995 1.983 -0.004
30 175 1 80.874 484.377 37.049 1.216 1.796 1.285 -0.011
30 189 5 100.018 489.84 37.08 1.737 0.578 1.322 -3.104
30 205 3 93.942 447.773 37.455 0.393 0.663 1.667 -1.888
30 207 3 111.013 481.466 37.603 0.273 0.564 0.965 -1.522
30 209 3 97.146 451.299 37.548 0.591 0.701 1.323 0.435
30 210 3 97.302 448.26 37.704 0.702 0.576 1.199 1.237
30 217 1 100.296 405.679 36.961 1.03 1.506 0.722 -0.023
30 218 1 97.568 403.666 36.846 1.684 1.122 0.727 -0.063
31 7 1 86.022 473.723 37.457 5.092 1.992 1.968 0
31 175 1 82.327 477.112 37.155 1.494 1.873 1.108 -0
31 189 5 99.205 493.535 37.005 1.544 0.548 1.254 -3.119
31 205 3 93.965 447.728 37.481 0.676 0.788 1.747 -1.531
31 207 3 111.779 481.589 37.535 0.374 0.557 0.92 1.506
31 209 3 97.06 451.293 37.559 0.659 0.487 1.374 -1.531
31 210 3 97.227 448.26 37.709 0.812 0.6 1.222 1.61
31 217 1 101.479 399.768 37.014 0.925 1.563 0.688 0.041
31 218 1 99.223 396.502 37.064 0.349 0.909 0.344 0.04
31 220 4 111.983 435.859 37.171 1.687 0.664 1.44 -3.134
31 221 5 109.174 412.428 37.346 1.547 1.223 0.3 -3.119
31 224 1 103.015 435.795 37.441 4.244 1.849 1.318 -3.107
32 7 1 87.353 467.424 37.444 5.061 1.956 1.868 -0.001
32 175 1 83.735 470.175 37.368 2.474 1.822 1.813 -0.021
32 205 3 93.848 447.724 37.484 0.494 0.687 1.73 -1.729
32 209 3 97.104 451.267 37.437 0.505 0.663 1.626 2.986
32 210 3 97.132 448.199 37.568 0.651 0.702 1.562 1.548
32 217 1 102.781 393.961 37.018 1.014 1.437 0.707 0.033
32 218 1 100.703 388.516 36.958 0.222 1.089 0.466 0.033
32 220 4 112.218 430.198 37.35 1.284 0.625 1.518 -3.104
32 221 5 107.554 418.478 37.443 3.393 1.633 0.797 -3.13
32 224 1 101.675 442.008 37.282 4.211 1.683 1.083 3.138
32 231 5 85.889 422.551 36.707 0.197 0.22 0.629 -0.642
33 7 1 88.597 461.129 37.464 5.051 1.879 1.846 0.015
33 175 1 85.151 462.837 37.391 2.553 1.808 1.787 0.015
33 205 3 93.829 447.764 37.469 0.587 0.784 1.706 -1.432
33 209 3 97.061 451.268 37.556 0.526 0.818 1.343 -3.078
33 210 3 96.949 448.147 37.92 0.985 0.741 0.778 1.538
33 217 1 104.007 388.036 37.042 0.782 1.534 0.689 0.026
33 218 1 102.391 380.498 36.947 0.215 1.127 0.39 0.012
33 220 4 112.521 428.949 37.339 1.67 0.568 1.604 -3.116
33 221 5 106.251 425.297 37.502 4.008 1.764 0.97 -3.127
33 224 1 100.44 448.113 37.511 4.138 1.784 1.282 -3.127
33 231 5 85.872 422.512 36.751 0.18 0.22 0.469 -1.581
33 232 1 84.79 419.016 36.805 0.129 0.248 0.397 -3.086
33 233 1 83.439 415.59 36.798 0.133 0.221 0.456 -2.774
34 7 1 89.887 454.872 37.465 5.039 1.869 1.885 -0
34 175 1 86.626 455.543 37.396 2.798 1.865 1.826 0
34 205 3 93.755 447.66 37.507 0.403 0.558 1.668 -1.523
34 209 3 97.106 451.284 37.746 0.459 0.705 0.968 -3.086
34 210 3 96.718 448.095 37.88 1.566 0.525 0.817 1.618
34 217 1 105.33 381.996 37.069 0.771 1.693 0.611 0.008
34 220 4 112.896 427.639 37.302 1.739 0.604 1.788 -0.004
34 221 5 104.84 432.016 37.56 4.422 1.845 0.928 3.142
34 224 1 99.06 454.21 37.539 3.42 1.575 1.068 3.142
34 231 5 85.866 422.521 36.764 0.158 0.142 0.533 0
34 232 1 84.78 418.962 36.727 0.122 0.107 0.508 0
34 233 1 83.406 415.607 36.8 0.09 0.18 0.476 0
34 235 1 84.166 417.267 36.785 0.205 0.115 0.471 -0
35 7 1 91.202 448.577 37.476 4.965 1.847 1.958 0.01
35 175 1 88.273 447.554 37.372 1.93 1.828 1.785 0.01
35 205 3 93.675 447.655 37.441 0.399 0.523 1.598 -1.578
35 209 3 96.959 451.238 37.863 0.577 0.369 0.516 1.564
35 210 3 96.678 447.955 37.916 1.172 0.576 0.757 1.564
35 217 1 106.755 375.407 37.037 1.239 1.616 0.683 -0
35 220 4 113.14 426.2 37.372 1.414 0.608 1.647 -0.145
35 221 5 103.324 438.553 37.441 3.913 1.349 1.087 3.141
35 224 1 97.36 461.434 37.378 1.89 1.346 0.415 -3.128
35 231 5 85.861 422.517 36.792 0.196 0.194 0.53 0
35 232 1 84.762 418.914 36.799 0.2 0.187 0.445 0
35 233 1 83.397 415.572 36.834 0.217 0.145 0.575 -0
35 235 1 84.131 417.277 36.806 0.199 0.198 0.52 -0
35 238 3 80.357 407.261 37.777 0.388 0.512 0.79 -1.467
36 7 1 92.625 442.105 37.457 4.767 1.887 1.893 -0.023
36 175 1 89.849 440.4 37.402 3.071 1.887 1.906 -0.018
36 205 3 93.566 447.646 37.39 0.346 0.372 1.684 -1.648
36 217 1 108.149 369.055 37.1 0.956 1.501 0.675 3.115
36 220 4 113.378 424.94 37.138 0.917 0.724 1.02 -3.119
36 231 5 85.799 422.483 36.755 0.132 0.165 0.494 2.453
36 232 1 84.721 418.953 36.749 0.109 0.102 0.434 2.453
36 233 1 83.383 415.563 36.844 0.16 0.097 0.474 2.453
36 235 1 84.115 417.271 36.823 0.132 0.134 0.466 2.453
36 238 3 80.287 407.337 37.269 0.36 0.724 1.656 1.198
36 241 3 81.086 408.367 37.321 0.441 0.407 1.605 -1.316
36 242 3 124.557 385.128 37.569 0.261 0.378 1.027 -3.117
37 7 1 93.933 435.733 37.492 5.037 1.848 1.812 0
37 175 1 91.443 432.454 37.46 2.887 1.812 1.777 0
37 217 1 109.64 362.387 37.084 1.3 1.568 0.67 0
37 220 4 113.547 423.848 37.234 1.03 0.668 1.659 -0.001
37 231 5 85.728 422.479 36.667 0.157 0.153 0.658 -1.465
37 232 1 84.66 418.921 36.805 0.127 0.104 0.435 -1.465
37 233 1 83.323 415.557 36.897 0.158 0.145 0.519 -1.465
37 235 1 84.048 417.27 36.831 0.113 0.137 0.436 -1.465
37 238 3 80.262 407.406 37.333 0.423 0.634 1.66 -1.869
37 241 3 80.98 408.375 37.354 0.429 0.502 1.657 0.399
37 245 4 122.124 386.202 37.175 1.226 0.551 1.46 -3.119
37 246 3 90.633 386.292 36.817 0.059 0.145 0.323 -0.944
37 247 1 93.207 383.613 36.734 0.105 0.083 0.346 -2.494
37 248 5 124.749 358.647 36.918 0.571 1.539 0.414 3.142
37 254 3 118.569 420.708 37.56 0.781 0.649 1.538 0.001
38 7 1 95.292 429.209 37.525 4.98 1.903 1.876 0.018
38 175 1 93.087 424.115 37.402 1.9 1.876 1.708 0.005
38 217 1 110.971 355.994 37.149 0.417 1.469 0.592 -0.008
38 220 4 113.927 422.283 37.305 1.546 0.695 1.737 0.056
38 231 5 85.68 422.463 36.653 0.151 0.181 0.802 -0.443
38 232 1 84.592 418.872 36.761 0.144 0.221 0.452 2.907
38 233 1 83.233 415.542 36.822 0.132 0.254 0.429 -0.693
38 235 1 84.009 417.211 36.798 0.135 0.168 0.443 0.915
38 238 3 80.168 407.376 37.335 0.607 0.578 1.676 1.084
38 241 3 80.971 408.321 37.331 0.307 0.492 1.73 0.379
38 242 3 125.586 384.861 37.489 0.534 0.482 1.702 -3.051
38 245 4 121.438 389.774 37.257 1.432 0.684 1.496 3.135
38 246 3 90.619 386.324 36.874 0.209 0.199 0.36 2.3
38 247 1 93.144 383.609 36.786 0.191 0.224 0.393 -2.331
38 248 5 122.16 361.49 37.082 0.442 1.123 0.335 -3.081
38 254 3 118.719 420.202 37.311 0.537 0.424 1.522 0.069
38 262 3 95.169 380.475 36.873 0.152 0.21 0.436 0.003
39 7 1 96.669 422.623 37.528 4.833 1.708 1.974 0.013
39 175 1 94.601 416.485 37.442 2.475 1.922 1.837 0.029
39 217 1 112.49 348.88 37.038 1.259 1.281 0.7 0.014
39 220 4 114.306 421.019 37.308 1.39 0.637 1.759 0.007
39 238 3 80.089 407.339 37.238 0.618 0.704 1.64 -2.386
39 241 3 80.867 408.317 37.273 0.54 0.342 1.601 -1.172
39 242 3 125.591 385.216 37.541 0.635 0.53 1.532 0.038
39 245 4 120.666 393.393 37.301 1.705 0.702 1.506 -3.131
39 246 3 90.59 386.275 36.785 0.145 0.145 0.514 -2.589
39 247 1 93.113 383.578 36.786 0.176 0.134 0.558 -2.589
39 248 5 121.093 363.396 37.499 3.289 1.323 1.076 -2.892
39 254 3 118.581 419.578 37.483 0.733 0.68 1.525 -0.006
39 262 3 95.14 380.464 36.912 0.219 0.14 0.522 -2.589
39 265 4 127.278 382.566 37.339 2.523 0.978 1.464 3.077
39 266 2 127.368 336.198 38.408 9.239 3.056 2.92 -3.125
40 7 1 97.989 415.847 37.542 4.5 1.834 1.833 0.052
40 175 1 96.091 408.898 37.482 2.994 1.95 1.904 0.052
40 217 1 113.813 342.548 37.122 0.352 1.289 0.61 0.014
40 220 4 114.509 419.443 37.557 0.995 0.648 0.967 3.13
40 238 3 79.998 407.292 37.386 0.468 0.375 1.593 -1.016
40 241 3 80.706 408.261 37.321 0.567 0.338 1.451 -1.165
40 242 3 125.509 385.717 37.533 0.639 0.535 1.8 3.112
40 245 4 119.832 397.067 37.308 1.357 0.48 1.505 -3.131
40 246 3 90.54 386.243 36.837 0.188 0.219 0.596 0.784
40 247 1 93.052 383.539 36.824 0.227 0.287 0.608 -2.753
40 248 5 119.125 366.704 37.401 3.957 1.908 1.259 -3.132
40 254 3 118.52 419.204 37.301 0.775 0.707 1.602 -3.118
40 262 3 95.089 380.438 36.91 0.22 0.219 0.545 -2.98
40 265 4 127.133 382.643 37.387 2.667 1.088 1.442 -3.095
40 266 2 126.01 341.777 38.309 8.985 2.979 2.66 -3.123
40 267 5 121.896 344.038 37.83 1.907 1.908 0.694 0.02
41 7 1 99.415 409.455 37.591 4.867 1.765 1.953 -0
41 175 1 97.643 400.978 37.491 2.966 1.894 1.856 0
41 217 1 115.344 335.733 37.221 0.518 1.337 0.626 0.013
41 220 4 114.451 417.92 37.334 1.406 0.821 1.748 -0.005
41 238 3 79.912 407.366 37.379 0.86 0.387 1.482 -0
41 241 3 80.656 408.321 37.39 0.526 0.323 1.494 -1.152
41 242 3 125.386 386.188 37.359 0.457 0.22 0.822 0
41 245 4 119.194 400.613 37.304 1.795 0.559 1.548 -3.138
41 246 3 90.43 386.206 36.776 0.142 0.121 0.503 -2.752
41 247 1 93.002 383.481 36.815 0.209 0.23 0.554 -2.731
41 248 5 117.789 370.635 37.406 4.396 1.905 1.518 -2.974
41 254 3 118.55 418.545 37.563 0.467 0.808 1.408 0.057
41 262 3 95.051 380.389 36.86 0.267 0.248 0.5 -2.789
41 265 4 127.07 382.558 37.411 3.002 0.979 1.35 3.136
41 266 2 125.11 345.318 38.317 11.906 2.908 3.143 3.138
41 267 5 120.581 349.239 37.75 4.197 1.784 0.82 3.132
42 7 1 100.761 402.785 37.552 4.74 1.778 1.885 0.039
42 175 1 98.95 393.763 37.185 4.499 1.965 1.199 -0.002
42 217 1 116.679 328.907 37.295 0.989 1.485 0.839 -0.213
42 220 4 114.724 416.635 37.719 0.947 0.651 0.907 0.115
42 238 3 79.835 407.286 37.202 0.651 0.522 1.518 -2.697
42 241 3 80.657 408.204 37.215 0.315 0.173 1.523 2.164
42 242 3 125.434 386.756 37.546 0.701 0.549 1.78 2.749
42 245 4 118.581 403.694 37.359 1.055 0.4 1.349 0.355
42 247 1 92.899 383.441 36.857 0.182 0.106 0.474 -1.4
42 248 5 116.503 374.666 37.447 4.53 1.84 1.519 -3.065
42 254 3 118.66 418.021 37.623 0.412 0.366 1.189 0.213
42 262 3 94.958 380.364 36.893 0.169 0.145 0.564 -1.4
42 265 4 127.184 382.675 37.5 2.885 1.326 1.156 -0
42 266 2 123.811 350.775 38.485 11.865 3.049 2.99 -3.138
42 267 5 119.232 355.609 37.519 4.713 2.031 1.761 3.139
42 272 1 131.937 325.13 37.322 4.381 1.661 0.968 3.042
43 7 1 102.118 396.189 37.615 4.933 1.726 1.92 0.023
43 175 1 100.337 385.689 37.291 4.415 1.986 1.364 0.013
43 217 1 118.067 322.294 37.181 1.242 1.411 0.869 0.023
43 220 4 115.003 415.079 37.629 1.286 0.442 0.602 -0
43 238 3 79.687 407.268 37.249 0.324 0.511 1.735 -2.585
43 242 3 125.303 387.524 37.629 0.605 0.571 1.495 3.051
43 245 4 117.627 407.552 37.655 1.361 0.547 0.807 0
43 248 5 115.316 378.972 37.391 4.16 1.914 1.516 -3.103
43 254 3 118.796 417.369 37.652 0.512 0.603 1.527 -0
43 262 3 94.871 380.301 36.941 0.236 0.184 0.529 0.057
43 265 4 126.961 382.93 37.386 2.101 1.075 1.232 -3.087
43 266 2 122.503 356.381 38.196 11.844 2.99 2.921 -3.14
43 267 5 117.875 362.029 37.619 4.588 1.895 1.704 -3.103
43 272 1 131.899 328.978 37.217 4.424 1.777 1.301 2.954
44 7 1 103.568 389.426 37.594 4.827 1.721 1.927 0.048
44 175 1 101.789 377.688 37.546 4.794 1.841 1.762 -0.077
44 217 1 119.403 315.736 37.234 1.603 1.614 0.594 0
44 220 4 115.007 413.407 37.314 2.167 0.936 1.21 -3.118
44 242 3 125.202 387.953 37.727 0.418 0.62 1.373 -3.126
44 245 4 116.771 411.25 37.315 0.371 0.405 0.301 3.136
44 248 5 113.978 383.831 37.521 2.142 1.575 1.328 -3.138
44 265 4 126.07 383 39.797 1.538 1.255 0.677 -0
44 266 2 121.114 361.991 38.074 11.872 2.904 2.768 3.132
44 267 5 116.776 368.019 37.619 4.245 2.022 1.762 -3.129
44 272 1 132.275 332.495 37.298 4.533 1.725 1.424 2.816
44 276 3 112.963 303.219 37.327 0.333 0.482 1.345 0.034
44 277 3 141.752 315.483 37.516 0.531 0.48 1.342 3.072
44 279 1 154.778 350.321 37.037 4.135 1.784 1.335 2.039
44 280 3 111.541 302.776 37.41 0.444 0.17 1.127 1.553
44 282 3 153.24 339.104 37.494 0.62 0.44 1.189 1.687
45 7 1 104.965 382.834 37.557 4.723 1.689 1.992 0.013
45 175 1 103.179 369.377 37.295 4.671 1.902 1.458 -0.029
45 217 1 120.686 309.433 37.204 1.457 1.713 0.886 0.052
45 248 5 112.977 388.399 37.533 0.676 1.489 0.476 3.121
45 266 2 119.779 368.283 38.234 13.426 2.732 3.055 3.136
45 267 5 115.225 375.833 37.709 4.113 1.777 1.412 3.119
45 272 1 133.021 335.83 37.377 4.603 1.469 1.493 2.648
45 276 3 112.931 303.183 37.348 0.4 0.553 1.223 -0.065
45 277 3 141.479 315.837 37.761 0.479 0.55 1.192 -3.07
45 279 1 155.856 351.178 37.123 4.089 1.76 1.201 2
45 280 3 111.434 302.661 37.443 0.499 0.202 1.437 1.545
45 282 3 153.556 339.028 37.397 0.204 0.165 1.085 1.701
45 289 3 111.96 299.299 37.646 0.32 0.41 1.595 1.537
45 290 3 123.694 307.557 37.677 0.247 0.359 1.382 1.55
45 295 3 112.638 297.762 37.438 0.307 0.332 1.332 1.591
46 7 1 106.395 376.165 37.72 4.714 1.744 1.787 0.005
46 175 1 104.738 360.994 37.39 4.474 1.979 1.412 0
46 217 1 121.946 303.715 37.412 0.416 1.484 0.507 0
46 248 5 111.493 393.595 37.472 0.19 0.841 0.043 -3.138
46 266 2 118.355 374.594 38.476 12.014 2.62 3.071 3.128
46 267 5 114.065 382.143 37.779 3.507 1.708 0.866 3.133
46 272 1 134.431 338.782 37.395 4.466 1.658 1.54 2.485
46 276 3 112.876 303.09 37.433 0.65 0.471 1.274 3.125
46 277 3 141.234 316.297 37.715 0.518 0.67 1.476 3.115
46 279 1 157.494 352.22 36.978 3.934 1.768 0.996 1.883
46 280 3 111.382 302.678 37.496 0.261 0.412 1.47 -0.041
46 282 3 153.99 339.318 37.601 0.439 0.407 1.276 1.652
46 289 3 111.871 299.279 37.788 0.426 0.477 1.76 1.507
46 290 3 123.589 307.563 37.679 0.44 0.371 1.522 -1.673
46 295 3 112.237 297.968 37.488 0.474 0.417 1.361 1.507
46 296 3 136.937 324.82 37.576 0.929 0.486 1.482 0.019
46 297 1 136.335 292.875 37.485 1.768 1.165 1.081 3.142
46 298 3 113.121 300.421 37.343 0.525 0.304 1.347 2.382
47 7 1 107.835 369.207 37.674 4.149 1.698 1.953 0.007
47 175 1 106.341 352.76 37.65 4.699 1.902 1.812 0.008
47 217 1 123.314 296.947 37.552 1.284 1.588 1.271 0
47 266 2 117.288 380.062 38.462 11.121 2.727 2.986 3.114
47 267 5 113.203 387.53 37.73 0.727 1.609 1.082 -3.138
47 272 1 136.189 341.589 37.319 4.467 1.722 1.411 2.333
47 276 3 112.8 303.159 37.466 0.44 0.63 1.529 2.765
47 277 3 141.127 316.615 37.691 0.655 0.831 1.226 3.142
47 279 1 157.929 352.383 37.202 1.091 1.767 0.901 1.67
47 280 3 111.369 302.614 37.64 0.579 0.582 1.398 1.167
47 282 3 154.378 339.297 37.399 0.493 0.555 1.374 1.628
47 289 3 111.696 299.337 37.831 0.384 0.562 1.738 2.657
47 290 3 123.573 307.574 37.849 0.314 0.346 1.422 -2.218
47 295 3 111.803 297.998 37.716 0.476 0.401 1.138 0.02
47 296 3 136.926 323.923 37.683 0.931 0.492 1.553 -0.065
47 297 1 135.895 295.024 37.79 4.312 1.252 1.277 3.142
47 298 3 113.089 300.444 37.423 0.421 0.409 1.5 2.518
48 7 1 109.221 362.757 37.683 4.815 1.707 1.904 0.008
48 175 1 108.039 344.274 37.398 4.536 1.943 1.318 -0.022
48 217 1 124.65 290.656 37.372 1.024 1.559 0.932 -0.028
48 266 2 116.289 384.161 38.306 6.988 2.587 2.458 -3.139
48 272 1 138.52 344.116 37.297 4.418 1.712 1.445 2.166
48 276 3 112.775 303.166 37.531 0.448 0.497 1.404 -3.115
48 277 3 140.919 317.165 37.746 0.799 0.824 1.545 -2.487
48 279 1 160.065 353.391 37.092 1.042 1.492 0.954 1.769
48 280 3 111.408 302.558 37.596 0.533 0.514 1.58 0.027
48 282 3 154.761 339.532 37.338 0.525 0.521 1.583 1.649
48 289 3 111.686 299.369 37.803 0.454 0.506 1.687 3.133
48 290 3 123.542 307.534 37.891 0.408 0.436 1.669 -1.577
48 296 3 136.831 323.156 37.306 0.743 0.247 0.505 0.075
48 297 1 135.175 298.692 37.58 4.427 1.693 1.027 -3.134
48 298 3 112.951 300.628 37.464 0.486 0.485 1.393 3.133
48 303 3 137.53 309.74 37.618 0.343 0.425 1.387 1.29
48 305 4 120.376 267.89 37.66 0.821 0.508 0.816 -0.049
48 309 3 113.06 298.417 37.526 0.427 0.373 1.604 3.078
49 7 1 110.744 355.551 37.776 3.809 1.713 1.769 -0.027
49 175 1 109.8 336.024 37.454 4.882 1.881 1.351 -0.068
49 217 1 126.089 284.046 37.43 1.315 1.61 0.964 0.116
49 276 3 112.711 303.146 37.522 0.454 0.682 1.474 2.346
49 277 3 140.947 317.646 37.717 0.568 0.88 1.725 3.08
49 280 3 111.354 302.551 37.698 0.502 0.589 1.624 1.61
49 289 3 111.63 299.331 38.228 0.654 0.601 0.899 2.453
49 290 3 123.496 307.667 37.828 0.435 0.827 1.73 -1.639
49 295 3 111.108 298.599 37.76 0.458 0.385 1.536 2.223
49 296 3 136.858 322.144 37.695 0.963 0.685 1.647 -0.2
49 297 1 134.265 303.05 37.494 4.126 1.626 1.021 -3.131
49 298 3 112.918 300.569 37.514 0.579 0.606 1.5 2.859
49 303 3 137.486 309.747 37.52 0.547 0.464 1.563 0.017
49 305 4 120.982 265.705 37.662 0.704 0.774 1.056 -0.046
49 309 3 112.976 298.303 37.658 0.642 0.557 1.603 0
49 310 3 145.966 283.168 37.738 0.199 0.292 0.793 3.106
49 311 1 138.91 288.421 37.474 2.494 1.132 0.726 -3.079
50 7 1 112.132 348.894 37.752 3.775 1.72 1.822 -0.04
50 175 1 111.444 327.47 37.507 4.931 1.856 1.347 -0.043
50 217 1 127.451 277.432 37.368 1.34 1.606 0.724 -0.043
50 276 3 112.708 303.1 37.548 0.468 0.654 1.457 2.487
50 280 3 111.36 302.566 37.763 0.528 0.707 1.733 2.132
50 289 3 111.579 299.377 37.878 0.45 0.619 1.841 2.538
50 290 3 123.631 307.36 37.877 1.074 0.722 1.767 -0.019
50 295 3 110.931 298.932 37.81 0.374 0.584 1.493 0
50 296 3 136.731 321.385 37.464 0.768 0.441 1.27 0
50 297 1 133.453 307.04 37.863 5.092 1.837 1.596 3.129
50 298 3 112.887 300.552 37.537 0.452 0.586 1.482 2.516
50 303 3 137.461 309.679 37.596 0.437 0.478 1.61 1.572
50 305 4 121.595 263.672 37.751 0.739 0.573 1.01 -0.04
50 309 3 112.924 298.414 37.688 0.469 0.672 1.588 2.516
50 310 3 148.511 277.733 38.826 0.196 0.346 0.824 -3.055
50 311 1 138.573 290.772 37.575 3.805 1.646 1.406 3.132
50 312 5 138.561 279.461 37.423 0.734 1.427 0.329 -3.131
50 314 5 141.123 265.801 37.429 3.581 1.198 0.402 -3.135
51 7 1 113.606 341.834 37.673 2.662 1.756 1.88 -0.013
51 175 1 113.178 318.824 37.793 4.758 1.959 1.896 -0.013
51 217 1 128.885 270.593 37.589 1.289 1.701 0.877 0.027
51 276 3 112.716 303.092 37.574 0.536 0.607 1.523 1.761
51 280 3 111.319 302.512 37.766 0.503 0.533 1.641 1.771
51 289 3 111.556 299.302 37.885 0.6 0.625 1.857 2.12
51 290 3 123.449 307.58 37.904 0.857 0.622 1.797 -0.019
51 295 3 110.88 299.415 37.768 0.272 0.508 1.57 2.471
51 296 3 137.034 320.48 37.661 0.982 0.67 1.831 -0.159
51 297 1 132.485 311.356 37.718 4.959 1.694 1.827 3.095
51 298 3 112.896 300.537 37.583 0.393 0.548 1.496 2.217
51 303 3 137.424 309.659 37.557 0.438 0.586 1.504 1.562
51 305 4 122.182 261.803 37.893 1.108 0.566 1.056 0.148
51 309 3 112.864 298.318 37.739 0.629 0.642 1.576 2.164
51 310 3 148.44 277.71 38.129 1.125 0.352 1.98 -0.019
51 311 1 137.928 293.25 37.467 4.302 1.69 1.305 3.084
51 312 5 137.45 283.173 37.25 1.391 1.611 0.732 3.11
51 314 5 140.411 270.1 37.557 3.748 1.716 0.975 3.115
52 7 1 114.769 336.221 37.88 4.76 1.76 1.832 -0.019
52 175 1 114.959 310.364 37.589 4.889 1.844 1.558 -0.044
52 217 1 130.252 263.835 37.456 1.086 1.673 0.915 -0.029
52 276 3 112.626 302.972 37.534 0.319 0.505 1.46 -3.131
52 280 3 111.181 302.47 37.684 0.497 0.448 1.657 -3.131
52 289 3 111.532 299.271 37.881 0.561 0.498 1.835 -3.131
52 290 3 123.464 307.414 37.858 0.401 0.457 1.823 3.028
52 295 3 110.843 299.673 37.757 0.689 0.373 1.562 -2.404
52 296 3 137.185 319.675 37.566 0.746 0.528 1.657 3.136
52 297 1 131.224 315.936 37.431 4.563 0.879 0.556 3.128
52 298 3 112.767 300.492 37.579 0.49 0.515 1.576 -3.131
52 303 3 137.412 309.681 37.595 0.582 0.441 1.593 -0.033
52 305 4 122.875 259.678 37.992 0.835 0.583 1.149 -0.005
52 309 3 112.819 298.255 37.663 0.542 0.601 1.721 -3.131
52 310 3 148.405 277.65 38.75 0.433 0.337 1.398 3.096
52 311 1 137.356 295.614 37.601 4.477 1.679 1.486 3.125
52 312 5 136.808 285.905 37.481 4.262 1.91 1.095 -3.127
52 314 5 139.43 274.135 37.725 3.715 1.759 1.482 3.122
53 7 1 116.372 328.729 37.869 2.742 1.797 1.627 -0.018
53 175 1 116.742 301.856 37.79 4.808 1.859 1.885 -0.018
53 217 1 131.74 257.128 37.61 0.593 1.504 0.636 -0.032
53 276 3 112.546 303.007 37.542 0.331 0.553 1.465 2.691
53 280 3 111.202 302.521 37.875 0.478 0.392 1.264 -0.032
53 289 3 111.46 299.226 37.877 0.771 0.544 1.762 2.225
53 290 3 123.316 307.439 37.919 0.472 0.457 1.703 -0.016
53 296 3 137.19 318.928 37.523 0.495 0.438 1.273 0.103
53 297 1 130.563 321.498 37.755 4.048 1.68 1.563 3.109
53 298 3 112.695 300.427 37.584 0.405 0.651 1.521 -0.282
53 305 4 123.111 257.931 38.019 0.913 0.512 1.161 -0.009
53 309 3 112.754 298.209 37.692 0.582 0.677 1.559 -2.791
53 310 3 149.877 273.296 38.005 0.622 0.552 1.614 3.09
53 311 1 136.844 298.157 37.628 4.106 1.704 1.431 -3.132
53 312 5 135.917 289.466 37.77 4.785 1.8 1.398 -3.132
53 314 5 138.58 277.705 37.75 4.133 1.674 1.403 3.11
53 324 1 137.893 266.014 37.979 3.493 1.596 1.062 3.138
53 325 1 142.625 271.096 37.591 3.004 0.594 1.202 3.119
54 7 1 117.726 322.26 37.944 2.509 1.7 1.447 -0.016
54 175 1 118.521 293.535 37.812 4.87 2.04 1.751 -0.016
54 217 1 133.298 249.634 37.582 1.255 1.701 0.903 0.03
54 280 3 111.052 302.433 38.038 0.386 0.468 0.881 2.559
54 289 3 111.385 299.223 37.976 0.557 0.581 1.688 3.029
54 290 3 123.268 307.42 37.835 0.447 0.422 1.665 -0.048
54 297 1 129.61 324.493 37.525 2.257 0.688 0.846 3.126
54 298 3 112.696 300.361 38.087 0.233 0.411 0.275 -0.048
54 305 4 122.974 256.515 37.976 1.122 0.721 1.242 -0.044
54 309 3 112.706 298.272 37.667 0.561 0.587 1.589 2.853
54 310 3 149.792 273.182 38.29 0.786 0.777 0.983 -0.29
54 311 1 136.165 300.593 37.587 3.928 1.434 1.39 3.126
54 312 5 135.016 293.034 37.721 4.576 1.7 1.503 3.126
54 314 5 137.803 281.112 37.864 4.158 1.697 1.215 3.126
54 324 1 136.716 271.072 38.006 3.76 1.728 1.244 3.106
54 325 1 142.283 274.945 37.572 4.769 1.801 1.225 3.109
54 326 1 151.394 231.932 37.397 3.984 1.163 0.793 3.133
54 328 1 140.05 257.394 38.021 3.937 1.825 1.085 3.126
54 329 5 147.345 235.231 37.379 1.387 1.11 0.373 3.133
55 7 1 118.762 316.829 37.86 4.987 1.615 1.758 -0.011
55 175 1 120.336 285.243 37.894 4.833 1.994 1.854 -0.013
55 217 1 134.842 242.648 37.667 1.295 1.673 1.096 -0.01
55 280 3 111.125 301.32 39.275 0.278 0.394 1.154 0.022
55 290 3 123.125 307.478 37.797 0.573 0.418 1.641 0.022
55 305 4 122.841 255.488 37.834 1.283 0.74 1.441 0.023
55 310 3 149.685 273.082 38.203 0.725 0.911 1.312 1.59
55 312 5 134.148 296.656 37.711 4.144 1.746 1.501 3.126
55 314 5 137.183 284.142 37.749 4.022 2.036 1.474 3.111
55 324 1 135.689 275.695 37.878 3.732 1.889 1.542 3.13
55 325 1 141.028 278.476 37.799 4.025 1.002 1.245 3.126
55 326 1 149.95 239.494 37.603 1.687 1.738 1.07 3.125
55 328 1 138.769 262.964 38.011 4.333 1.813 1.411 3.119
55 329 5 146.57 238.609 37.679 3.779 1.232 1.208 3.13
55 332 1 141.027 216.333 38.23 1.362 1.111 0.506 -0
55 333 3 155.352 250.351 38.154 0.426 0.472 1.394 3.132
55 334 1 143.767 253.133 37.883 4.294 1.63 1.541 -3.135
56 7 1 120.292 309.316 37.934 2.838 1.647 1.793 0.018
56 175 1 122.144 277.104 37.954 4.799 1.984 1.87 -0.009
56 217 1 136.366 235.7 37.736 1.259 1.644 1.019 -0.002
56 290 3 123.013 307.504 38.002 0.326 0.446 1.197 0.025
56 305 4 122.637 254.645 37.797 1.442 0.943 1.689 -0.349
56 312 5 133.097 300.961 37.359 4.588 1.772 0.961 -3.104
56 314 5 135.836 287.606 37.847 2.865 0.773 1.097 -3.124
56 324 1 134.683 280.481 37.87 4.438 1.968 1.564 3.135
56 325 1 140.77 281.099 37.593 4.437 1.724 1.173 -3.133
56 326 1 148.754 244.495 37.729 4.226 1.658 1.26 3.126
56 328 1 142.6 257.643 37.941 4.408 1.892 1.544 -3.112
56 329 5 145.728 243.227 37.898 4.085 1.733 1.471 3.126
56 332 1 142.465 209.631 38.28 1.203 1.177 0.402 -0.002
56 333 3 155.391 249.607 38.475 0.451 0.48 1.165 -3.123
56 334 1 137.614 268.294 37.952 4.487 1.902 1.588 -3.14
56 335 3 157.265 221.305 38.14 0.548 0.773 0.836 -3.133
56 337 4 133.658 207.216 37.869 1.323 0.572 0.893 -0.02
56 340 1 152.567 218.77 37.613 4.035 1.636 0.928 3.126
56 341 4 144.588 279.201 37.696 2.15 0.901 1.488 3.087
56 342 3 149.659 273.089 38.165 0.942 0.904 1.552 3.126
57 7 1 121.683 302.994 37.831 2.87 1.611 1.857 0
57 175 1 123.901 269.025 37.998 4.856 1.916 1.859 0
57 217 1 137.822 228.829 37.737 1.138 1.599 1.143 0
57 290 3 122.787 307.528 37.985 0.326 0.508 1.388 0
57 305 4 122.652 254.093 37.858 1.899 0.8 1.646 -0.006
57 312 5 132.659 303.654 37.495 0.975 1.952 0.688 3.142
57 314 5 135.749 289.8 37.856 1.915 1.523 1.225 -3.124
57 324 1 133.558 284.926 37.817 2.905 1.658 1.544 -3.142
57 326 1 147.329 250.334 37.881 4.351 1.556 1.473 -3.142
57 328 1 141.259 262.14 37.931 4.635 1.95 1.521 -3.083
57 329 5 144.645 247.521 37.87 4.545 1.721 1.426 3.142
57 332 1 143.967 202.961 38.432 1.348 1.102 0.539 0
57 333 3 155.643 248.713 38.067 0.694 0.597 1.609 0.069
57 334 1 136.262 274.352 37.904 4.312 1.782 1.536 -3.142
57 335 3 156.447 224.745 37.967 0.832 0.703 0.834 -3.129
57 337 4 133.615 207.193 37.741 1.507 0.793 0.803 0.075
57 340 1 151.453 223.084 37.939 3.06 1.697 1.366 -3.142
57 341 4 143.341 283.913 37.76 2.125 0.606 1.624 -3.14
57 342 3 149.533 273.226 38.104 0.821 0.641 1.848 1.951
57 346 1 155.161 206.54 37.938 1.91 1.673 1.228 3.004
58 7 1 122.961 296.333 37.995 2.526 1.622 1.551 0.045
58 175 1 125.636 260.946 38.035 4.742 2.018 1.911 0.045
58 217 1 139.418 222.007 37.725 0.918 1.655 0.987 0.04
58 305 4 122.474 253.794 37.878 1.713 0.79 1.653 0.015
58 324 1 132.732 288.336 37.945 1.595 1.57 1.247 -3.078
58 326 1 146.096 256.249 37.89 4.474 1.732 1.513 -3.122
58 328 1 139.631 267.444 37.932 4.217 1.712 1.505 -3.066
58 329 5 143.686 251.761 37.937 4.111 1.852 1.483 -3.112
58 332 1 145.569 196.321 38.421 1.036 0.976 0.382 0.044
58 333 3 155.748 247.869 38.122 0.827 0.501 1.742 -0.002
58 334 1 135.093 279.107 37.664 3.845 1.646 1.439 -3.122
58 335 3 155.705 227.975 38.118 0.91 0.81 1.052 -3.122
58 337 4 133.558 207.191 37.893 1.399 0.696 0.863 -0.014
58 340 1 150.613 226.627 37.888 4.071 1.897 1.452 -3.115
58 341 4 142.453 287.708 37.693 1.983 0.573 1.496 -3.082
58 342 3 149.693 272.972 38.094 0.744 0.619 1.658 -0.049
58 346 1 154.175 210.57 37.947 3.941 1.871 1.6 -3.103
58 350 3 154.363 247.027 38.171 0.985 0.933 1.876 -0
59 7 1 124.371 289.788 38.004 2.557 1.596 1.615 0.006
59 175 1 127.416 253.025 38.028 4.804 1.935 1.849 0
59 217 1 140.991 215.075 37.717 1.256 1.635 0.803 0
59 305 4 122.448 253.677 37.856 1.788 0.761 1.711 0.01
59 324 1 131.941 291.67 37.656 0.3 1.343 0.578 3.122
59 326 1 143.877 263.732 37.923 2.463 0.659 1.214 3.104
59 328 1 138.216 272.071 37.844 4.068 1.701 1.481 -3.084
59 329 5 142.452 257.03 37.902 4.376 1.703 1.486 -3.133
59 333 3 155.886 247.307 38.154 0.797 0.6 1.758 -0.063
59 334 1 134.345 282.502 37.741 1.191 1.319 0.998 3.131
59 335 3 155.004 231.024 37.899 1.67 0.727 1.523 -3.053
59 337 4 133.494 207.141 38.023 1.439 0.668 0.946 -0.043
59 340 1 149.649 230.496 37.944 4.377 1.8 1.526 -3.125
59 341 4 141.789 291.012 38.018 0.819 0.41 0.276 3.078
59 342 3 149.325 273.125 38.695 0.494 0.631 0.619 0.037
59 346 1 152.851 215.273 37.981 3.971 1.854 1.47 -3.106
59 350 3 154.434 246.499 38.221 0.852 0.915 1.862 -0.078
60 7 1 125.75 282.896 38.12 1.894 1.568 1.563 0.021
60 175 1 129.126 245.162 38.061 4.795 1.956 1.85 0.021
60 217 1 142.579 208.285 37.796 1.405 1.653 0.818 0.023
60 328 1 136.861 276.428 37.621 3.41 1.706 0.704 -3.075
60 329 5 141.332 261.553 37.914 4.169 1.613 1.498 -3.137
60 333 3 156.148 246.466 38.047 1.018 0.63 1.639 -0.069
60 334 1 133.422 286.48 37.725 0.329 1.414 0.606 3.136
60 337 4 133.452 206.862 37.941 1.934 0.671 0.818 -0.036
60 340 1 148.68 234.392 37.949 4.489 1.807 1.488 -3.137
60 342 3 149.199 273.142 38.105 0.481 0.75 1.855 0.01
60 346 1 151.645 219.822 38.093 4.049 2.017 1.675 -3.137
60 350 3 154.493 245.557 38.195 0.97 0.851 1.864 -0.005
60 353 3 165.764 199.578 38.098 0.558 0.632 1.187 0.008
60 354 5 148.923 182.738 38.646 0.218 0.865 0.054 0.022
61 7 1 127.127 276.574 38.117 2.561 1.657 1.626 0
61 175 1 130.904 237.402 38.093 4.767 2.008 1.891 -0
61 217 1 144.208 201.501 37.823 1.415 1.734 0.754 0
61 326 1 142.468 272.122 37.814 0.356 0.991 0.523 3.123
61 328 1 136.016 279.633 37.71 0.405 1.532 0.586 3.124
61 329 5 140.611 264.794 37.698 1.394 1.614 0.788 3.124
61 333 3 156.133 245.62 38.569 0.542 0.364 0.651 -3.041
61 335 3 153.358 237.444 37.905 1.643 0.664 1.5 3.122
61 337 4 133.411 207.113 37.876 1.637 0.818 1.35 -0.058
61 340 1 147.749 238.477 37.977 5.072 1.711 1.488 3.135
61 342 3 149.006 272.922 38.14 0.569 0.848 1.826 -3.006
61 346 1 150.401 224.241 38.114 4.198 1.722 1.694 -3.111
61 350 3 154.56 244.931 38.676 0.872 0.793 0.78 -3.041
61 353 3 165.488 200.308 38.136 0.341 0.479 1.147 3.134
61 356 1 160.861 181.849 37.65 3.573 0.697 0.781 -3.095
62 7 1 128.524 269.992 38.037 2.642 1.673 1.327 0
62 175 1 132.638 229.789 38.103 4.823 2.036 1.873 0
62 217 1 145.84 194.587 37.951 1.944 1.699 1.024 0
62 326 1 141.14 277.45 37.713 0.36 0.888 0.724 3.142
62 329 5 140.04 268.978 37.507 0.765 1.636 1.012 3.142
62 333 3 156.334 244.804 38.239 0.611 0.641 1.361 3.142
62 335 3 152.34 241.261 37.902 1.603 0.648 1.332 3.142
62 337 4 133.446 206.826 37.903 2.202 0.857 1.434 -0
62 340 1 146.711 242.86 37.932 4.152 1.733 1.471 3.137
62 342 3 148.865 272.77 38.034 0.496 0.427 1.412 -1.601
62 346 1 149.327 228.729 38.099 5.039 1.939 1.708 -3.137
62 350 3 154.775 244.274 38.28 0.438 0.587 1.289 3.142
62 353 3 165.308 200.786 38.183 0.694 0.721 1.265 3.142
62 354 5 151.916 170.483 38.431 0.95 1.424 0.319 0
62 356 1 160.019 187.525 37.563 3.651 1.647 0.529 3.142
63 7 1 129.766 264.264 38.248 4.74 1.643 1.695 -0.001
63 175 1 134.362 222.201 38.177 4.872 1.938 1.875 0.015
63 217 1 147.317 188.556 37.848 0.991 1.748 0.909 0.035
63 333 3 156.396 244.046 38.162 0.507 0.516 1.541 3.13
63 337 4 133.342 206.711 37.934 2.184 0.932 1.382 -0.11
63 340 1 145.805 246.978 37.934 4.126 1.797 1.313 3.138
63 346 1 148.334 233.31 38.104 4.078 1.861 1.716 3.132
63 350 3 154.878 243.706 38.159 0.485 0.7 1.524 3.051
63 353 3 165.016 201.389 38.202 0.532 0.597 1.473 -3.132
63 354 5 153.518 164.536 38.36 0.179 0.962 0.031 -0.232
63 356 1 158.608 192.919 38.032 3.788 1.714 1.452 3.141
64 7 1 131.395 256.437 38.108 2.625 1.714 1.398 -0.011
64 175 1 136.117 214.716 38.209 4.759 2.051 1.933 0.017
64 217 1 148.984 181.988 37.92 1.409 1.73 1.097 -0.009
64 337 4 133.284 206.809 37.915 2.246 0.881 1.386 -0.123
64 340 1 144.806 251.007 37.737 3.894 1.677 1.541 -3.12
64 346 1 147.334 237.456 38.036 3.952 1.765 1.613 3.135
64 350 3 154.844 242.793 38.344 0.681 0.945 1.58 0.047
64 353 3 164.611 201.89 38.17 0.214 0.313 0.577 -1.683
64 354 5 154.896 158.142 38.514 1.081 1.175 0.331 -0.037
64 356 1 157.265 197.95 38.083 4.374 1.597 1.479 -3.12
65 7 1 132.854 249.63 38.2 2.605 1.601 1.331 0.019
65 175 1 137.923 207.352 38.215 4.82 1.986 1.863 0.016
65 217 1 150.805 174.778 37.962 3.1 1.803 1.09 -0
65 337 4 133.292 206.802 37.942 2.378 0.74 1.409 -0.123
65 340 1 143.939 254.995 37.679 3.421 1.791 0.74 3.094
65 346 1 146.366 241.511 37.897 3.97 1.65 1.482 -3.133
65 353 3 164.524 202.614 38.312 0.692 0.645 1.55 -3.129
65 354 5 155.884 152.452 38.329 1.032 1.504 0.714 0.012
65 356 1 156.071 203.113 38.067 4.426 1.781 1.505 3.142
65 364 3 165.375 202.156 38.222 0.663 0.496 1.48 -3.129
65 365 1 162.99 172.649 37.725 1.794 1.829 0.716 -3.129
66 7 1 134.36 242.842 38.234 2.667 1.624 1.291 -3.13
66 175 1 139.7 200.059 38.21 4.905 1.971 1.925 -0.008
66 217 1 152.322 168.58 38.099 3.072 1.835 1.357 -0.008
66 354 5 157.147 147.034 38.256 1.135 1.476 0.932 0.027
66 356 1 154.803 208.612 37.955 4.354 1.649 1.341 -0.044
66 364 3 165.204 202.77 37.996 0.586 0.392 1.154 -3.128
66 365 1 161.936 175.983 37.857 4.706 1.764 1.044 0.068
66 366 1 165.636 168.949 37.777 1.415 0.564 0.868 0.055
66 369 3 138.347 171.012 37.85 0.464 0.462 0.944 3.116
67 7 1 135.854 235.972 38.217 2.67 1.591 1.332 -0.003
67 175 1 141.406 192.773 38.25 4.853 1.827 1.906 0.013
67 217 1 153.935 162.377 38.124 3.109 1.758 1.41 0.044
67 353 3 164.044 203.74 38.528 0.226 0.266 0.621 -3.138
67 354 5 158.112 141.907 38.215 1.351 1.566 1.132 0.044
67 356 1 153.502 214.217 37.82 2.457 1.61 1.026 -3.09
67 364 3 164.971 203.37 38.443 0.506 0.416 1.087 -3.138
67 365 1 160.701 180.416 38.13 4.737 1.829 1.497 -3.09
67 366 1 165.154 173.159 38.151 4.507 1.672 1.584 -3.136
67 369 3 138.338 170.916 37.938 0.373 0.447 0.839 0.184
67 374 5 157.904 126.28 38.016 0.768 1.393 0.846 0.082
68 7 1 137.395 229.053 38.128 2.681 1.623 1.389 0
68 175 1 143.235 185.682 38.287 4.871 2.051 1.916 0
68 217 1 155.416 156.529 38.137 2.848 1.793 1.44 0
68 337 4 133.127 206.617 37.984 1.951 0.818 0.814 -0.003
68 353 3 163.903 204.382 38.185 0.441 0.672 1.308 3.09
68 354 5 159.281 136.923 38.282 1.507 1.513 1.081 0
68 364 3 164.732 204.085 38.247 0.704 0.504 1.415 3.136
68 365 1 159.566 184.766 38.138 4.761 1.963 1.472 3.142
68 366 1 163.855 178.615 38.159 4.42 1.8 1.597 3.142
68 369 3 138.293 170.87 37.934 0.471 0.373 0.991 -1.51
68 374 5 158.783 122.869 38.098 1.433 1.706 0.802 0.05
68 376 3 141.854 165.073 37.604 0.145 0.124 0.446 -1.934
68 379 1 130.448 139.242 37.812 3.773 1.676 1.285 1.515
68 381 3 139.436 155.321 38.035 0.603 0.801 1.739 2.565
69 7 1 139 222.227 38.065 2.736 1.639 2.055 0.022
69 175 1 144.927 178.728 38.308 4.99 2.054 1.923 0.022
69 217 1 156.897 150.743 38.057 3.183 1.876 1.121 0.022
69 337 4 133.257 206.19 37.975 1.163 0.717 0.498 3.119
69 354 5 160.02 132.703 38.057 0.466 1.309 0.727 0.022
69 365 1 158.214 190.027 38.151 4.211 1.834 1.406 3.138
69 366 1 162.357 184.231 38.096 4.903 1.578 1.542 -3.119
69 369 3 138.305 170.843 37.961 0.376 0.402 0.969 0.007
69 374 5 159.625 119.68 38.194 1.378 1.665 1.045 0.022
69 376 3 141.819 165.047 37.687 0.14 0.178 0.428 2.742
69 379 1 131.617 139.645 37.831 5.361 1.547 1.349 1.52
69 381 3 139.84 155.893 38.075 0.879 1.029 1.771 -1.076
69 385 3 168.874 180.543 38.416 0.212 0.369 0.501 -1.539
69 387 5 171.32 137.266 37.85 3.863 1.508 0.439 -3.059
69 389 3 182.059 141.894 38.691 0.589 0.507 0.864 -3.12
70 7 1 140.674 215.401 38.261 2.75 1.62 1.708 -0.04
70 175 1 146.659 171.923 38.346 5.253 2.06 1.883 -0.022
70 217 1 158.118 145.262 38.196 3.19 1.801 1.36 0.005
70 337 4 133.216 206.223 38.081 1.109 0.6 0.691 0.004
70 354 5 161.171 127.747 38.13 1.211 1.559 1.313 0.04
70 364 3 163.659 205.567 38.255 0.381 0.613 1.054 -3.123
70 365 1 156.879 194.845 37.806 4.305 1.447 1.01 -3.133
70 366 1 160.777 190.913 38.126 4.135 1.646 1.607 3.138
70 369 3 138.254 170.821 37.998 0.39 0.422 0.91 -3.142
70 374 5 160.503 116.36 38.119 1.377 1.7 1.306 0.04
70 376 3 141.804 165.02 37.669 0.204 0.2 0.546 -0.819
70 379 1 133.768 139.847 37.877 4.322 1.725 1.414 1.502
70 381 3 140.3 156.552 38.082 0.894 0.656 1.707 2.382
70 385 3 169.056 180.826 38.667 0.849 0.808 1.931 -0.017
70 387 5 170.738 141.692 37.988 4.068 1.747 1.068 3.067
70 393 3 177.228 171.094 37.449 0.28 0.322 0.672 1.621
70 396 1 174.977 170.409 37.493 0.286 0.295 0.574 1.621
71 7 1 142.154 208.644 38.304 2.683 1.635 1.684 0.01
71 175 1 148.427 164.948 38.345 4.877 2.007 1.912 0.01
71 217 1 159.238 139.971 38.167 3.207 1.721 1.254 -0.023
71 337 4 133.14 206.239 37.967 0.852 0.628 0.753 0.04
71 354 5 162.195 123.165 38.285 1.483 1.654 1.228 0.006
71 374 5 161.403 113.021 38.161 1.298 1.493 0.947 0.07
71 376 3 141.745 164.997 37.655 0.126 0.148 0.518 -0.491
71 379 1 135.488 140.133 37.935 4.479 1.729 1.403 1.454
71 381 3 140.435 157.323 38.138 0.837 0.754 1.77 -1.264
71 385 3 168.833 180.73 38.472 0.723 0.434 1.503 -0.017
71 387 5 169.778 146.177 38.212 4.503 1.839 1.451 3.136
71 389 3 181.672 143.168 38.375 0.427 0.596 1.616 1.015
71 393 3 177.187 171.123 37.428 0.31 0.298 0.499 1.735
71 396 1 174.969 170.417 37.426 0.313 0.278 0.572 1.735
72 7 1 143.792 201.974 38.283 2.638 1.578 1.294 0.01
72 175 1 150.13 158.236 38.394 4.879 2.089 1.903 -0.021
72 217 1 160.38 134.937 38.165 3.436 1.719 1.295 0.006
72 337 4 132.962 206.178 38.058 0.9 0.48 0.538 0.027
72 354 5 163.26 118.73 38.294 1.367 1.5 1.15 0.003
72 374 5 162.622 108.446 38.122 3.822 1.586 1.033 0.048
72 379 1 137.357 140.265 37.994 4.474 1.758 1.432 1.412
72 381 3 140.642 158.172 38.16 0.55 0.476 1.672 -2.324
72 385 3 168.77 180.527 38.573 0.304 0.326 1.227 -0.017
72 387 5 168.878 150.635 38.226 4.592 1.751 1.454 3.13
72 389 3 181.402 143.852 38.466 0.624 0.546 1.718 -3.12
72 393 3 177.161 171.065 37.349 0.274 0.307 0.604 -1.567
72 396 1 174.893 170.435 37.459 0.336 0.308 0.674 1.631
72 406 4 180.151 140.29 38.373 1.609 0.758 1.199 -3.134
72 407 2 149.074 131.246 37.627 0.116 0.178 0.427 0.068
72 412 1 151.486 128.439 37.756 0.178 0.16 0.328 -1.6
73 7 1 145.492 194.854 38.33 2.123 1.712 1.507 0
73 175 1 151.777 151.752 38.439 5.024 2.032 1.88 0
73 217 1 161.266 130.277 38.238 3.178 1.953 1.329 0.001
73 354 5 164.334 114.227 38.425 1.358 1.546 0.883 0.001
73 374 5 163.423 105.365 38.181 3.174 1.62 1.337 0.001
73 379 1 139.244 140.272 37.966 4.428 1.976 1.368 1.373
73 385 3 168.559 180.393 38.239 0.85 0.571 1.047 -0.017
73 387 5 168.037 154.939 38.246 4.45 1.833 1.434 3.111
73 389 3 181.27 144.554 38.458 0.359 0.502 1.673 -2.945
73 393 3 177.103 171.07 37.415 0.269 0.272 0.591 -2.869
73 396 1 174.856 170.471 37.527 0.25 0.192 0.534 -0.048
73 406 4 179.991 140.244 38.38 0.611 0.603 1.205 3.069
73 407 2 149.058 131.248 37.696 0.129 0.125 0.487 -0
73 412 1 151.461 128.429 37.723 0.145 0.162 0.501 0
74 7 1 147.192 188.187 38.469 1.956 1.729 1.47 0.007
74 175 1 153.368 145.505 38.46 5.109 2.001 1.924 0.027
74 217 1 162.321 125.776 38.278 3.187 1.758 1.304 0.027
74 354 5 165.448 109.967 38.652 1.268 1.473 0.704 0.027
74 374 5 164.395 101.56 38.169 3.92 1.73 1.286 0.027
74 379 1 141.172 140.216 38.055 4.094 1.918 1.461 1.277
74 385 3 168.662 180.513 38.169 0.332 0.175 0.978 -0.017
74 387 5 166.794 160.581 38.014 4.354 1.805 1.12 3.127
74 389 3 180.948 145.223 38.526 0.554 0.529 1.617 3.085
74 393 3 177.062 171.089 37.402 0.328 0.358 0.504 1.976
74 396 1 174.799 170.497 37.481 0.315 0.329 0.503 1.623
74 406 4 179.978 140.142 38.333 0.347 0.568 1.489 -2.473
74 407 2 149.009 131.231 37.679 0.216 0.243 0.5 -1.585
74 412 1 151.434 128.399 37.801 0.197 0.276 0.541 -1.585
75 7 1 148.86 181.835 38.441 2.69 1.648 1.449 -0.02
75 175 1 154.977 139.448 38.465 5.128 1.932 1.877 0
75 217 1 163.238 121.472 38.242 3.211 1.837 1.398 -0
75 354 5 166.648 105.685 38.326 1.44 1.489 1.197 0
75 374 5 165.178 98.533 38.104 3.163 1.72 1.264 0
75 379 1 142.886 140.008 38.048 4.05 1.956 1.452 1.269
75 387 5 165.73 165.534 37.987 4.325 1.784 1.104 -3.133
75 389 3 180.835 145.948 38.495 0.47 0.575 1.736 -2.72
75 406 4 179.814 140.088 38.358 0.474 0.563 1.346 -0.024
75 407 2 148.952 131.231 37.651 0.33 0.199 0.471 -1.723
75 412 1 151.416 128.442 37.785 0.211 0.244 0.52 -1.723
76 7 1 150.641 174.864 38.359 2.015 1.671 1.756 0.001
76 175 1 156.475 133.636 38.411 5.102 1.907 1.781 0
76 217 1 164.169 117.228 38.294 3.208 1.846 1.419 -0.011
76 354 5 167.732 101.094 38.271 2.71 1.667 1.214 -0.011
76 374 5 165.901 95.541 38.105 2.515 1.697 1.523 -0.011
76 387 5 165.03 168.929 37.836 1.27 1.651 0.67 3.131
76 389 3 180.527 146.602 38.669 0.477 0.501 1.351 2.948
76 406 4 179.889 139.974 38.37 0.982 0.445 1.332 3.127
76 407 2 148.979 131.233 37.701 0.213 0.207 0.468 0.007
76 412 1 151.346 128.42 37.801 0.219 0.173 0.547 0.007
77 7 1 152.232 168.798 38.361 2.702 1.734 1.693 3.113
77 175 1 157.948 127.986 38.266 4.701 1.776 1.47 0.032
77 217 1 165.041 112.992 38.257 3.293 1.775 1.486 0.023
77 354 5 168.662 97.458 38.085 2.576 1.619 1.29 0.032
77 374 5 166.822 91.843 38.161 3.481 1.751 1.286 -0.02
77 387 5 163.959 173.961 37.893 1.164 1.55 0.667 -3.119
77 389 3 180.415 147.296 38.532 0.452 0.637 1.659 3.097
77 420 5 179.241 68.48 38.041 0.452 1.111 0.585 3.121
77 423 5 187.281 79.164 37.802 1.399 1.506 0.378 -3.129
78 7 1 153.954 162.367 38.382 2.768 1.723 1.718 -0.004
78 175 1 159.185 123.001 38.493 5.133 1.89 1.884 -0.017
78 217 1 166.12 108.473 38.217 3.929 1.778 1.412 -0.02
78 354 5 169.66 93.352 38.105 3.77 1.622 1.328 0.001
78 374 5 167.737 88.388 38.314 3.932 1.663 1.048 0.01
78 387 5 162.978 178.606 38.006 0.37 1.38 0.506 3.122
78 389 3 180.069 147.979 38.424 0.52 0.69 1.731 -3.123
78 420 5 179.912 66.661 38.127 0.258 1.005 0.504 0.013
78 423 5 186.145 83.975 37.787 0.441 1.417 0.62 3.109
78 425 1 147.564 138.956 38.107 4.506 2.02 1.469 1.001
79 7 1 155.449 157.145 38.51 4.791 1.666 1.917 -0.083
79 175 1 160.483 118.064 38.525 5.088 1.715 1.907 0.02
79 217 1 167.051 104.246 38.204 4.217 1.73 1.377 0.003
79 354 5 170.41 90.128 38.146 3.566 1.691 1.377 0.015
79 374 5 168.516 85.467 38.213 3.631 1.561 0.878 0.056
79 389 3 179.838 148.675 38.711 0.363 0.43 0.958 3.091
79 420 5 180.363 64.875 37.902 0.181 1.002 0.288 0.028
79 423 5 185.071 86.743 38.004 4.112 1.767 1.315 -3.135
79 425 1 149.068 138.199 38.08 4.465 1.995 1.368 0.839
79 431 1 190.283 69.965 37.741 0.838 1.348 0.643 -3.026
80 7 1 157.162 150.052 38.508 3.165 1.751 1.897 -0.042
80 175 1 161.684 113.328 38.491 5.363 1.671 1.873 -0.018
80 217 1 167.881 100.289 38.246 4.136 1.811 1.447 -0.047
80 354 5 171.117 87.171 38.148 3.708 1.849 1.472 -0.011
80 374 5 169.352 82.167 38.178 4.049 1.573 1.036 0.027
80 389 3 179.738 149.313 38.805 0.265 0.548 0.584 3.076
80 420 5 180.908 62.998 37.87 0.653 1.448 0.637 0.074
80 423 5 183.811 91.187 38.113 4.306 1.788 1.456 -3.138
80 425 1 150.526 137.123 38.004 4.45 1.868 1.34 0.738
80 431 1 189.564 72.708 38.087 3.564 1.684 1.711 3.121
80 433 5 193.413 56.858 37.921 0.664 1.46 0.368 3.126
81 7 1 158.74 143.887 38.579 2.954 1.703 1.821 0
81 175 1 162.808 108.575 38.463 5.133 1.727 1.905 0
81 217 1 168.803 96.578 38.243 4.08 1.714 1.452 0
81 354 5 171.704 84.581 38.135 4.013 1.837 1.435 0
81 374 5 169.983 79.452 38.067 3.664 1.64 1.365 0
81 389 3 179.433 149.995 38.952 0.237 0.237 0.685 3.142
81 420 5 181.268 61.546 37.983 0.355 1.344 0.577 0
81 423 5 182.5 95.787 38.213 4.25 1.935 1.456 -3.121
81 425 1 152.123 135.794 38.025 4.305 1.949 1.235 0.592
81 431 1 188.353 76.927 37.91 3.992 1.809 1.06 3.142
81 433 5 192.744 58.993 37.806 4.232 1.805 0.339 3.142
82 7 1 160.346 137.847 38.602 2.652 1.657 1.417 -0.048
82 175 1 163.975 104.163 38.471 5.189 1.709 1.883 -0.037
82 217 1 169.554 93.369 38.128 4.105 1.737 1.229 -0.037
82 354 5 172.167 82.449 38.163 4.101 1.957 1.447 -0.037
82 374 5 170.684 76.345 38.061 4.224 1.796 1.35 -0.037
82 420 5 181.779 60.084 37.974 0.496 1.507 0.528 -0.047
82 423 5 181.084 100.211 38.237 4.679 1.769 1.498 -3.137
82 425 1 153.497 134.045 38.126 4.214 2.092 1.101 0.46
82 431 1 186.997 81.45 38.193 4.211 1.872 1.567 3.139
82 433 5 191.467 63.142 37.885 4.148 1.653 0.707 3.074
83 7 1 161.519 133.134 38.746 5.061 1.687 1.768 -0.009
83 175 1 164.858 99.86 38.506 5.154 1.95 1.98 -0.009
83 217 1 170.26 90.471 38.256 4.309 1.784 1.482 0.017
83 354 5 172.645 80.791 38.181 4.098 1.949 1.478 0.017
83 374 5 171.234 74.22 38.099 2.868 1.595 1.435 0.017
83 420 5 182.195 58.381 37.94 1.194 1.698 0.818 -0.009
83 423 5 179.816 104.944 38.345 5.367 2.218 1.625 -3.134
83 425 1 154.758 131.958 37.917 3.54 1.836 1.138 0.337
83 431 1 185.68 86.056 38.245 4.406 1.876 1.581 -3.141
83 433 5 190.272 67.848 37.947 4.195 1.817 1.146 3.137
83 440 2 196.316 44.849 38.994 3.065 2.828 2.979 3.137
84 7 1 163.142 127.224 38.692 4.675 1.7 1.669 -0.02
84 175 1 165.781 95.881 38.44 5.183 2.03 1.868 -0.028
84 217 1 170.744 88.233 38.211 4.187 1.973 1.409 -0.028
84 354 5 172.969 79.495 38.189 4.08 1.902 1.473 -0.011
84 374 5 171.912 71.59 38.242 2.773 1.546 1.094 -0.011
84 420 5 182.475 57.349 37.992 0.899 1.683 0.859 -0.011
84 423 5 178.274 109.875 38.265 4.161 1.849 1.452 -3.114
84 425 1 155.765 129.844 38.056 3.66 1.717 1.059 0.324
84 431 1 184.36 90.921 38.286 4.459 1.911 1.619 -3.114
84 433 5 188.979 72.787 38.07 4.275 1.91 1.411 3.121
84 440 2 196.681 44.674 39.008 7.331 3.081 2.976 -3.114
85 7 1 164.925 120.622 38.519 2.728 1.706 1.906 -0.012
85 175 1 166.607 92.297 38.411 5.12 1.969 1.925 -0.045
85 217 1 171.086 86.747 38.201 3.544 1.715 1.378 -0.039
85 354 5 173.275 78.576 38.209 4.161 1.827 1.481 -0.008
85 374 5 172.852 68.572 38.065 4.022 1.608 1.448 0.019
85 420 5 182.893 55.772 38.107 1.864 1.738 1.479 0.017
85 423 5 176.922 114.497 38.26 4.087 1.88 1.604 -3.102
85 425 1 157.262 126.766 37.951 1.757 1.733 1.019 -0.035
85 431 1 182.882 96.245 38.302 5.408 1.818 1.57 -3.132
85 433 5 187.6 77.752 38.244 4.087 1.849 1.724 -3.129
85 440 2 196.46 45.35 39.096 10.846 2.854 3.038 -3.084
85 444 5 198.858 61.373 38.338 0.482 0.5 0.864 -3.047
86 7 1 166.128 116.162 38.504 4.946 1.746 1.843 0
86 175 1 167.373 88.492 38.538 4.783 2.014 1.622 -0
86 217 1 171.618 84.721 38.183 4.089 1.801 1.339 0
86 354 5 173.459 77.89 38.205 4.428 1.84 1.511 0
86 374 5 173.073 67.245 38.092 2.481 1.78 1.459 0
86 420 5 183.417 54.042 38.097 3.366 1.869 1.411 0
86 423 5 175.574 119.314 38.187 4.139 1.663 1.388 -3.129
86 425 1 157.94 124.49 38.182 1.558 1.909 0.841 0
86 431 1 181.115 102.064 38.292 4.248 1.893 1.615 -3.079
86 433 5 186.282 82.466 38.426 4.324 1.835 1.502 -3.139
86 440 2 195.877 47.191 38.98 11.138 2.869 3.375 -3.078
86 444 5 198.409 63.12 38.145 0.934 0.549 1.425 2.879
87 7 1 167.545 110.779 38.53 4.98 1.769 2.083 0.021
87 175 1 168.054 85.405 38.389 5.066 2.068 1.923 0.026
87 217 1 171.746 83.851 38.203 4.039 1.829 1.48 0.026
87 354 5 173.408 77.435 38.219 4.48 1.91 1.496 0.026
87 374 5 173.802 64.5 38.572 1.854 1.329 0.573 0.026
87 420 5 183.694 53.053 37.987 3.464 2.055 1.299 0.026
87 423 5 174.425 123.82 38.117 3.334 1.747 1.042 -3.112
87 425 1 158.565 122.395 38.265 2.342 1.757 1.24 0.013
87 431 1 179.187 107.587 38.268 4.15 1.637 1.737 -3.086
87 433 5 184.933 87.671 38.331 5.005 1.923 1.681 3.132
87 440 2 195.354 49.173 38.99 11.922 3.237 3.62 -3.097
87 444 5 197.886 65.249 38.066 1.695 0.582 1.605 -3.111
88 7 1 168.949 105.571 38.557 4.79 1.811 1.923 0.001
88 175 1 168.882 82.345 38.536 4.72 2.057 1.567 0.003
88 217 1 171.872 83.472 38.153 3.989 1.672 1.371 0.003
88 354 5 173.418 77.377 38.205 4.608 2.121 1.498 0.013
88 374 5 174.312 63 38.118 3.575 1.783 1.43 0.031
88 420 5 183.887 52.214 38.168 3.3 2.088 1.471 0.031
88 423 5 173.511 127.84 38.042 1.613 1.595 0.808 3.123
88 425 1 159.275 119.807 38.148 1.44 1.569 0.641 0.001
88 431 1 177.429 113.038 38.16 3.44 1.74 1.271 -3.098
88 433 5 183.248 93.355 38.308 4.063 1.823 1.689 -3.092
88 440 2 194.669 51.248 38.871 11.913 2.877 3.119 -3.087
88 444 5 197.39 66.876 38.117 1.614 0.609 1.682 -3.103
88 449 1 192.209 40.248 38.384 3.849 1.631 0.766 1.144
88 452 5 159.635 128.845 37.833 0.271 1.419 0.352 -0.008
88 453 1 200.726 35.869 38.178 1.986 0.917 1.08 -2.891
89 7 1 170.28 100.567 38.511 4.831 1.686 1.883 0.036
89 175 1 169.867 78.41 38.341 2.578 1.988 1.844 -0.08
89 217 1 171.927 83.336 38.189 3.9 1.631 1.422 -0.001
89 354 5 173.405 77.148 38.176 4.23 2.057 1.449 0.01
89 374 5 174.288 62.364 38.154 1.645 1.838 1.306 0.049
89 420 5 184.131 51.319 38.118 3.503 2.017 1.477 0.024
89 425 1 159.703 117.915 38.097 1.771 1.914 0.983 -0.002
89 431 1 175.815 118.46 38.23 2.089 1.61 0.941 -3.134
89 433 5 181.643 98.599 38.251 4.036 1.846 1.771 -3.074
89 440 2 194.023 53.609 38.86 11.924 2.914 3.021 -3.086
89 444 5 196.859 68.648 38.138 1.287 0.531 1.651 -3.138
89 449 1 192.491 40.322 38.36 3.561 1.543 0.986 1.288
89 452 5 160.697 125.14 38.17 1.918 1.62 0.678 -0.016
89 453 1 200.664 36.947 38.041 3.878 1.843 1.616 -3.014
90 7 1 171.828 94.948 38.494 3.125 1.795 1.829 0.04
90 175 1 170.359 77.578 38.308 3.841 1.362 1.883 0.049
90 217 1 171.948 83.388 38.107 3.636 1.526 1.351 0.044
90 354 5 173.391 77.07 38.153 4.018 2.085 1.438 0.032
90 374 5 175.076 60.75 38.457 2.073 1.107 0.569 0.045
90 420 5 184.288 50.484 38.169 3.475 2.011 1.508 0.047
90 425 1 160.4 116.022 38.1 2.073 1.764 0.702 0.022
90 431 1 174.184 124.299 38.185 1.328 1.764 1.05 -3.128
90 433 5 179.982 103.68 38.257 3.64 1.92 1.687 -3.12
90 440 2 193.283 55.974 38.787 11.881 3.043 2.88 -3.101
90 444 5 196.312 70.446 38.12 1.407 0.501 1.693 3.142
90 449 1 192.558 40.516 38.447 4.29 1.87 0.708 1.446
90 452 5 162.131 120.372 37.951 0.759 1.673 0.488 0.069
90 453 1 200.04 38.757 38.093 3.896 2.02 1.697 -2.98
90 456 4 202.556 32.467 37.665 0.979 0.594 0.827 -3
91 7 1 173.196 90.178 38.395 2.623 2.028 1.709 0.002
91 175 1 170.897 73.654 38.484 2.069 1.082 0.848 -0.129
91 217 1 172.051 83.513 38.07 3.563 1.167 1.239 0.015
91 354 5 173.402 77.07 38.143 4.006 2.043 1.446 0.015
91 374 5 175.52 58.614 38.1 4.345 1.799 1.463 0.015
91 420 5 184.574 49.987 38.182 3.259 2.068 1.463 -0.026
91 425 1 160.807 114.252 38.047 1.845 1.667 1.033 0
91 433 5 178.321 109.241 38.353 3.895 1.796 1.519 -3.11
91 440 2 192.649 58.329 38.772 11.823 3.09 2.693 -3.108
91 444 5 195.845 72.099 38.186 1.539 0.671 1.399 3.079
91 449 1 192.61 40.505 38.298 4.363 1.776 1.066 1.386
91 452 5 163.32 116.358 37.771 0.443 1.541 0.504 0
91 453 1 199.258 40.605 38.12 4.197 1.99 1.75 -3.02
91 456 4 201.9 33.783 37.803 1.871 1.197 1.032 -3.04
92 7 1 174.3 85.95 38.434 2.725 1.8 1.879 0.008
92 175 1 171.604 72.49 38.627 3.963 1.381 1.252 0.008
92 217 1 172.124 83.503 38.11 3.57 0.98 1.388 -0.019
92 354 5 173.474 77.046 38.133 3.979 1.737 1.431 0.008
92 374 5 175.595 58.313 38.079 3.199 1.906 1.464 0.015
92 420 5 184.674 49.348 38.152 3.282 2.057 1.495 0.008
92 425 1 161.554 112.352 38.04 1.116 1.395 0.686 3.136
92 433 5 177.232 113.34 38.086 0.505 1.536 0.713 -3.106
92 440 2 192.141 60.389 38.805 12.608 3.306 2.597 -3.116
92 444 5 195.306 74.064 38.038 1.011 0.582 1.521 -2.926
92 452 5 164.297 112.283 37.946 0.429 1.743 0.328 3.136
92 453 1 198.371 42.816 38.147 4.364 2.027 1.756 -3.04
92 456 4 201.578 34.571 37.876 4.235 1.889 1.278 -3.106
92 459 1 192.817 40.57 38.247 4.55 1.795 1.014 1.432
93 217 1 172.183 83.394 37.965 3.394 0.857 1.181 0
93 354 5 173.5 77.119 38.114 4.028 1.633 1.486 0
93 374 5 175.631 57.802 38.232 2.927 1.656 1.203 0
93 420 5 184.892 48.61 38.19 3.6 2.079 1.465 0
93 425 1 161.743 110.874 38.17 1.277 1.792 0.687 0
93 440 2 191.242 63.049 38.904 12.772 2.995 2.757 -3.104
93 452 5 165.268 108.481 37.882 0.425 1.67 0.334 0
93 453 1 197.548 45.196 38.167 4.408 2.091 1.733 -3.07
93 456 4 200.968 36.497 37.996 4.196 1.852 1.452 -2.916
93 459 1 192.913 40.588 38.268 4.603 1.879 1.199 1.45
94 217 1 171.937 83.599 38.05 3.481 1.314 1.433 0
94 354 5 173.556 77.114 38.131 4.107 1.625 1.497 0.025
94 374 5 175.884 56.546 38.165 4.338 1.753 1.308 0.041
94 420 5 185.014 48.013 38.179 3.572 2.024 1.457 0.011
94 440 2 190.337 65.723 38.949 12.901 2.973 2.84 -3.114
94 452 5 165.947 105.393 38.055 1.829 1.864 0.896 -0.008
94 453 1 196.553 47.78 38.171 4.449 1.985 1.692 -3.063
94 456 4 200.168 38.352 38.007 4.262 2.033 1.486 -2.987
94 459 1 192.998 40.661 38.25 4.591 1.759 1.229 1.498
95 217 1 172.17 83.491 38.044 3.43 0.829 1.271 0
95 354 5 173.577 77.13 38.1 4.03 1.563 1.453 0
95 374 5 176.233 55.77 38.188 3.374 1.82 1.191 0.082
95 420 5 185.113 47.661 38.24 3.208 2.065 1.447 0
95 440 2 189.508 68.824 38.902 11.959 3.183 3.015 -3.121
95 452 5 166.766 102.098 38.011 1.826 1.947 0.897 0.002
95 453 1 195.473 50.478 38.178 4.499 2.07 1.676 -3.037
95 456 4 199.295 40.287 38.025 4.392 1.808 1.493 -3.014
95 459 1 193.108 40.769 38.239 4.676 1.757 1.215 1.54
95 461 5 191.347 62.738 39.213 0.957 1.917 0.273 -3.118
96 217 1 172.343 83.181 38.192 1.589 0.624 0.905 0
96 354 5 173.561 77.112 38.087 3.975 1.694 1.416 0
96 374 5 176.238 55.616 38.14 3.372 1.771 1.334 -0
96 420 5 185.271 47.116 38.173 3.24 2.064 1.465 0
96 440 2 188.597 71.891 38.941 11.493 3.035 2.999 -3.104
96 452 5 167.846 98.618 37.875 0.71 0.902 0.335 0
96 453 1 194.213 53.273 38.223 4.555 1.87 1.698 -3.018
96 456 4 198.639 42.427 38.013 4.498 1.965 1.432 -3.059
96 459 1 193.252 40.83 38.2 4.665 1.867 1.312 1.546
96 461 5 190.579 65.862 38.828 1.378 2.924 2.145 -3.103
96 464 3 160.416 16.417 38.107 0.345 0.482 0.886 -1.671
96 466 3 206.38 47.581 38.132 0.269 0.265 1.452 3.142
97 217 1 172.454 82.888 38.128 1.934 0.548 0.697 -0.018
97 354 5 173.589 77.118 38.097 4.087 1.66 1.436 -0.018
97 374 5 176.304 55.66 38.064 3.477 1.777 1.46 -0.018
97 420 5 185.415 46.658 38.168 3.239 2.065 1.432 -0.018
97 440 2 187.606 74.745 38.995 11.365 2.832 3.135 -3.088
97 452 5 168.51 96.44 37.857 0.54 0.812 0.543 -0.037
97 453 1 192.915 56.222 38.23 4.573 1.938 1.697 -3.026
97 456 4 197.805 44.667 38.045 4.443 1.804 1.526 -3.083
97 459 1 193.39 40.957 38.196 4.634 1.836 1.344 1.575
97 461 5 189.495 68.914 39.2 0.778 1.65 0.15 -3.067
97 466 3 206.034 48.412 38.189 0.519 0.397 1.358 3.14
98 217 1 172.376 82.767 38.215 1.978 0.525 0.636 -0.038
98 354 5 173.597 77.085 38.124 3.847 1.552 1.406 0.01
98 374 5 176.249 55.652 38.069 3.479 1.836 1.436 0.01
98 420 5 185.461 46.374 38.166 3.197 2.06 1.467 0.01
98 440 2 186.735 77.621 39.021 11.301 2.844 3.34 -3.113
98 452 5 168.404 95.405 38.219 2.062 1.324 1.109 -0.006
98 453 1 191.543 59.316 38.255 4.759 1.894 1.666 -3.002
98 456 4 196.958 47.128 38.055 4.524 1.785 1.528 -3.074
98 459 1 193.675 41.179 38.132 4.629 1.992 1.448 1.661
98 461 5 188.731 71.587 39.176 0.155 1.797 0.174 0.018
98 464 3 159.105 16.32 38.05 0.423 0.701 0.891 -1.04
98 466 3 205.898 48.739 38.178 0.614 0.59 1.392 0.033
98 467 3 225.477 29.578 37.977 0.349 0.545 1.478 1.458
99 217 1 172.527 82.57 38.288 2.077 0.241 0.569 0.104
99 354 5 173.823 77.098 38.049 3.659 1.686 1.368 0.192
99 374 5 176.126 55.804 38.039 3.867 1.95 1.53 0.145
99 420 5 185.516 46.129 38.168 3.325 2.052 1.46 0.02
99 440 2 185.864 80.762 39.053 11.64 2.998 3.291 -3.132
99 453 1 190.14 62.768 38.267 5.318 1.863 1.694 -3.011
99 456 4 196.103 49.703 38.058 4.512 1.759 1.508 -3.084
99 459 1 194.31 41.826 38.048 4.71 1.874 1.569 1.888
99 461 5 187.588 74.704 39.215 0.597 1.548 0.17 -3.136
99 464 3 158.457 16.15 38.18 0.299 0.47 0.872 -1.097
99 466 3 205.572 49.369 38.177 0.609 0.577 1.188 -3.061
99 467 3 224.741 29.691 37.875 0.357 0.532 1.532 0.976
100 354 5 173.872 76.872 38.16 3.31 1.067 1.191 -0.031
100 374 5 176.146 55.789 38.076 3.811 1.962 1.462 0.068
100 420 5 185.558 46.075 38.148 3.196 2.063 1.486 0.003
100 440 2 184.919 83.888 39.12 11.495 2.781 3.305 -3.116
100 453 1 188.791 66.271 38.255 4.333 1.903 1.726 -3.046
100 456 4 195.232 52.446 38.085 4.584 1.88 1.504 -3.081
100 459 1 195.085 43.08 38.041 4.699 1.679 1.509 2.212
100 461 5 186.829 77.678 39.211 0.237 1.716 0.123 -3.108
100 464 3 157.795 15.951 38.151 0.523 0.59 0.863 -1.641
100 466 3 205.477 49.832 38.437 0.429 0.672 0.847 -3.136
100 467 3 224.15 29.755 37.898 0.506 0.687 1.499 0.97
100 469 4 210.839 0 37.915 1.327 0.326 1.24 1.973
101 354 5 173.927 76.268 38.168 2.184 0.89 1.155 0
101 374 5 176.138 55.799 38.089 3.811 1.981 1.445 0.073
101 420 5 185.582 46.069 38.121 3.204 2.079 1.483 -0
101 440 2 184.037 86.997 39.162 11.681 2.768 3.213 -3.126
101 453 1 187.702 69.658 38.275 4.274 2.001 1.76 -3.068
101 456 4 194.2 55.328 38.126 4.577 1.808 1.487 -3.071
101 459 1 195.743 44.962 38.063 4.779 1.86 1.532 2.487
101 464 3 157.085 15.839 38.139 0.422 0.711 0.868 -0.971
101 466 3 205.228 50.403 38.107 0.412 0.592 1.379 -2.624
101 467 3 223.464 29.904 37.895 0.642 0.532 1.499 1.549
101 469 4 212.307 1.066 37.939 0.937 0.278 1.26 1.782
102 354 5 173.908 75.685 38.077 1.111 0.594 0.624 0.021
102 374 5 176.13 55.8 38.081 3.813 1.942 1.469 0.079
102 420 5 185.576 46.069 38.19 3.197 2.062 1.479 0.019
102 440 2 183.142 90.046 39.224 11.336 2.741 3.306 -3.12
102 453 1 186.613 72.884 38.283 4.231 2.004 1.759 -3.091
102 456 4 193.207 58.293 38.152 4.577 1.83 1.473 -3.074
102 459 1 195.858 47.299 38.077 4.727 1.744 1.496 2.78
102 464 3 156.454 15.66 38.134 0.605 0.292 0.867 0.732
102 466 3 205.202 50.852 38.125 0.646 0.451 1.381 -3.083
102 467 3 222.648 30.102 37.938 0.364 0.345 1.462 -0
102 469 4 214.092 2.298 37.628 0.94 0.574 1.033 1.933
103 354 5 173.715 76.079 38.335 0.075 0.319 0.015 0.017
103 374 5 176.161 55.777 38.052 3.779 1.892 1.439 0.04
103 420 5 185.553 46.021 38.198 3.255 2.065 1.518 0.015
103 440 2 182.253 93.362 39.123 11.258 2.881 3.137 -3.127
103 453 1 185.692 76.155 38.28 4.116 1.883 1.649 -3.119
103 456 4 192.021 61.763 38.141 5.131 1.751 1.451 -3.112
103 459 1 195.598 49.888 38.091 4.726 1.888 1.491 3.049
103 461 5 183.994 87.403 39.227 0.369 1.794 0.055 3.107
103 464 3 155.761 15.493 37.913 0.595 0.492 1.276 -1.94
103 466 3 205.083 51.365 38.126 0.689 0.458 1.359 -3.091
103 467 3 222.045 30.028 37.779 0.618 0.929 1.282 1.255
103 469 4 215.691 3.489 37.823 1.057 0.348 0.739 1.824
103 471 5 189.968 93.78 38.523 0.347 0.412 0.459 3.137
104 374 5 176.139 55.748 38.073 3.743 1.944 1.485 0.083
104 420 5 185.567 46.029 38.176 3.25 2.016 1.418 0
104 440 2 181.21 96.644 39.14 11.236 2.641 3.057 -3.113
104 453 1 184.697 79.369 38.352 4.155 1.773 1.341 3.142
104 456 4 191.034 65.198 38.139 5.156 1.964 1.509 -3.093
104 459 1 194.894 52.558 38.081 4.713 1.79 1.47 3.116
104 464 3 155.269 15.253 37.976 0.538 0.293 1.373 0.689
104 466 3 204.956 52.022 38.528 0.34 0.282 0.614 -0
104 467 3 221.209 30.269 37.95 0.56 0.417 1.475 3.105
104 469 4 217.168 4.535 37.863 1.08 0.346 0.738 1.853
104 471 5 189.47 95.626 38.365 0.495 0.429 0.77 0.004
105 374 5 176.172 55.754 38.074 3.785 1.988 1.483 0.035
105 420 5 185.564 46.039 38.152 3.23 2.069 1.497 0
105 440 2 180.741 99.385 39.186 9.72 2.876 3.225 3.142
105 453 1 183.658 82.839 38.476 4.149 1.875 1.361 -3.101
105 456 4 189.79 69.135 38.146 4.491 2.014 1.512 -3.09
105 459 1 194.14 55.336 38.099 4.688 1.928 1.508 3.142
105 464 3 154.551 15.62 37.727 0.825 0.603 1.1 0.014
105 466 3 204.968 52.589 38.211 0.531 0.551 1.538 0.013
105 467 3 220.509 30.401 37.865 0.596 0.618 1.674 -2.125
105 469 4 218.976 5.557 37.754 0.872 0.459 1.053 2.251
105 471 5 188.983 97.408 38.3 0.538 0.484 0.84 3.119
106 374 5 176.163 55.766 38.089 3.758 1.993 1.454 0
106 420 5 185.562 46.055 38.18 3.195 2.063 1.412 0
106 440 2 179.808 102.745 39.14 9.829 2.747 3.009 -3.139
106 453 1 182.712 86.362 38.469 3.977 1.789 1.271 -3.139
106 456 4 188.639 72.743 38.133 4.324 1.858 1.514 -3.121
106 459 1 193.409 58.161 38.125 4.657 1.86 1.493 3.117
106 466 3 204.893 53.166 38.146 0.705 0.605 1.406 -3.113
106 469 4 220.819 6.618 37.772 0.971 0.324 1.065 1.604
106 471 5 188.48 99.256 38.368 0.658 0.388 0.566 -3.057
107 374 5 176.166 55.786 38.058 3.798 1.925 1.518 0.103
107 420 5 185.591 46.028 38.139 3.277 2.046 1.521 -0.016
107 440 2 178.964 106.226 39.252 9.681 2.701 2.762 3.126
107 453 1 181.709 89.808 38.472 3.451 1.912 1.159 3.126
107 456 4 187.491 76.435 38.131 4.311 1.896 1.485 -3.136
107 459 1 192.594 61.553 38.124 5.285 1.882 1.458 3.126
107 466 3 204.624 53.715 38.172 0.594 0.416 1.362 -3.11
107 471 5 188.088 101.091 38.319 0.622 0.405 0.548 3.135
108 374 5 176.173 55.77 38.102 3.755 1.966 1.43 0
108 420 5 185.56 46.053 38.17 3.199 2.061 1.471 0
108 440 2 178.58 107.716 39.276 5.63 2.767 2.86 3.103
108 453 1 180.652 93.504 38.463 3.409 1.769 1.04 -3.122
108 456 4 186.479 80.219 38.122 4.194 1.86 1.547 -3.122
108 459 1 191.678 64.823 38.145 5.262 1.867 1.471 -3.122
108 466 3 204.518 54.217 38.172 0.515 0.556 1.382 0.009
108 471 5 187.573 102.77 38.277 0.486 0.462 0.621 -3.115
108 472 3 218.167 29.998 38.274 0.288 0.458 0.832 -1.745
109 374 5 176.244 55.663 38.1 3.512 1.913 1.435 0.02
109 420 5 185.551 46.056 38.243 3.193 2.063 1.534 0.013
109 440 2 177.946 109.882 38.988 4.575 2.627 2.548 -3.113
109 453 1 179.59 97.221 38.435 3.616 1.706 0.964 -3.113
109 456 4 185.328 84.045 38.07 4.209 1.703 1.438 -3.113
109 459 1 190.598 68.617 38.113 4.307 1.943 1.452 -3.099
109 466 3 204.203 54.761 38.183 0.484 0.463 1.369 3.107
109 472 3 217.484 29.887 37.917 0.717 0.385 1.519 -1.985
110 374 5 176.146 55.789 38.073 3.806 1.993 1.491 0.024
110 420 5 185.54 46.055 38.166 3.192 2.046 1.455 0.015
110 440 2 177.224 112.926 38.979 3.569 2.791 2.659 -3.122
110 453 1 178.491 101.082 38.489 4.002 1.774 1.209 -3.122
110 456 4 184.383 87.848 38.097 3.984 1.781 1.486 -3.122
110 459 1 189.561 72.242 38.129 4.17 1.832 1.526 -3.122
110 466 3 203.991 55.31 38.521 0.415 0.28 0.636 -3.088
110 472 3 216.641 29.823 37.889 0.97 0.711 1.582 -2.039
110 474 5 186.562 106.378 38.321 0.491 0.401 0.279 3.138
110 475 5 176.871 76.908 37.738 0.102 0.601 0.184 -0.005
111 374 5 176.199 55.774 38.076 3.757 1.834 1.487 0.001
111 420 5 185.595 46.068 38.201 3.21 2.058 1.478 -0.014
111 453 1 177.673 104.165 38.503 2.83 1.802 1.098 3.128
111 456 4 183.307 91.787 38.187 3.903 1.728 1.117 3.139
111 459 1 188.455 76.114 38.126 4.374 1.856 1.508 -3.137
111 466 3 203.864 55.878 38.209 0.352 0.578 1.337 0.974
111 472 3 215.778 29.85 37.912 0.478 0.616 1.485 0.612
111 474 5 186.203 108.156 38.503 0.347 0.15 0.752 -3.111
111 475 5 177.57 75.423 37.853 0.576 1.286 0.229 -0.039
112 374 5 176.21 55.782 38.073 3.776 1.919 1.49 -0.01
112 420 5 185.58 46.067 38.17 3.209 2.062 1.428 -0.01
112 453 1 176.93 106.707 38.456 0.751 1.689 1.073 -3.128
112 456 4 182.191 95.927 38.119 4.11 1.732 1.041 -3.128
112 459 1 187.317 79.947 38.11 4.194 1.778 1.56 -3.128
112 466 3 203.788 56.405 38.176 0.554 0.425 1.409 3.072
112 472 3 215.105 29.911 37.941 0.826 0.738 1.498 -2.064
112 474 5 185.739 109.945 38.438 0.585 0.368 0.818 3.127
112 475 5 178.007 73.804 37.852 0.621 1.238 0.42 0
113 374 5 176.222 55.791 38.095 3.763 1.901 1.445 0
113 420 5 185.577 46.074 38.178 3.19 2.063 1.485 0
113 453 1 176.004 110.273 38.381 1.005 1.561 1.16 -3.131
113 456 4 181.041 100.01 37.978 4.063 1.676 1.159 -3.131
113 459 1 186.223 83.913 38.095 4.239 1.727 1.423 -3.131
113 466 3 203.634 56.981 38.232 0.474 0.355 1.308 3.142
113 472 3 214.561 29.999 37.964 0.426 0.665 1.465 -2.748
113 474 5 185.331 111.771 38.419 0.274 0.341 0.833 3.142
113 475 5 178.543 72.546 37.991 0.538 0.927 0.419 -0.02
114 374 5 176.192 55.67 38.1 3.548 1.973 1.43 -0.007
114 420 5 185.555 46.056 38.19 3.211 2.011 1.469 -0.007
114 456 4 179.97 104.103 38.191 4.158 1.691 1.306 3.124
114 459 1 185.22 87.647 38.093 3.898 1.957 1.513 3.097
114 466 3 203.575 57.586 38.206 0.509 0.65 1.362 -3.122
114 472 3 214.293 30.156 37.939 0.613 0.514 1.546 -2.844
114 474 5 184.815 113.461 38.386 0.449 0.274 0.875 3.121
114 475 5 179.082 71.399 38.074 0.465 0.369 0.394 -0.007
115 374 5 176.183 55.767 38.055 3.748 1.902 1.52 0.073
115 420 5 185.676 45.761 38.371 3.931 2.017 1.857 -0.017
115 456 4 178.844 108.362 37.941 4.001 1.791 0.781 -3.123
115 459 1 184.028 91.614 37.801 4.146 1.761 1.174 -3.117
115 466 3 203.391 58.235 38.187 0.785 0.526 1.404 3.087
115 472 3 214.354 30.618 37.855 0.266 0.535 1.732 -2.956
115 475 5 179.006 70.282 38.03 0.709 1.166 0.408 -0.035
116 374 5 176.167 55.775 38.098 3.767 1.999 1.434 0.016
116 420 5 185.539 46.05 38.213 3.204 2.062 1.3 0.022
116 456 4 177.994 111.295 38.271 1.534 1.582 0.851 -3.092
116 459 1 182.853 95.381 38.061 4.12 1.652 0.848 -3.064
116 466 3 203.208 58.772 38.214 0.562 0.602 1.355 3.126
116 472 3 214.399 31.058 37.969 0.394 0.56 1.523 -2.335
116 475 5 179.235 69.371 38.158 0.5 1.159 0.244 0.051
117 374 5 176.186 55.75 38.075 3.713 1.99 1.477 0.002
117 420 5 185.554 46.056 38.146 3.198 2.059 1.492 0.015
117 459 1 181.629 99.007 38.173 4.011 1.545 0.789 -3.027
117 466 3 203.056 59.328 38.203 0.582 0.697 1.39 3.092
117 475 5 179.149 68.498 38.223 0.886 1.741 0.268 0.002
