0 2 2 57.119 39.63 38.428 12.66 2.96 2.743 3.104
0 10 2 7.688 69.457 38.269 5.893 2.405 3.037 1.663
0 19 2 36.743 30.006 38.647 11.798 2.947 3.006 -2.775
1 2 2 60.712 40.312 38.382 11.971 2.906 2.763 3.065
1 10 2 7.774 69.5 38.529 5.921 2.216 2.676 1.633
1 19 2 38.785 31.38 38.591 11.887 2.949 3.145 -2.773
2 2 2 64.13 40.754 38.391 12.043 2.774 2.832 3.055
2 10 2 7.723 69.526 38.264 6.04 2.146 3.081 1.638
2 19 2 40.985 32.78 38.591 11.957 2.978 3.134 -2.823
2 42 4 27.252 26.211 37.801 1.771 0.583 1.337 -1.395
3 2 2 67.535 41.207 38.419 12.101 2.797 2.908 3.036
3 10 2 7.665 69.482 38.293 5.95 2.281 3.085 1.654
3 19 2 43.618 33.987 38.566 12.459 3.084 3.098 -2.885
3 42 4 25.878 31.032 37.923 1.869 0.679 1.542 -1.539
4 2 2 70.949 41.584 38.486 12.225 2.731 2.98 3.025
4 10 2 7.753 69.499 38.509 5.921 2.125 2.6 1.649
4 19 2 46.048 34.949 38.557 12.61 3.031 3.019 -2.947
4 42 4 24.547 36.116 38.081 0.988 0.436 1.053 -1.603
4 46 1 33.791 28.007 37.527 1.573 0.44 0.77 -2.893
4 48 1 27.126 23.05 37.466 1.319 1.391 0.816 -2.529
5 2 2 74.334 42.061 38.525 12.356 2.815 3.126 2.999
5 10 2 7.766 69.507 38.495 5.942 2.07 2.714 1.639
5 19 2 48.428 35.837 38.548 12.897 2.909 2.914 -3.034
5 42 4 23.448 40.637 38.273 0.625 1.382 0.478 0.02
5 46 1 35.135 28.525 37.455 3.93 1.545 0.767 -2.254
5 48 1 26.691 25.999 37.461 1.265 1.346 0.844 -1.776
6 2 2 77.731 42.297 38.609 11.709 2.553 3.222 3.018
6 10 2 7.67 69.496 38.217 5.98 2.458 3.152 1.637
6 19 2 51.391 36.508 38.514 12.594 3.147 2.84 -3.092
6 42 4 22.136 46.915 37.827 1.318 0.33 1.268 -1.458
6 46 1 36.596 30.953 37.645 4.954 2.054 1.147 -2.423
6 48 1 26.292 27.9 37.756 4.255 1.312 1.347 -1.583
6 50 5 25.927 17.09 37.357 0.515 0.084 0.303 -1.733
6 51 3 36.574 26.112 37.869 0.651 0.552 1.575 0.107
7 2 2 81.833 42.75 38.668 12.571 2.839 3.29 2.997
7 10 2 7.692 69.536 38.495 5.948 2.285 2.711 1.631
7 19 2 54.468 37.383 38.437 12.24 2.909 2.947 -3.125
7 46 1 39.611 33.975 37.87 2.666 2.082 1.631 -2.677
7 48 1 25.637 31.43 37.733 4.092 1.33 1.305 -1.674
7 50 5 24.496 22.949 37.68 1.889 1.09 1.012 -1.674
7 51 3 36.145 26.787 37.877 0.774 1.163 1.547 -2.403
7 52 5 27.892 6.418 37.401 0.785 0.202 0.657 -1.674
8 2 2 85.541 43.1 38.913 12.43 2.706 3.073 3.005
8 10 2 7.679 69.508 38.507 5.927 2.328 2.569 1.663
8 19 2 57.675 38.008 38.454 12.053 2.926 2.834 3.128
8 46 1 41.427 35.115 37.89 4.974 2.107 1.686 -2.82
8 48 1 25.64 33.451 37.676 0.286 0.713 1.035 -0.414
8 50 5 23.63 25.094 37.654 4.192 1.666 1.031 -1.6
8 51 3 36.037 27.292 38.182 0.913 0.743 0.924 -1.082
8 52 5 26.764 8.023 37.769 3.139 1.477 1.458 -1.497
9 2 2 89.516 43.481 39.14 12.451 2.761 2.786 2.99
9 10 2 7.745 69.533 38.254 5.95 2.236 3.269 1.646
9 19 2 60.964 38.802 38.393 12.018 2.813 2.822 3.113
9 46 1 44.702 36.798 37.856 5.528 2.229 1.644 -2.913
9 48 1 23.848 38.603 38.378 1.658 0.633 0.409 -1.635
9 50 5 22.889 28.566 37.483 4.028 1.772 0.618 -1.624
9 51 3 35.832 27.893 38.585 0.191 0.38 0.025 -2.233
9 52 5 25.964 10.264 37.744 3.389 1.709 1.454 -1.536
9 64 3 35.838 10.34 37.867 0.319 0.675 1.571 0.211
10 2 2 93.555 43.799 39.13 12.489 2.93 2.788 2.977
10 10 2 7.745 69.582 38.279 6.018 2.101 3.151 1.647
10 19 2 64.432 39.408 38.383 12.037 2.795 2.948 3.1
10 46 1 48.043 38.325 37.807 4.86 2.029 1.595 -3.004
10 50 5 22.862 31.569 37.475 2.674 0.332 0.498 1.547
10 51 3 35.703 28.543 37.858 0.892 0.811 1.531 -0.097
10 52 5 24.941 12.936 37.748 3.407 1.705 1.387 -1.621
10 64 3 35.735 10.478 37.904 0.471 0.65 1.514 -1.752
10 67 1 28.054 22.411 37.458 4.38 1.423 0.899 -1.679
11 2 2 97.456 44.048 39.046 12.046 2.577 2.801 2.988
11 10 2 7.675 69.52 38.476 5.963 2.355 2.669 1.665
11 19 2 67.937 40.073 38.436 12.172 2.746 2.977 3.078
11 46 1 52.243 39.854 37.947 4.948 2.011 1.552 -3.068
11 51 3 35.54 29.1 37.864 0.722 0.926 1.515 -1.776
11 52 5 23.871 15.368 37.724 3.685 1.548 1.395 -1.378
11 64 3 35.744 10.505 38.493 0.476 0.449 0.317 -0.028
11 67 1 27.148 25.74 37.648 4.869 1.868 1.151 -1.617
11 68 4 38.026 27.765 37.801 1.924 0.629 1.4 -1.768
12 2 2 101.651 44.436 38.974 11.992 2.753 2.82 2.995
12 10 2 7.733 69.528 38.478 5.921 2.175 2.676 1.649
12 19 2 71.783 40.652 38.483 12.22 2.803 3.052 3.068
12 46 1 57.289 41.218 37.987 5.778 2.084 1.458 -3.084
12 51 3 35.382 29.912 37.874 1.021 0.857 1.489 -1.365
12 52 5 22.863 18.012 37.738 3.694 0.807 1.312 -1.283
12 64 3 35.775 10.501 37.982 0.472 0.597 1.348 -2.995
12 67 1 26.384 29.49 37.629 4.806 1.934 1.169 -1.64
12 68 4 37.95 29.134 37.776 1.789 0.688 1.455 -1.799
12 71 1 31.091 6.399 37.702 4.534 1.317 1.192 -1.644
13 2 2 105.991 44.793 38.983 12.091 2.77 2.979 2.99
13 10 2 7.741 69.575 38.239 6.039 2.134 3.106 1.631
13 19 2 75.576 41.166 38.57 12.295 3.029 3.128 3.044
13 46 1 62.097 42.373 37.871 5.055 1.735 1.716 3.077
13 51 3 35.246 30.579 37.875 0.945 0.923 1.485 -1.554
13 52 5 21.259 20.371 37.708 3.641 1.167 1.284 -1.238
13 64 3 35.819 10.498 37.979 0.667 0.514 1.35 3.038
13 67 1 25.684 32.832 37.991 3.734 1.824 1.741 -1.609
13 68 4 37.706 30.93 37.757 1.964 0.554 1.485 -1.672
13 71 1 30.659 9.363 37.662 4.416 1.563 1.274 -1.705
13 73 1 19.719 56.638 37.248 1.888 0.731 0.506 -1.594
14 2 2 110.322 45.065 38.872 12.019 2.714 2.54 2.982
14 10 2 7.646 69.586 38.514 5.769 2.469 2.651 1.63
14 19 2 79.734 41.749 38.617 12.273 2.729 3.357 3.04
14 46 1 66.315 42.939 37.906 4.704 1.704 1.645 3.011
14 51 3 34.912 31.152 38.476 0.443 0.249 0.196 -1.537
14 52 5 19.664 22.802 37.815 3.734 0.48 1.017 -1.118
14 64 3 35.807 10.5 37.995 0.539 0.396 1.348 -1.402
14 67 1 24.699 36.995 38.516 2.965 1.318 0.601 -1.563
14 68 4 37.18 33.04 37.785 1.928 0.679 1.432 -1.537
14 71 1 30.171 12.353 37.671 4.712 1.716 1.295 -1.665
14 73 1 18.612 59.919 37.45 4.072 1.14 1.06 -1.562
14 76 1 24.324 11.477 38.052 3.372 1.556 1.521 -1.37
15 2 2 113.765 45.383 38.911 10.269 2.761 2.876 2.982
15 10 2 7.683 69.756 38.256 5.614 2.246 3.156 1.667
15 19 2 83.943 42.361 38.842 12.258 2.722 3.061 3.028
15 46 1 70.607 43.261 37.906 4.583 1.86 1.666 3.003
15 51 3 35.086 31.804 37.883 0.812 0.983 1.459 0.391
15 52 5 17.341 24.551 37.747 3.6 1.53 1.037 -1.034
15 64 3 35.736 10.508 37.994 0.641 0.42 1.361 2.545
15 67 1 24.46 41.085 38.147 3.612 0.769 1.221 -1.512
15 68 4 36.419 35.298 37.857 1.728 0.713 1.543 -1.44
15 71 1 29.504 15.858 37.668 4.457 1.768 1.276 -1.66
15 73 1 17.002 64.495 37.383 4.324 1.667 0.981 -1.492
15 76 1 22.862 14.041 37.856 3.79 1.992 1.831 -1.59
15 78 1 27.638 5.313 37.383 1.247 1.107 0.722 -1.533
15 81 5 32.402 5.018 37.368 0.869 1.55 0.438 1.563
16 2 2 115.892 45.575 38.792 5.286 2.631 2.971 2.981
16 10 2 7.689 69.564 38.468 5.95 2.367 2.774 1.634
16 19 2 88.25 42.802 39.01 12.222 2.523 3 3.03
16 46 1 74.682 43.55 37.881 4.35 1.815 1.625 3.015
16 51 3 35.057 32.427 37.913 1.016 0.879 1.417 -1.427
16 52 5 15.199 26.533 37.866 3.501 1.699 1.401 -0.986
16 64 3 33.538 8.257 37.507 2.561 1.799 0.88 -1.686
16 67 1 22.967 46.423 37.962 2.632 0.881 1.453 -1.466
16 68 4 35.325 37.854 38.147 1.642 0.598 0.916 -1.423
16 71 1 29.043 19.384 37.701 4.534 1.484 1.229 -1.654
16 73 1 15.472 69.371 37.245 4.344 1.835 1.033 -1.466
16 76 1 21.363 16.833 38.025 3.319 0.491 1.434 -1.219
16 78 1 27.033 7.153 37.413 3.742 1.323 0.743 -1.583
16 81 5 30.905 8.009 37.408 1.119 1.137 0.408 -1.686
17 2 2 122.156 46.218 38.788 8.734 2.537 2.567 3.004
17 10 2 7.68 69.541 38.497 5.946 2.328 2.68 1.664
17 19 2 92.663 43.196 39.121 12.134 2.779 2.768 2.999
17 46 1 77.91 43.645 37.905 2.4 1.848 1.597 2.965
17 51 3 34.908 33.115 37.903 0.877 0.959 1.403 -1.647
17 52 5 13.197 28.024 37.799 2.641 1.603 1.408 -0.887
17 64 3 33.311 12.188 37.521 3.999 1.797 0.885 -1.804
17 67 1 22.274 48.086 37.936 1.006 0.454 1.007 0.055
17 71 1 28.084 22.972 37.805 4.561 2.075 1.393 -1.641
17 76 1 19.586 18.807 37.968 3.561 0.505 1.426 -1.054
17 78 1 25.874 10.146 37.405 3.973 0.897 0.701 -1.378
17 81 5 30.16 11.368 37.415 1.128 1.055 0.384 -1.678
18 10 2 7.673 69.783 38.333 5.497 2.278 3.138 1.652
18 19 2 96.8 43.452 39.025 11.545 2.609 2.827 2.99
18 46 1 82.3 43.881 38.254 2.255 1.592 0.788 2.99
18 51 3 34.877 33.741 37.903 0.872 0.977 1.402 -1.613
18 52 5 10.76 29.705 38.225 1.897 1.316 0.444 -0.753
18 64 3 33.559 15.822 37.573 4.45 1.747 0.865 -1.853
18 67 1 20.295 56.369 37.443 1.11 0.538 0.832 -1.519
18 71 1 27.454 26.766 37.794 4.675 1.805 1.368 -1.586
18 76 1 16.715 21.751 37.901 1.758 0.442 1.424 -1.086
18 78 1 24.465 13.07 37.392 3.897 1.019 0.685 -1.293
18 81 5 29.962 14.83 37.454 1.381 0.256 0.338 -1.543
19 10 2 7.811 69.484 38.507 6.102 2.126 2.614 1.62
19 19 2 101.541 43.936 38.961 12.246 2.696 2.806 2.994
19 46 1 86.391 44.174 38.283 1.454 1.378 0.546 2.996
19 51 3 34.746 34.35 37.878 0.955 0.995 1.453 -1.497
19 52 5 7.417 31.615 37.769 3.184 1.212 1.234 -0.735
19 64 3 34.254 18.908 37.589 4.042 1.569 0.98 -1.957
19 67 1 18.793 59.307 37.669 4.58 1.827 1.614 -1.497
19 71 1 26.58 30.819 37.791 4.193 1.778 1.316 -1.564
19 78 1 22.125 16.874 37.53 0.963 1.029 0.314 -1.432
19 81 5 29.143 17.466 37.372 3.779 0.634 0.664 -1.594
20 10 2 7.894 69.271 38.608 5.565 2.078 2.416 1.626
20 19 2 105.863 44.21 38.94 12.036 2.594 3.103 2.994
20 46 1 91.376 44.66 38.306 2.51 1.359 0.624 3.103
20 51 3 34.594 35.015 37.961 0.74 1.026 1.283 -1.96
20 52 5 5.505 32.227 37.941 1.225 1.393 0.8 -0.57
20 64 3 35.245 22.477 37.581 3.961 1.863 1.092 -2.155
20 67 1 17.46 64.264 37.688 4.489 1.364 1.411 -1.525
20 71 1 25.862 33.701 37.767 2.966 1.828 1.312 -1.589
20 78 1 20.615 19.369 37.351 0.732 0.451 0.627 1.928
20 81 5 28.339 21.367 37.492 4.082 0.373 0.771 -1.582
21 10 2 8.103 68.505 38.518 5.915 2.178 2.557 1.637
21 19 2 109.606 44.479 38.829 10.596 2.568 2.726 3.003
21 46 1 95.348 44.769 38.244 1.576 1.367 0.614 3.003
21 51 3 34.43 35.612 37.97 1.027 0.849 1.234 -0.21
21 64 3 36.992 25.634 37.551 3.695 1.758 0.979 -2.297
21 67 1 15.665 69.176 37.524 4.362 1.929 1.559 -1.489
21 71 1 24.78 38.649 38.103 3.104 1.308 0.996 -1.668
21 78 1 11.587 25.78 37.892 1.078 0.475 1.144 2.283
21 81 5 26.622 25.767 37.524 4.364 1.265 0.761 -1.553
21 92 1 27.364 18.326 37.559 1.184 1.344 0.608 -1.745
21 94 2 4.333 78.699 38.387 4.377 3.391 2.92 1.589
22 10 2 8.493 67.783 38.543 6.155 1.897 2.518 1.623
22 19 2 114.179 44.895 38.842 10.514 2.626 2.844 2.998
22 46 1 98.852 44.816 37.919 0.296 1.455 0.255 2.997
22 51 3 34.283 36.271 38.151 0.771 1.093 1.286 -1.871
22 64 3 39.817 29.331 37.616 1.781 1.921 1.013 -2.496
22 67 1 14.472 72.966 37.183 1.188 1.397 1.003 -1.171
22 71 1 24.011 42.187 38.309 1.403 1.036 0.467 2.528
22 78 1 18.479 21.465 37.432 1.281 0.204 0.286 1.657
22 81 5 25.265 30.519 37.504 4.332 1.051 0.729 -1.527
22 92 1 26.508 21.512 37.561 4.317 1.182 0.58 -1.564
22 94 2 3.389 75.335 37.39 1.738 0.978 0.774 1.674
22 97 5 27.762 3.497 37.543 0.948 1.051 0.353 -1.57
22 99 4 26.825 57.892 37.672 1.863 0.467 1.52 -1.45
23 10 2 8.718 66.748 38.556 5.869 2.121 2.567 1.652
23 19 2 117.243 45.34 38.867 7.404 2.323 2.976 2.983
23 46 1 103.224 44.967 37.82 0.343 1.139 0.297 -0.244
23 51 3 34.092 36.953 38.193 0.98 1.025 1.178 -2.985
23 64 3 42.012 31.253 37.635 3.854 1.909 1.224 -2.617
23 71 1 22.902 46.828 37.888 3.188 0.81 1.21 -1.62
23 78 1 14.96 24.13 37.535 4.012 1.687 0.871 -0.883
23 81 5 24.584 33.968 37.841 0.914 0.385 1.086 -1.641
23 92 1 25.277 26.264 37.488 4.259 1.355 0.768 -1.589
23 94 2 3.237 75.605 37.531 4.148 1.158 1.084 1.615
23 97 5 27.382 5.538 37.403 3.61 0.491 0.733 -1.405
23 99 4 25.191 62.112 37.545 1.576 0.281 1.598 -1.411
23 101 1 7.286 62.964 37.27 2.02 0.596 0.795 1.636
24 10 2 8.964 65.599 38.395 5.986 2.337 2.952 1.648
24 19 2 123.302 45.79 38.747 10.006 2.596 2.631 3.004
24 46 1 107.812 45.658 37.653 0.318 0.967 0.295 3.001
24 51 3 33.985 37.581 38.195 1.046 1.004 1.157 -1.622
24 64 3 45.302 33.486 37.748 3.921 1.932 1.458 -2.786
24 81 5 22.682 40.153 37.9 2.365 0.436 0.797 -1.552
24 92 1 24.132 31.218 37.734 4.397 1.018 0.877 -1.543
24 94 2 3.594 74.716 37.555 4.137 1.022 1.085 1.648
24 97 5 25.383 9.787 37.52 1.049 0.357 0.428 -1.507
24 99 4 23.486 66.187 37.537 1.815 0.652 1.447 -1.62
24 101 1 7.834 61.446 37.311 3.592 0.417 0.803 1.648
25 10 2 9.388 64.38 38.34 5.969 2.58 3.069 1.673
25 46 1 112.444 45.891 37.809 0.235 1.042 0.402 2.997
25 51 3 33.816 38.113 38.074 1.003 0.835 1.378 -0.104
25 64 3 49.477 35.518 37.784 4.814 1.837 1.403 -2.954
25 81 5 19.997 46.074 37.777 3.258 1.665 1.35 -1.504
25 94 2 3.995 72.774 37.567 4.662 1.524 1.11 1.678
25 97 5 24.182 11.698 37.381 4.117 0.436 0.673 -1.214
25 99 4 22.069 70.047 37.47 0.675 0.419 1.406 -1.437
25 101 1 8.495 59.56 37.336 2.818 0.306 0.832 1.659
25 109 1 12.685 46.677 37.973 2.727 0.589 0.683 1.641
26 10 2 9.895 63.472 38.764 5.686 2.348 2.206 1.69
26 46 1 117.435 46.12 37.533 0.349 1.407 0.681 3.037
26 51 3 33.738 38.789 38.095 0.99 0.96 1.356 -1.496
26 64 3 53.593 37.05 38.095 4.359 1.624 0.653 -3.034
26 94 2 4.948 71.562 37.501 3.595 0.334 0.688 1.688
26 97 5 21.74 14.323 37.716 4.436 0.988 1.41 -1.12
26 101 1 9.388 57.065 37.186 1.941 0.167 0.712 1.698
26 109 1 13.441 44.265 37.856 3.161 0.616 1.004 1.653
26 113 4 92.307 71.581 37.779 0.924 0.502 1.4 -0.064
27 10 2 10.247 62.129 38.281 5.716 2.379 3.088 1.702
27 51 3 33.755 39.271 38.168 0.633 0.91 0.782 -1.442
27 64 3 58.981 38.819 37.73 4.06 1.772 1.493 -3.068
27 94 2 5.328 70.387 37.508 1.098 0.239 0.751 1.668
27 97 5 19.619 17.195 37.667 4.156 0.301 0.799 -1.04
27 109 1 14.85 39.692 38.126 2.032 0.53 0.601 1.703
27 113 4 90.362 71.061 37.713 0.918 0.62 1.476 0.021
28 10 2 10.715 61.457 38.371 6.034 2.351 3.111 1.718
28 51 3 33.412 40.183 38.607 0.446 0.52 0.247 3.011
28 64 3 63.877 40.111 37.753 4.156 1.768 1.469 -3.139
28 94 2 6.406 66.898 37.717 2.684 0.325 0.525 1.63
28 97 5 16.894 19.342 37.622 4.26 1.145 0.844 -1.027
28 109 1 15.2 36.947 37.859 4.102 1.58 1.268 1.649
28 113 4 88.292 70.661 37.62 0.839 0.402 1.237 -0.027
28 118 1 16.085 48.362 38.002 2.653 0.852 1.2 1.843
28 126 1 28.916 18.036 37.549 4.5 0.361 0.675 -1.603
29 10 2 11.033 60.801 38.334 5.762 2.438 3.102 1.754
29 51 3 33.427 40.729 38.498 0.992 0.762 0.065 -1.57
29 64 3 69.225 41.061 37.743 4.155 1.914 1.457 3.106
29 97 5 14.335 21.924 37.548 4.002 0.821 0.86 -1.001
29 109 1 16.301 34.018 38.22 2.608 0.641 0.636 1.581
29 113 4 86.756 70.288 37.683 1.785 0.621 1.187 0.034
29 118 1 16.131 47.681 37.79 3.915 1.651 1.644 1.816
29 126 1 27.986 22.248 37.427 4.332 0.368 0.605 -1.585
30 10 2 11.365 59.962 38.3 5.965 2.404 3.078 1.786
30 51 3 33.317 41.36 38.587 0.668 0.913 0.239 0.318
30 64 3 74.809 41.971 37.724 3.977 1.765 1.436 3.037
30 109 1 17.398 28.54 37.924 3.741 1.696 1.321 1.598
30 113 4 84.886 69.739 37.701 1.605 0.578 1.236 -0.014
30 118 1 16.537 46.981 37.772 3.481 1.596 1.661 1.776
30 126 1 26.751 26.581 37.525 4.533 0.997 0.791 -1.612
30 127 2 28.264 0.774 38.449 5.725 2.615 2.953 -1.634
31 10 2 11.684 59.366 38.38 6.025 2.431 3.042 1.833
31 51 3 32.96 42.044 38.529 0.795 0.651 0.417 0.052
31 64 3 80.119 42.545 37.71 2.924 1.673 1.432 3.014
31 109 1 18.588 23.777 37.997 3.166 1.56 1.356 1.606
31 113 4 82.888 69.123 37.675 1.571 0.665 1.089 -0.024
31 118 1 16.916 46.105 37.813 3.848 1.636 1.662 1.76
31 126 1 26.114 30.955 37.694 4.221 0.453 1.099 -1.572
31 127 2 27.968 2.07 38.554 8.492 2.744 2.978 -1.645
31 130 1 5.415 77.655 37.877 4.045 1.773 1.67 1.637
32 10 2 12.172 58.825 38.349 5.999 2.495 3.034 1.855
32 51 3 32.889 42.407 38.515 0.931 0.789 0.41 0.627
32 64 3 86.054 43.133 38.143 2.439 1.387 0.526 3.026
32 109 1 19.705 19.187 37.822 4.499 1.536 1.092 1.555
32 113 4 80.811 68.555 37.74 1.7 0.628 1.329 0
32 118 1 17.238 45.476 37.821 3.678 1.673 1.632 1.797
32 126 1 25.473 33.871 37.434 1.213 0.29 0.476 -1.698
32 127 2 27.811 3.032 38.735 11.842 2.726 3.318 -1.63
32 130 1 4.612 79.062 38.389 9.079 2.716 2.844 1.619
33 10 2 12.442 58.312 38.435 6.05 2.492 3.156 1.921
33 51 3 32.805 43.105 38.384 0.881 0.921 0.646 0
33 64 3 91.888 43.695 38.132 2.088 1.321 0.287 3.062
33 109 1 20.787 13.662 37.84 4.457 1.693 1.125 1.551
33 113 4 78.872 67.996 37.792 1.76 0.671 1.296 0.016
33 118 1 17.31 45.283 37.815 3.376 1.651 1.647 1.752
33 127 2 27.455 5.489 38.734 12.101 2.691 3.299 -1.574
33 130 1 5.636 76.62 38.451 5.767 1.992 2.85 1.657
33 141 5 30.713 8.254 37.413 4.228 1.416 0.468 -1.595
34 10 2 12.918 57.935 38.504 5.959 2.562 3.341 1.944
34 51 3 32.761 43.63 38.309 0.83 0.871 0.775 -0.032
34 64 3 97.885 44.252 38.064 2.45 1.359 0.551 3.011
34 113 4 77 67.45 37.795 1.793 0.598 1.378 0
34 118 1 17.593 44.746 38.253 2.504 1.593 0.801 1.824
34 127 2 26.764 7.979 38.616 11.967 2.73 3.216 -1.608
34 130 1 4.971 77.976 38.485 10.859 2.82 2.957 1.651
34 141 5 30.071 13.595 37.465 4.321 1.097 0.468 -1.627
35 10 2 13.26 57.611 38.487 5.929 2.55 3.274 1.997
35 51 3 32.406 44.181 38.542 0.556 0.842 0.246 0
35 64 3 103.032 44.649 37.965 0.669 1.421 0.534 3.048
35 113 4 75.191 66.847 37.814 2.033 0.637 1.419 0.033
35 118 1 17.954 44.117 38.373 2.158 1.521 0.574 1.913
35 127 2 26.103 10.452 38.613 11.816 3.005 3.242 -1.601
35 130 1 5.7 75.747 38.285 8.017 2.987 3.297 1.638
35 141 5 29.268 19.092 37.408 4.161 1.119 0.663 -1.689
36 10 2 13.538 57.304 38.469 5.868 2.42 3.144 2.061
36 51 3 32.518 44.818 38.468 0.996 0.777 0.41 -1.578
36 64 3 109.212 45.422 37.788 0.519 1.025 0.618 3.003
36 113 4 73.262 66.184 37.805 1.789 0.59 1.336 -0.01
36 118 1 18.259 43.662 38.356 2.096 1.585 0.587 2.022
36 127 2 25.587 12.879 38.673 11.81 2.714 3.337 -1.574
36 130 1 5.849 75.064 38.22 9.05 2.87 3.321 1.642
36 141 5 28.618 24.926 37.453 4.297 0.958 0.615 -1.677
37 10 2 13.832 57.091 38.656 5.75 2.558 2.841 2.079
37 51 3 32.373 45.333 38.526 0.715 0.847 0.24 -0.011
37 64 3 115.563 45.829 37.757 0.484 1.431 0.359 3.023
37 113 4 71.386 65.56 37.791 1.828 0.651 1.454 -0.016
37 118 1 18.467 43.216 38.389 2.28 1.546 0.561 1.93
37 127 2 25.011 15.284 38.64 11.983 2.82 3.267 -1.557
37 130 1 6.083 74.584 38.256 10.231 2.657 3.398 1.65
37 141 5 27.444 30.987 37.697 4.262 1.661 1.114 -1.648
37 152 1 19.102 58.248 37.36 4.22 1.7 0.949 -1.539
38 10 2 14.098 56.914 38.594 5.707 2.556 3.25 2.114
38 113 4 69.498 64.864 37.838 1.909 0.691 1.449 0
38 118 1 19.187 42.025 38.309 4.191 1.727 0.777 2.018
38 127 2 24.384 17.404 38.654 11.995 2.685 3.308 -1.523
38 130 1 6.137 74.28 38.287 10.893 2.678 3.178 1.651
38 141 5 27.387 35.346 37.51 0.597 0.252 0.424 1.899
38 152 1 17.961 62.882 37.344 4.232 1.314 1.172 -1.563
39 10 2 14.262 56.772 38.487 5.61 2.579 3.212 2.16
39 113 4 67.71 64.286 37.913 1.426 0.615 1.233 -0.049
39 118 1 19.346 42.172 38.649 1.691 0.88 0.11 2.019
39 127 2 23.761 19.292 38.68 12.161 2.749 3.296 -1.511
39 130 1 6.545 72.49 38.426 9.305 3.163 2.763 1.638
39 141 5 25.326 42.717 38.416 1.306 0.489 0.283 2.019
39 152 1 16.965 68.094 36.964 3.333 0.213 0.553 -1.53
40 10 2 14.535 56.614 38.541 5.633 2.523 3.178 2.198
40 113 4 65.47 63.732 38.405 0.596 0.684 0.63 0.004
40 118 1 20.405 40.862 38.331 3.769 1.743 0.789 2.226
40 127 2 23.217 20.998 38.582 11.946 2.812 3.132 -1.498
40 130 1 6.736 71.991 38.202 10.077 2.989 3.302 1.634
40 141 5 23.845 48.797 37.897 2.211 0.646 1.186 1.947
40 152 1 15.264 71.079 37.241 1.323 1.74 0.992 -1.445
40 162 5 31.883 47.213 38.504 0.536 0.642 0.212 0
41 10 2 14.91 56.342 38.954 5.476 2.491 2.222 2.292
41 118 1 21.439 40.143 38.104 3.927 1.748 1.295 2.267
41 127 2 22.692 22.423 38.718 12.087 2.904 3.337 -1.483
41 130 1 7.018 71.544 38.264 11.069 2.989 3.526 1.633
41 162 5 31.864 47.709 38.499 0.699 0.744 0.208 0.058
41 167 1 31.393 9.622 37.533 4.589 1.051 0.629 -1.565
42 10 2 15.687 56.03 38.489 5.844 2.5 3.238 2.377
42 113 4 61.511 63.092 37.943 0.921 0.586 1.303 0
42 118 1 23.043 39.331 38.15 3.863 1.879 1.258 2.412
42 127 2 22.273 23.645 38.748 11.982 2.698 3.276 -1.475
42 130 1 7.311 70.5 38.348 10.729 2.981 3.519 1.644
42 162 5 31.519 48.203 38.492 0.429 1.018 0.248 0.037
42 167 1 30.61 13.809 37.576 4.441 1.282 0.594 -1.682
42 175 1 5.95 64.57 37.894 1.892 1.467 0.738 1.634
43 10 2 16.543 55.762 38.504 5.986 2.566 3.157 2.54
43 113 4 59.898 62.775 38.318 0.583 0.692 0.516 0.016
43 118 1 24.65 38.837 38.041 2.753 1.842 1.148 2.612
43 127 2 21.937 24.654 38.76 11.968 2.762 3.396 -1.473
43 130 1 7.541 69.6 38.465 10.874 3.143 3.276 1.64
43 162 5 31.568 48.827 38.139 0.997 0.909 0.974 0.008
43 167 1 29.813 17.694 37.481 4.689 1.82 0.822 -1.658
43 175 1 6.884 62.323 37.574 4.253 1.9 1.452 1.648
44 10 2 17.715 55.637 38.465 5.949 2.614 3.197 2.726
44 113 4 58.104 62.473 37.902 1.467 0.679 1.339 0.021
44 118 1 27.216 38.315 38.409 2.538 1.375 0.51 2.672
44 127 2 21.549 25.486 38.727 12.075 2.765 3.3 -1.476
44 130 1 7.722 68.828 38.662 10.892 2.945 2.939 1.633
44 162 5 31.472 49.387 37.982 1.001 1.116 1.276 0.026
44 167 1 29.459 21.21 37.511 4.683 1.329 0.803 -1.658
44 175 1 7.79 59.409 37.648 3.79 1.737 1.403 1.618
45 10 2 19.862 55.743 38.5 3.974 2.564 2.908 2.93
45 113 4 56.511 62.127 37.844 1.762 0.657 1.418 -0.059
45 118 1 31.172 37.925 38.015 4.026 1.697 1.436 2.899
45 127 2 21.281 26.13 38.68 11.701 2.792 3.419 -1.466
45 130 1 8.14 67.859 38.677 10.878 2.989 2.946 1.655
45 162 5 31.398 49.971 38.132 0.77 1.073 0.946 0
45 167 1 29.143 24.574 37.558 4.74 0.906 0.739 -1.498
45 175 1 8.931 57.935 37.772 0.209 0.318 0.672 0.185
45 185 4 85.585 66.792 38.136 0.62 0.51 0.538 0
46 10 2 19.893 56.17 38.423 6.187 2.369 3.164 3.111
46 113 4 54.809 61.935 37.842 1.812 0.71 1.446 0.01
46 118 1 34.53 38.339 38.17 3.978 1.853 1.222 2.915
46 127 2 21.212 26.79 38.862 11.96 2.875 2.989 -1.46
46 130 1 8.5 66.777 38.354 11.065 3.168 3.476 1.642
46 162 5 31.414 50.599 38.459 0.66 0.562 0.229 0.01
46 167 1 28.222 27.657 37.569 4.628 1.056 0.717 -1.601
46 185 4 83.114 66.136 38.124 0.718 0.608 0.659 0.029
47 10 2 20.966 56.766 38.392 6.048 2.483 3.275 -2.992
47 113 4 53.299 61.686 37.86 1.779 0.65 1.449 -0
47 118 1 38.264 38.662 38.114 4.128 2.033 1.118 3.028
47 127 2 20.894 27.38 38.651 12.141 2.743 3.393 -1.472
47 130 1 8.92 65.523 38.465 11.041 3.134 3.558 1.638
47 185 4 80.84 65.378 38.119 0.595 0.529 0.77 0.001
47 192 5 5.604 77.623 37.226 3.74 1.691 0.39 1.694
48 10 2 21.945 57.488 38.411 6.083 2.323 3.089 -2.789
48 113 4 51.811 61.404 37.884 1.785 0.828 1.503 0.005
48 118 1 42.262 39.104 37.908 4.261 1.956 1.695 3.033
48 127 2 20.8 27.581 38.843 11.903 3.046 3.117 -1.474
48 130 1 9.976 65.317 38.591 9.558 0.688 3.194 1.646
48 185 4 78.444 64.641 38.09 0.691 0.577 0.923 -0.001
48 192 5 6.35 75.674 37.262 1.826 1.201 0.393 1.512
48 198 1 12.154 46.467 37.922 3.93 0.639 1.288 1.646
49 10 2 22.723 58.585 38.419 6.07 2.441 2.993 -2.567
49 113 4 50.42 61.057 37.844 1.759 0.602 1.395 -0.017
49 118 1 46.329 39.597 37.914 4.642 1.934 1.654 3.018
49 127 2 20.652 28.047 38.736 11.876 2.807 3.196 -1.449
49 130 1 10.265 64.885 38.745 5.206 0.779 2.932 1.739
49 185 4 76.027 63.949 38.107 0.8 0.704 0.987 0.007
49 192 5 6.198 75.373 37.445 3.853 1.462 0.763 1.762
49 198 1 12.821 43.703 38.164 2.984 0.633 0.883 1.629
50 10 2 23.346 59.678 38.372 5.731 2.287 3.08 -2.343
50 113 4 49.018 60.813 37.854 1.804 0.611 1.422 0.002
50 118 1 51.388 40.099 37.94 5.065 1.889 1.555 2.976
50 127 2 20.482 28.405 38.619 11.764 2.768 3.354 -1.457
50 130 1 10.144 61.644 38.557 10.791 3.157 3.117 1.676
50 185 4 73.654 63.302 38.182 0.799 0.608 0.77 -0.015
50 192 5 6.633 74.429 37.62 3.855 1.222 0.487 1.717
50 198 1 13.955 39.454 38.227 3.297 0.616 0.892 1.603
50 207 1 24.087 16.846 37.428 3.963 1.748 0.741 -1.468
51 10 2 23.82 60.866 38.366 5.283 1.991 2.901 -2.118
51 113 4 47.682 60.512 37.874 1.778 0.597 1.505 0.01
51 118 1 56.425 40.502 38.058 5.174 1.893 1.282 3.034
51 127 2 20.22 28.846 38.593 11.933 2.982 3.376 -1.448
51 130 1 11.808 57.136 38.491 4.533 3.066 3.199 1.68
51 185 4 71.226 62.738 38.156 0.884 0.687 0.767 -0.046
51 192 5 7.25 73.198 37.504 4.282 0.942 0.768 1.666
51 198 1 14.52 35.508 38.058 3.204 1.634 1.332 1.623
51 207 1 24.184 17.573 37.455 4.003 1.078 0.683 -1.476
51 210 1 12.008 46.967 37.68 3.54 0.713 1.266 1.666
52 10 2 23.761 62.784 38.318 5.929 2.363 2.835 -1.892
52 113 4 46.674 60.408 37.851 1.163 0.429 1.39 0.006
52 118 1 61.867 40.966 37.835 4.285 1.767 1.664 2.981
52 127 2 20.277 29.098 38.681 11.711 2.722 3.091 -1.437
52 130 1 11.647 57.8 38.444 9.037 2.999 3.252 1.67
52 185 4 68.787 62.083 37.896 1.425 0.662 1.359 0.005
52 192 5 7.993 73.017 37.302 4.781 1.264 1.116 1.674
52 207 1 24.046 18.151 37.45 3.938 0.861 0.591 -1.497
52 210 1 12.954 43.921 38.15 1.921 0.316 0.321 1.692
52 216 3 95.671 72.219 37.952 0.431 0.475 1.001 -3.116
52 218 4 32.912 13.27 37.968 1.299 0.572 1.21 -1.817
53 10 2 23.418 64.499 38.291 5.797 2.524 3.071 -1.715
53 113 4 44.992 60.073 37.914 1.244 0.608 1.494 0.008
53 118 1 67.043 41.333 37.86 4.377 1.991 1.688 3.015
53 127 2 20.107 29.519 38.617 11.721 2.637 3.206 -1.459
53 130 1 11.863 57.073 38.476 11.052 3.157 3.311 1.694
53 185 4 66.654 61.576 37.774 1.35 0.733 1.69 0.008
53 207 1 23.508 18.668 37.634 3.905 1.707 1.123 -1.476
53 210 1 14.371 39.114 38.134 1.544 0.374 0.613 1.687
53 216 3 93.623 71.732 37.684 1.166 0.582 0.986 0.022
53 218 4 32.741 14.949 38.006 1.368 0.461 1.231 -1.812
53 220 1 45.847 30.936 37.272 0.093 0.106 0.485 0
54 10 2 22.984 66.387 38.31 5.767 2.533 2.94 -1.582
54 113 4 44.056 60.047 37.947 1.812 0.7 1.532 0
54 118 1 72.418 41.84 37.834 4.227 1.828 1.638 3.015
54 127 2 19.943 29.886 38.662 12.014 2.727 3.33 -1.454
54 185 4 64.004 60.851 38.456 0.259 0.137 0.18 -0.102
54 207 1 23.65 19.287 37.476 3.943 0.959 0.641 -1.491
54 210 1 15.335 35.766 37.858 2.519 0.451 1.27 1.646
54 216 3 91.877 71.328 37.907 1.324 0.572 1.219 0.008
54 218 4 32.394 16.911 38.025 1.107 0.526 1.187 -1.549
54 220 1 45.855 30.929 37.339 0.104 0.035 0.359 2.923
54 223 2 12.669 55.476 38.818 11.055 3.152 2.736 1.713
54 224 1 20.165 57.011 37.557 2.275 0.484 1.051 -1.581
54 226 1 19.039 21.227 37.703 1.283 0.751 0.754 1.75
54 227 4 99.905 72.996 37.865 0.642 0.475 1.146 -0.02
55 10 2 22.392 68.428 38.008 5.849 2.354 2.59 -1.516
55 113 4 43.138 60.199 37.881 1.36 0.67 1.398 -0.025
55 118 1 77.852 42.234 37.834 4.046 1.959 1.613 2.988
55 127 2 19.8 30.263 38.628 12.002 2.696 3.191 1.686
55 185 4 61.582 60.163 38.566 0.122 0.165 0.085 -1.614
55 207 1 23.515 19.812 37.685 3.903 0.96 1.037 1.686
55 216 3 90.18 70.907 37.84 0.637 0.487 1.368 -0.073
55 218 4 32.118 18.516 37.912 0.419 0.71 1.402 -0.141
55 220 1 44.509 30.217 37.251 0.056 0.121 0.351 -2.605
55 223 2 13.489 53.842 38.581 11.023 3.06 3.084 1.768
55 224 1 18.765 60.726 37.676 3.273 1.109 1.195 -1.461
55 226 1 19.218 18.98 38.006 3.191 1.697 1.427 1.639
55 227 4 96.532 72.427 37.938 0.833 0.411 1.019 0.094
55 231 2 1.226 68.822 38.469 4.908 2.841 2.147 1.686
55 232 5 34.386 55.216 38.235 0.601 0.633 0.348 -0.089
56 10 2 21.894 69.915 38.295 4.456 2.432 2.985 -1.477
56 113 4 42.116 60.308 37.864 1.209 0.697 1.285 -0.381
56 118 1 82.937 42.67 38.086 2.94 1.636 1.114 3.007
56 127 2 19.669 30.617 38.6 11.959 2.816 3.362 1.673
56 185 4 59.25 59.471 38.475 0.165 0.206 0.23 0.025
56 207 1 22.989 20.075 37.625 4.069 1.715 1.128 1.686
56 216 3 88.304 70.376 37.784 0.948 0.608 0.978 0.057
56 218 4 31.742 20.314 37.903 1.111 0.491 1.392 -1.492
56 220 1 44.516 30.188 37.248 0.111 0.174 0.359 -0.016
56 223 2 14.342 51.892 38.732 11.456 3.345 2.924 1.847
56 224 1 17.571 65.886 37.056 3.42 0.293 0.529 -1.448
56 226 1 20.894 13.608 38.015 3.774 1.392 1.523 1.638
56 227 4 93.812 71.719 37.861 1.421 0.756 1.273 0
56 231 2 1.529 69.157 38.535 11.691 2 2.844 1.644
56 232 5 34.948 55.422 37.797 0.644 0.995 1.324 -0.047
57 10 2 20.969 72.374 38.434 4.583 2.546 2.865 -1.411
57 118 1 88.561 43.198 38.243 2.816 1.462 0.625 3.003
57 127 2 19.577 30.895 38.633 12.11 2.746 3.111 -1.446
57 185 4 56.82 58.75 37.879 1.344 0.836 1.532 -0.012
57 207 1 23.119 20.596 37.646 4.034 1.112 1.093 -1.497
57 216 3 86.421 69.871 37.843 1.261 0.673 1.457 0.031
57 218 4 31.395 21.903 37.93 1.485 0.538 1.328 -1.555
57 220 1 44.5 30.205 37.25 0.058 0.153 0.363 3.062
57 223 2 15.578 50.535 38.704 11.402 3.193 3.003 1.916
57 224 1 15.482 70.032 37.193 3.882 1.611 0.734 -1.489
57 226 1 22.134 9.269 37.853 4.059 1.079 1.177 1.591
57 227 4 91.004 70.993 37.705 1.332 0.647 1.045 0.003
57 231 2 2.234 65.968 38.531 11.944 2.685 2.97 1.638
57 232 5 35.558 55.49 37.688 0.535 0.516 1.571 -0.025
57 236 1 19.562 21.562 37.851 3.115 0.469 1.015 1.591
58 10 2 20.674 73.385 38.688 2.035 2.226 2.275 -1.485
58 118 1 94.49 43.647 38.159 3.459 1.585 0.61 3.027
58 127 2 19.549 31.083 38.71 11.809 2.784 3.269 -1.447
58 185 4 54.77 58.02 37.805 1.855 0.784 1.643 0.121
58 207 1 23.1 21.028 37.67 3.983 1.055 1.06 -1.443
58 216 3 84.581 69.496 37.827 1.208 0.681 1.532 -0
58 218 4 30.997 23.433 37.919 1.372 0.506 1.335 -1.469
58 220 1 44.526 30.19 37.255 0.169 0.181 0.359 2.997
58 223 2 16.973 48.906 38.614 11.376 3.135 3.138 1.978
58 226 1 22.995 4.349 37.829 4.018 1.554 1.331 1.578
58 227 4 88.839 70.26 37.786 0.887 0.403 0.995 -0.009
58 231 2 3.222 62.682 38.593 11.759 2.654 2.88 1.64
58 232 5 35.976 56.086 37.735 0.715 0.975 1.487 -0.101
58 236 1 21.412 15.276 37.888 1.648 0.467 1.075 1.648
58 239 4 39.724 60.911 37.793 1.693 0.742 1.385 -0.434
58 240 4 30.075 4.125 37.713 1.357 0.506 1.196 -1.607
59 10 2 20.284 75.007 38.103 0.319 0.249 1.37 -0.002
59 118 1 100.063 44.149 38.114 3.53 1.544 0.814 3.041
59 127 2 19.199 31.351 38.601 11.855 3.073 3.227 -1.458
59 185 4 52.756 57.288 38.078 1.078 0.61 1.047 0.012
59 207 1 22.597 21.133 37.64 4.324 1.733 1.097 -1.495
59 216 3 82.93 69.143 37.848 0.918 0.668 1.048 0.03
59 218 4 30.603 24.614 38.065 1.756 0.568 1.562 -1.472
59 220 1 43.411 29.418 37.361 0.114 0.098 0.38 0.318
59 223 2 18.332 47.073 38.549 11.204 3.674 3.215 2.08
59 227 4 86.181 69.694 37.851 1.399 0.778 1.411 -0.01
59 231 2 4.447 59.767 38.411 11.379 2.22 3.167 1.626
59 232 5 36.539 56.422 37.756 0.846 1.049 1.45 -0.396
59 236 1 21.868 11.705 37.729 4.326 1.332 1.429 1.563
59 239 4 38.687 61.225 37.797 1.614 0.679 1.247 -0.36
59 240 4 29.532 6.093 37.717 1.521 0.437 1.163 -1.467
59 242 1 16.029 20.687 37.731 2.576 0.344 1.036 1.612
60 118 1 105.217 44.622 37.994 2.801 1.61 0.883 2.997
60 127 2 19.359 31.604 38.627 11.751 2.707 3.137 -1.458
60 185 4 50.491 56.594 38.315 0.679 0.479 0.65 -0.006
60 207 1 22.376 21.804 37.599 3.497 1.816 1.161 -1.467
60 216 3 81.295 68.767 37.863 1.375 0.622 1.538 0.007
60 218 4 30.262 25.711 38.048 1.573 0.557 1.566 -1.429
60 220 1 42.311 28.372 37.269 0.067 0.137 0.434 -0
60 223 2 20.266 45.929 38.602 11.394 3.049 3.116 2.145
60 227 4 83.962 69.091 37.857 1.773 0.755 1.507 0.015
60 231 2 5.174 56.167 38.814 12.113 3.005 2.38 1.622
60 232 5 37.146 56.566 37.779 0.696 0.45 1.438 0.209
60 236 1 22.777 6.729 37.865 4.34 1.503 1.21 1.593
60 239 4 37.594 61.455 37.787 1.51 0.743 1.294 -0.549
60 240 4 29.118 7.766 37.724 1.499 0.604 1.137 -1.484
60 242 1 15.876 18.736 37.725 1.554 1.633 1.142 1.593
61 118 1 110.666 45.393 37.909 2.675 1.142 0.909 3.007
61 127 2 19.285 31.786 38.622 11.835 2.651 3.164 -1.461
61 185 4 48.234 56.091 38.227 0.938 0.577 0.847 0.015
61 207 1 22.33 22.003 37.651 3.714 1.714 1.073 -1.47
61 216 3 79.29 68.343 37.991 1.174 0.7 1.317 0
61 218 4 29.92 26.762 38.036 1.501 0.637 1.579 -1.591
61 220 1 40.174 26.172 37.278 0.087 0.102 0.446 2.951
61 223 2 22.141 44.404 38.732 11.258 3.26 3.127 2.239
61 227 4 81.844 68.458 37.765 1.651 0.683 1.3 -0.066
61 231 2 6.296 53.255 38.793 11.671 2.032 2.722 1.613
61 232 5 37.79 56.926 37.747 0.837 0.548 1.537 -0.095
61 239 4 36.594 61.719 37.753 1.323 0.661 1.307 -0.137
61 240 4 28.702 9.177 37.744 1.441 0.584 1.111 -1.431
61 242 1 18.062 13.427 37.788 3.059 0.45 1.165 1.617
62 118 1 116.755 45.822 37.881 3.702 1.534 0.782 3.05
62 127 2 19.67 30.85 38.616 9.092 2.686 3.141 -1.438
62 185 4 46.01 55.696 37.992 1.445 0.606 1.318 0.014
62 207 1 22.342 21.943 37.636 4.291 1.834 1.065 -1.505
62 216 3 77.516 67.879 37.91 1.276 0.61 1.52 0
62 218 4 29.589 27.939 38.038 1.708 0.635 1.512 -1.485
62 223 2 24.194 43.325 38.857 11.011 3.045 2.521 2.315
62 227 4 79.524 67.733 37.96 1.734 0.699 1.421 0.03
62 231 2 6.883 50.306 38.538 11.076 2.563 3.102 1.624
62 232 5 38.45 57.24 37.779 0.367 0.467 1.473 -0.176
62 239 4 35.564 61.671 37.719 1.264 0.492 1.313 -0.046
62 240 4 28.27 10.604 37.845 1.318 0.61 1.394 -1.561
62 242 1 18.476 9.754 37.767 4.031 1.455 1.199 1.605
62 244 5 16.63 22.361 37.62 0.827 0.3 0.771 1.62
63 127 2 20.335 30.01 38.691 6.679 1.864 3.08 -1.455
63 185 4 43.983 55.512 37.839 1.744 0.627 1.671 -0
63 207 1 22.855 22.247 37.675 4.21 0.558 1.015 -1.538
63 216 3 76.122 67.471 37.812 1.602 0.613 1.394 0.007
63 218 4 29.285 29.005 38.03 1.69 0.58 1.519 -1.554
63 223 2 26.368 42.06 38.917 10.929 3.111 2.391 2.426
63 227 4 76.929 66.748 37.926 1.366 0.665 1.187 0.007
63 231 2 7.586 47.632 38.946 10.076 2.503 2.275 1.618
63 232 5 38.935 57.499 38.183 0.576 0.514 0.967 -0.158
63 239 4 34.519 61.537 37.69 1.165 0.48 1.335 0.006
63 240 4 27.906 11.971 37.878 1.238 0.667 1.331 -1.582
63 244 5 16.771 20.72 37.764 2.392 1.1 1.076 1.679
64 127 2 21.451 29.142 38.567 3.883 0.41 2.815 -1.431
64 185 4 42 55.485 37.798 1.287 0.653 1.653 -0.264
64 207 1 22.892 22.297 37.658 3.605 0.409 1.053 -1.494
64 216 3 74.446 67.095 37.839 1.493 0.63 1.404 -0.027
64 218 4 28.939 29.974 38.011 1.732 0.631 1.529 -1.573
64 223 2 28.805 41.157 38.685 10.954 3.128 2.497 2.523
64 227 4 74.31 65.808 37.829 1.879 0.734 1.474 0.022
64 231 2 8.94 45.006 38.615 9.634 1.518 3.074 1.604
64 232 5 39.589 57.761 37.979 0.34 0.447 1.381 0.044
64 240 4 27.519 13.574 37.87 1.33 0.598 1.333 -1.474
64 244 5 19.233 14.762 37.821 3.389 0.52 1.117 1.638
65 127 2 21.932 27.957 38.301 0.868 0.252 1.71 -1.476
65 185 4 39.909 55.61 37.788 1.472 0.671 1.554 -0.244
65 207 1 22.745 22.811 37.655 3.817 0.383 1.008 -1.437
65 216 3 72.523 66.707 37.832 1.007 0.451 1.445 -0.027
65 218 4 28.6 30.987 38.008 1.752 0.58 1.477 -1.418
65 223 2 31.457 40.483 38.734 10.962 3.015 2.642 2.619
65 227 4 71.273 65.004 37.865 2.036 0.806 1.54 0.075
65 231 2 9.707 42.335 38.673 8.876 1.313 2.954 1.598
65 232 5 40.162 58.148 37.908 0.706 0.967 1.522 -0.174
65 240 4 27.061 15.161 37.853 1.283 0.689 1.297 -1.418
65 244 5 19.985 10.815 37.788 3.964 1.395 1.189 1.667
66 185 4 37.879 55.982 37.733 1.517 0.684 1.556 -0.467
66 207 1 22.692 22.769 37.452 3.463 0.411 0.626 -1.447
66 216 3 71.165 66.198 37.851 1.7 0.634 1.497 0.039
66 223 2 34.314 40.04 38.714 11.001 3.056 2.619 2.694
66 227 4 68.109 64.243 37.891 1.515 0.689 1.589 0.009
66 231 2 9.748 39.747 38.901 7.467 2.714 2.497 1.601
66 232 5 40.794 58.157 37.837 0.544 0.478 1.466 -3.111
66 240 4 26.762 16.579 37.858 1.45 0.638 1.286 -1.494
66 244 5 21.44 5.625 37.813 4.627 1.478 1.229 1.637
66 253 2 17.208 38.012 38.958 0.711 2.223 2.176 -1.462
67 185 4 35.833 56.92 37.684 1.379 0.676 1.548 -0.6
67 216 3 69.659 65.545 37.873 1.665 0.634 1.505 0.211
67 223 2 37.262 39.632 38.639 11.26 3.117 2.712 2.79
67 227 4 64.88 63.634 38.437 0.97 0.629 0.521 0.08
67 231 2 10.431 38.477 39.054 4.244 1.894 2.313 1.572
67 232 5 41.536 58.325 37.872 0.312 0.505 1.401 2.999
67 240 4 26.385 18.047 37.87 1.366 0.553 1.263 -1.568
67 253 2 17.46 36.816 38.774 3.425 2.623 2.606 -1.466
67 257 1 11.362 47.663 38.102 1.937 0.662 0.881 1.71
67 258 1 1.568 66.799 37.484 3.401 1.723 0.785 1.628
68 185 4 34.692 57.832 37.751 1.185 0.478 1.649 -1.008
68 216 3 67.992 64.791 38.114 1.038 0.728 1.01 0.068
68 223 2 40.655 39.53 38.472 10.972 3.099 2.933 2.889
68 227 4 61.565 63.075 38.476 0.839 0.58 0.516 -0.07
68 231 2 11.117 37.15 38.953 1.266 1.257 2.419 1.626
68 232 5 42.044 58.473 37.943 0.656 0.471 1.511 -3.045
68 253 2 17.979 35.335 38.987 6.695 2.704 2.806 -1.459
68 257 1 12.103 45.454 37.799 3.061 0.466 1.538 1.563
68 258 1 2.867 62.703 37.333 3.416 1.765 1.238 1.676
69 185 4 33.281 59.093 37.929 0.575 0.683 1.206 -0.448
69 216 3 66.612 64.208 38.349 0.677 0.624 0.682 0.012
69 223 2 44.076 39.656 38.46 11.011 3.11 2.839 2.957
69 227 4 58.284 62.673 37.959 1.863 0.857 1.558 -0.065
69 232 5 42.645 58.834 38.074 0.719 0.911 1.26 3.079
69 253 2 18.486 33.977 38.695 10.007 2.728 3.355 -1.455
69 257 1 12.939 42.075 38.287 2.516 0.326 0.65 1.523
69 258 1 4.451 59.493 37.413 4.488 0.555 1.2 1.6
70 216 3 65.119 63.686 38.452 0.421 0.624 0.526 0.116
70 223 2 47.541 39.998 38.46 11.026 3.163 2.768 2.975
70 227 4 55.577 62.277 37.903 1.853 0.798 1.552 -0.032
70 232 5 43.343 59.049 38.002 0.682 0.94 1.596 -3.066
70 253 2 18.66 33.371 38.81 11.865 2.697 3.502 1.692
70 257 1 13.946 38.758 38.351 1.635 0.421 0.641 1.663
70 258 1 5.198 57.18 37.467 2.332 0.317 1.184 1.642
70 263 2 14.081 23.939 38.796 6.711 2.444 3.495 1.584
70 264 5 30.854 43.052 38.157 2.625 1.03 0.639 2.812
71 216 3 63.625 63.241 38.518 0.282 0.297 0.335 -0.002
71 223 2 51.254 40.19 38.462 11.024 3.197 2.632 2.992
71 227 4 52.98 61.94 37.797 1.865 0.67 1.326 -0.021
71 232 5 43.872 58.954 38.01 0.674 0.58 1.485 3.002
71 253 2 18.658 33.452 38.632 11.898 2.635 3.453 1.687
71 258 1 11.892 46.668 37.669 3.357 0.643 1.262 1.663
71 263 2 15.438 20.676 38.781 6.215 1.302 2.878 1.594
71 264 5 32.689 42.611 38.217 1.966 0.833 0.613 2.362
72 223 2 55.142 40.528 38.431 11.092 3.275 2.661 2.998
72 227 4 50.653 61.688 37.915 1.882 0.785 1.525 -0.003
72 232 5 44.492 59.07 38.02 0.657 0.48 1.426 -3.066
72 253 2 18.629 33.431 38.663 11.832 2.794 3.471 -1.456
72 258 1 12.7 43.314 38.17 1.842 0.507 0.375 1.604
72 263 2 15.403 19.219 38.755 9.099 2.436 3.136 1.557
72 264 5 37.44 41.147 38.085 2.162 1.476 0.823 2.814
72 269 5 26.964 42.68 38.469 1.619 1.452 0.356 2.5
72 270 1 20.948 17.382 37.832 3.736 0.472 1.109 1.597
72 271 3 62.007 63.064 38.455 0.313 0.575 0.476 -0.058
72 274 5 26.409 37.355 38.486 0.321 0.217 0.269 2.5
73 223 2 59.441 40.907 38.378 11.795 3.326 2.712 3.008
73 227 4 48.546 61.367 37.918 1.835 0.664 1.541 0.009
73 232 5 45.204 59.173 37.971 0.578 0.573 1.547 -1.493
73 253 2 18.654 33.472 39.053 11.771 2.672 2.623 -1.465
73 258 1 13.93 39.37 38.103 2.269 0.539 0.65 1.663
73 263 2 15.774 17.267 38.705 11.564 2.408 3.397 1.58
73 264 5 39.981 41.125 37.926 3.911 1.808 1.298 2.79
73 269 5 30.87 41.387 38.271 3.382 1.435 1.176 2.791
73 270 1 21.396 14.173 37.707 4.258 1.255 1.429 1.574
73 271 3 60.286 62.831 38.413 0.688 0.613 0.486 -0.049
73 274 5 26.132 38.419 38.587 0.343 0.324 0.498 -1.458
73 275 5 17.98 25.278 37.801 0.96 0.317 0.49 1.709
74 223 2 63.539 41.493 38.36 11.848 3.028 2.747 2.997
74 227 4 46.585 61.108 37.941 1.823 0.69 1.596 -0.003
74 232 5 45.706 59.353 37.905 0.677 0.485 1.489 3.017
74 253 2 18.664 33.512 38.763 11.869 2.698 3.295 -1.46
74 263 2 16.466 14.399 38.698 12.284 2.459 3.276 1.595
74 264 5 43.178 40.863 37.778 4.494 2.019 1.437 2.883
74 269 5 34.203 40.451 38.283 3.696 1.015 1.245 2.599
74 270 1 22.261 10.775 37.856 4.205 1.096 1.167 1.6
74 271 3 58.533 62.651 38.058 1.21 0.708 1.161 -0.05
74 274 5 25.896 39.688 38.463 0.78 0.551 0.696 -1.354
74 275 5 18.156 23.791 38.085 3.303 1.032 1.119 1.6
75 223 2 67.731 41.789 38.415 12.137 3.049 2.904 2.988
75 227 4 45.025 60.762 37.788 1.29 0.524 1.212 0.075
75 232 5 46.466 59.532 37.913 0.333 0.509 1.459 3.079
75 253 2 18.646 33.491 38.944 11.848 2.689 2.909 -1.459
75 263 2 17.218 11.343 38.558 11.529 2.542 3.17 1.592
75 264 5 46.773 40.857 37.772 4.578 1.91 1.481 2.917
75 269 5 37.327 40.337 38.221 3.745 1.783 1.18 2.768
75 270 1 22.862 7.13 37.852 4.211 1.274 1.206 1.534
75 271 3 57.115 62.548 37.909 1.621 0.694 1.534 -0.133
75 274 5 25.794 40.82 38.197 0.624 0.553 1.19 1.488
75 275 5 19.451 19.732 37.974 3.67 0.307 1.443 1.716
76 223 2 72.592 42.156 38.49 11.092 2.912 3.05 2.986
76 227 4 43.039 60.383 37.969 1.88 0.607 1.605 0.021
76 232 5 46.876 59.783 38.32 0.793 0.552 1.079 0.006
76 253 2 18.627 33.574 38.65 11.723 2.679 3.41 -1.47
76 264 5 50.414 41.014 37.818 4.375 1.809 1.418 2.924
76 269 5 40.809 40.294 38.097 4.427 1.958 1.548 2.766
76 271 3 55.606 62.409 37.895 1.705 0.803 1.55 -0.05
76 274 5 25.709 42.257 38.441 0.31 0.539 0.675 0.134
76 275 5 19.818 16.463 37.975 4.238 1.771 1.524 1.616
77 223 2 77.13 42.517 38.617 11.128 2.938 3.118 2.982
77 227 4 41.287 60.067 37.936 1.764 0.561 1.582 -0.006
77 253 2 18.606 33.671 38.724 11.839 2.682 3.373 -1.455
77 264 5 53.619 41.056 38.165 2.758 1.664 0.598 2.978
77 269 5 44.491 40.213 37.924 4.376 1.761 1.742 2.911
77 271 3 54.197 62.204 37.916 1.665 0.803 1.611 -0.083
77 274 5 25.527 43.323 38.503 0.39 0.323 0.455 1.234
77 275 5 21.025 13.198 37.853 4.271 1.233 1.134 1.605
77 289 1 17.566 24.726 37.775 2.561 1.736 1.03 1.668
77 294 3 47.479 60.066 38.099 0.669 0.902 1.463 3.008
77 297 2 29.699 0 38.128 2.733 2.284 2.371 -1.59
78 223 2 81.759 42.871 38.871 11.366 2.762 2.781 2.998
78 227 4 40.098 59.861 37.855 1.135 0.566 1.558 0.1
78 253 2 18.513 34.024 38.792 11.83 2.74 3.07 -1.48
78 264 5 58.712 41.571 37.718 4.159 1.241 1.409 3.008
78 269 5 48.204 40.343 37.926 4.264 1.896 1.696 2.961
78 271 3 52.866 61.909 37.789 1.742 0.502 1.315 -0.11
78 275 5 22.321 9.743 38.225 3.092 0.24 0.331 1.662
78 289 1 18.05 22.732 38.122 0.903 1.296 0.303 1.662
78 294 3 48.175 60.212 37.94 0.682 0.916 1.601 2.805
78 297 2 29.556 1.309 38.153 4.637 1.949 2.26 -1.644
78 299 4 25.185 21.367 37.832 1.311 0.41 1.171 -1.48
79 223 2 86.728 43.248 39.028 11.552 2.876 2.856 2.997
79 227 4 38.203 59.406 37.803 1.648 0.577 1.574 -0.144
79 253 2 18.252 34.55 38.767 11.641 2.706 3.084 -1.437
79 264 5 62.722 41.663 37.737 4.94 1.491 1.455 2.959
79 269 5 51.811 40.606 37.946 3.952 1.853 1.58 2.936
79 271 3 51.555 61.781 37.879 1.638 0.517 1.505 -0.195
79 275 5 22.657 6.1 37.875 4.131 1.649 1.178 1.528
79 289 1 19.748 17.244 37.834 3.188 1.571 1.084 1.616
79 294 3 48.861 60.168 37.813 0.609 0.593 1.389 2.575
79 297 2 29.553 2.066 38.471 6.319 1.944 1.631 -1.688
79 299 4 25.171 21.307 37.854 1.336 0.528 1.211 -1.474
79 302 1 13.967 24.705 37.528 1.174 1.736 0.833 1.519
80 223 2 91.341 43.639 39.185 11.122 2.868 2.681 2.998
80 227 4 37.421 59.218 37.804 1.143 0.544 1.577 0.085
80 253 2 17.838 35.302 38.68 11.788 2.667 3.349 -1.411
80 264 5 67.622 41.797 37.74 4.609 1.994 1.41 2.979
80 269 5 55.566 40.725 38.416 3.602 1.794 0.8 3.023
80 271 3 50.346 61.621 37.914 1.556 0.602 1.576 -0.055
80 289 1 21.209 14.127 37.799 3.859 0.402 1.198 1.634
80 294 3 49.728 60.253 37.893 0.518 0.642 1.55 3.023
80 297 2 29.384 3.152 38.134 7.003 2.057 2.263 -1.687
80 299 4 25.215 21.351 37.84 1.506 0.52 1.225 -1.463
80 302 1 14.334 23.297 37.662 4.131 1.881 1.126 1.648
80 307 5 17.473 28.133 37.429 0.67 0.248 0.275 1.574
81 223 2 95.88 43.857 39.058 10.582 2.669 2.745 2.992
81 227 4 36.389 58.734 37.688 0.916 0.315 1.475 -2.644
81 253 2 17.334 36.326 38.899 12.44 2.773 2.935 -1.38
81 264 5 71.947 42.187 37.735 4.555 1.688 1.422 2.973
81 269 5 59.705 40.958 37.905 4.09 1.824 1.694 3.001
81 271 3 49.175 61.341 37.786 1.439 0.403 1.325 -0.011
81 289 1 21.776 10.381 37.829 3.767 1.247 1.188 1.568
81 294 3 50.241 60.437 37.913 0.839 0.905 1.598 -3.116
81 297 2 29.301 4.311 38.111 7.108 2.257 2.287 -1.654
81 299 4 25.172 21.412 37.821 1.573 0.404 1.263 -1.311
81 302 1 15.204 21.413 38.051 0.966 0.694 0.346 -1.665
81 307 5 17.262 27.524 37.628 1.266 1.225 0.761 1.517
82 223 2 101.126 44.358 39.041 11.075 3.085 3.059 2.999
82 227 4 35.201 58.167 37.66 1.647 0.658 1.493 0.175
82 253 2 16.72 36.87 38.852 11.705 2.873 2.91 -1.319
82 264 5 76.351 42.363 37.737 4.36 1.836 1.368 2.984
82 269 5 63.916 41.215 37.917 4.69 1.841 1.745 2.943
82 271 3 47.942 61.008 37.916 1.738 0.528 1.491 -0.015
82 289 1 22.829 6.393 37.846 3.771 1.097 1.211 1.551
82 294 3 50.936 60.434 37.853 0.727 0.593 1.444 3.019
82 297 2 28.97 5.519 38.295 6.912 2.169 2.531 -1.586
82 299 4 24.845 21.67 37.84 1.43 0.631 1.212 -1.517
82 302 1 16.763 16.758 37.881 3.378 0.517 0.834 1.581
82 307 5 15.162 27.985 37.869 2.172 0.496 1.358 1.596
83 223 2 106.119 44.849 38.997 11.131 2.879 2.884 3.008
83 227 4 34.495 57.775 37.674 1.433 0.434 1.447 0.264
83 253 2 16.106 37.741 38.867 11.781 2.612 2.828 -1.234
83 264 5 80.228 42.698 37.865 3.075 1.792 1.098 2.95
83 269 5 68.102 41.486 37.892 4.786 1.753 1.776 2.977
83 271 3 46.818 60.745 37.907 1.74 0.51 1.569 -0.062
83 294 3 51.661 60.569 37.842 0.673 0.556 1.51 2.973
83 297 2 28.598 6.277 38.301 7.123 2.037 2.509 -1.515
83 299 4 24.322 22.355 37.823 1.477 0.516 1.241 -1.241
83 302 1 17.726 12.787 37.748 3.922 0.393 1.203 1.61
83 307 5 15.363 26.294 37.714 2.07 1.008 0.985 1.667
84 223 2 111.213 45.213 38.867 11.262 2.806 2.751 3.005
84 227 4 33.8 57.514 37.65 1.521 0.803 1.474 -0.002
84 253 2 15.235 38.62 38.854 11.903 2.62 3.122 -1.133
84 264 5 84.842 42.914 38.022 3.003 1.581 0.584 3.005
84 269 5 72.843 41.819 37.86 4.005 1.98 1.689 2.977
84 271 3 45.773 60.472 37.964 1.536 0.5 1.464 -0.036
84 294 3 52.301 60.82 37.864 0.886 0.608 1.499 3.059
84 297 2 28.121 6.82 38.27 7.145 2.279 2.554 -1.418
84 299 4 23.776 23.092 37.82 1.501 0.433 1.229 -1.088
84 307 5 17.396 20.937 37.768 3.511 0.419 1.096 1.707
85 223 2 114.114 45.494 38.838 6.945 2.438 2.859 2.984
85 227 4 33.166 57.17 37.68 1.49 0.598 1.388 0.298
85 253 2 14.319 39.42 38.751 11.982 2.697 3.193 -1.028
85 264 5 89.284 43.172 38.107 2.047 1.352 0.456 2.983
85 269 5 76.802 42.078 37.891 3.166 1.807 1.726 3.011
85 271 3 44.322 60.161 37.959 1.285 0.587 1.478 -0.008
85 294 3 52.916 60.927 37.841 0.828 0.478 1.416 3.141
85 297 2 27.885 7.269 38.295 7.022 2.056 2.476 -1.322
85 299 4 22.809 24.011 37.802 1.543 0.58 1.207 -1.107
85 307 5 18.3 17.436 37.773 3.428 0.334 1.082 1.595
85 317 4 23.014 55.856 37.778 1.101 0.324 1.595 -1.548
86 223 2 121.33 46.297 38.743 11.247 2.63 3.184 3.049
86 227 4 32.797 57.07 37.653 1.344 0.745 1.434 0.125
86 253 2 13.107 40.176 38.802 11.836 2.982 3.117 -0.911
86 264 5 93.58 43.488 38.071 0.577 1.323 0.251 2.995
86 269 5 80.964 42.351 37.991 2.929 1.66 1.353 2.992
86 271 3 43.376 60.178 37.935 1.43 0.634 1.509 -0.083
86 294 3 53.459 61.272 37.935 0.769 0.973 1.573 3.027
86 297 2 27.557 7.495 38.311 7.115 2.235 2.437 -1.255
86 299 4 21.924 25.012 37.781 1.397 0.679 1.218 -1.059
86 307 5 18.796 13.447 37.764 4.54 1.311 1.234 1.588
86 317 4 22.842 56.97 37.769 1.39 0.574 1.592 -1.702
87 227 4 32.341 56.825 37.675 1.535 0.595 1.398 0.301
87 253 2 11.718 40.794 38.981 11.81 2.831 2.646 -0.783
87 264 5 98.828 44.238 37.892 3.075 0.999 0.362 3.038
87 269 5 84.458 42.48 38.127 0.932 1.612 0.908 3.038
87 271 3 42.03 60.125 37.91 1.712 0.572 1.523 -0.176
87 294 3 54.202 61.278 37.858 0.753 0.538 1.431 3.139
87 297 2 27.365 7.79 38.348 7.073 2.295 2.385 -1.174
87 299 4 20.966 26.274 37.767 1.556 0.471 1.224 -1.045
87 317 4 22.568 59.067 37.735 1.414 0.607 1.628 -1.569
88 227 4 32.002 56.693 37.659 1.553 0.527 1.399 0.324
88 253 2 10.139 41.262 38.895 11.746 3.013 2.739 -0.647
88 264 5 102.726 44.313 37.938 1.451 1.574 0.565 3.016
88 269 5 89.193 42.942 38.291 1.818 1.262 0.748 2.972
88 271 3 40.795 60.148 37.91 1.413 0.734 1.572 -0.45
88 294 3 54.837 61.497 37.852 0.754 0.677 1.464 2.613
88 297 2 27.04 7.933 38.33 7.145 2.406 2.429 -1.134
88 299 4 19.79 27.365 37.865 1.571 0.377 1.57 -1.068
88 317 4 22.417 60.189 37.712 0.345 0.971 1.62 2.779
89 227 4 31.843 56.603 37.644 1.495 0.5 1.369 0.334
89 253 2 8.508 41.957 38.864 11.944 2.72 2.685 -0.591
89 264 5 108.26 44.719 37.807 2.99 1.711 0.631 2.977
89 271 3 39.351 60.084 37.889 1.546 0.614 1.427 -0.225
89 294 3 55.48 61.537 37.833 0.803 0.47 1.405 -3.096
89 297 2 26.648 8.247 38.446 6.985 2.353 2.157 -1.061
89 299 4 18.517 28.512 37.81 1.503 0.373 0.932 -1.042
90 227 4 31.774 56.529 37.722 1.382 0.5 1.21 0.321
90 253 2 7.051 41.878 38.8 10.922 2.708 2.701 -0.433
90 264 5 113.136 45.171 37.703 3.185 1.502 0.599 2.989
90 271 3 38.042 59.727 37.654 1.607 0.588 1.305 -0.024
90 294 3 56.101 61.58 37.819 0.718 0.512 1.417 3.131
90 297 2 26.366 8.474 38.282 7.123 2.137 2.443 -0.939
90 299 4 17.184 29.524 37.926 0.981 0.417 1.251 2.185
90 328 5 21.755 63.764 38.071 0.311 0.272 0.69 -0.389
91 227 4 31.385 56.289 37.613 1.816 0.548 1.451 0.319
91 253 2 4.859 41.997 38.671 11.567 2.79 3.611 -0.326
91 264 5 118.007 45.587 37.73 3.28 1.555 0.63 3.016
91 294 3 56.747 61.6 37.889 0.776 0.533 1.488 3.138
91 297 2 25.801 8.751 38.444 6.948 1.992 2.287 -0.794
91 328 5 21.301 66.076 37.622 1.354 0.52 1.59 -1.506
92 227 4 31.184 55.918 37.791 1.128 0.445 1.457 0.74
92 253 2 3.546 41.963 38.542 10.279 2.819 2.354 -0.251
92 294 3 57.4 61.65 37.809 0.784 0.569 1.401 3.045
92 297 2 25.072 8.805 38.277 7.37 2.114 2.381 -0.654
92 328 5 20.885 67.635 37.561 1.78 0.473 1.639 -1.539
92 333 4 35.491 57.981 37.702 0.964 0.446 1.418 0.448
93 227 4 30.863 55.467 37.524 0.441 0.28 1.313 3.078
93 253 2 5.807 42.114 38.75 1.507 2.631 2.093 -0.167
93 294 3 58.067 61.671 38.049 0.794 0.509 1.105 3.075
93 297 2 24.076 8.978 38.17 6.989 2.457 2.564 -0.471
93 328 5 20.369 69.235 37.646 1.547 0.533 1.408 -1.166
93 333 4 34.405 57.209 37.649 1.477 0.519 1.486 0.402
94 253 2 0.105 41.747 38.538 8.269 3.041 2.776 -0.097
94 297 2 23.146 8.756 38.323 6.851 2.41 2.323 -0.29
94 328 5 19.807 70.988 37.254 1.175 0.388 1.118 -1.645
94 333 4 33.151 56.309 37.681 1.435 0.549 1.388 0.342
95 253 2 0.04 41.523 38.765 3.868 2.68 2.253 0.023
95 297 2 22.103 8.462 38.271 6.97 2.618 2.486 -0.064
95 333 4 32.119 55.476 37.653 0.77 0.677 1.407 0.023
96 297 2 21.077 7.907 38.296 6.759 2.373 2.279 0.148
96 346 3 97.512 72.855 38.013 0.709 0.358 1.298 -0.007
97 297 2 20.441 7.282 38.27 6.014 2.411 2.348 0.403
97 346 3 96.057 72.296 38.037 0.338 0.517 1.256 -0.015
98 297 2 19.813 6.358 38.275 5.423 2.369 1.639 0.688
98 346 3 94.415 71.762 37.95 0.592 0.835 1.097 -3.104
99 346 3 92.464 71.54 37.998 1.101 0.594 1.415 0.015
99 351 1 34.694 39.074 37.996 2.657 1.768 1.145 3.007
100 346 3 90.956 71.159 38.009 1.015 0.578 1.42 -0.017
100 351 1 38.317 38.578 37.818 4.2 2.269 0.968 2.81
101 346 3 89.347 71.04 38.072 0.679 0.256 0.935 2.988
101 351 1 42.747 38.545 37.681 4.739 1.854 1.31 2.947
101 355 3 89.503 70.544 37.769 0.43 0.573 1.565 2.988
102 351 1 47.394 38.813 37.794 4.868 1.716 1.424 2.954
102 355 3 87.538 70.444 37.907 1.229 0.742 1.58 0.012
103 351 1 51.993 39.074 37.906 3.498 1.693 1.135 3.063
103 355 3 86.193 70.108 38.053 0.431 0.559 1.398 0.001
104 351 1 57.837 39.498 37.816 4.347 1.72 1.358 3.133
104 355 3 84.469 69.354 37.935 0.859 1.005 1.66 1.47
104 358 5 30.715 44.411 38.417 0.469 0.628 0.391 -0.081
105 351 1 63.384 40 37.771 5.393 1.686 1.468 2.993
105 355 3 82.775 68.941 38.047 0.993 0.913 1.462 1.629
105 358 5 30.653 43.849 38.428 0.432 0.562 0.377 0.046
106 351 1 69.131 40.516 37.73 5.367 1.541 1.444 2.987
106 355 3 81.001 68.539 37.991 1.32 0.88 1.578 0.121
106 358 5 30.545 43.055 38.422 0.407 0.353 0.404 -1.571
106 369 1 32.416 4.572 37.527 1.642 1.554 0.661 -1.766
106 370 4 32.167 38.147 37.906 1.107 0.343 1.228 1.689
107 351 1 75.573 40.933 37.718 4.317 1.759 1.376 3.006
107 355 3 79.689 68.196 37.987 1.198 0.932 1.612 0
107 358 5 30.363 42.688 38.226 0.324 0.489 0.863 0.039
107 369 1 32.221 7.664 37.762 4.603 1.745 1.686 -1.746
107 370 4 32.968 36.742 37.939 1.454 0.481 1.221 1.776
107 371 4 67.365 63.469 38.099 0.806 0.429 0.957 3.108
108 351 1 80.294 41.293 37.672 1.502 1.56 1.461 3.066
108 355 3 77.84 67.646 37.946 1.465 0.97 1.703 -0.041
108 358 5 30.326 42.593 38.442 0.578 0.417 0.438 -0.028
108 369 1 32.184 11.625 37.809 4.512 1.857 1.603 -1.784
108 370 4 33.932 35.219 37.966 1.681 0.534 1.235 1.903
108 371 4 67.985 63.642 37.682 0.87 0.597 1.163 0.02
109 351 1 87.334 41.77 38.331 0.169 0.632 0.134 3.037
109 355 3 76.152 67.345 37.954 1.633 0.682 1.689 -0.074
109 358 5 30.13 42.307 38.425 0.772 0.351 0.397 0.814
109 369 1 32.271 15.292 37.85 4.316 2.163 1.514 -1.935
109 370 4 34.978 33.787 37.899 1.604 0.472 1.382 2.06
109 371 4 68.697 63.882 37.798 0.792 0.59 1.358 -2.691
110 355 3 74.484 66.967 37.887 1.676 0.789 1.597 -0.067
110 358 5 29.886 42.124 38.437 0.692 0.689 0.404 0.355
110 369 1 32.645 18.543 37.908 4.449 1.735 1.435 -1.882
110 370 4 36.019 32.332 37.86 1.543 0.45 1.211 1.821
110 371 4 69.33 63.954 37.689 0.811 0.572 1.159 3.025
111 355 3 73.03 66.533 37.624 1.235 0.47 1.037 0.098
111 369 1 32.98 21.533 37.864 4.593 1.974 1.516 -1.952
111 370 4 36.786 30.99 37.88 1.313 0.596 1.253 1.518
111 371 4 70 64.148 37.679 0.839 0.493 1.186 -3.138
112 355 3 71.028 66.033 37.981 1.281 0.719 1.701 0.033
112 369 1 33.59 24.428 37.861 4.484 1.93 1.541 -2.024
112 370 4 37.562 29.337 37.869 1.037 0.435 1.314 1.89
112 371 4 70.575 64.401 37.714 0.696 0.796 1.201 3.007
113 355 3 69.733 65.756 37.954 1.283 0.753 1.737 -0.112
113 369 1 34.409 27.274 37.852 4.386 1.837 1.581 -2.073
113 370 4 37.851 27.733 37.777 1.013 0.45 1.52 -1.49
113 371 4 71.224 64.635 37.833 0.745 0.576 1.456 3.029
114 355 3 68.086 65.302 38.296 1.01 0.649 1.037 -0.023
114 369 1 35.543 29.913 37.861 4.362 1.976 1.573 -2.223
114 370 4 37.676 26.188 37.834 1.013 0.615 1.378 0.968
114 371 4 71.867 64.793 37.852 0.683 0.637 1.398 -3.122
