0 1 1 161.731 18.473 39.075 4.308 1.94 1.479 -3.101
0 6 4 181.295 0 38.936 0.989 0.667 1.226 3.056
1 1 1 165.842 15.776 39.029 4.125 1.892 1.487 -3.129
1 6 4 179.981 1.128 39.191 0.38 0.499 0.549 -0.034
1 12 4 138.742 43.745 38.587 1.541 0.253 0.604 -0.085
1 15 3 181.646 17.409 39.247 0.277 0.349 1.266 -3.137
2 1 1 170.246 12.776 38.988 4.086 1.847 1.448 -3.141
2 6 4 178.543 2.353 39.039 0.578 0.579 1.236 3.095
2 12 4 139.031 43.613 38.688 0.929 0.182 0.742 -0.084
2 15 3 182.224 16.998 39.28 0.446 0.557 1.414 3.093
3 1 1 174.4 9.967 38.94 3.576 1.755 1.486 -3.111
3 6 4 177.089 3.606 39.021 0.732 0.538 1.097 -0.019
3 12 4 138.705 43.962 38.791 1.935 0.401 1.063 3.093
3 15 3 182.915 16.517 39.227 0.19 0.532 1.014 -3.053
4 1 1 178.145 7.431 38.877 2.026 1.935 1.23 3.064
4 6 4 175.64 4.775 38.892 0.679 0.43 1.231 -3.125
4 12 4 138.723 44.094 38.811 2.012 0.602 1.037 -0.02
4 15 3 183.505 16.107 39.155 0.297 0.432 1.186 3.085
5 1 1 181.762 4.866 38.716 0.27 1.641 0.32 3.112
5 6 4 174.12 6.009 38.967 0.834 0.437 1.003 -3.14
5 12 4 138.824 44.101 38.826 1.679 0.547 1.1 0.053
5 21 3 99.763 84.062 38.932 0.247 0.421 0.506 -0.221
6 6 4 172.487 7.241 38.999 0.442 0.589 1.203 3.065
6 12 4 138.85 44.193 38.839 1.69 0.533 1.107 0.039
6 21 3 99.663 84.354 38.527 0.483 0.68 1.318 -0.146
7 12 4 138.923 44.257 38.649 1.579 0.367 0.828 0.104
7 21 3 99.526 84.849 38.726 0.559 0.681 1.452 -0.144
8 12 4 138.782 44.48 38.612 0.905 0.369 0.801 0.066
8 21 3 99.382 84.989 38.754 0.516 0.608 1.462 -0.093
8 25 3 90.117 105.488 38.703 0.174 0.576 1.017 -0.153
8 26 3 82.49 92.463 39.121 0.502 0.304 1.5 -1.887
8 27 3 83.428 92.639 38.594 0.298 0.536 1.455 3.012
9 21 3 99.37 85.204 38.724 0.591 0.699 1.397 -0.066
9 25 3 90.546 105.144 38.692 0.44 0.618 1.243 -0.108
9 26 3 82.888 92.072 38.882 0.273 0.602 1.066 3.013
9 27 3 83.794 92.084 38.805 0.295 0.531 1.247 3.009
10 21 3 99.406 85.369 38.848 0.658 0.74 1.468 0.02
10 25 3 90.774 104.725 38.89 0.259 0.405 1.048 2.975
10 26 3 83.224 91.731 38.957 0.322 0.55 1.086 3.028
10 27 3 84.221 91.78 38.985 0.354 0.616 1.061 3.055
10 29 3 83.511 92.821 38.72 0.279 0.271 1.54 -0.117
11 21 3 99.376 85.419 38.864 0.658 0.712 1.561 -0.099
11 25 3 91.092 104.408 38.831 0.321 0.561 1.13 2.999
11 26 3 83.084 92.246 38.691 0.285 0.325 1.184 -2.72
11 27 3 84.726 91.366 38.803 0.562 0.608 1.562 -2.975
11 29 3 83.945 92.494 38.558 0.48 0.271 1.183 -3.071
11 32 4 76.198 95.128 38.9 1.24 0.354 0.851 2.934
11 33 3 83.555 91.215 38.958 0.42 0.653 1.22 3.125
11 34 3 80.623 94.565 38.808 0.334 0.65 1.616 -2.592
12 21 3 99.379 85.446 38.846 0.693 0.708 1.626 -0.042
12 25 3 91.333 103.958 38.995 0.263 0.513 1.078 -0.047
12 26 3 83.393 91.853 38.858 0.248 0.392 1.099 2.958
12 27 3 85.154 91.009 38.803 0.402 0.512 1.605 3.088
12 29 3 84.388 92.069 38.715 0.428 0.285 1.41 3.088
12 32 4 76.121 95.541 39.037 0.435 0.342 0.61 3.13
12 33 3 83.953 90.766 38.775 0.365 0.588 1.687 3.008
12 34 3 80.703 94.437 38.793 0.262 0.315 1.623 -2.807
13 21 3 99.316 85.777 38.856 0.71 0.748 1.535 -3.059
13 25 3 91.888 102.811 39.099 0.602 0.531 1.014 3.033
13 26 3 84.166 91.237 38.865 0.235 0.331 1.391 -2.684
13 27 3 86.261 90.489 38.856 0.611 0.64 1.611 -2.661
13 29 3 85.184 91.183 38.782 0.725 0.442 1.526 -2.661
13 32 4 76.192 95.646 38.889 0.471 0.554 1.071 0.535
13 33 3 84.784 89.803 38.84 0.461 0.607 1.65 -2.661
13 34 3 80.815 94.477 38.85 0.442 0.578 1.655 -2.176
13 37 3 65.023 129.042 38.785 0.248 0.5 1.301 -0.104
13 38 3 64.066 129.569 38.799 0.423 0.581 1.313 -0.09
13 39 3 81.22 94.492 38.316 0.182 0.237 0.4 0.973
13 40 3 62.768 135.034 38.787 0.264 0.63 1.216 -0.086
14 21 3 99.566 85.803 38.827 0.462 0.504 1.518 -0.074
14 25 3 92.325 102.119 39.191 0.363 0.434 0.911 -0.992
14 26 3 84.638 91.318 38.816 0.426 0.78 1.536 -1.272
14 27 3 87.268 90.233 38.899 0.805 0.6 1.704 3.076
14 29 3 85.822 90.453 38.8 0.584 0.51 1.513 3.121
14 32 4 76.313 95.272 38.796 1.634 0.835 1.372 3.128
14 33 3 85.299 89.236 38.852 0.453 0.456 1.665 3.136
14 34 3 80.646 94.897 38.896 0.554 0.514 1.778 0.089
14 37 3 65.459 128.023 38.927 0.353 0.49 1.193 3.076
14 38 3 64.609 128.331 38.898 0.464 0.696 1.231 2.945
14 39 3 81.324 94.55 38.323 0.251 0.326 0.57 -0.455
14 40 3 62.888 135.094 38.829 0.353 0.633 1.165 2.915
15 21 3 99.529 85.832 38.762 0.658 0.713 1.315 0.099
15 25 3 93.226 101.625 39.134 0.561 0.712 1.097 -3.054
15 26 3 86.013 90.969 38.764 0.805 0.486 1.559 -2.263
15 27 3 88.729 90.352 38.808 0.641 0.515 1.598 -2.136
15 29 3 87.08 89.985 38.767 0.842 0.383 1.489 -2.133
15 32 4 76.492 95.396 38.784 1.646 0.784 1.393 3.036
15 33 3 86.022 88.811 38.795 1.009 0.648 1.576 -2.447
15 34 3 80.472 95.326 38.849 0.456 0.619 1.76 0.199
15 37 3 66.129 126.515 38.85 0.307 0.487 1.578 3.044
15 38 3 65.202 126.811 38.816 0.779 0.834 1.623 3.044
15 39 3 81.358 94.608 38.3 0.292 0.307 0.485 0.096
15 40 3 62.997 135.151 38.859 0.638 0.381 1.257 -1.673
15 50 1 59.851 158.055 38.571 3.315 1.222 1.085 3.036
16 21 3 99.554 85.855 38.729 0.598 0.652 1.476 0.169
16 25 3 93.279 101.022 39.164 0.093 0.224 0.847 -2.221
16 26 3 86.737 90.854 38.83 0.578 0.632 1.497 -2.71
16 27 3 89.381 90.471 38.873 0.37 0.592 1.581 0.11
16 29 3 87.662 89.837 38.817 0.52 0.491 1.451 -2.866
16 32 4 76.421 95.707 38.73 1.054 0.438 1.335 -3.038
16 33 3 86.515 88.876 38.836 0.691 0.495 1.731 -3.039
16 34 3 80.327 95.369 38.86 0.361 0.576 1.716 0.046
16 37 3 66.461 125.929 38.842 0.361 0.391 1.545 3.095
16 38 3 65.648 126.066 38.756 0.856 0.624 1.714 3.095
16 39 3 81.433 94.632 38.289 0.233 0.298 0.483 -0.768
16 40 3 63.017 135.166 38.828 0.585 0.301 1.09 -1.675
16 50 1 61.072 154.7 38.448 3.448 1.478 0.517 2.944
17 21 3 99.685 85.841 38.741 0.329 0.533 1.312 0.067
17 25 3 93.623 100.785 39.016 0.488 0.611 1.238 -2.838
17 26 3 87.324 90.862 38.817 0.611 0.492 1.524 -2.941
17 27 3 90.08 90.548 38.84 0.39 0.631 1.732 -3
17 29 3 88.32 89.857 38.773 0.46 0.66 1.562 -2.922
17 32 4 76.446 95.908 38.769 0.713 0.385 1.256 -2.522
17 33 3 87.032 88.662 38.816 0.56 0.643 1.464 -3.018
17 34 3 80.042 95.571 38.831 0.537 0.705 1.707 0.382
17 37 3 66.71 125.396 38.852 0.565 0.577 1.694 3.072
17 38 3 65.933 125.388 38.856 0.757 0.706 1.655 3.132
17 39 3 81.44 94.669 38.228 0.15 0.243 0.45 -2.898
17 40 3 63.071 135.162 38.912 0.628 0.332 1.364 -1.535
17 50 1 61.996 151.277 38.478 3.875 1.738 1.025 2.966
18 21 3 99.571 85.93 38.684 0.555 0.636 1.471 -2.864
18 25 3 93.822 100.452 39.041 0.624 0.497 1.157 -3.072
18 26 3 88.028 90.806 38.75 0.602 0.451 1.611 -2.162
18 27 3 90.768 90.615 38.823 0.62 0.559 1.426 -2.162
18 29 3 88.967 89.815 38.829 0.56 0.333 1.413 -2.162
18 32 4 76.729 95.537 38.747 1.714 0.572 1.356 -2.981
18 33 3 87.702 88.649 38.802 0.685 0.539 1.446 -2.162
18 34 3 79.862 95.754 38.834 0.342 0.569 1.629 -2.953
18 37 3 67.048 124.844 38.829 0.685 0.678 1.79 -3.141
18 38 3 66.274 124.57 38.848 0.468 0.77 1.788 -2.525
18 40 3 63.11 135.264 38.75 0.534 0.517 1.535 -2.065
18 50 1 62.851 148.267 38.681 3.797 1.855 1.439 3.037
19 21 3 99.707 86.137 38.727 0.556 0.615 1.302 -2.98
19 25 3 94.102 100.114 38.997 0.478 0.609 1.107 -3.067
19 26 3 88.625 90.631 38.735 0.64 0.457 1.523 -2.955
19 27 3 91.49 90.609 38.806 0.412 0.626 1.331 -2.955
19 29 3 89.613 89.822 38.826 0.459 0.445 1.301 -2.955
19 32 4 76.717 95.526 38.798 1.662 0.437 1.323 -2.913
19 33 3 88.498 88.727 38.817 0.508 0.411 1.31 -2.955
19 34 3 79.632 95.848 38.883 0.391 0.587 1.451 -3.099
19 37 3 67.565 124.343 38.829 0.694 0.659 1.718 3.107
19 38 3 66.632 124.269 38.842 0.738 0.546 1.794 -3.137
19 40 3 63.153 135.243 38.791 0.47 0.655 1.627 -0.055
19 50 1 64.172 144.026 38.697 4.919 1.687 1.415 3.056
19 59 2 39.429 180.348 39.394 6.606 2.356 2.343 1.259
20 21 3 99.554 86.184 38.611 0.514 0.714 1.392 0.149
20 25 3 94.286 99.697 38.855 0.455 0.412 1.258 -3.026
20 26 3 89.308 90.569 38.741 0.483 0.607 1.455 -2.966
20 27 3 92.057 90.572 38.714 0.398 0.528 1.439 -2.992
20 29 3 90.26 89.748 38.709 0.79 0.48 1.478 -2.992
20 32 4 76.508 95.901 38.749 0.575 0.548 1.405 -3.139
20 33 3 89.124 88.901 38.736 0.322 0.558 1.434 -2.966
20 34 3 79.474 95.95 38.788 0.741 0.572 1.661 3.121
20 37 3 67.799 123.714 38.825 0.371 0.581 1.747 -3.135
20 38 3 66.976 123.67 38.83 0.666 0.597 1.757 -3.13
20 40 3 63.212 135.332 38.789 0.64 0.665 1.656 -1.8
20 50 1 65.526 139.877 38.727 5.24 1.816 1.385 3.106
20 59 2 36.085 179.89 39.566 6.675 2.307 2.73 1.352
20 60 4 42.245 163.721 39.026 0.497 0.564 0.863 -1.965
20 61 4 70.134 153.058 38.322 0.192 0.225 0.301 3.07
20 63 5 55.79 157.252 38.341 0.274 0.09 0.253 -1.322
21 25 3 94.621 99.284 38.918 0.389 0.477 1.295 -2.944
21 26 3 90.142 90.56 38.683 0.461 0.775 1.042 -2.962
21 27 3 92.764 90.571 38.841 0.316 0.607 1.362 -2.962
21 29 3 90.958 89.721 38.791 0.208 0.408 0.786 -2.962
21 32 4 76.559 95.947 38.754 0.505 0.505 1.312 3.02
21 33 3 90.005 89.04 38.974 0.231 0.434 1.122 -2.962
21 34 3 79.239 96.249 38.87 0.308 0.569 1.61 -0.018
21 37 3 68.146 123.029 38.827 0.488 0.596 1.659 -3.111
21 38 3 67.352 122.867 38.947 0.597 0.774 1.669 -3.111
21 40 3 63.279 135.315 38.795 0.609 0.507 1.614 -1.567
21 50 1 67.248 134.822 38.765 4.037 1.79 1.416 -3.134
21 59 2 32.16 179.306 39.445 6.609 2.133 2.937 1.422
21 60 4 43.487 163.795 39.042 0.582 0.841 0.988 0.394
21 61 4 70.21 153.077 38.326 0.288 0.265 0.464 3.024
21 63 5 55.826 157.271 38.32 0.251 0.245 0.427 -2.748
21 64 1 71.644 147.266 38.602 0.309 0.276 0.763 -3.074
21 66 4 40.407 186.257 38.644 0.915 0.415 1.262 1.66
22 26 3 91.039 90.411 38.348 0.204 0.227 0.682 -2.97
22 32 4 76.61 96.02 38.752 0.613 0.674 1.301 -1.698
22 34 3 78.97 96.371 38.864 0.353 0.522 1.564 -0.058
22 37 3 68.717 122.038 38.932 0.556 0.64 1.263 -3.051
22 38 3 67.886 121.958 38.881 0.604 0.825 1.389 -3.062
22 40 3 63.227 135.369 38.788 0.627 0.721 1.637 -3.09
22 50 1 70 127.705 38.712 3.853 1.844 1.442 -3.055
22 59 2 26.749 178.419 39.447 5.96 2.29 2.968 1.458
22 60 4 44.627 163.706 38.891 1.67 0.532 1.474 1.193
22 61 4 70.197 153.113 38.415 0.361 0.355 0.699 -3.054
22 63 5 55.934 157.259 38.324 0.095 0.217 0.338 -2.82
22 64 1 71.618 147.349 38.586 0.375 0.4 0.846 -3.086
22 66 4 37.782 185.632 38.747 0.998 0.45 1.01 1.496
22 67 4 52.696 161.799 38.226 0.24 0.13 0.303 2.331
22 68 4 54.2 159.854 38.234 0.128 0.221 0.418 -2.684
22 69 5 46.084 170.328 38.22 0.15 0.133 0.186 2.935
22 70 1 57.348 201.686 38.947 3.838 2.021 0.91 2.801
22 71 4 44.941 177.622 38.337 0.334 0.145 0.284 -1.705
23 37 3 69.203 120.721 38.939 0.259 0.539 1.291 -3.021
23 38 3 68.555 120.546 38.931 0.336 0.506 1.306 3.095
23 40 3 63.33 135.407 38.787 0.431 0.668 1.628 -3.065
23 50 1 74.653 117.125 38.474 3.555 1.642 1.033 -2.894
23 59 2 19.743 177.07 39.618 6.019 2.195 2.498 1.532
23 60 4 46.119 163.114 38.875 1.101 0.654 1.564 -2.345
23 61 4 70.237 153.19 38.432 0.366 0.354 0.654 3.005
23 63 5 56 157.324 38.339 0.278 0.322 0.499 0.324
23 64 1 71.632 147.432 38.599 0.453 0.482 0.795 3.021
23 66 4 34.197 184.875 38.762 1.062 0.414 1.044 1.6
23 67 4 52.726 161.864 38.26 0.239 0.319 0.42 0.322
23 68 4 54.266 159.915 38.267 0.309 0.257 0.457 0.322
23 69 5 46.122 170.33 38.266 0.231 0.162 0.451 1.135
23 70 1 56.868 195.165 38.783 4.094 1.958 1.357 2.772
23 71 4 45.057 177.561 38.259 0.193 0.156 0.44 -1.611
23 72 4 42.91 165.713 38.221 0.231 0.271 0.387 0.322
23 77 3 48.644 164.591 38.236 0.226 0.272 0.409 0.322
23 78 4 53.224 200.863 38.998 0.604 0.539 1.254 3.025
24 37 3 69.635 120.015 38.918 0.509 0.488 1.3 -2.918
24 38 3 68.892 119.87 38.951 0.341 0.592 1.246 -2.918
24 40 3 63.349 135.446 38.732 0.568 0.641 1.586 -3.026
24 50 1 77.061 111.956 38.409 3.567 1.606 0.704 -2.892
24 59 2 16.366 176.363 39.595 5.914 2.212 2.654 1.564
24 60 4 46.534 163.023 38.861 1.284 0.787 1.562 -2.225
24 61 4 70.287 153.271 38.397 0.301 0.303 0.612 -3.019
24 63 5 56.023 157.355 38.332 0.256 0.218 0.435 -2.998
24 64 1 71.728 147.499 38.682 0.328 0.27 0.485 2.867
24 66 4 32.512 184.64 38.751 1.19 0.368 1.246 1.58
24 67 4 52.764 161.867 38.279 0.197 0.188 0.351 -2.998
24 68 4 54.332 159.919 38.244 0.229 0.208 0.404 -2.998
24 69 5 46.177 170.318 38.286 0.168 0.2 0.437 1.577
24 70 1 56.325 192.698 38.672 4.264 2.006 1.253 2.727
24 71 4 45.116 177.603 38.269 0.214 0.153 0.208 -0.618
24 72 4 42.919 165.746 38.293 0.204 0.292 0.401 -0.029
24 77 3 48.684 164.606 38.261 0.195 0.284 0.415 -2.297
24 78 4 52.97 199.164 38.997 0.9 0.617 1.364 2.894
25 37 3 69.872 119.424 38.891 0.436 0.715 1.142 -3.12
25 38 3 69.144 119.146 38.906 0.398 0.498 1.129 -2.968
25 40 3 63.354 135.447 38.845 0.4 0.601 1.585 -2.99
25 50 1 78.873 108.149 38.587 0.34 1.363 0.505 -2.902
25 59 2 12.643 175.621 39.428 5.878 2.172 2.663 1.6
25 60 4 47.126 163.048 38.809 1.418 0.779 1.519 -2.121
25 61 4 70.335 153.291 38.383 0.354 0.289 0.557 0.016
25 63 5 56.064 157.4 38.363 0.325 0.219 0.443 0.314
25 64 1 71.751 147.546 38.616 0.215 0.325 0.489 2.917
25 66 4 30.79 184.237 38.736 1.108 0.438 1.27 1.559
25 67 4 52.78 161.895 38.245 0.341 0.322 0.467 0.316
25 68 4 54.348 159.974 38.259 0.324 0.232 0.468 0.316
25 69 5 46.225 170.379 38.278 0.28 0.167 0.409 -0.067
25 70 1 55.514 190.334 38.802 4.47 1.849 1.396 2.639
25 71 4 45.144 177.627 38.256 0.231 0.182 0.391 -0.082
25 72 4 42.946 165.834 38.224 0.256 0.23 0.413 0.316
25 77 3 48.685 164.637 38.286 0.241 0.241 0.432 0.316
25 78 4 52.455 197.674 39.336 0.36 0.478 0.498 2.995
25 79 5 45.2 165.432 38.22 0.272 0.251 0.383 0.316
26 37 3 70.035 118.882 38.64 0.233 0.51 1.478 -2.819
26 38 3 69.435 118.622 38.772 0.581 0.524 1.226 -2.819
26 40 3 63.381 135.452 38.74 0.313 0.54 1.59 2.956
26 59 2 8.667 174.83 39.414 5.691 2.117 2.756 1.628
26 60 4 47.409 163.141 38.829 1.752 0.955 1.473 -1.843
26 61 4 70.3 153.294 38.398 0.23 0.176 0.582 2.275
26 63 5 56.033 157.408 38.39 0.271 0.195 0.42 0.535
26 66 4 29.055 183.858 38.716 0.96 0.409 0.969 1.652
26 67 4 52.853 161.892 38.307 0.29 0.187 0.347 0.126
26 68 4 54.365 159.961 38.302 0.298 0.335 0.363 -0.03
26 69 5 46.233 170.399 38.222 0.134 0.182 0.435 -1.33
26 70 1 54.414 188.344 38.758 4.443 1.823 1.361 2.492
26 71 4 45.158 177.643 38.268 0.165 0.105 0.25 3.116
27 37 3 70.284 118.245 38.858 0.248 0.286 1.033 -2.818
27 38 3 69.821 117.966 38.86 0.217 0.427 1.025 -2.818
27 40 3 63.43 135.445 38.825 0.307 0.48 1.362 -2.996
27 59 2 4.342 173.97 39.351 5.921 2.126 2.79 1.625
27 60 4 47.816 163.165 38.848 1.807 0.997 1.599 -1.756
27 63 5 56.046 157.424 38.317 0.216 0.187 0.474 0.535
27 66 4 27.469 183.497 38.811 1.3 0.483 1.204 1.639
27 67 4 52.828 161.92 38.216 0.263 0.222 0.442 0.857
27 68 4 54.359 159.982 38.23 0.307 0.205 0.404 0.639
27 69 5 46.263 170.439 38.299 0.201 0.1 0.398 0.047
27 70 1 52.922 186.6 38.824 4.564 1.824 1.422 2.318
27 71 4 45.207 177.688 38.32 0.176 0.097 0.331 0.047
27 78 4 51.69 194.677 38.974 0.967 0.612 1.283 2.691
27 79 5 45.24 165.439 38.299 0.232 0.359 0.462 1.2
27 82 3 64.954 193.259 38.669 0.328 0.323 0.689 -1.699
27 85 4 3.647 165.315 38.589 1.27 0.682 1.377 -1.532
28 37 3 70.673 117.453 38.909 0.541 0.275 0.883 -2.84
28 38 3 70.104 117.414 38.777 0.377 0.445 1.153 -2.84
28 40 3 63.459 135.453 38.675 0.325 0.573 1.551 -2.925
28 59 2 0 173.068 39.414 5.485 2.159 2.619 1.648
28 60 4 48.255 163.152 38.85 1.839 0.83 1.594 -1.773
28 63 5 56.09 157.408 38.312 0.235 0.285 0.431 2.972
28 66 4 25.602 183.113 38.765 1.089 0.594 1.231 1.677
28 67 4 52.85 161.957 38.259 0.207 0.193 0.418 2.972
28 68 4 54.373 160.02 38.257 0.217 0.306 0.456 2.972
28 69 5 46.326 170.426 38.256 0.282 0.269 0.459 1.683
28 70 1 51.071 185.301 38.804 4.605 2.096 1.454 2.116
28 71 4 45.16 177.674 38.327 0.302 0.278 0.458 1.683
28 72 4 43.024 165.832 38.306 0.185 0.261 0.348 -1.669
28 77 3 48.746 164.677 38.285 0.285 0.222 0.318 2.972
28 78 4 51.032 192.831 38.895 1.777 0.665 1.675 2.677
28 79 5 45.272 165.483 38.279 0.217 0.285 0.396 -1.669
28 82 3 64.99 193.256 38.597 0.305 0.485 0.836 -0.086
28 85 4 6.947 165.79 38.585 1.191 0.732 1.335 -1.476
28 87 4 66.303 193.772 38.986 0.283 0.196 0.405 -0.043
29 40 3 63.529 135.423 38.769 0.29 0.53 1.385 -2.951
29 60 4 48.758 163.066 38.835 1.81 0.978 1.594 -1.676
29 63 5 56.137 157.435 38.302 0.165 0.139 0.275 -2.829
29 66 4 23.829 182.747 38.621 1.639 0.496 1.248 1.673
29 67 4 52.9 161.981 38.201 0.265 0.149 0.408 -2.329
29 68 4 54.432 160.037 38.238 0.218 0.112 0.31 -2.323
29 69 5 46.303 170.408 38.264 0.264 0.203 0.434 -2.977
29 70 1 49.019 184.028 38.808 4.384 1.665 1.409 1.948
29 71 4 45.255 177.696 38.295 0.255 0.173 0.405 -2.973
29 72 4 43.055 165.828 38.222 0.178 0.188 0.339 -1.73
29 77 3 48.773 164.681 38.274 0.245 0.19 0.419 -1.975
29 78 4 50.705 191.33 38.938 1.727 0.683 1.671 2.853
29 79 5 45.28 165.486 38.265 0.203 0.19 0.452 -1.78
29 82 3 64.987 193.212 38.653 0.397 0.497 0.936 3.1
29 85 4 9.912 166.095 38.691 1.474 0.573 1.286 -1.813
29 87 4 66.314 193.797 38.99 0.194 0.2 0.363 1.472
29 92 5 64.992 193.824 38.62 0.174 0.224 0.362 1.445
30 40 3 63.633 135.451 38.749 0.321 0.442 1.332 -2.895
30 60 4 49.254 163.102 38.823 1.846 0.799 1.636 -1.656
30 63 5 56.185 157.429 38.283 0.218 0.086 0.359 -2.379
30 66 4 22.286 182.386 38.928 0.689 0.58 0.955 1.632
30 67 4 52.927 161.956 38.237 0.128 0.202 0.414 -0.958
30 68 4 54.463 159.967 38.161 0.118 0.312 0.299 -1.065
30 70 1 46.504 183.357 38.813 4.187 1.851 1.418 1.829
30 72 4 43.068 165.807 38.289 0.136 0.247 0.3 1.649
30 77 3 48.805 164.688 38.274 0.146 0.144 0.307 -1.658
30 78 4 50.532 189.76 38.95 1.797 0.726 1.651 3.029
30 79 5 45.346 165.478 38.274 0.196 0.254 0.423 -0.484
30 82 3 65.033 193.257 38.649 0.743 0.496 0.917 1.005
30 85 4 13.203 166.338 38.705 1.651 0.592 1.245 -1.712
30 87 4 66.329 193.797 39.078 0.251 0.211 0.41 0.981
30 92 5 64.995 193.829 38.61 0.278 0.279 0.546 0.981
31 40 3 63.637 135.526 38.655 0.351 0.475 1.357 -2.779
31 60 4 49.957 163.021 38.742 2.244 0.979 1.491 1.91
31 66 4 20.561 182.022 38.811 0.674 0.506 1.177 1.791
31 69 5 46.394 170.451 38.261 0.16 0.166 0.305 0.136
31 70 1 43.718 182.685 38.798 4.131 1.851 1.378 1.765
31 71 4 45.273 177.666 38.295 0.252 0.147 0.248 0.136
31 77 3 48.843 164.73 38.245 0.22 0.166 0.397 0.982
31 78 4 50.323 188.121 38.938 1.76 1.081 1.643 -3.131
31 82 3 64.96 193.298 38.668 0.506 0.425 0.934 -1.72
31 85 4 16.315 166.721 38.58 1.24 0.446 1.134 1.515
31 87 4 66.345 193.813 39.05 0.252 0.337 0.437 3.127
31 92 5 65.02 193.844 38.547 0.316 0.332 0.669 -3.07
32 60 4 51.152 163.252 38.818 1.713 1.002 1.544 -1.484
32 70 1 36.267 180.925 38.874 4.186 1.791 1.24 1.819
32 78 4 50.922 184.102 38.909 1.727 0.538 1.608 -3.028
32 82 3 65.045 193.427 38.657 0.402 0.423 0.959 -2.907
32 85 4 23.498 167.402 38.795 1.237 0.381 1.228 1.608
32 87 4 66.432 193.899 38.757 0.391 0.44 1.027 -2.868
32 92 5 65.033 193.922 38.531 0.319 0.342 0.706 2.591
32 96 1 64.887 254.639 38.772 3.492 1.612 0.565 2.983
32 97 1 61.231 242.373 38.99 3.635 1.594 1.41 2.948
33 60 4 51.536 163.313 38.815 1.78 0.738 1.412 -1.308
33 70 1 33.024 180.275 38.786 3.956 1.751 1.136 1.839
33 78 4 51.292 182.338 38.897 1.651 0.615 1.579 -2.89
33 82 3 65.111 193.435 38.734 0.366 0.34 0.786 -3.044
33 85 4 26.092 167.801 38.743 1.725 0.514 0.842 -1.334
33 87 4 66.448 193.916 38.8 0.407 0.441 1.004 -3.11
33 92 5 65.127 193.965 38.596 0.278 0.203 0.54 -3.014
33 96 1 63.648 249.578 39.001 2.516 1.609 1.373 2.925
33 97 1 60.464 238.284 38.958 4.268 1.652 1.462 2.997
34 60 4 52.075 163.507 38.764 0.871 0.376 1.238 -1.996
34 70 1 29.455 179.741 38.811 3.886 1.501 0.837 1.84
34 78 4 51.692 180.58 38.917 1.775 0.555 1.601 -2.834
34 82 3 65.095 193.435 38.663 0.277 0.435 0.933 0.045
34 85 4 29.034 168.301 38.843 1.24 0.355 1.078 -1.413
34 87 4 66.461 193.918 38.89 0.277 0.291 0.658 1.386
34 92 5 65.192 193.908 38.585 0.313 0.314 0.633 1.386
34 96 1 62.73 245.886 38.811 4.138 1.818 1.052 2.976
34 97 1 59.682 233.724 38.872 4.244 1.727 1.354 3.056
35 60 4 52.255 163.773 38.773 0.354 0.42 1.286 0.192
35 70 1 27.004 179.255 38.599 1.402 1.03 0.281 1.669
35 78 4 52.029 179.009 38.841 1.312 0.552 1.071 -2.902
35 82 3 65.146 193.452 38.779 0.292 0.32 0.64 -3.09
35 85 4 31.586 168.832 38.773 1.711 0.56 0.627 -1.245
35 87 4 66.533 193.898 38.971 0.175 0.238 0.376 1.542
35 92 5 65.218 193.909 38.582 0.279 0.233 0.499 1.542
35 96 1 61.822 241.684 38.979 4.144 1.894 1.543 3.006
35 97 1 59.056 229.307 39.01 4.444 1.783 1.587 3.088
36 60 4 52.597 163.726 38.958 0.973 0.496 1.091 -1.711
36 70 1 23.548 178.38 38.709 0.495 1.595 0.37 1.868
36 78 4 52.404 177.316 38.787 1.039 0.448 1.393 0.551
36 82 3 65.234 193.4 38.753 0.185 0.215 0.46 1.374
36 85 4 34.318 169.612 38.487 1.37 0.265 0.674 -1.198
36 92 5 65.238 193.945 38.549 0.176 0.172 0.658 1.374
36 96 1 61.037 237.482 39.015 4.107 1.992 1.557 3.042
36 97 1 58.539 224.881 39.057 4.324 1.915 1.573 3.111
37 78 4 52.775 175.665 38.98 1.115 0.493 1.286 0.378
37 85 4 36.845 170.199 38.917 1.25 0.476 0.841 -1.261
37 96 1 60.385 233.468 39.087 4.285 1.958 1.61 3.096
37 97 1 58.23 221.097 39.065 4.208 1.904 1.6 3.133
38 78 4 53.23 173.918 38.893 1.185 0.596 1.138 -2.729
38 96 1 59.834 229.866 39.155 4.331 1.897 1.506 -3.125
38 97 1 57.871 217.048 39.015 4.082 1.76 1.583 -3.066
39 96 1 59.346 226.283 39.099 4.16 2.011 1.644 -3.082
39 97 1 57.7 212.829 39.019 4.099 1.715 1.566 -3.015
40 96 1 59.024 222.344 39.038 4.058 1.797 1.631 -3.036
40 97 1 57.529 208.723 38.999 4.088 1.703 1.648 -2.982
41 96 1 58.599 216.254 39.017 3.57 1.741 1.53 -2.961
41 97 1 57.501 203.335 39.08 2.215 1.238 1.327 -2.974
42 96 1 58.427 212.463 38.86 3.668 1.699 1.056 -2.913
42 97 1 57.305 199.562 39.064 2.134 1.055 1.316 -2.861
43 96 1 58.297 208.711 38.826 3.743 1.637 1.057 -2.876
44 96 1 58.178 206.428 38.905 1.305 1.561 1.117 -2.981
45 109 1 117.942 347.119 38.316 0.819 1.042 0.741 3.067
46 109 1 114.244 342.107 38.321 0.973 1.713 0.776 3.058
47 109 1 111.544 338.259 38.323 4.303 1.915 0.817 3.07
48 109 1 107.11 332.319 38.691 4.842 1.903 1.543 3.138
48 110 1 126.996 362.866 38.216 0.914 1.785 0.637 -2.987
49 109 1 103.501 327.599 38.774 5.006 2.04 1.492 -3.105
49 110 1 124.819 358.753 38.678 3.512 1.728 1.641 -2.976
50 109 1 99.308 322.023 38.786 4.928 1.942 1.412 -3.108
50 110 1 121.826 353.604 38.527 3.499 1.799 1.286 -3.053
50 111 4 138.149 377.163 38.702 0.936 0.63 1.54 0.297
51 109 1 92.962 313.175 38.566 1.101 1.748 0.944 -3.063
51 110 1 115.564 344.046 38.793 4.258 1.958 1.617 -3.092
51 111 4 139.011 379.922 38.837 0.517 0.648 1.378 0.259
52 109 1 89.319 307.752 38.515 1.179 1.619 0.915 -3.085
52 110 1 112.009 339.204 38.818 4.167 1.971 1.626 -3.131
52 111 4 139.502 381.458 38.779 0.947 0.51 1.523 0.516
53 109 1 86.087 302.646 38.489 0.377 1.493 0.162 -3.066
53 110 1 108.716 334.873 38.788 4.09 1.832 1.611 3.122
53 111 4 140.294 383.032 38.706 0.824 0.602 1.408 0.299
54 110 1 105.379 330.478 38.782 3.867 1.885 1.58 3.021
54 111 4 140.786 384.325 38.831 0.564 0.675 1.577 0.2
54 112 1 140.173 398.449 38.582 0.867 1.346 0.808 -2.923
55 110 1 101.974 326.108 38.836 3.748 1.719 1.602 3.058
55 111 4 141.496 385.872 38.807 0.716 0.54 1.394 0.253
55 112 1 138.995 393.853 38.44 3.463 1.657 1.025 -2.857
56 110 1 99.032 322.469 38.667 2.177 1.711 1.153 2.968
56 111 4 142.098 387.175 38.756 1.315 0.731 1.368 0.225
56 112 1 137.258 387.343 38.757 2.117 1.798 1.494 -2.946
56 113 3 155.582 353.129 39.536 0.615 0.559 0.867 -0.002
57 110 1 96.207 318.715 38.716 0.412 1.539 0.804 2.996
57 111 4 142.603 388.794 38.785 1.147 0.655 1.543 0.184
57 112 1 135.567 382.163 38.801 3.361 1.905 1.522 -3.001
57 113 3 155.752 354.2 39.519 0.689 0.443 0.723 -0.01
58 111 4 143.1 390.765 38.782 1.398 0.673 1.613 0.386
58 112 1 132.682 374.354 38.828 3.915 1.929 1.606 -3.076
58 113 3 156.165 355.695 39.562 0.894 0.376 0.697 0.06
59 111 4 143.576 394.323 38.794 1.443 0.658 1.562 0.212
59 112 1 126.221 360.526 38.781 3.256 1.807 1.558 3.037
59 113 3 157.156 357.981 39.486 0.685 0.522 0.774 0
60 111 4 143.719 395.842 38.861 1.617 0.697 1.675 0.313
60 112 1 123.656 355.916 38.777 1.074 1.764 1.433 2.892
60 113 3 157.359 358.672 39.538 0.369 0.585 0.949 -3.102
61 111 4 143.878 397.387 38.897 1.853 0.72 1.634 0.036
61 112 1 119.729 349.628 38.507 3.097 1.836 1.074 2.791
61 113 3 157.806 359.745 39.565 0.712 0.648 0.603 0.037
62 111 4 144.135 398.838 38.928 1.756 0.731 1.663 -0.144
62 112 1 115.96 344.205 38.412 3.364 1.633 0.764 2.732
62 113 3 158.255 360.691 39.479 0.576 0.565 0.724 3.045
63 111 4 144.486 400.416 38.948 1.949 0.799 1.675 -0.18
64 111 4 145.276 402.338 39.182 1.337 0.611 1.757 0
65 111 4 145.783 404.518 38.964 1.842 0.727 1.69 -0.018
66 111 4 146.267 406.379 38.922 1.791 0.739 1.641 -0.098
67 111 4 146.568 408.092 38.939 1.427 0.72 1.613 -0.003
68 111 4 146.974 411.361 38.924 1.356 0.723 1.584 -0.062
68 115 3 177.131 430.775 39.348 0.372 0.673 1.681 1.045
68 116 1 134.901 373.283 38.66 2.113 1.819 1.451 -0.277
68 117 3 176.934 432.048 39.19 0.562 0.61 1.363 1.045
69 111 4 147.067 412.832 38.962 1.487 0.62 1.595 -0.023
69 115 3 177.02 431.115 38.912 0.444 0.923 0.974 -1.265
69 116 1 137.257 380.08 38.887 2.13 2.05 1.003 -0.268
69 117 3 176.543 432.17 39.203 0.395 0.482 1.467 1.877
69 118 5 138.364 486.728 38.44 1.167 1.628 0.351 -2.942
70 111 4 147.184 414.446 38.984 1.325 0.689 1.627 -0.112
70 115 3 176.863 431.335 39.278 0.492 0.843 1.498 1.061
70 116 1 138.966 386.227 38.611 3.452 1.796 0.653 -0.264
70 117 3 176.374 432.351 39.166 0.516 0.524 1.438 -2.019
70 118 5 138.373 484.984 38.863 3.791 1.73 1.557 -3.068
71 111 4 147.312 416.18 38.998 0.973 0.69 1.531 -0.05
71 115 3 176.723 431.403 39.375 0.57 0.403 1.379 -2.107
71 116 1 140.838 393.362 38.782 2.772 1.82 1.254 -0.295
71 117 3 176.108 432.613 39.223 0.405 0.46 1.388 -2.067
71 118 5 138.596 480.993 38.703 3.741 1.61 0.89 -3.081
72 111 4 147.428 417.504 38.884 1.462 0.685 1.562 -0.182
72 115 3 176.448 431.673 39.238 0.69 0.7 1.656 0.92
72 116 1 142.415 400.838 38.598 1.249 1.651 0.82 -0.268
72 117 3 175.984 432.649 39.165 0.671 0.585 1.484 0.92
72 118 5 139.018 476.821 38.877 3.618 1.874 1.521 -3.045
72 121 1 132.906 494.734 38.557 1.458 1.143 0.94 -3.056
73 111 4 147.784 420.112 38.96 0.896 0.581 1.335 -0.114
73 115 3 176.248 431.868 39.299 0.384 0.537 1.708 0.976
73 116 1 144.019 411.591 38.651 3.585 1.952 1.025 -0.2
73 117 3 175.624 432.956 39.224 0.556 0.541 1.427 0.976
73 118 5 139.885 469.731 38.966 4.232 1.837 1.537 -3.103
73 121 1 133.035 494.443 38.44 0.257 0.759 0.37 -3.071
73 122 1 131.95 506.832 38.474 2.905 0.217 0.961 3.131
73 123 1 157.79 512.72 38.611 4.22 1.351 0.863 -1.482
73 124 1 132.713 501.405 38.545 2.95 0.507 1.089 -3.103
74 111 4 148.109 422.371 38.993 0.531 0.38 1.565 -0.185
74 116 1 144.999 422.53 38.878 2.577 1.986 1.351 -0.31
74 117 3 175.308 433.158 39.553 0.471 0.314 0.53 1.054
74 118 5 140.873 463.358 39.08 4.897 1.784 1.555 -3.121
74 121 1 133.02 495.968 38.6 3.868 1.626 1.163 3.101
74 122 1 131.951 506.849 38.535 3.069 0.369 1.19 3.101
74 123 1 162.741 513.683 38.739 3.702 1.259 0.816 -1.508
74 124 1 132.626 501.687 38.622 3.631 0.666 1.289 3.101
74 127 5 129.422 519.634 38.582 0.506 1.07 0.315 -3.115
75 111 4 148.5 425.95 39.168 0.673 0.412 0.97 -0.159
75 116 1 146.128 436.974 38.899 3.945 1.828 1.45 -0.18
75 118 5 142.09 453.974 38.986 3.968 1.747 1.511 3.139
75 121 1 132.883 496.099 38.821 4.218 1.671 1.49 -3.055
75 122 1 131.593 506.714 38.743 3.409 1.06 1.322 3.116
75 123 1 172.481 515.88 38.567 4.39 1.654 0.809 -1.509
75 124 1 132.167 501.489 38.796 3.592 1.74 1.503 3.095
75 127 5 129.112 519.977 38.462 1.864 1.646 1.148 3.101
76 116 1 146.342 443.359 38.828 3.641 1.992 1.135 -0.149
76 118 5 142.613 449.95 38.731 3.965 1.625 1.123 3.141
76 121 1 132.87 496.194 38.768 4.344 1.814 1.531 -3.05
76 122 1 131.45 506.733 38.671 3.787 1.363 1.451 3.109
76 123 1 176.283 516.684 38.528 4.289 1.6 1.061 -1.511
76 124 1 132.186 501.525 38.769 3.858 1.803 1.574 3.109
76 127 5 128.834 520.913 38.393 3.779 1.962 1.126 -3.02
77 116 1 146.173 449.385 38.847 3.802 1.899 1.056 -0.118
77 118 5 143.014 446.004 38.979 3.45 1.584 1.369 3.1
77 121 1 132.825 496.268 38.798 4.525 1.783 1.5 -3.054
77 122 1 131.376 506.745 38.676 3.898 1.483 1.355 3.119
77 123 1 180.232 517.614 38.658 4.105 1.748 1.126 -1.49
77 124 1 132.053 501.729 38.781 4.306 2.022 1.534 3.098
77 127 5 128.953 521.022 38.403 4.059 1.862 1.189 -3.092
77 134 1 125.287 543.246 38.531 1.701 0.798 1.479 -3.122
77 135 4 168.128 509.226 38.894 1.054 0.464 0.727 -1.55
78 116 1 145.6 456.086 38.916 2.326 2.069 0.962 0.003
78 118 5 143.243 442.89 38.672 1.064 1.581 0.577 3.089
78 121 1 132.859 496.365 38.816 4.538 1.7 1.446 -3.074
78 122 1 131.34 506.654 38.702 3.874 1.537 1.346 3.115
78 123 1 183.553 518.282 38.513 2.176 1.599 1.331 -1.501
78 124 1 132.175 501.654 38.819 4.023 1.763 1.537 3.095
78 127 5 128.887 521.192 38.461 4.36 1.894 1.22 -3.103
78 134 1 125.421 544.354 38.513 3.651 0.419 1.462 3.115
78 135 4 169.99 509.655 38.911 1.001 0.405 0.685 -1.449
78 136 5 128.219 527.177 38.257 2.721 0.083 0.394 -3.065
79 116 1 144.69 462.351 38.853 1.763 1.853 0.997 -0.003
79 118 5 143.671 437.871 39.062 2.184 1.722 1.076 3.138
79 121 1 132.815 496.465 38.835 4.622 1.835 1.502 -3.068
79 122 1 131.179 506.686 38.716 4.149 1.944 1.45 3.12
79 123 1 187.879 519.144 38.242 2.219 1.363 0.83 -1.605
79 124 1 132.099 501.648 38.824 4.01 2.023 1.627 3.113
79 127 5 128.958 521.217 38.533 4.455 1.817 1.436 -3.105
79 134 1 124.884 544.494 38.443 4.257 1.357 1.874 3.129
79 135 4 171.475 509.959 38.825 0.336 0.347 0.711 -1.504
79 136 5 128.194 526.904 38.342 3.501 0.284 0.946 -3.105
79 138 1 126.837 532.599 37.942 3.601 0.184 0.575 -3.105
79 139 5 134.936 539.147 38.569 0.666 0.505 1.115 0.03
80 116 1 143.809 468.329 38.822 1.991 2.007 1.168 0
80 121 1 132.698 496.578 38.851 4.559 1.908 1.499 -3.048
80 122 1 131.261 506.701 38.732 4.422 1.856 1.448 3.116
80 123 1 191.715 520.119 38.294 0.976 1.476 0.512 -1.551
80 124 1 132.033 501.696 38.867 4.04 2.164 1.57 3.101
80 127 5 128.883 521.17 38.689 4.388 1.956 1.625 -3.058
80 134 1 124.809 544.591 38.47 4.531 1.516 1.823 3.135
80 135 4 173.362 510.509 38.651 0.631 0.664 1.389 -1.486
80 136 5 128.199 526.811 38.374 3.706 0.286 1.196 -3.079
80 138 1 126.83 532.544 38.083 3.832 0.239 0.687 -3.086
80 139 5 134.879 540.255 38.597 2.937 0.788 1.28 0.001
80 140 1 123.533 555.351 38.336 2.296 0.707 1.113 3.129
81 116 1 142.052 478.085 38.855 2.079 1.866 1.252 -0.008
81 121 1 132.733 496.753 38.829 4.21 1.802 1.515 -3.064
81 122 1 131.24 506.887 38.76 4.53 1.851 1.455 3.106
81 124 1 131.975 501.952 38.859 3.9 2.083 1.61 3.079
81 127 5 128.88 521.146 38.755 4.396 1.927 1.742 -3.037
81 134 1 124.945 544.611 38.515 4.562 1.305 1.702 3.111
81 135 4 175.998 511.092 38.495 0.662 0.509 1.454 -1.489
81 136 5 127.735 526.667 38.555 4.198 1.33 1.405 -3.106
81 138 1 126.474 532.334 38.366 4.016 1.043 1.293 -3.103
81 139 5 134.941 540.4 38.477 3.634 0.959 1.592 0.005
81 140 1 123.774 555.593 38.16 2.521 0.368 0.603 3.062
82 116 1 139.154 495.378 38.794 2.591 2.028 1.322 -0
82 121 1 133.035 496.749 38.827 3.968 1.23 1.452 -3.075
82 122 1 131.245 507.04 38.746 4.341 1.805 1.471 3.112
82 124 1 132.146 502.056 38.817 3.687 1.738 1.519 3.09
82 127 5 128.806 521.638 38.793 4.811 2.036 1.746 -3.07
82 134 1 124.775 544.55 38.588 5.147 1.761 1.906 3.1
82 135 4 181.456 512.25 38.528 1.147 0.457 1.229 -1.555
82 136 5 127.491 526.709 38.623 4.882 1.919 1.474 -3.072
82 138 1 126.131 532.191 38.537 4.717 1.822 1.439 -3.124
82 139 5 135.222 540.528 38.533 3.909 1.584 1.693 0.014
82 140 1 123.56 555.995 38.202 3.666 0.708 1.236 -3.134
82 144 1 129.587 574.257 38.208 2.894 0.893 1.246 -0.005
82 147 1 134.105 546.822 38.392 3.846 1.223 1.461 0.029
83 116 1 138.169 501.528 38.771 2.588 1.971 1.347 -0.006
83 121 1 133.488 496.78 38.733 3.573 0.431 1.106 -3.095
83 122 1 131.273 507.09 38.723 4.254 1.795 1.403 3.116
83 124 1 132.268 502.134 38.782 3.446 1.486 1.555 3.11
83 127 5 128.815 521.777 38.79 4.538 1.907 1.733 -3.036
83 134 1 124.752 544.727 38.614 5.309 1.858 1.988 3.134
83 135 4 183.344 512.73 38.576 0.948 0.424 0.804 -1.501
83 136 5 127.483 526.787 38.618 5.038 1.91 1.472 -3.075
83 138 1 126.111 532.354 38.544 4.981 1.878 1.474 -3.111
83 139 5 135.289 540.517 38.547 3.953 1.647 1.669 0.019
83 140 1 123.161 555.983 38.245 3.791 1.531 1.428 -3.112
83 144 1 129.453 575.568 38.392 0.513 0.879 0.925 0.027
83 147 1 134.227 546.939 38.414 4.128 1.491 1.519 0.023
84 116 1 137.124 507.624 38.763 2.566 1.994 1.425 -0.048
84 121 1 133.627 496.622 38.37 3.077 0.552 0.523 3.103
84 122 1 131.254 507.213 38.726 3.959 1.826 1.447 3.127
84 124 1 132.27 502.291 38.791 3.067 1.465 1.461 3.127
84 127 5 128.769 521.801 38.784 4.531 1.893 1.753 -3.03
84 134 1 124.76 544.596 38.657 5.156 1.79 1.965 3.127
84 136 5 127.384 527.033 38.615 4.545 2.008 1.496 -3.092
84 138 1 126.049 532.489 38.535 4.998 2.009 1.393 -3.072
84 139 5 135.348 540.56 38.59 4.092 1.982 1.667 0.025
84 140 1 123.022 556.071 38.295 4.109 1.716 1.462 -3.138
84 144 1 129.165 576.653 38.089 2.91 0.987 1.363 0.025
84 147 1 134.361 546.889 38.406 4.3 1.843 1.482 0.025
85 116 1 136.153 513.605 38.711 2.624 1.874 1.353 -0.031
85 121 1 133.345 497.828 38.443 0.73 0.21 0.516 -0.067
85 122 1 131.27 507.078 38.687 4.202 1.817 1.368 3.123
85 124 1 132.371 502.302 38.845 3.041 1.263 1.466 3.081
85 127 5 128.803 521.892 38.765 4.393 1.78 1.72 -3.039
85 134 1 124.753 544.626 38.676 5.245 1.934 1.939 3.114
85 136 5 127.421 526.948 38.586 4.716 1.899 1.505 -3.099
85 138 1 126.008 532.657 38.552 4.694 1.949 1.473 -3.117
85 139 5 135.442 540.754 38.738 4.421 2.071 1.393 0.014
85 140 1 123.031 556.051 38.333 4.454 1.723 1.488 3.136
85 144 1 129.162 576.907 38.152 3.571 1.073 1.557 0.006
85 147 1 134.401 546.956 38.43 4.402 2.011 1.508 0.016
