0 1 3 10.871 235.1 38.322 0.764 0.58 1.637 -0.146
0 4 2 18.497 248.314 38.771 4.052 2.074 2.545 1.653
0 7 3 11.609 189.391 38.907 0.346 0.232 0.88 -1.339
0 13 4 23.797 195.271 38.455 2.75 1.034 1.686 -3.114
0 17 2 20.552 226.315 38.901 0.998 2.236 2.456 1.571
0 21 3 18.108 193.571 38.424 0.547 0.681 1.528 -3.025
0 23 2 6.872 231.538 39.316 4.407 1.262 2.037 3.127
0 38 1 15.251 197.315 38.526 4.358 1.94 1.763 -3.069
0 43 4 16.022 212.1 38.362 2.025 0.773 1.474 0.033
0 52 2 21.384 220.269 38.75 1.434 2.233 2.442 1.638
1 1 3 10.934 234.408 38.236 0.47 0.813 1.634 0.266
1 4 2 17.919 248.221 38.711 3.062 1.982 2.788 -1.449
1 7 3 11.547 189.737 39.221 0.218 0.246 0.493 0.38
1 13 4 23.26 198.462 38.437 2.808 1.115 1.714 -3.085
1 17 2 20.379 226.085 38.919 0.852 1.788 2.569 1.657
1 21 3 17.876 193.904 38.419 0.672 0.67 1.584 -3.085
1 23 2 7.258 231.757 39.807 4.737 0.563 1.115 -3.081
1 38 1 15.211 197.277 38.611 4.373 2.084 1.898 -3.085
1 43 4 16.245 210.249 38.355 1.62 0.776 1.528 0.057
1 52 2 21.157 220.277 38.782 2.221 1.058 2.618 -3.076
2 1 3 10.994 233.746 38.286 0.58 0.576 1.445 -0.248
2 4 2 17.951 247.871 38.824 2.979 1.392 2.411 1.601
2 7 3 11.407 190.101 38.745 0.627 0.476 1.405 -3.141
2 13 4 22.833 201.486 38.414 2.632 1.357 1.623 3.12
2 17 2 20.329 226.088 38.937 0.625 1.754 2.446 1.543
2 21 3 17.823 194.359 38.424 0.834 0.803 1.537 2.581
2 23 2 7.236 232.308 39.57 3.004 0.271 0.947 -0.019
2 38 1 15.385 197.197 38.534 4.209 1.881 1.78 -3.08
2 43 4 16.458 208.657 38.37 1.513 0.787 1.524 0.063
2 52 2 21.076 220.252 38.993 0.974 2.108 2.629 1.578
3 1 3 11.054 232.955 38.281 0.581 0.526 1.501 -0
3 4 2 17.653 247.954 38.81 1.623 2.482 2.258 -3.117
3 7 3 11.211 190.458 38.778 0.511 0.817 1.454 -2.357
3 13 4 22.069 205.17 38.432 2.51 1.092 1.699 3.142
3 17 2 20.222 226.008 38.911 1.647 0.403 2.377 -3.141
3 21 3 17.671 194.766 38.46 0.665 0.766 1.56 3.142
3 23 2 7.087 233.2 39.451 0.247 1.067 1.06 -1.567
3 38 1 15.274 197.13 38.557 4.207 1.781 1.777 -3.112
3 43 4 16.686 206.803 38.383 1.49 0.791 1.47 0
3 52 2 20.983 220.165 38.895 2.141 0.89 2.842 3.142
3 57 2 30.215 167.48 38.624 0.336 1.253 1.29 1.606
3 58 1 31.906 135.238 38.524 1.622 1.678 1.205 0
4 1 3 11.229 232.081 38.346 0.29 0.719 1.4 3.055
4 4 2 17.48 247.652 38.692 1.361 2.153 2.773 -3.122
4 7 3 10.992 190.334 38.783 0.462 0.894 1.431 -2.073
4 13 4 21.34 209.001 38.317 2.481 1.045 1.591 -3.085
4 17 2 19.923 226.757 38.891 2.957 0.537 1.705 -3.043
4 21 3 17.565 195.153 38.458 0.443 0.786 1.548 2.917
4 38 1 15.273 196.991 38.544 4.141 1.651 1.793 3.133
4 43 4 16.89 205.057 38.392 1.488 0.783 1.482 3.016
4 52 2 20.917 220.203 39.439 2.101 0.788 1.716 -3.1
4 57 2 30.271 167.365 38.621 0.456 1.743 1.946 -1.624
4 58 1 31.97 135.154 38.601 1.425 1.699 1.036 0.013
4 62 2 21.684 166.36 39.279 0.515 2.111 2.531 -1.493
4 64 4 30.673 129.629 38.478 2.565 1.009 1.202 -0.026
5 1 3 11.32 230.909 38.239 0.334 0.475 1.327 0
5 13 4 20.291 214.301 38.425 1.423 1.057 1.473 -3.108
5 17 2 19.6 227.975 38.587 0.304 0.449 1.772 3.049
5 21 3 17.446 195.872 38.427 0.738 0.651 1.589 3.135
5 38 1 15.194 196.935 38.545 4.15 1.727 1.783 -3.133
5 43 4 17.417 202.456 38.367 1.262 0.797 1.445 -0.024
5 52 2 20.967 220.122 39.029 1.915 0.914 2.5 -3.131
5 57 2 30.373 167.401 39.087 0.74 2.679 2.271 -1.598
5 58 1 32.243 134.048 38.479 3.446 1.896 1.45 0
5 62 2 21.257 166.879 39.152 1.875 1.063 2.283 0.052
5 64 4 30.787 129.461 38.492 1.876 1.258 1.332 0
6 1 3 11.471 230.182 38.304 0.311 0.462 1.394 -0.011
6 13 4 19.59 217.498 38.366 1.266 1.033 1.565 0.041
6 17 2 19.581 227.929 38.476 0.237 0.519 1.679 -3.038
6 21 3 17.32 196.182 38.444 0.395 0.601 1.592 -3.063
6 38 1 15.199 196.908 38.523 3.975 1.647 1.809 -3.14
6 43 4 17.786 200.878 38.361 1.343 0.765 1.47 -3.133
6 52 2 21.02 219.876 38.9 1.396 0.995 2.329 3.099
6 57 2 30.857 167.673 39.034 1.811 2.348 2.178 -1.608
6 58 1 31.934 135.028 38.431 1.237 1.794 1.353 0.02
6 62 2 20.825 167.026 38.419 0.92 0.87 0.666 1.571
6 64 4 30.949 128.865 38.533 1.841 1.015 1.485 0.246
6 75 5 34.789 125.942 38.371 0.328 0.445 0.313 3.135
7 1 3 11.579 229.628 38.256 0.336 0.389 1.173 -0.165
7 13 4 18.862 220.709 38.301 1.327 1.072 1.317 0.013
7 17 2 19.41 228.234 38.416 0.802 0.52 1.535 -0.06
7 21 3 17.275 196.662 38.373 0.458 0.753 1.459 3.097
7 38 1 15.273 196.948 38.506 4.099 1.544 1.657 3.099
7 43 4 18.079 199.447 38.375 1.173 0.771 1.263 0.013
7 52 2 21.057 219.717 38.876 1.111 1.013 2.253 3.082
7 57 2 30.915 167.802 38.9 2.048 2.587 2.285 -1.651
7 58 1 31.946 134.857 38.535 1.367 1.806 1.316 -0.041
7 62 2 20.442 167.324 38.775 1.29 1.831 2.062 -1.501
7 64 4 31.299 128.14 38.631 2.16 1.077 1.407 0.252
7 75 5 34.762 126.832 38.341 0.63 0.943 0.536 3.101
8 13 4 18.126 223.862 38.383 1.3 0.942 1.083 3.052
8 17 2 19.497 228.07 38.389 0.611 0.699 1.501 -0.006
8 21 3 17.042 196.953 38.418 0.638 0.616 1.522 3.012
8 38 1 15.321 196.903 38.545 3.913 1.228 1.797 3.13
8 43 4 18.336 197.952 38.429 1.15 0.782 1.429 -0.032
8 52 2 20.967 219.636 39.014 0.968 0.796 2.171 3.109
8 57 2 32.866 168.092 38.892 6.119 2.545 2.371 -1.65
8 58 1 31.985 134.512 38.577 1.902 1.885 1.407 -0.002
8 64 4 31.646 127.32 38.49 2.274 1.239 1.402 0.288
8 75 5 34.758 127.462 38.213 0.865 1.034 0.744 3.139
9 21 3 17.072 197.282 38.398 0.549 0.696 1.452 3.007
9 38 1 15.666 196.834 38.542 3.527 0.821 1.56 -3.113
9 43 4 18.552 196.583 38.413 1.405 0.721 1.428 -0.006
9 52 2 20.981 219.616 39.14 0.822 0.792 2.357 3.113
9 57 2 30.724 167.772 38.894 2.004 2.472 2.111 -1.636
9 58 1 32.068 133.151 38.578 4.171 2.116 1.302 -0.098
9 64 4 31.909 126.482 38.462 1.637 0.958 1.233 0.064
9 75 5 34.565 127.202 38.617 2.084 1.53 1.526 -3.077
9 84 2 22.746 151.806 39.135 1.267 2.028 2.507 1.479
10 21 3 16.913 197.838 38.27 0.723 0.582 1.369 -0.095
10 38 1 15.722 196.874 38.236 3.437 0.524 1.165 0.058
10 43 4 18.672 194.693 38.331 1.188 0.776 1.38 -0.08
10 52 2 20.841 219.548 39.051 0.867 0.701 2.388 -3.057
10 57 2 31.074 167.752 38.862 2.51 2.437 2.197 -1.623
10 58 1 31.834 132.811 38.601 4.304 1.84 1.43 -0.282
10 64 4 32.272 123.708 38.795 1.213 1.446 1.146 0.184
10 75 5 34.501 128.122 38.303 0.767 1.339 0.82 3.095
10 84 2 22.544 151.912 39.115 1.764 2.246 2.566 1.57
10 91 2 15.838 161.722 39.919 0.094 1.014 1.096 -2.845
11 21 3 16.94 198.29 38.396 0.334 0.558 1.355 -3.079
11 38 1 15.781 197.099 38.225 3.211 0.221 1.07 0.082
11 43 4 19.067 192.488 38.369 1.187 0.768 1.063 0.071
11 57 2 30.387 167.787 39.013 1.147 2.145 2.111 -1.553
11 58 1 31.833 132.36 38.593 4.304 1.771 1.362 -0.197
11 75 5 34.445 127.665 38.505 2.65 1.494 1.166 3.055
11 84 2 21.949 151.81 39.088 2.512 2.167 2.477 1.623
11 91 2 15.503 163.628 39.329 3.953 2.34 2.282 -2.784
12 21 3 16.853 198.718 38.568 0.283 0.445 0.882 -3.084
12 43 4 19.299 190.982 38.356 1.168 0.836 1.036 -3.033
12 57 2 30.101 167.664 39.083 0.501 1.913 2.132 -1.551
12 58 1 31.786 132.065 38.596 4.222 1.833 1.429 -0.216
12 75 5 34.403 127.581 38.786 3.34 1.37 1.467 3.037
12 84 2 20.925 152.149 39.104 4.033 1.145 2.555 1.655
12 91 2 15.04 164.516 39.359 6.006 2.238 2.486 -2.752
13 21 3 16.683 199.575 38.325 0.314 0.589 1.262 0.143
13 43 4 20.45 187.532 38.338 1.02 0.569 1.089 -2.569
13 57 2 30.017 167.754 38.871 1.967 0.41 1.824 -3.085
13 58 1 31.446 131.046 38.629 4.464 1.818 1.371 -0.287
13 75 5 34.318 128.626 38.771 3.23 1.768 1.614 -2.975
13 91 2 14.898 164.512 39.4 6.156 2.422 2.565 -2.737
13 100 5 38.658 96.868 38.78 0.87 0.7 0.82 0.001
13 101 5 32.954 116.766 39.13 0.187 0.739 0.32 0.308
13 103 5 36.626 97.516 39.262 0.834 0.928 0.749 0.009
14 21 3 16.566 199.991 38.262 0.307 0.551 1.277 3.062
14 43 4 21.039 185.885 38.324 1.092 0.562 1.073 0.498
14 57 2 30.001 167.595 38.683 0.341 1.707 1.283 1.676
14 58 1 31.348 130.397 38.632 4.701 1.875 1.384 -0.334
14 75 5 34.068 128.98 38.607 3.613 2.001 1.405 -3.059
14 91 2 15.809 164.872 39.351 5.918 0.48 2.63 -2.744
14 100 5 38.567 98.641 38.596 1.15 0.926 1.297 3.019
14 101 5 32.835 114.914 39.135 0.3 0.806 0.307 0.112
14 103 5 36.459 99.851 39.207 1.734 0.993 1.336 -3.067
14 105 1 35.27 118.316 38.905 0.837 0.393 0.806 -2.937
14 108 2 45.435 105.219 40.573 4.632 2.039 1.761 1.777
15 21 3 16.543 200.241 38.359 0.326 0.294 1.089 0.059
15 43 4 21.62 184.092 38.366 1.075 0.745 1.105 0.059
15 57 2 29.925 167.56 38.603 1.832 0.377 1.159 -3.084
15 58 1 31.225 130.231 38.642 4.48 1.878 1.511 -0.322
15 75 5 33.912 129.69 38.641 3.691 2.027 1.48 3.129
15 100 5 38.304 99.623 38.627 1.242 0.912 1.301 -2.967
15 101 5 32.878 113.256 39.139 0.685 0.266 0.695 1.612
15 103 5 36.487 102.003 39.232 2.336 1.108 1.271 3.016
15 105 1 35.201 119.48 38.898 0.883 0.575 0.978 0.157
15 108 2 43.889 105.658 40.139 1.625 0.414 1.35 -1.396
16 43 4 22.255 182.26 38.395 1.106 0.759 1.189 0.027
16 57 2 29.957 167.611 38.565 1.76 0.317 1.068 0.091
16 58 1 31.169 130.177 38.658 4.53 1.874 1.391 -0.331
16 75 5 33.917 130.463 38.767 3.901 1.979 1.638 -3.092
16 100 5 38.114 101.328 38.823 1.436 0.895 1.472 0.034
16 101 5 32.925 111.06 39.122 0.91 0.845 0.639 0.065
16 103 5 36.468 104.359 39.117 2.713 1.167 1.383 2.953
16 105 1 35.228 120.668 38.959 0.882 0.507 0.894 -0.016
16 108 2 44.068 105.776 40.195 0.239 1.079 1.094 0.278
16 116 2 25.532 137.603 39.624 1.51 0.152 0.522 -3.054
17 43 4 22.766 180.339 38.449 1.039 0.808 1.128 0.058
17 57 2 29.931 167.545 38.503 0.286 1.715 1.088 1.663
17 58 1 31.165 130.12 38.668 4.574 1.735 1.487 -0.366
17 75 5 33.798 131.561 38.719 4.275 2.107 1.651 -3.111
17 100 5 38.057 103.092 38.704 1.387 0.492 1.259 0.081
17 101 5 32.793 109.431 38.99 0.39 1.036 0.957 3.108
17 103 5 36.469 107.118 39.119 2.597 1.02 1.459 2.993
17 105 1 35.31 121.779 38.823 0.886 0.498 0.923 -3.028
17 108 2 44.046 105.783 40.094 0.313 1.233 1.296 -3.033
17 116 2 24.9 137.847 39.585 1.692 1.407 1.297 0.006
18 43 4 23.185 178.42 38.434 1.116 0.78 1.54 0.077
18 58 1 31.129 130.004 38.662 4.718 1.744 1.522 -0.345
18 75 5 33.627 133.068 38.744 4.142 2.077 1.759 3.134
18 101 5 33.017 107.591 39.063 0.453 1.004 0.951 -3.048
18 103 5 36.366 109.702 38.992 2.595 1.107 1.52 3.016
18 105 1 35.381 122.965 38.662 1.35 0.681 1.459 -0.006
18 108 2 44.318 105.879 40.407 0.183 1.088 0.771 -2.952
18 116 2 24.114 137.968 39.091 1.479 2.996 2.324 -0.038
19 43 4 23.627 176.042 38.483 1.186 0.662 1.071 0.111
19 58 1 31.16 129.857 38.667 4.574 1.794 1.453 -0.33
19 75 5 33.276 135.141 38.759 4.302 2.001 1.711 -3.111
19 101 5 33.165 105.63 39.039 1.08 0.643 0.963 1.757
19 103 5 36.054 112.6 38.873 2.378 1.326 1.797 -3.027
19 105 1 35.176 124.32 38.7 1.482 0.658 1.506 -3.089
19 108 2 44.435 105.9 40.476 1.095 0.097 0.524 1.706
19 116 2 22.874 137.838 39.077 5.434 1.141 2.475 -1.583
20 43 4 24.002 173.856 38.459 1.134 0.673 1.118 -3.087
20 58 1 31.166 129.585 38.689 4.407 1.741 1.445 -0.26
20 75 5 32.88 137.252 38.762 4.342 1.977 1.695 -3.07
20 101 5 33.358 103.738 39.043 0.851 1.13 0.977 0.042
20 103 5 35.719 115.164 38.908 2.882 1.097 1.802 -0.022
20 105 1 35.044 125.659 38.676 1.543 0.737 1.518 2.884
20 108 2 44.476 105.919 40.513 0.159 0.913 0.55 0.225
20 116 2 22.073 137.72 39.144 7.072 1.266 2.511 -1.595
20 128 2 20.692 141.712 39.109 4.336 0.175 1.557 -1.579
20 129 5 37.675 102.391 38.617 0.316 0.308 1.312 -3.123
21 43 4 24.38 171.661 38.493 1.359 0.79 1.347 0.053
21 58 1 31.322 129.377 38.682 4.101 1.895 1.406 -0.175
21 75 5 32.495 139.934 38.765 5.395 1.925 1.702 -3.139
21 101 5 33.398 102.856 38.837 1.91 1.096 1.189 3.137
21 103 5 35.373 117.716 38.907 2.808 1.116 1.726 2.992
21 105 1 34.869 127.146 38.701 1.565 0.72 1.509 3.029
21 108 2 44.588 106.004 40.242 1.763 0.427 1.378 1.783
21 116 2 21.64 137.914 39.049 7.876 1.19 2.726 -1.611
21 128 2 21.29 141.861 39.291 3.186 0.28 1.146 -1.568
21 129 5 37.468 104.336 38.681 0.986 0.442 1.472 -3.02
22 43 4 25.377 166.928 38.518 1.228 0.763 1.495 0.06
22 58 1 31.357 129.203 38.696 4.265 2.213 1.43 -0.122
22 101 5 34.042 98.755 38.736 2.134 1.069 1.336 0.031
22 103 5 35.241 123.259 38.897 2.883 1.066 1.84 3.004
22 105 1 34.216 130.912 38.703 1.532 0.706 1.535 3.09
22 108 2 44.756 106.135 40.311 2.016 0.594 1.259 1.818
22 116 2 21.627 138.112 39.137 7.817 1.151 2.579 -1.599
22 128 2 21.594 142.064 39.182 4.452 0.513 2.38 1.563
22 129 5 37.007 108.223 38.853 1.281 0.56 1.283 3.077
22 135 4 36.322 113.628 38.681 2.1 1.135 1.497 -3.028
22 136 1 31.396 145.566 38.742 4.248 1.834 1.776 -3.098
23 43 4 25.659 165.427 38.546 1.361 0.785 1.454 -3.052
23 58 1 31.356 129.159 38.682 4.417 1.889 1.473 -0.139
23 101 5 34.201 97.592 38.774 1.861 1.08 1.311 0.059
23 103 5 35.119 124.984 38.908 2.97 1.147 1.866 3.042
23 105 1 34.024 132.215 38.696 1.762 0.716 1.549 3.086
23 108 2 44.79 106.02 40.699 1.352 0.123 0.481 -1.424
23 116 2 22.237 138.089 39.111 6.737 0.869 2.576 -1.609
23 128 2 21.592 142.021 39.658 4.454 0.484 1.414 1.587
23 129 5 36.779 109.838 38.661 1.006 0.74 1.443 3.1
23 135 4 35.998 115.144 38.741 1.963 0.929 1.485 -3.028
23 136 1 31.013 148.159 38.745 4.243 1.935 1.711 -3.08
24 43 4 25.777 164.049 38.585 1.323 0.729 1.423 0.057
24 58 1 31.292 129.33 38.67 4.327 1.905 1.496 -0.154
24 101 5 34.32 96.186 38.744 1.727 1.173 1.371 -2.915
24 103 5 34.877 126.735 38.847 2.923 1.064 1.814 3.115
24 105 1 33.918 133.763 38.676 1.694 0.688 1.527 3.036
24 108 2 44.479 105.932 40.437 0.735 0.068 0.5 1.809
24 116 2 22.178 138.037 39.101 6.73 1.017 2.605 -1.605
24 128 2 21.342 141.994 39.628 3.615 0.505 1.417 -1.578
24 129 5 36.557 110.89 38.812 1.397 0.608 1.201 -3.024
24 135 4 35.823 116.445 38.735 2.002 0.873 1.556 -3.046
24 136 1 30.472 150.949 38.733 4.297 1.877 1.706 -3.082
25 43 4 25.621 162.857 38.58 1.436 0.783 1.452 -0.245
25 58 1 31.323 129.355 38.681 4.292 1.918 1.434 -0.158
25 101 5 34.556 94.775 38.863 2.176 1.212 1.177 0.485
25 103 5 34.624 128.453 38.85 3.01 1.104 1.866 3.11
25 105 1 33.795 135.345 38.656 1.667 0.73 1.517 2.858
25 108 2 44.544 105.953 40.608 0.6 0.079 0.191 -1.428
25 116 2 22.151 137.927 39.153 6.846 0.93 2.525 -1.585
25 128 2 21.341 141.906 39.603 3.04 0.293 1.43 -1.606
25 129 5 36.35 112.467 38.815 1.215 0.738 1.292 3.107
25 135 4 35.672 117.902 38.671 2.132 0.876 1.379 3.107
25 136 1 30.03 153.724 38.69 4.092 2.08 1.681 -3.061
25 139 5 26.627 114.286 40.232 0.779 0.58 0.794 0.118
26 43 4 25.261 161.905 38.576 1.654 0.674 1.486 -0.512
26 58 1 31.315 129.399 38.666 4.205 1.825 1.478 -0.17
26 101 5 34.857 93.408 38.754 1.57 1.213 1.485 0.123
26 103 5 34.352 130.277 38.897 3.032 1.132 1.83 3.096
26 105 1 33.669 136.966 38.647 1.695 0.698 1.479 2.9
26 108 2 44.602 105.947 40.464 0.179 0.899 0.515 0.049
26 116 2 23.428 138.186 39.665 4.513 0.946 1.282 1.545
26 128 2 22.162 142.179 39.56 4.128 0.998 1.538 1.567
26 129 5 36.195 113.799 38.782 1.61 0.756 1.403 3.092
26 135 4 35.498 119.269 38.698 2.268 0.938 1.456 2.979
26 136 1 29.448 156.611 38.674 4.033 1.902 1.644 -3.066
26 139 5 26.551 114.359 40.247 1.053 0.669 0.822 -2.977
27 43 4 24.573 161.132 38.517 1.757 0.796 1.451 -0.785
27 58 1 31.339 129.569 38.713 4.124 1.973 1.407 -0.096
27 101 5 35.089 92.534 38.814 1.878 1.045 1.266 0.057
27 103 5 34.094 132.237 38.886 2.945 1.157 1.885 -3.134
27 105 1 33.541 138.515 38.674 1.818 0.929 1.5 -3.058
27 108 2 44.64 105.857 40.678 0.454 0.779 0.572 -3.028
27 116 2 22.555 138.357 39.637 2.823 0.258 1.354 1.529
27 128 2 22.321 142.351 39.129 3.867 1.197 2.382 1.585
27 129 5 35.889 115.3 38.746 1.706 0.827 1.562 -3.088
27 135 4 35.341 120.613 38.701 2.633 0.908 1.5 3.081
27 136 1 28.898 159.56 38.604 4.036 2.043 1.616 -3.112
27 139 5 26.387 114.304 40.081 0.993 0.93 1.153 -0.257
28 43 4 23.781 160.391 38.554 1.616 0.622 1.414 -1.231
28 58 1 31.502 129.801 38.687 4.195 2.143 1.47 -0.059
28 101 5 35.279 91.476 38.735 1.885 1.127 1.423 0.059
28 103 5 33.805 134.243 38.871 3.047 1.22 1.9 -3.129
28 105 1 33.187 140.123 38.703 1.738 0.768 1.438 -3.082
28 108 2 44.685 105.932 40.683 0.355 0.73 0.329 -3.025
28 116 2 23.367 137.871 39.472 4.542 1.267 1.646 -1.611
28 128 2 22.559 142.496 39.562 3.514 1.282 1.487 -1.611
28 129 5 35.637 116.941 38.644 1.263 0.881 1.426 3.081
28 135 4 35.228 122.129 38.736 2.507 0.882 1.517 3.048
28 136 1 28.397 162.611 38.642 4.062 1.887 1.683 -3.087
28 139 5 26.415 114.28 40.15 1.258 0.932 1.164 -3.099
29 43 4 23.267 160.031 38.612 0.564 0.619 1.487 -3.097
29 58 1 31.403 130.515 38.685 3.256 2.138 1.45 0.032
29 101 5 35.405 90.546 38.839 1.886 1.114 1.264 -2.991
29 103 5 33.373 136.409 38.862 3.013 1.171 1.903 3.137
29 105 1 32.929 141.898 38.65 1.683 0.825 1.528 -3.134
29 108 2 44.74 105.959 40.699 0.507 0.716 0.412 -3.076
29 128 2 22.653 142.523 39.558 3.317 1.433 1.47 1.559
29 129 5 35.446 118.088 38.704 1.686 0.915 1.425 -3.134
29 135 4 35.184 123.566 38.71 2.504 0.868 1.51 2.852
29 136 1 27.782 165.752 38.594 4.191 1.869 1.626 -3.045
29 139 5 26.359 114.313 40.103 1.018 0.99 1.122 -0.024
29 146 5 40.407 87.877 38.537 0.552 1.616 0.319 -0.054
30 58 1 31.377 130.692 38.696 3.191 2.026 1.456 0.053
30 101 5 35.473 89.748 38.846 1.928 1.042 1.301 0.054
30 103 5 32.898 138.446 38.867 2.868 1.074 1.885 -3.084
30 105 1 32.505 143.525 38.654 1.65 0.652 1.513 -3.087
30 108 2 46.156 105.359 40.924 2.917 2.311 0.774 1.751
30 128 2 22.787 142.618 39.541 3.079 1.692 1.47 1.545
30 129 5 35.341 119.555 38.785 1.726 0.825 1.376 -3.135
30 135 4 35.248 124.962 38.683 2.561 0.788 1.505 2.987
30 136 1 27.242 168.772 38.556 4.132 1.823 1.541 -3.071
30 139 5 26.332 114.321 40.229 1.104 0.931 0.876 -3.062
30 146 5 39.392 89.364 38.458 0.763 1.705 0.625 -2.962
31 58 1 31.481 130.579 38.695 3.138 1.942 1.468 0.102
31 101 5 35.704 88.061 38.772 1.474 1.031 1.06 0.129
31 103 5 31.19 144.138 38.85 3.186 1.099 1.879 -3.032
31 108 2 46.208 105.519 40.887 3.722 0.787 1.296 -1.991
31 128 2 22.971 142.765 39.607 2.594 1.861 1.336 1.567
31 129 5 35.281 123.142 38.734 1.925 0.834 1.549 2.829
31 135 4 34.878 128.414 38.739 2.606 0.918 1.565 -3.141
31 136 1 26.217 174.791 38.478 0.869 1.854 1.616 -3.119
31 139 5 26.283 114.295 40.047 0.968 0.937 1.296 1.585
31 146 5 37.715 92.153 38.432 3.829 2.121 0.659 0.248
31 148 1 20.994 190.831 38.335 0.726 1.759 0.762 -3.125
32 58 1 31.822 129.571 38.68 4.244 1.906 1.458 0.17
32 101 5 35.881 87.294 38.842 1.855 1.092 1.061 0.053
32 103 5 30.455 146.633 38.839 3.159 1.134 1.903 -3.065
32 105 1 31.903 148.472 38.606 0.804 0.54 1.496 -3.096
32 108 2 46.294 105.479 40.945 3.144 2.062 0.738 -1.504
32 128 2 23.247 142.91 39.648 2.181 2.141 1.252 1.478
32 129 5 35.168 124.861 38.727 1.831 0.925 1.52 3.089
32 135 4 34.585 129.784 38.722 2.596 0.909 1.526 3.128
32 136 1 25.4 179.254 38.422 3.523 1.774 1.063 -3.081
32 139 5 26.268 114.269 39.983 0.935 1.068 1.261 -1.408
32 146 5 36.911 94.273 38.542 3.349 2.107 1.026 0.073
32 148 1 21.337 188.11 38.497 2.296 1.948 1.621 -3.121
33 58 1 32.242 128.764 38.687 4.385 1.737 1.447 0.23
33 101 5 36.251 86.334 38.812 1.818 1.11 1.333 0.117
33 103 5 29.974 149.016 38.821 2.778 1.158 1.908 3.108
33 105 1 31.589 150.025 38.593 1.456 0.739 1.513 3.122
33 108 2 46.425 105.423 40.796 4.12 1.97 1.769 -2.279
33 128 2 23.213 143.009 39.61 2.238 2.056 1.254 1.518
33 129 5 34.986 126.493 38.72 1.805 0.909 1.586 2.988
33 135 4 34.252 131.207 38.828 2.63 0.902 1.738 -3.142
33 136 1 25.112 181.415 38.458 1.027 1.83 1.593 -0.012
33 139 5 26.193 114.334 39.96 1.034 0.884 1.365 1.689
33 146 5 36.405 96.384 38.597 3.47 1.795 1.205 0.036
33 148 1 21.857 184.572 38.272 1.81 1.946 1.26 -0.055
34 58 1 32.675 127.895 38.647 4.465 1.767 1.544 0.258
34 101 5 36.577 85.342 38.779 2.198 1.274 1.308 -3.137
34 103 5 29.546 151.284 38.813 1.83 1.106 1.82 -0.057
34 105 1 31.358 151.14 38.617 1.421 0.724 1.507 0.014
34 108 2 46.505 105.424 40.887 3.809 1.098 1.221 -2.233
34 128 2 23.495 143.086 39.642 1.969 1.422 1.204 3.115
34 129 5 34.853 128.184 38.708 1.915 0.873 1.528 2.95
34 135 4 33.989 132.549 38.724 2.655 0.936 1.534 -3.139
34 136 1 24.506 184.728 38.448 0.898 1.69 1.543 3.038
34 139 5 25.948 114.465 40.001 0.631 1.188 1.762 -3.108
34 146 5 35.903 99.114 38.586 2.622 1.523 1.266 2.983
34 148 1 22.447 181.189 38.217 0.768 2.003 1.109 -3.031
34 153 1 25.469 127.252 38.409 1.862 0.783 1 -0.783
35 58 1 33.09 126.934 38.677 4.443 1.823 1.467 0.207
35 101 5 36.989 84.211 38.693 1.231 0.658 0.878 -2.826
35 103 5 29.314 154.076 38.8 1.415 1.073 1.871 2.931
35 105 1 31.205 152.067 38.588 1.446 0.739 1.514 -3.078
35 108 2 46.697 105.556 40.997 3.422 2.173 0.715 1.58
35 129 5 34.551 129.848 38.718 2.199 0.83 1.555 3.065
35 135 4 33.867 133.944 38.705 2.575 1.076 1.599 3.116
35 136 1 23.847 188.398 38.486 0.987 1.479 1.687 3.135
35 139 5 25.871 114.581 39.947 0.752 0.155 1.331 -1.544
35 146 5 36.142 100.982 38.639 3.316 1.993 1.138 3.123
35 148 1 22.978 179.068 38.378 1.51 1.867 1.13 3.112
35 153 1 25.084 127.318 38.583 1.957 1.672 1.383 1.484
36 58 1 33.238 126.218 38.715 3.081 2.085 1.478 0.022
36 101 5 37.258 83.69 38.611 1.67 1.133 1.22 -3.095
36 103 5 29.073 157.404 38.763 1.075 1.095 1.764 2.988
36 105 1 30.882 153 38.526 1.484 0.601 1.399 -3.017
36 108 2 46.85 105.627 41.053 3.646 0.868 0.595 -2.376
36 129 5 34.016 132.06 38.737 1.792 0.839 1.535 3.101
36 135 4 33.802 135.734 38.612 2.53 0.571 1.286 3.115
36 136 1 23.006 192.395 38.642 0.543 1.553 1.042 -0.02
36 139 5 25.579 114.484 39.703 0.156 0.62 2.053 -0.015
36 146 5 36.094 103.319 38.67 3.84 1.84 1.364 2.798
36 148 1 23.547 176.687 38.592 2.642 1.945 1.622 3.051
36 153 1 24.741 127.248 38.626 2.104 1.673 1.463 -1.725
37 58 1 33.57 124.66 38.695 3.146 1.994 1.454 -0.072
37 101 5 38.12 81.985 38.684 1.6 0.875 0.881 -3.057
37 103 5 28.779 161.264 38.745 1.405 1.102 1.767 2.96
37 105 1 30.587 153.841 38.591 1.473 0.772 1.536 -3.109
37 135 4 33.319 137.392 38.692 2.712 0.933 1.588 3.011
37 139 5 25.18 114.072 39.556 0.833 0.553 2.26 3.002
37 146 5 36.233 105.533 38.687 3.917 2.036 1.369 2.872
37 148 1 24.235 173.647 38.51 2.075 2.04 1.57 -0.074
37 153 1 23.972 127.211 38.65 2.619 1.766 1.445 1.399
38 58 1 33.774 123.361 38.708 3.11 2.116 1.436 -0.153
38 101 5 38.319 81.544 38.808 2.435 1.081 1.033 -3.066
38 103 5 28.45 164.51 38.707 1.613 1.069 1.704 2.952
38 105 1 30.517 154.42 38.511 1.376 0.833 1.43 3.086
38 135 4 33.168 138.474 39.008 2.049 0.692 0.887 3.068
38 146 5 36.209 107.058 38.729 3.925 1.888 1.446 2.832
38 148 1 24.742 171.897 38.713 2.937 1.926 1.526 -0.138
38 153 1 24.08 127.404 38.587 3.741 1.477 1.506 1.369
38 176 4 32.583 136.147 38.682 1.932 0.902 1.586 3.068
39 58 1 33.858 121.114 38.708 4.249 1.829 1.484 -0.218
39 101 5 39.093 79.966 38.633 1.819 0.827 1.339 -3.086
39 103 5 27.903 168.374 38.64 1.821 1.097 1.814 3.077
39 105 1 30.51 154.914 38.519 0.982 0.73 1.344 3.01
39 135 4 32.847 140.07 38.679 2.008 0.981 1.592 3.09
39 146 5 36.122 108.502 38.905 3.346 2.148 0.933 2.96
39 148 1 25.425 168.934 38.65 2.193 2.108 1.271 3.093
39 153 1 23.288 126.852 38.988 1.324 0.775 0.368 -1.693
39 176 4 31.724 138.735 38.682 1.699 0.818 1.564 3.09
40 58 1 33.645 117.294 38.709 4.363 1.775 1.459 -0.297
40 101 5 40.203 77.63 38.774 1.995 0.953 1.236 -3.007
40 103 5 26.162 174.899 38.782 1.246 1.056 1.574 -3.077
40 105 1 30.506 155.867 38.429 0.839 0.698 1.384 2.928
40 135 4 32.452 142.957 38.63 1.835 0.955 1.582 3.04
40 146 5 36.125 110.406 38.737 3.709 1.857 1.46 2.899
40 148 1 26.418 164.421 38.598 2.424 1.967 1.625 0.066
40 153 1 23.6 126.95 39.037 1.913 1.373 0.523 -1.599
40 176 4 30.762 144.004 38.634 1.831 0.913 1.567 3.136
41 58 1 33.61 115.446 38.732 4.273 1.987 1.445 -0.25
41 101 5 40.624 76.531 38.892 2.228 1.126 1.261 0.14
41 103 5 25.428 178.101 38.737 1.038 1.007 1.469 0.064
41 105 1 30.555 156.288 38.614 0.93 0.611 1.366 2.65
41 135 4 32.223 144.091 38.603 1.697 0.915 1.419 -3.088
41 146 5 36.118 110.823 38.751 3.947 1.932 1.424 3.02
41 148 1 26.793 162.234 38.615 2.258 1.906 1.627 0.035
41 153 1 23.534 127.025 39.048 2.278 1.705 0.646 -1.514
41 176 4 30.536 146.025 38.679 1.149 0.798 1.51 3.051
42 58 1 33.483 113.987 38.756 3.227 1.923 1.435 -0.154
42 101 5 40.921 75.333 38.721 0.938 1.026 0.916 -3.098
42 103 5 24.701 181.175 38.764 0.8 0.838 1.041 -3.091
42 105 1 30.592 156.697 38.64 1.119 1 1.545 -2.963
42 135 4 32.032 145.355 38.585 1.811 0.848 1.55 -3.1
42 146 5 36.049 111.22 38.734 3.911 1.958 1.43 3.104
42 148 1 27.09 159.931 38.456 2.022 2.015 1.344 -3.098
42 153 1 23.586 127.217 39.084 2.01 1.112 0.566 -1.612
42 176 4 30.368 148.301 38.594 1.634 0.828 1.635 -3.131
43 58 1 33.393 111.775 38.757 3.146 2.14 1.411 -0.085
43 101 5 41.036 74.581 38.58 1.467 0.619 1.191 0.166
43 105 1 30.497 156.691 38.478 0.961 0.748 1.396 3.115
43 135 4 31.919 146.587 38.552 2.011 0.956 1.489 -3.104
43 146 5 36.019 111.321 38.738 4.001 2.036 1.443 3.124
43 148 1 27.201 157.89 38.582 2.349 2.021 1.633 0.023
43 176 4 30.205 149.976 38.588 1.175 0.838 1.519 -3.066
43 198 5 31.404 96.276 38.329 0.357 0.212 0.371 -2.838
44 58 1 33.83 107.318 38.786 4.075 1.9 1.402 0.113
44 101 5 41.495 73.081 38.791 0.149 0.412 0.339 0.439
44 105 1 30.453 156.787 38.438 0.896 0.723 1.467 0.427
44 135 4 31.571 148.163 38.619 1.626 0.89 1.493 -2.94
44 146 5 35.979 111.631 38.707 4.256 2.027 1.545 -3.058
44 148 1 27.599 154.23 38.604 2.288 1.904 1.733 0.202
44 176 4 29.949 152.893 38.563 1.041 0.841 1.406 -2.94
44 198 5 31.349 96.148 38.294 0.589 0.371 0.464 -2.897
44 200 2 31.888 95.035 38.288 0.269 0.279 0.642 -2.897
45 58 1 34.102 105.119 38.757 3.53 1.963 1.448 0.202
45 101 5 41.738 72.751 38.708 1.998 0.751 1.102 0.473
45 105 1 30.298 156.712 38.389 0.765 0.265 1.004 -2.747
45 135 4 31.34 149.139 38.559 1.594 0.924 1.422 -2.939
45 146 5 35.913 111.92 38.761 4.305 1.921 1.444 -3.034
45 148 1 27.93 151.738 38.637 2.123 1.893 1.58 -2.812
45 176 4 29.567 154.864 38.429 1.138 0.886 1.326 -2.743
45 198 5 31.359 96.32 38.276 0.245 0.204 0.476 -2.767
45 200 2 31.867 95.024 38.334 0.299 0.279 0.421 -2.767
45 210 2 32.352 93.54 38.295 0.167 0.253 0.301 -2.767
46 58 1 34.431 102.321 38.768 3.122 2.074 1.477 0.178
46 101 5 42.312 71.585 38.833 2.423 1.016 1.282 0.45
46 105 1 30.471 157.034 39.02 0.138 0.433 0.306 -2.698
46 135 4 30.792 150.85 38.556 2.649 0.871 1.555 -2.72
46 146 5 35.89 112.178 38.754 4.478 1.998 1.466 -2.971
46 148 1 28.46 149.064 38.674 2.628 2.101 1.704 0.245
46 176 4 29.039 157.399 38.504 1.029 0.586 1.375 -2.81
46 198 5 31.338 96.334 38.27 0.189 0.252 0.505 0.261
46 200 2 31.811 95.023 38.285 0.286 0.254 0.557 0.284
46 210 2 32.312 93.52 38.237 0.294 0.287 0.435 0.313
47 58 1 34.751 99.708 38.772 3.107 2.168 1.471 0.132
47 101 5 42.59 71.105 38.816 1.75 1.215 1.313 0.287
47 105 1 30.553 156.897 38.466 0.808 0.702 1.484 0.255
47 135 4 30.227 151.714 38.562 2.546 0.938 1.485 -2.63
47 146 5 35.998 112.661 38.96 4.414 1.738 1.041 -3.101
47 148 1 28.894 146.731 38.706 2.816 2.08 1.708 0.08
47 176 4 28.685 159.635 38.615 0.939 0.484 1.048 0.337
47 198 5 31.297 96.276 38.232 0.303 0.225 0.515 -2.915
47 200 2 31.812 94.999 38.339 0.353 0.212 0.616 -2.878
47 210 2 32.319 93.503 38.24 0.264 0.269 0.521 -2.893
48 58 1 35.976 93.478 38.789 3.232 1.754 1.419 0.248
48 101 5 43.059 69.301 38.947 1.937 1.104 1.303 0.203
48 146 5 35.195 114.815 38.714 4.097 1.68 1.364 -2.959
48 148 1 29.498 141.668 38.649 2.226 1.827 1.565 -2.989
48 198 5 31.303 96.304 38.288 0.308 0.234 0.615 2.062
48 200 2 31.816 94.978 38.351 0.296 0.295 0.681 2.062
48 210 2 32.299 93.484 38.315 0.275 0.199 0.607 2.062
48 226 1 46.212 91.442 40.152 0.553 0.963 1.358 -1.43
48 229 4 47.598 51.42 39.077 2.659 1.042 1.218 0.798
48 233 1 41.421 118.261 39.99 0.924 0.172 1.102 -1.385
49 58 1 36.935 90.102 38.818 4.19 1.845 1.461 -2.9
49 101 5 43.33 68.576 38.827 1.17 1.751 1.448 1.716
49 146 5 34.912 116.184 38.698 4.075 1.94 1.483 0.098
49 148 1 29.706 140.01 38.645 2.426 1.863 1.784 -3.053
49 198 5 31.313 96.248 38.296 0.336 0.349 0.591 1.737
49 200 2 31.812 94.987 38.375 0.328 0.432 0.733 1.737
49 210 2 32.292 93.492 38.315 0.337 0.349 0.62 1.737
49 226 1 47.584 91.363 39.429 1.909 2.661 2.891 0.143
49 229 4 47.898 50.032 39.04 2.976 2.989 1.827 0.923
49 233 1 41.153 118.477 40.085 0.928 0.69 1.175 -1.46
50 58 1 37.993 87.111 38.835 4.351 1.911 1.444 0.243
50 146 5 34.595 117.769 38.718 4.113 1.834 1.471 -3.052
50 148 1 29.973 138.301 38.716 2.285 1.72 1.537 -3.053
50 198 5 31.338 96.168 38.325 0.428 0.286 0.599 -2.984
50 200 2 31.837 94.952 38.365 0.358 0.27 0.675 -2.984
50 210 2 32.293 93.492 38.335 0.293 0.302 0.634 -2.984
50 226 1 48.733 91.825 39.422 3.262 1.703 2.903 -1.365
50 229 4 49.431 50.33 39.141 2.757 1.006 1.791 0.943
50 233 1 40.452 118.66 40.094 0.574 1.378 1.331 -1.458
50 247 1 44.145 110.215 38.614 3.786 0.508 1.436 -1.461
51 58 1 39.16 84.092 38.852 4.227 1.903 1.471 0.267
51 146 5 34.465 119.234 38.675 3.606 1.783 1.524 -3.115
51 148 1 30.215 136.886 38.608 1.928 1.977 1.219 -2.956
51 198 5 31.308 96.208 38.274 0.256 0.245 0.501 1.657
51 200 2 31.803 94.967 38.383 0.356 0.303 0.675 0.178
51 210 2 32.279 93.453 38.342 0.321 0.294 0.6 -1.943
51 226 1 49.174 92.416 39.433 2.085 0.796 2.873 1.708
51 229 4 50.157 49.725 39.188 2.685 1.123 1.376 0.792
51 233 1 40.266 119.091 40.596 1.625 0.737 0.429 0.077
51 247 1 43.786 110.137 38.799 3.768 0.713 1.712 1.687
52 58 1 40.215 81.53 38.839 3.089 1.876 1.423 0.253
52 146 5 34.426 121.126 38.544 3.537 2.039 1.149 -0.085
52 148 1 30.249 135.667 38.649 1.956 1.944 1.444 -0.056
52 198 5 31.33 96.179 38.415 0.227 0.348 0.382 -3.057
52 200 2 31.813 94.9 38.391 0.367 0.391 0.68 -3.055
52 210 2 32.317 93.488 38.331 0.276 0.329 0.571 -3.09
52 229 4 50.929 49.175 39.229 2.853 1.026 1.304 0.716
52 247 1 43.208 110.277 38.768 3.294 1.181 1.889 1.619
52 258 5 54.8 46.711 38.942 0.633 0.308 1.377 -1.466
52 261 5 54.64 48.381 38.773 0.468 0.599 0.867 -1.599
53 58 1 41.504 78.514 38.866 3.153 2.1 1.426 0.145
53 146 5 34.378 122.924 38.595 3.129 1.961 1.32 3.067
53 148 1 30.477 134.689 38.601 1.977 1.977 1.501 -3.135
53 198 5 31.3 96.145 38.349 0.261 0.357 0.59 0.081
53 200 2 31.815 94.888 38.548 0.167 0.35 0.371 0.081
53 210 2 32.319 93.446 38.547 0.15 0.279 0.302 0.081
53 229 4 51.617 48.611 39.239 2.816 1.028 1.473 0.655
53 247 1 42.642 110.051 38.925 2.31 0.668 1.38 -1.457
53 258 5 54.429 47.363 39.211 0.237 0.425 1.018 0.22
53 261 5 54.241 49.12 39.11 1.075 0.464 1.238 -2.792
53 265 2 46.332 91.708 39.541 0.884 0.375 2.367 1.654
54 58 1 42.879 75.027 38.874 3.043 2.104 1.451 0.173
54 101 5 44.01 64.167 38.938 2.513 1.09 1.417 -0.182
54 146 5 34.206 124.555 38.428 0.958 1.621 1.066 3.092
54 148 1 30.58 133.865 38.795 2.251 1.565 1.57 -0.086
54 198 5 31.267 96.078 38.328 0.321 0.341 0.609 0.122
54 200 2 31.739 94.863 38.39 0.446 0.417 0.694 0.029
54 210 2 32.334 93.384 38.385 0.329 0.35 0.614 0.029
54 229 4 52.481 47.874 39.288 2.75 1.029 1.473 0.627
54 258 5 53.979 48.127 39.32 0.244 0.531 0.963 -3.077
54 261 5 53.792 50.085 39.164 0.951 0.567 0.549 -3.062
54 265 2 40.477 94.773 39.28 6.232 2.548 2.346 1.157
54 269 2 52.201 64.298 39.511 1.706 0.631 2.728 3.141
55 58 1 44.075 72.319 38.925 3.059 2.048 1.423 0.039
55 101 5 44.008 63.512 38.888 2.437 1.075 1.432 -0.302
55 146 5 33.898 127.006 38.389 1.123 1.636 0.993 3.01
55 148 1 30.648 132.829 38.609 1.831 2.069 1.149 -0.088
55 198 5 31.275 96.074 38.313 0.27 0.275 0.513 -3.026
55 200 2 31.757 94.811 38.415 0.227 0.274 0.598 -3.026
55 210 2 32.266 93.328 38.341 0.282 0.29 0.527 -3.026
55 229 4 53.251 47.255 39.05 2.272 1.103 1.704 0.674
55 258 5 53.527 48.792 39.48 0.301 0.497 0.867 0.049
55 261 5 53.355 50.537 39.391 0.315 0.485 0.579 -0.037
55 265 2 40.3 94.508 39.364 5.953 1.981 2.25 1.112
55 269 2 52.351 64.398 39.578 1.899 0.838 2.696 -3.111
56 58 1 44.936 69.628 38.898 3.315 1.813 1.442 -0.063
56 101 5 43.98 62.973 38.875 2.363 1.438 1.409 -0.135
56 146 5 33.599 129.599 38.333 1.01 1.515 0.908 2.916
56 148 1 30.642 132.182 38.738 2.245 2.019 1.47 -0.222
56 198 5 31.283 96.059 38.326 0.26 0.28 0.592 1.474
56 200 2 31.758 94.799 38.361 0.333 0.339 0.667 1.474
56 210 2 32.263 93.286 38.334 0.309 0.243 0.591 1.474
56 229 4 54.718 46.472 39.431 2.837 0.924 1.397 0.791
56 258 5 53.171 49.341 39.467 0.322 0.378 0.793 2.612
56 261 5 52.816 51.376 39.413 0.197 0.598 0.56 2.612
56 265 2 40.259 94.737 39.31 6.149 2.634 2.495 1.032
56 269 2 52.462 64.461 39.54 1.858 1.167 2.827 -3.121
57 58 1 46.771 63.08 38.97 4.267 1.853 1.461 -0.203
57 101 5 43.863 62.147 38.879 1.801 1.151 1.328 -0.302
57 148 1 27.765 127.657 39.684 0.324 0.488 0.33 -0.001
57 198 5 31.213 96.026 38.288 0.332 0.167 0.291 3.039
57 200 2 31.66 94.782 38.368 0.299 0.293 0.578 3.039
57 210 2 32.216 93.274 38.285 0.217 0.189 0.408 3.039
57 229 4 57.495 44.414 39.121 1.734 1.105 1.677 0.692
57 258 5 52.2 51.087 39.519 0.33 0.651 0.613 3.001
57 261 5 51.678 53.778 39.297 0.716 0.374 0.714 1.92
57 265 2 39.787 94.739 39.38 5.716 2.225 2.593 1.052
57 269 2 52.884 64.591 39.59 2.103 2.213 2.808 3.079
57 279 1 54.935 64.266 38.945 2.088 0.795 1.292 3.086
57 286 5 43.886 58.627 39.562 0.287 0.121 0.353 -0.066
58 58 1 47.012 60.996 38.974 4.32 1.935 1.453 -0.248
58 101 5 43.748 61.816 38.994 1.899 1.125 1.533 -0.471
58 198 5 31.148 96.049 38.358 0.248 0.203 0.285 -0.013
58 200 2 31.684 94.735 38.362 0.219 0.2 0.502 -0.019
58 210 2 32.181 93.277 38.269 0.272 0.255 0.496 0.016
58 229 4 58.392 43.892 39.671 0.821 0.866 0.351 3.068
58 258 5 52.009 51.7 39.278 0.588 0.58 1.384 3.079
58 261 5 51.061 55.035 39.093 1.04 0.682 1.418 3.113
58 265 2 39.515 94.857 39.403 5.424 2.221 2.636 1.08
58 269 2 52.88 64.671 39.573 2.057 2.026 2.761 3.017
58 279 1 55.237 64.844 38.896 2.845 1.714 1.432 2.968
58 286 5 43.8 58.592 39.495 0.247 0.448 0.325 -0.358
59 58 1 47.062 59.149 38.978 4.44 1.771 1.488 -0.326
59 101 5 43.641 61.212 38.996 2.56 1.17 1.532 -0.513
59 200 2 31.659 94.743 38.352 0.214 0.262 0.681 2.275
59 210 2 32.146 93.284 38.308 0.141 0.239 0.377 2.275
59 258 5 51.8 52.402 39.147 0.928 0.659 1.689 3.053
59 261 5 50.629 56.026 39.02 1.163 0.694 1.508 -3.112
59 265 2 39.321 94.8 39.526 5.506 2.025 2.806 1.112
59 269 2 52.822 64.648 39.466 1.882 1.922 2.627 2.977
59 279 1 55.163 65.149 38.886 2.553 1.624 1.396 3.009
59 286 5 43.903 58.488 39.292 0.491 0.571 1.104 2.453
59 301 2 57.39 64.013 39.978 4.432 0.295 1.992 2.981
59 303 2 49.403 83.566 39.392 0.258 1.014 2.628 3.062
60 58 1 47.075 57.589 38.982 4.414 1.881 1.449 -0.362
60 101 5 43.606 61.006 38.987 2.527 1.166 1.505 -0.486
60 200 2 31.636 94.74 38.328 0.316 0.354 0.584 3.022
60 210 2 32.135 93.258 38.356 0.204 0.235 0.369 3.022
60 258 5 51.712 53.044 39.178 0.729 0.55 1.449 3.078
60 261 5 50.3 56.994 39.043 1.837 0.751 1.551 3.067
60 265 2 39.757 94.741 39.534 6.514 2.074 2.811 1.075
60 269 2 52.973 64.736 39.599 1.915 1.824 2.331 2.976
60 279 1 55.139 65.222 38.874 2.635 1.687 1.449 2.996
60 286 5 43.822 58.506 39.307 0.442 0.744 1.249 2.087
60 301 2 57.824 64.24 39.874 4.747 1.19 2.208 2.977
60 303 2 48.58 83.602 39.432 1.683 0.623 2.568 1.394
60 309 3 42.7 58.59 38.965 0.424 0.705 1.345 1.937
60 310 5 46.813 24.859 39.685 0.573 0.696 0.355 -0.179
61 58 1 47.01 56.234 38.977 4.421 2.069 1.534 -0.359
61 101 5 43.601 61.018 39.026 2.429 1.186 1.583 -0.51
61 200 2 31.623 94.748 38.345 0.229 0.286 0.701 2.11
61 210 2 32.151 93.26 38.393 0.321 0.192 0.47 0.012
61 258 5 51.489 53.743 39.172 0.698 0.756 1.718 3.101
61 261 5 49.917 58.568 39.085 1.314 0.677 1.606 2.929
61 265 2 39.033 94.843 39.608 5.415 2.105 3.038 1.082
61 269 2 53.01 65.016 39.894 0.932 1.195 0.903 3.064
61 279 1 55.128 65.537 38.844 2.231 1.774 1.451 3.064
61 286 5 43.793 58.533 39.116 0.596 0.619 1.662 2.682
61 301 2 58.178 64.974 39.441 5.026 2.461 2.733 2.973
61 303 2 47.746 83.215 40.024 0.255 0.935 1.868 -0.129
61 309 3 42.699 58.735 39.045 0.477 0.461 1.296 2.682
61 310 5 47.012 24.385 39.778 0.853 0.657 0.575 3.018
62 58 1 47.041 55.158 39.001 4.352 1.91 1.455 -0.357
62 101 5 43.596 60.909 39.046 2.597 1.218 1.545 -0.456
62 200 2 31.595 94.744 38.326 0.213 0.273 0.606 -0.047
62 210 2 32.096 93.255 38.34 0.278 0.203 0.433 -0.129
62 258 5 51.543 54.329 39.144 0.466 0.724 1.717 3.094
62 261 5 49.648 59.701 39.071 1.867 0.742 1.565 3.005
62 265 2 38.911 94.97 39.626 5.664 2.361 2.998 1.101
62 286 5 43.842 58.432 39.094 0.432 0.824 1.701 2.005
62 301 2 57.921 66.379 39.606 2.731 2.568 2.445 3.004
62 303 2 47.209 83.098 40.133 0.312 0.283 1.388 3.1
62 309 3 42.647 58.693 39.19 0.348 0.571 0.961 1.543
62 310 5 47.262 23.866 39.786 0.856 0.6 0.574 -0.09
63 58 1 46.959 54.201 39.007 4.593 1.799 1.467 -0.37
63 101 5 43.554 60.789 39.028 2.991 1.227 1.563 -0.471
63 200 2 31.554 94.879 38.317 0.168 0.446 0.441 -1.568
63 210 2 32.116 93.194 38.191 0.204 0.165 0.396 -1.568
63 258 5 51.436 54.891 39.133 0.527 0.664 1.717 2.985
63 261 5 49.212 61.317 39.068 1.531 0.661 1.535 3.076
63 265 2 38.725 94.826 39.585 5.818 2.357 2.966 1.141
63 286 5 43.692 58.382 39.095 0.652 0.705 1.666 -1.392
63 301 2 56.936 67.104 39.739 1.02 0.945 1.324 3.071
63 309 3 42.677 58.598 39.279 0.307 0.441 0.715 -1.392
63 310 5 47.51 23.53 39.797 0.667 0.195 0.227 -0.079
64 58 1 46.946 53.771 39.009 4.353 1.99 1.491 -0.35
64 101 5 43.48 60.69 39.056 3.035 1.319 1.531 -0.449
64 200 2 31.53 94.882 38.347 0.544 0.234 0.491 -0.036
64 210 2 32.091 93.232 38.241 0.128 0.179 0.437 0.073
64 258 5 51.375 55.369 39.17 1.009 0.87 1.716 3.088
64 265 2 38.645 94.786 39.569 5.978 2.286 2.937 1.155
64 286 5 43.741 58.402 39.105 0.581 0.736 1.69 1.921
64 309 3 42.661 58.654 39.178 0.343 0.545 0.982 2.138
64 310 5 47.235 23.006 39.794 0.796 0.934 0.626 3.083
65 58 1 47.051 53.457 39.013 3.898 2.069 1.444 -0.321
65 101 5 43.47 60.705 39.058 2.963 1.332 1.511 -0.324
65 200 2 31.595 94.733 38.241 0.158 0.169 0.49 0.313
65 258 5 51.126 56.147 39.166 0.675 0.789 1.71 -2.886
65 265 2 38.401 94.858 39.593 6.32 2.337 3.043 1.144
65 286 5 43.868 58.29 39.102 0.601 0.829 1.689 1.955
65 309 3 42.63 58.643 38.994 0.475 0.606 1.421 1.756
65 310 5 47.182 22.557 39.701 1.022 0.61 0.51 2.282
65 332 1 60.179 46.758 39.374 1.767 1.942 0.513 2.929
66 58 1 46.868 53.526 39.081 3.185 1.794 1.335 -0.335
66 101 5 43.51 60.692 39.042 2.981 1.24 1.551 -0.286
66 200 2 32.311 94.873 38.335 3.174 1.777 0.677 -3.06
66 258 5 50.58 57.148 39.155 0.699 0.691 1.787 -2.515
66 265 2 38.152 94.866 39.626 6.327 2.371 3.108 1.178
66 286 5 44.051 58.224 39.129 0.46 0.743 1.695 1.544
66 309 3 42.583 58.613 38.978 0.518 0.616 1.48 1.562
66 310 5 46.672 21.785 39.747 0.649 1.086 0.515 -3.057
66 332 1 60.163 46.923 38.99 2.873 1.655 1.416 1.705
66 333 4 46.888 67.67 39.05 1.507 0.703 1.622 -2.919
66 336 5 74.448 51.737 38.627 0.517 0.373 0.617 0.173
67 58 1 46.957 53.53 39.032 3.196 2.172 1.435 -0.19
67 101 5 43.481 60.708 39.051 2.902 1.16 1.517 -0.297
67 200 2 33.639 91.902 38.275 0.241 0.287 0.46 2.78
67 258 5 50.343 57.702 39.198 0.915 0.711 1.71 -2.954
67 265 2 38.002 94.978 39.565 6.143 2.41 2.96 1.24
67 286 5 44.118 58.382 39.118 0.501 0.625 1.659 -1.313
67 309 3 42.595 58.612 38.987 0.576 0.582 1.455 -1.438
67 310 5 46.277 21.343 39.79 0.574 1.012 0.611 3.137
67 332 1 59.993 46.936 38.922 3.176 1.654 1.483 -1.437
67 333 4 45.804 69.733 39.05 1.494 0.703 1.602 -2.818
67 336 5 75.682 51.717 38.866 2.54 1.152 1.479 0.963
67 343 1 32.433 91.948 38.225 0.291 0.296 0.45 1.549
68 58 1 46.858 53.392 39.029 3.417 1.92 1.473 -0.153
68 101 5 43.496 60.72 39.036 2.948 1.157 1.556 -0.234
68 258 5 50.266 58.232 39.179 1.069 0.7 1.713 0.189
68 265 2 37.781 95.038 39.563 6.419 2.422 2.862 1.291
68 286 5 44.104 58.222 39.2 0.677 1.172 1.557 1.507
68 309 3 42.663 58.65 38.997 0.476 0.614 1.445 1.507
68 310 5 45.849 21.04 39.88 0.695 1.014 0.415 -3.142
68 332 1 59.517 46.922 38.96 2.998 1.898 1.485 1.634
68 333 4 44.641 71.793 39.03 1.337 0.7 1.59 -2.942
68 336 5 76.445 52.604 38.74 3.638 0.499 1.09 1.642
68 343 1 32.41 92.029 38.421 0.341 0.299 0.45 0.005
68 347 5 57.556 35.819 39.628 0.258 0.267 0.146 -2.295
69 58 1 46.966 53.551 39.042 3.216 2.127 1.451 -0.116
69 101 5 43.43 60.788 39.07 3.005 1.3 1.515 -0.237
69 258 5 50.131 58.982 39.168 0.83 0.799 1.74 -2.392
69 265 2 37.853 95.132 39.57 6.204 2.501 2.934 1.291
69 286 5 44.218 58.251 39.265 0.55 0.566 1.388 -1.243
69 309 3 42.643 58.641 39.002 0.515 0.663 1.457 1.431
69 310 5 45.352 20.523 39.835 0.828 0.904 0.597 3.121
69 332 1 58.886 46.934 38.96 3.016 1.71 1.489 -1.602
69 333 4 43.256 73.937 39.029 1.243 0.762 1.624 -2.91
69 336 5 76.784 52.518 38.85 2.009 0.762 1.268 -1.693
69 343 1 33.112 91.89 38.319 1.435 0.286 0.277 -1.658
69 347 5 57.603 35.879 39.664 0.397 0.5 0.228 -3.08
70 58 1 46.991 53.38 39.032 3.454 2.054 1.459 -0.087
70 101 5 43.468 60.735 39.159 2.918 1.146 1.361 -0.246
70 258 5 49.937 59.54 39.262 0.445 0.581 0.99 -2.147
70 265 2 37.83 95.036 39.643 6.196 2.515 3.059 1.316
70 286 5 44.204 58.005 39.206 0.512 0.782 1.529 -0.114
70 309 3 42.662 58.626 38.995 0.448 0.602 1.439 1.733
70 310 5 44.893 20.042 39.994 0.63 0.903 0.367 -2.992
70 332 1 58.275 47.047 38.995 2.822 1.701 1.511 -1.794
70 333 4 41.838 76.18 39.01 1.437 0.746 1.585 -2.657
70 336 5 77.093 52.584 38.874 1.738 0.674 1.217 -1.461
70 343 1 33.728 91.906 38.285 0.289 0.288 0.226 -2.814
70 347 5 57.643 35.765 39.36 0.892 0.506 0.912 0.044
71 58 1 46.984 53.52 39.025 3.161 2.119 1.537 -0.121
71 101 5 43.609 60.774 39.067 3.042 1.285 1.566 -0.096
71 258 5 49.965 60.183 39.24 0.587 0.339 0.709 0.232
71 265 2 37.879 94.897 39.679 6.178 2.331 3.171 1.347
71 286 5 44.211 57.701 39.13 0.852 1.078 1.681 -0.096
71 309 3 42.656 58.601 39.001 0.703 0.488 1.442 -0.096
71 332 1 57.485 47.307 38.904 3.161 1.988 1.423 -1.979
71 333 4 40.44 78.353 38.945 1.409 0.778 1.526 -2.816
71 336 5 77.373 52.695 38.987 1.476 0.553 0.991 -1.429
71 347 5 57.607 35.421 39.496 1.474 0.817 0.654 2.984
72 58 1 47.011 53.491 39.043 3.132 2.125 1.402 -0.133
72 101 5 43.529 60.707 39.14 2.879 1.196 1.347 -0.149
72 265 2 38.154 94.818 39.627 6.139 2.23 3.008 1.276
72 286 5 44.249 57.43 39.169 0.639 0.725 1.482 -0.342
72 309 3 42.634 58.657 38.981 0.397 0.563 1.421 1.464
72 332 1 56.4 47.749 39.022 3.735 1.877 1.174 -2.039
72 333 4 39.207 80.363 38.916 1.265 0.706 1.359 -2.926
72 336 5 77.472 52.744 38.763 1.14 0.458 1.015 -1.45
72 347 5 57.454 35.324 39.683 1.08 0.318 0.164 -0.34
73 58 1 46.973 53.348 39.032 3.47 2.129 1.481 -0.105
73 101 5 43.49 60.783 39.145 3.073 1.222 1.407 -0.212
73 265 2 38.519 94.58 39.691 6.142 2.139 3.039 1.204
73 286 5 43.972 57.236 39.135 1.253 1.033 1.65 -0.506
73 309 3 42.68 58.527 39.027 0.411 0.508 1.451 1.402
73 332 1 55.491 48.148 39.254 3.991 1.9 0.84 -2.141
73 333 4 38.156 82.252 38.951 1.222 0.772 1.584 -2.876
73 336 5 77.553 52.768 38.779 1.258 0.555 1.045 -1.445
73 347 5 57.401 35.325 39.69 1.089 0.526 0.206 0.015
74 58 1 46.979 53.408 39.019 3.329 2.171 1.513 -0.114
74 101 5 43.562 60.697 39.119 2.949 1.262 1.372 -0.134
74 265 2 38.983 94.286 39.624 6.097 2.181 2.974 1.179
74 286 5 43.72 56.724 39.129 1.056 0.956 1.656 -0.852
74 309 3 42.655 58.138 39.022 0.471 0.739 1.461 -0.413
74 332 1 54.67 48.929 39.173 3.817 1.589 1.168 -2.195
74 333 4 36.846 84.491 38.885 0.816 0.649 1.548 -2.819
74 336 5 77.421 52.903 38.747 1.18 0.314 0.722 -1.43
74 347 5 57.259 34.964 39.685 0.262 0.526 0.163 0.741
74 368 3 48.876 63.259 39.311 1.002 0.68 1.497 -2.887
74 371 5 60.813 50.267 38.674 0.365 0.411 0.771 -1.11
75 58 1 47.036 53.434 39.048 3.269 2.143 1.42 -0.147
75 101 5 43.534 60.688 39.078 2.888 1.263 1.512 -0.134
75 265 2 39.237 94.265 39.611 5.851 2.304 3.038 1.181
75 286 5 43.514 57.121 39.08 2.019 1.347 1.631 -0.555
75 309 3 42.514 58.016 39.003 0.298 0.604 1.472 0.104
75 332 1 54.402 49.044 39.116 3.497 1.652 1.301 -2.169
75 333 4 36.169 85.049 38.914 1.312 0.754 1.424 -2.202
75 347 5 57.351 35.004 39.714 0.411 0.261 0.149 2.782
75 368 3 48.782 63.651 39.197 0.837 0.824 1.568 -2.909
75 371 5 60.218 49.617 39.033 1.663 0.802 1.512 -0.731
76 58 1 46.939 53.513 39.029 3.116 2.094 1.508 -0.062
76 101 5 43.5 60.738 39.156 2.899 1.223 1.32 -0.192
76 265 2 39.44 94.211 39.7 5.758 2.094 3.157 1.241
76 286 5 43.307 55.935 39.123 0.522 0.772 1.659 -0.877
76 309 3 42.42 57.977 39.001 0.678 0.603 1.483 -0.941
76 332 1 54.337 48.963 39.142 3.765 1.6 1.254 -1.91
76 333 4 35.426 84.99 38.881 1.326 0.775 1.443 -1.219
76 347 5 57.327 34.936 39.712 0.394 0.401 0.161 -3.032
76 368 3 48.516 64.111 39.165 1.002 0.779 1.736 -2.926
76 371 5 59.287 48.626 39.015 1.658 0.642 1.548 -0.766
77 58 1 47.029 53.506 39.049 3.184 2.131 1.438 -0.111
77 101 5 43.59 60.762 39.077 3.047 1.236 1.477 -0.102
77 265 2 39.374 94.264 39.651 5.109 2.094 3.055 1.235
77 286 5 43.221 56.187 39.115 1.397 0.808 1.64 -0.114
77 309 3 42.527 57.915 39.002 0.363 0.661 1.413 -0.351
77 332 1 54.236 49.181 39.064 3.756 1.686 1.418 -2.099
77 333 4 35.001 84.418 38.88 1.161 0.722 1.418 2.638
77 347 5 57.37 34.956 39.749 0.521 0.349 0.209 -0.235
77 368 3 48.354 64.855 39.149 0.955 0.809 1.696 -2.915
77 371 5 58.555 47.686 39.034 1.602 0.616 1.497 -0.597
78 58 1 47.064 53.424 39.259 3.184 2.173 1.82 -0.1
78 101 5 43.54 60.788 39.068 2.938 1.302 1.489 -0.087
78 265 2 39.549 93.825 39.597 5.284 1.381 2.997 1.276
78 286 5 43.106 55.467 39.113 0.576 0.809 1.633 -0.517
78 309 3 42.657 57.772 38.99 0.459 0.65 1.458 -2.589
78 332 1 54.101 49.368 39.036 3.881 1.582 1.406 -2.042
78 333 4 35.109 83.611 38.953 0.532 0.184 1.302 0.277
78 368 3 48.022 65.429 39.131 0.762 0.847 1.676 -2.948
78 371 5 57.941 46.814 39.391 0.57 0.875 0.766 1.758
79 58 1 46.971 53.371 39.07 3.428 2.11 1.406 -0.019
79 101 5 43.539 60.726 39.134 2.948 1.306 1.354 -0.102
79 265 2 39.592 94.202 39.59 5.077 2.115 3.074 1.295
79 286 5 43.256 55.226 39.113 0.744 0.762 1.646 0.232
79 309 3 42.592 57.552 38.989 0.359 0.53 1.433 1.381
79 332 1 54.015 49.497 39.058 4.044 1.675 1.385 -2.134
79 368 3 47.897 65.997 39.134 0.603 0.649 1.713 -2.922
79 371 5 56.957 46.386 39.673 0.166 0.128 0.129 -1.073
79 394 1 33.684 105.304 38.677 1.732 0.552 1.218 -2.814
80 58 1 46.873 53.437 39.04 3.338 1.786 1.435 -0.092
80 101 5 43.615 60.844 39.077 3.138 1.276 1.458 -0.069
80 265 2 39.763 94.158 39.609 4.545 2.147 3.007 1.338
80 286 5 43.277 54.881 39.109 0.726 0.733 1.678 0.146
80 309 3 42.466 57.411 38.993 0.681 0.391 1.419 -1.06
80 332 1 53.917 49.651 39.138 3.988 1.653 1.229 -2.12
80 368 3 47.57 66.675 39.167 0.546 0.944 1.744 -2.964
80 371 5 55.678 46.178 39.402 0.986 0.227 0.723 -1.22
80 394 1 34.034 105.141 38.863 2.031 1.221 1.541 3.132
80 404 4 36.385 81.501 38.893 0.996 0.573 1.534 0.461
81 58 1 46.868 53.387 39.01 3.539 1.85 1.48 -0.033
81 101 5 43.546 60.787 39.125 2.95 1.188 1.397 -0.122
81 265 2 39.816 93.651 39.6 4.676 1.224 2.988 -1.778
81 286 5 43.264 54.566 39.088 0.566 0.814 1.708 0.107
81 309 3 42.531 57.363 38.959 0.374 0.703 1.457 0.087
81 332 1 53.789 49.664 39.099 3.994 1.667 1.324 -2.14
81 368 3 47.464 67.129 39.131 0.821 0.869 1.757 -3.012
81 371 5 54.7 46.514 39.101 1.247 0.693 1.571 -1.683
81 394 1 34.032 104.624 38.878 2.249 1.177 1.521 -2.849
81 404 4 36.947 80.682 39.055 1.487 0.638 1.813 1.011
82 58 1 46.884 53.493 39.023 3.217 1.86 1.423 -0.04
82 101 5 43.539 60.777 39.085 2.967 1.224 1.456 -0.114
82 265 2 39.892 94.115 39.578 4 2.117 2.979 1.385
82 286 5 43.453 54.288 39.104 0.512 0.963 1.683 0.109
82 309 3 42.645 57.304 38.98 0.473 0.598 1.449 0.859
82 332 1 53.531 49.883 39.062 3.668 1.584 1.399 -2.055
82 368 3 47.362 67.863 39.107 0.718 0.67 1.731 -3.056
82 371 5 53.696 46.892 39.112 1.616 0.722 1.598 -1.95
82 394 1 34.475 103.727 38.716 1.657 2.06 1.21 -3.026
82 404 4 37.957 79.427 38.929 1.241 0.723 1.585 0.547
83 58 1 46.874 53.467 39.014 3.214 1.792 1.421 -0.059
83 101 5 43.576 60.704 39.088 2.895 1.221 1.379 -0.059
83 265 2 39.853 93.579 39.546 3.77 1.065 2.962 1.381
83 286 5 43.517 53.982 39.077 0.568 0.695 1.652 0.555
83 309 3 42.706 56.795 38.97 0.367 0.623 1.48 2.834
83 332 1 53.521 49.88 39.049 3.614 1.454 1.355 -1.994
83 368 3 47.001 69.319 39.078 0.422 0.732 1.703 -2.432
83 371 5 51.48 46.641 39.063 1.637 0.759 1.494 -1.174
83 394 1 34.638 102.506 38.824 3.548 2.061 1.629 0.155
83 404 4 39.26 76.894 38.882 1.234 0.719 1.451 0.488
84 58 1 46.852 53.42 38.996 3.38 1.834 1.455 -0.047
84 101 5 43.466 60.659 39.049 3.113 1.358 1.515 -0.106
84 265 2 39.975 94.032 39.575 3.704 1.957 2.951 1.4
84 286 5 43.727 53.9 39.058 0.541 0.848 1.65 0.168
84 309 3 42.761 56.516 38.988 0.664 0.618 1.493 2.979
84 332 1 53.539 49.954 39.025 3.72 1.748 1.444 -2.18
84 368 3 46.618 69.702 39.076 0.668 0.67 1.717 -2.861
84 371 5 50.993 46.269 39.108 1.664 1.057 1.594 -0.99
84 394 1 34.704 101.854 38.843 3.938 2.016 1.635 0.102
84 404 4 39.638 75.964 38.908 1.14 0.716 1.525 0.379
85 58 1 46.848 53.418 39.023 3.421 1.744 1.472 -0.099
85 101 5 43.354 60.162 39.044 2.994 1.296 1.513 -0.13
85 265 2 40.009 94.078 39.611 1.964 3.984 2.874 2.937
85 286 5 43.755 53.683 39.108 0.586 0.726 1.674 0.208
85 309 3 42.845 56.459 38.985 0.604 0.697 1.458 -0.151
85 332 1 53.576 49.896 39.051 3.85 1.674 1.391 -2.14
85 368 3 46.064 70.012 39.067 0.784 0.645 1.7 -2.369
85 371 5 50.47 46.121 39.099 1.744 0.747 1.594 -0.995
85 394 1 34.808 100.948 38.869 4.234 1.985 1.601 -3.007
85 404 4 39.924 75.131 38.915 1.168 0.738 1.569 0.388
86 58 1 46.884 53.514 39.012 3.207 2.031 1.419 0.028
86 101 5 43.239 59.895 39.052 3.018 1.325 1.481 -0.229
86 265 2 40.029 94.088 39.609 3.596 2.011 3.012 -1.757
86 286 5 43.701 53.482 39.064 1.14 1.138 1.647 0.034
86 309 3 42.911 56.089 38.957 0.424 0.777 1.456 -0.207
86 332 1 54.159 49.549 39.427 2.386 1.581 0.649 -2.036
86 368 3 45.218 70.189 39.084 0.957 0.754 1.735 -2.266
86 371 5 50.162 45.882 39.079 1.709 0.72 1.588 -0.924
86 394 1 34.948 99.776 38.842 4.199 1.911 1.696 0.096
86 404 4 40.258 74.33 38.942 1.157 0.707 1.58 0.295
87 58 1 46.852 53.386 38.989 3.401 1.762 1.436 -0.076
87 101 5 43.249 59.767 39.03 2.954 1.315 1.53 -0.193
87 265 2 40.136 94.027 39.744 3.656 1.89 3.045 1.395
87 286 5 43.856 53.193 39.057 1.106 1.096 1.66 0.113
87 309 3 43.053 55.787 38.95 0.418 0.688 1.444 -0.149
87 332 1 53.547 49.929 39.056 3.751 1.666 1.372 -2.139
87 368 3 44.543 70.375 39.074 0.959 0.849 1.732 -1.403
87 371 5 49.962 45.561 39.083 1.77 0.947 1.598 -0.8
87 394 1 35.09 98.263 38.919 4.094 1.958 1.588 0.153
87 404 4 40.671 73.652 38.962 1.139 0.797 1.598 0.471
87 424 1 34.392 108.919 38.583 1.74 1.723 1.294 0.276
88 58 1 46.878 53.393 39.024 3.46 1.778 1.427 -0.071
88 101 5 43.29 59.741 39.043 3.004 1.23 1.509 -0.219
88 265 2 40.166 94.107 39.557 2.041 3.454 2.938 2.965
88 286 5 44.135 52.628 39.101 0.66 0.872 1.616 0.073
88 309 3 42.867 55.53 38.984 0.513 0.717 1.463 0.011
88 332 1 53.547 49.931 39.054 3.711 1.625 1.38 -2.123
88 368 3 43.853 70.385 39.063 0.76 0.875 1.731 -2.178
88 371 5 49.808 45.517 39.089 1.688 0.749 1.571 -0.772
88 394 1 35.301 96.664 38.889 4.189 1.916 1.692 0.141
88 404 4 40.917 73.073 38.946 1.249 0.766 1.535 0.448
88 424 1 34.149 107.464 38.646 1.625 0.842 0.682 0.128
89 58 1 46.899 53.496 39.009 3.21 1.824 1.439 -0.041
89 101 5 43.254 59.712 39.041 2.958 1.245 1.514 -0.164
89 265 2 40.005 93.585 39.579 3.585 1.063 2.926 1.432
89 286 5 44.26 52.357 39.07 1.16 0.896 1.65 0.323
89 309 3 42.934 55.135 38.962 0.777 0.613 1.466 -0.169
89 332 1 53.521 49.93 39.042 3.671 1.621 1.395 -2.101
89 368 3 43.278 70.486 39.06 0.578 0.562 1.711 -2.718
89 371 5 49.709 45.42 39.078 1.789 0.752 1.582 -0.8
89 394 1 35.453 94.986 38.939 3.947 2.016 1.654 0.204
89 404 4 41.152 72.543 38.953 1.454 0.837 1.579 0.369
89 424 1 34.238 106.052 38.548 1.497 1.251 1.01 0.402
90 58 1 46.876 53.405 39.01 3.395 1.801 1.444 -0.055
90 101 5 43.239 59.562 39.029 2.956 1.28 1.537 -0.163
90 265 2 40.092 93.574 39.564 3.252 1.053 2.973 1.434
90 286 5 44.568 51.622 39.063 0.926 0.938 1.636 0.143
90 309 3 43.128 54.551 38.953 0.793 0.521 1.437 -0.064
90 332 1 53.637 49.87 39.037 3.807 1.643 1.42 -2.039
90 368 3 42.621 70.617 39.069 0.479 0.718 1.656 -2.334
90 371 5 49.627 45.367 39.097 1.771 0.719 1.556 -0.815
90 394 1 35.68 93.587 38.916 4.151 2.032 1.719 0.192
90 404 4 41.275 71.978 38.966 1.426 0.785 1.586 0.325
90 424 1 34.254 105.594 38.649 3.749 1.173 1.298 0.195
90 434 5 65.849 49.344 38.615 0.22 0.269 0.592 -1.378
91 58 1 46.885 53.482 39.014 3.29 1.765 1.439 -0.065
91 101 5 43.075 59.001 39.037 3.038 1.216 1.531 -0.097
91 265 2 40.292 94.123 39.56 3.173 2.2 2.95 1.444
91 286 5 45.103 50.594 39.079 0.771 0.771 1.635 0.198
91 309 3 43.506 53.462 38.956 0.877 1.176 1.468 0.092
91 332 1 53.515 49.94 39.051 3.684 1.67 1.398 -2.141
91 368 3 42.066 70.841 39.09 0.856 0.477 1.781 -2.612
91 371 5 49.434 45.064 39.092 1.802 0.82 1.558 -0.774
91 394 1 36.68 89.819 38.953 3.71 1.933 1.744 0.278
91 404 4 41.413 71.284 38.984 1.388 0.799 1.608 0.253
91 424 1 34.665 102.804 38.678 3.933 1.092 1.349 0.178
91 434 5 66.139 48.45 38.922 0.753 0.613 1.58 -0.101
92 58 1 46.886 53.471 39.024 3.265 1.817 1.453 -0.12
92 101 5 43.11 58.874 39.035 2.983 1.228 1.529 -0.04
92 265 2 40.246 93.607 39.557 3.027 1.196 2.963 -1.702
92 286 5 45.391 50.492 39.071 0.495 0.755 1.63 0.295
92 309 3 43.803 52.869 38.949 0.942 0.665 1.438 0.838
92 332 1 53.59 49.864 39.039 3.846 1.662 1.42 -2.108
92 368 3 42.131 70.821 39.043 0.571 0.532 1.686 -2.301
92 371 5 49.393 45.055 39.084 1.763 0.716 1.568 -0.806
92 394 1 37.218 87.846 39.034 3.398 2.047 1.66 0.368
92 404 4 41.433 71.142 39.051 1.267 0.705 1.62 0.389
92 424 1 34.761 101.289 38.733 3.792 1.828 1.327 0.343
92 434 5 66.107 48.019 38.939 0.506 0.619 1.52 0.506
93 58 1 46.849 53.396 39.014 3.408 1.863 1.453 -0.056
93 101 5 43.075 58.621 39.028 2.899 1.201 1.533 -0.11
93 265 2 40.565 93.997 39.544 3.322 2.049 2.955 1.442
93 286 5 45.729 50.16 39.122 0.565 0.881 1.65 0.291
93 309 3 44.04 52.364 38.961 0.891 0.928 1.438 0.117
93 332 1 53.559 49.869 39.051 3.763 1.648 1.402 -2.071
93 368 3 42.007 70.747 39.051 0.674 0.655 1.675 -2.888
93 371 5 49.426 45.139 39.054 1.649 0.613 1.489 -0.806
93 394 1 37.987 85.667 38.951 2.455 1.991 1.529 0.38
93 404 4 41.38 71.199 39.005 1.221 0.74 1.631 0.221
93 424 1 34.951 99.901 38.727 3.524 1.326 1.393 0.18
93 434 5 66.253 47.465 38.95 0.49 0.49 1.485 0.239
94 58 1 46.891 53.396 39.045 3.406 1.936 1.466 -0.026
94 101 5 43.002 58.552 39.04 2.96 1.439 1.537 -0.061
94 265 2 40.401 93.98 39.669 1.852 2.817 2.968 3.031
94 286 5 45.876 49.873 39.209 0.502 0.877 1.461 0.466
94 309 3 44.205 51.811 38.981 0.733 0.496 1.438 0.393
94 332 1 53.524 49.93 39.062 3.689 1.682 1.383 -2.135
94 368 3 42.008 70.575 39.053 0.546 0.688 1.685 -1.702
94 371 5 49.361 45.102 39.1 1.819 0.68 1.556 -0.704
94 394 1 38.72 83.843 38.949 2.156 1.974 1.608 0.403
94 404 4 41.322 71.06 38.987 1.211 0.484 1.63 0.391
94 424 1 35.448 98.844 38.783 3.43 1.057 1.321 0.327
94 434 5 66.227 47.012 38.931 0.395 0.605 1.522 0.647
95 58 1 46.869 53.434 39.004 3.336 1.882 1.459 -0.009
95 101 5 43.058 58.544 39.024 2.934 1.194 1.545 -0.096
95 265 2 40.464 94.004 39.577 2.752 1.901 2.949 1.43
95 286 5 46.379 49.833 39.616 0.436 0.662 0.656 0.93
95 309 3 44.243 51.433 38.966 0.439 0.645 1.428 0.547
95 332 1 53.595 49.889 39.058 3.649 1.651 1.397 -1.956
95 368 3 41.613 70.423 39.051 0.946 0.842 1.69 -2.839
95 371 5 49.453 45.003 39.093 1.801 0.942 1.567 -0.734
95 394 1 39.091 82.934 38.974 3.845 2.109 1.63 0.502
95 404 4 41.335 71.391 39.007 0.732 0.674 1.579 0.362
95 434 5 66.3 46.556 39.304 0.318 0.457 0.76 0.388
96 58 1 46.866 53.435 39.014 3.338 1.848 1.447 -0.045
96 101 5 43.043 58.531 39.025 2.949 1.246 1.575 -0.085
96 265 2 40.52 94.056 39.525 2.17 2.737 3.025 2.986
96 286 5 46.74 49.629 39.658 0.486 0.61 0.496 0.176
96 309 3 44.051 51.327 38.988 0.437 0.543 1.429 1.827
96 332 1 53.565 50.005 39.056 3.645 1.481 1.413 -2.084
96 368 3 41.236 70.253 39.035 0.593 0.583 1.707 -1.845
96 371 5 49.443 45.105 39.088 1.704 0.774 1.596 -0.748
96 394 1 39.788 81.445 38.994 4.079 2.035 1.646 0.46
96 404 4 41.387 71.249 38.986 1.307 0.718 1.616 0.185
96 434 5 66.248 46.031 39.273 0.289 0.46 0.768 0.504
97 58 1 46.887 53.361 39.05 3.488 1.975 1.455 0.011
97 101 5 43.073 58.545 39.05 2.963 1.189 1.549 -0.08
97 265 2 40.542 93.96 39.65 1.848 2.557 2.945 2.982
97 286 5 47.385 49.651 39.692 0.399 0.664 0.542 0.269
97 309 3 43.897 51.3 38.989 0.346 0.612 1.451 1.937
97 332 1 53.425 50.123 39.086 3.677 1.498 1.364 -2.048
97 368 3 40.921 70.309 39.041 0.46 0.546 1.676 -2.142
97 371 5 49.467 45.095 39.089 1.624 0.887 1.608 -0.613
97 394 1 40.684 79.478 39.023 4.426 2.181 1.677 0.505
97 404 4 41.399 71.137 38.994 1.268 0.747 1.601 0.425
97 434 5 66.139 45.438 39.402 0.361 0.373 0.792 0.351
