0 1 2 25.74 386.57 37.791 0.15 0.145 0.394 -1.668
0 2 2 26.691 379.697 37.92 0.195 0.175 0.574 -1.668
0 3 2 28.031 392.606 37.92 0.156 0.131 0.301 -1.668
0 4 2 25.767 385.046 37.863 0.148 0.153 0.611 -1.668
0 5 2 26.228 382.358 37.856 0.161 0.255 0.581 -1.668
0 6 2 26.916 387.351 37.834 0.21 0.152 0.403 -1.668
0 7 2 26.908 378.421 37.864 0.133 0.095 0.488 -1.668
0 9 1 27.467 388.034 37.842 0.18 0.182 0.321 -1.668
0 10 1 28.519 376.571 38.087 0.286 0.314 0.67 -1.668
0 11 1 35.267 359.023 38.147 1.334 1.553 1.192 0.019
0 12 5 23.841 447.635 38.115 0.758 1.421 0.479 -0.027
0 14 2 27.722 394.586 37.944 0.114 0.114 0.304 -1.668
0 15 2 28.202 389.756 37.923 0.154 0.18 0.373 -1.668
0 16 2 26.456 381.031 37.913 0.139 0.182 0.541 -1.668
0 17 2 25.992 383.696 37.894 0.181 0.182 0.559 -1.668
0 18 2 29.477 375.966 37.879 0.161 0.144 0.3 -1.668
0 19 1 37.517 376.462 38.577 4.123 1.813 1.813 0
1 1 2 25.767 386.51 37.844 0.222 0.256 0.453 -0.135
1 2 2 26.647 379.691 37.895 0.189 0.183 0.637 1.564
1 3 2 27.99 392.596 37.938 0.226 0.195 0.415 -2.137
1 4 2 25.777 385.002 37.885 0.248 0.236 0.611 1.457
1 5 2 26.222 382.355 37.917 0.236 0.28 0.652 -1.651
1 6 2 26.895 387.343 37.842 0.304 0.277 0.473 -1.868
1 7 2 26.899 378.371 37.911 0.268 0.181 0.563 -3.111
1 9 1 27.465 388.007 37.87 0.145 0.163 0.441 2.938
1 10 1 28.506 376.585 38.022 0.319 0.312 0.73 -0.412
1 11 1 35.419 357.595 38.282 4.197 1.85 1.39 -0.016
1 12 5 25.058 441.612 37.917 0.32 1.416 0.369 0.049
1 14 2 27.721 394.564 37.927 0.177 0.126 0.343 2.863
1 15 2 28.162 389.7 37.925 0.195 0.172 0.41 1.149
1 16 2 26.411 380.999 37.9 0.281 0.264 0.598 -0.04
1 17 2 25.983 383.682 37.873 0.281 0.224 0.6 3.092
1 18 2 29.44 375.983 37.896 0.134 0.152 0.322 1.311
1 19 1 38.257 371.643 38.562 4.077 1.681 1.805 -0.007
1 21 1 30.117 375.345 37.945 0.074 0.1 0.312 3.016
1 25 2 27.874 388.827 37.921 0.157 0.188 0.426 2.017
1 26 5 50.829 339.725 38.022 0.51 0.516 0.705 -0.045
2 1 2 25.741 386.509 37.797 0.139 0.322 0.319 2.886
2 2 2 26.662 379.658 37.914 0.187 0.172 0.565 2.89
2 3 2 27.993 392.583 37.952 0.196 0.127 0.3 -3.142
2 4 2 25.766 384.974 37.917 0.206 0.147 0.559 2.886
2 5 2 26.195 382.307 37.908 0.187 0.225 0.621 2.886
2 6 2 26.884 387.309 37.869 0.17 0.289 0.31 2.886
2 7 2 26.88 378.351 37.914 0.173 0.187 0.535 2.89
2 9 1 27.431 387.973 37.875 0.113 0.085 0.304 2.886
2 10 1 28.462 376.521 38.076 0.332 0.353 0.683 2.89
2 11 1 35.33 357.545 38.221 4.359 1.907 1.261 0.004
2 12 5 25.82 436.23 38.287 1.772 1.987 0.8 0.019
2 14 2 27.657 394.572 37.921 0.122 0.102 0.302 3.142
2 15 2 28.097 389.683 37.936 0.143 0.176 0.367 2.886
2 16 2 26.436 380.995 37.91 0.187 0.168 0.561 2.89
2 17 2 25.959 383.651 37.912 0.198 0.199 0.548 2.886
2 18 2 29.424 375.957 37.949 0.115 0.111 0.331 2.89
2 19 1 38.981 366.704 38.546 4.244 1.829 1.76 0.003
2 21 1 30.097 375.338 37.919 0.149 0.161 0.36 2.89
2 25 2 27.864 388.809 37.918 0.148 0.175 0.313 2.886
2 26 5 50.879 339.32 38.213 1.439 0.716 0.832 -0.061
2 27 1 30.661 374.619 37.948 0.077 0.131 0.347 2.89
3 1 2 25.655 386.489 37.836 0.239 0.223 0.418 -3.058
3 2 2 26.644 379.647 37.954 0.292 0.251 0.591 -3.058
3 3 2 27.939 392.564 37.96 0.209 0.145 0.304 -3.058
3 4 2 25.719 384.943 37.9 0.249 0.267 0.604 -3.058
3 5 2 26.156 382.292 37.965 0.292 0.256 0.561 -3.058
3 6 2 26.79 387.269 37.854 0.266 0.202 0.417 -3.058
3 7 2 26.886 378.323 37.943 0.264 0.337 0.584 -3.058
3 9 1 27.36 387.951 37.903 0.219 0.204 0.369 -3.058
3 10 1 28.528 376.53 38.096 0.324 0.455 0.747 -3.058
3 11 1 35.318 357.602 38.316 4.284 1.923 1.422 0
3 12 5 26.999 430.08 38.179 1.72 1.927 1.055 0.037
3 14 2 27.628 394.531 37.926 0.165 0.166 0.305 2.777
3 15 2 28.065 389.672 37.963 0.164 0.174 0.396 -3.058
3 16 2 26.407 380.976 37.943 0.274 0.245 0.583 -3.058
3 17 2 25.936 383.612 37.951 0.258 0.236 0.503 -3.058
3 18 2 29.461 375.952 37.935 0.222 0.203 0.329 -3.058
3 19 1 39.803 361.924 38.543 4.012 1.738 1.773 0
3 21 1 30.076 375.32 37.961 0.196 0.16 0.324 0
3 25 2 27.76 388.8 37.934 0.206 0.222 0.411 -3.058
3 26 5 51.132 338.307 38.002 3.507 1.137 1.061 0.015
3 27 1 30.674 374.577 38.003 0.228 0.191 0.382 -3.058
4 1 2 25.615 386.47 37.82 0.147 0.24 0.329 -0.337
4 2 2 26.619 379.589 37.958 0.205 0.199 0.603 1.578
4 3 2 27.885 392.533 37.968 0.129 0.165 0.315 -2.749
4 4 2 25.704 384.92 37.935 0.274 0.288 0.514 1.242
4 5 2 26.147 382.232 37.949 0.242 0.242 0.55 -1.48
4 6 2 26.747 387.251 37.87 0.253 0.191 0.326 -0.35
4 7 2 26.834 378.25 37.959 0.224 0.251 0.588 3.123
4 9 1 27.361 387.93 37.856 0.173 0.174 0.35 -1.584
4 10 1 28.498 376.48 38.112 0.496 0.322 0.741 1.273
4 11 1 35.308 357.588 38.329 4.321 1.878 1.496 0.014
4 12 5 28.097 424.026 38.404 2.024 1.677 1.256 0.007
4 14 2 27.617 394.514 37.885 0.163 0.244 0.392 1.655
4 15 2 28.049 389.636 37.943 0.202 0.182 0.366 1.497
4 16 2 26.373 380.933 37.954 0.27 0.249 0.582 -0.006
4 17 2 25.919 383.588 37.906 0.264 0.266 0.584 -3.055
4 18 2 29.44 375.911 37.949 0.254 0.21 0.415 1.811
4 19 1 40.609 357.021 38.539 4.178 1.675 1.833 0.039
4 21 1 30.119 375.295 37.969 0.219 0.236 0.446 -2.713
4 25 2 27.747 388.771 37.915 0.163 0.227 0.354 3.084
4 26 5 51.207 338.04 38.246 3.881 1.14 1.245 0.035
4 27 1 30.64 374.55 37.972 0.239 0.261 0.4 -0.764
5 1 2 25.611 386.456 37.757 0.154 0.177 0.509 3.142
5 2 2 26.571 379.569 37.899 0.218 0.185 0.536 -3.142
5 3 2 27.842 392.534 37.904 0.219 0.23 0.386 0
5 4 2 25.616 384.933 37.872 0.217 0.201 0.594 -3.142
5 5 2 26.089 382.222 37.899 0.171 0.199 0.505 3.142
5 6 2 26.702 387.242 37.82 0.156 0.158 0.426 3.142
5 7 2 26.803 378.249 37.921 0.205 0.215 0.515 3.142
5 9 1 27.326 387.924 37.815 0.199 0.142 0.423 3.141
5 10 1 28.436 376.416 38.072 0.404 0.443 0.789 -0.021
5 11 1 35.294 357.593 38.34 4.464 1.86 1.503 -3.129
5 12 5 29.336 417.7 38.314 2.049 1.752 1.552 0
5 14 2 27.511 394.556 37.798 0.144 0.209 0.323 -0.028
5 15 2 27.994 389.652 37.831 0.241 0.251 0.469 0
5 16 2 26.367 380.892 37.91 0.169 0.22 0.469 3.142
5 17 2 25.853 383.549 37.903 0.226 0.187 0.558 3.142
5 18 2 29.375 375.874 37.962 0.154 0.186 0.308 3.142
5 19 1 41.37 352.284 38.56 4.104 1.761 1.816 0.004
5 21 1 30.089 375.262 37.962 0.114 0.158 0.353 3.142
5 25 2 27.682 388.753 37.872 0.196 0.21 0.47 0
5 26 5 51.101 338.055 38.158 3.854 1.088 1.48 0.009
5 27 1 30.656 374.529 38.006 0.117 0.121 0.303 3.142
5 32 1 36.135 333.968 37.707 0.252 0.195 0.541 -0
6 2 2 26.541 379.553 37.964 0.139 0.144 0.518 -0.027
6 4 2 25.597 384.833 37.94 0.151 0.192 0.575 -0.027
6 5 2 26.05 382.193 37.968 0.093 0.214 0.555 -0.027
6 6 2 26.7 387.218 37.829 0.273 0.134 0.352 3.142
6 7 2 26.769 378.214 37.97 0.133 0.111 0.481 -0.027
6 10 1 28.408 376.414 38.087 0.273 0.349 0.697 -0.289
6 11 1 35.307 357.53 38.395 4.49 1.9 1.462 -0.027
6 12 5 30.562 410.581 38.174 0.63 1.596 0.611 0
6 15 2 27.945 389.647 37.82 0.249 0.191 0.525 -0
6 16 2 26.319 380.849 37.967 0.128 0.13 0.537 -0.027
6 17 2 25.814 383.527 37.867 0.154 0.216 0.583 -0.027
6 18 2 29.38 375.926 37.936 0.237 0.13 0.42 -0.027
6 19 1 42.195 347.555 38.523 4.092 1.853 1.812 -0.029
6 21 1 29.991 375.26 37.965 0.184 0.259 0.452 -0.027
6 26 5 51.203 338.127 38.213 3.81 1.416 1.394 -0.013
6 27 1 30.581 374.513 37.99 0.198 0.175 0.485 -0.027
6 32 1 36.098 333.976 37.909 0.183 0.112 0.456 3.142
6 35 1 29.479 326.157 38.731 1.545 1.207 1.264 -0.115
7 2 2 26.473 379.511 37.906 0.211 0.184 0.548 1.531
7 4 2 25.55 384.876 37.901 0.158 0.183 0.546 1.531
7 5 2 26.016 382.165 37.92 0.155 0.155 0.442 1.531
7 6 2 26.624 387.2 37.796 0.263 0.248 0.378 -3.141
7 7 2 26.632 378.174 37.849 0.235 0.176 0.603 0
7 10 1 28.338 376.419 38.09 0.319 0.261 0.68 -2.547
7 11 1 35.28 357.472 38.415 4.445 1.975 1.499 0.053
7 12 5 31.656 404.863 38.462 2.118 1.765 1.33 0.008
7 16 2 26.245 380.85 37.882 0.16 0.169 0.425 1.531
7 17 2 25.8 383.511 37.835 0.151 0.128 0.456 1.531
7 18 2 29.306 375.833 37.945 0.131 0.162 0.402 -2.616
7 19 1 42.996 342.827 38.488 4.131 1.841 1.823 0.008
7 26 5 51.362 338.137 38.261 3.969 1.746 1.48 0.054
7 27 1 30.537 374.499 38.039 0.153 0.186 0.323 -2.551
7 32 1 36.078 334.02 37.819 0.176 0.219 0.608 3.142
7 35 1 29.417 325.82 38.58 1.893 1.239 1.207 -0.185
8 2 2 26.451 379.524 37.923 0.114 0.126 0.493 -3.054
8 4 2 25.508 384.916 37.88 0.288 0.142 0.475 -1.697
8 5 2 25.977 382.192 37.82 0.154 0.138 0.398 -3.059
8 6 2 26.664 387.188 37.814 0.277 0.237 0.46 -0
8 10 1 28.302 376.403 38.03 0.473 0.419 0.743 -2.911
8 11 1 35.326 357.336 38.433 4.792 1.95 1.457 0.026
8 12 5 32.705 398.362 38.443 2.093 2.086 1.405 -0.05
8 16 2 26.176 380.852 37.822 0.15 0.182 0.508 -3.081
8 17 2 25.705 383.537 37.845 0.117 0.213 0.662 -1.189
8 18 2 29.277 375.831 37.86 0.228 0.289 0.653 0
8 19 1 43.866 338.156 38.472 4.135 1.77 1.795 0.025
8 26 5 51.362 338.062 38.238 4.008 1.689 1.495 0.042
8 32 1 36.057 333.961 37.97 0.192 0.154 0.482 0.648
8 35 1 29.461 325.63 38.514 2.305 1.214 1.497 -0.111
8 37 2 35.79 343.711 37.819 0.146 0.144 0.311 0.214
8 38 2 33.487 336.833 37.856 0.12 0.235 0.411 -0.299
8 39 1 35.605 342.696 37.877 0.199 0.154 0.309 0.214
9 5 2 25.927 382.206 37.883 0.207 0.174 0.435 -0.006
9 11 1 35.316 357.082 38.427 4.763 1.832 1.477 0.015
9 12 5 34.007 391.669 38.314 1.637 2.134 0.98 0.025
9 16 2 26.249 380.851 37.855 0.26 0.229 0.659 -3.142
9 19 1 44.627 333.615 38.457 4.213 1.725 1.824 0.06
9 26 5 51.376 338.064 38.269 4.065 1.889 1.566 0.06
9 32 1 36.048 334.003 37.891 0.156 0.168 0.656 -0.015
9 35 1 29.384 325.593 38.509 2.336 1.242 1.546 -0.179
9 37 2 35.78 343.678 37.919 0.094 0.151 0.309 -0.015
9 38 2 33.434 336.785 37.817 0.172 0.23 0.582 -0.015
9 39 1 35.608 342.737 37.833 0.193 0.153 0.353 -0.015
10 11 1 35.339 356.999 38.393 4.814 1.817 1.482 0.006
10 12 5 35.236 384.702 38.106 0.617 1.69 0.792 0.006
10 19 1 45.406 329.182 38.449 4.219 1.703 1.858 0.02
10 26 5 51.339 338.012 38.312 4.123 1.792 1.545 0.036
10 32 1 36.025 334.002 37.879 0.211 0.232 0.701 0.786
10 35 1 29.356 325.586 38.594 2.342 1.223 1.683 -0.189
10 37 2 35.809 343.633 37.918 0.147 0.229 0.413 -0.066
10 38 2 33.465 336.794 37.784 0.193 0.193 0.55 -0.077
10 39 1 35.616 342.705 37.869 0.231 0.313 0.357 -0.036
11 11 1 35.294 356.98 38.384 4.785 1.758 1.426 0.019
11 12 5 36.51 378.361 38.956 2.392 1.946 2.617 0.161
11 19 1 46.037 325.183 38.399 3.65 1.81 1.753 0.009
11 26 5 51.248 337.892 38.328 4.341 1.685 1.524 0.048
11 32 1 36.037 333.986 37.904 0.155 0.168 0.755 0.074
11 35 1 29.345 325.63 38.589 2.21 1.245 1.696 -0.197
11 37 2 35.763 343.584 37.893 0.177 0.177 0.472 0.094
11 38 2 33.465 336.765 37.825 0.222 0.127 0.59 0.083
11 39 1 35.604 342.66 37.886 0.151 0.193 0.384 0.083
12 11 1 35.258 356.791 38.385 4.412 1.821 1.507 0.003
12 12 5 37.448 372.075 38.231 1.789 2.132 1.205 -0.004
12 19 1 46.686 320.807 38.398 4.173 1.856 1.74 0.022
12 26 5 51.276 337.833 38.339 4.42 1.806 1.529 0.043
12 32 1 36.041 333.941 37.941 0.335 0.296 0.727 -2.849
12 35 1 29.294 325.49 38.613 2.509 1.29 1.64 -0.212
12 37 2 35.737 343.54 37.903 0.268 0.216 0.436 -3.134
12 38 2 33.461 336.756 37.893 0.278 0.267 0.57 -1.577
12 39 1 35.567 342.597 37.87 0.238 0.387 0.422 2.666
12 59 1 54.618 290.971 37.663 0.95 1.458 0.669 -3.121
13 11 1 35.205 356.71 38.423 4.294 1.887 1.46 0
13 12 5 38.663 365.636 38.228 1.773 2.024 1.228 0
13 19 1 47.309 317.101 38.405 3.909 1.765 1.795 -0.034
13 26 5 51.324 337.674 38.341 4.438 1.8 1.532 0.027
13 32 1 36.007 333.92 37.893 0.326 0.254 0.631 -0
13 37 2 35.645 343.533 37.895 0.191 0.235 0.42 0
13 38 2 33.398 336.715 37.886 0.205 0.197 0.499 0
13 39 1 35.513 342.587 37.897 0.133 0.129 0.305 0
13 59 1 54.337 292.245 37.706 3.842 1.651 0.707 3.089
13 62 1 45.112 297.854 38.059 3.094 0.418 1.36 0.006
14 11 1 35.193 356.715 38.334 4.185 1.802 1.377 -0.005
14 12 5 39.678 359.538 38.444 2.168 2.026 1.573 -0.014
14 19 1 47.691 313.252 38.378 4.191 1.939 1.843 -0.016
14 26 5 51.34 337.603 38.329 4.46 1.886 1.536 0.017
14 37 2 35.632 343.493 37.806 0.203 0.153 0.461 3.142
14 39 1 35.44 342.611 37.875 0.211 0.28 0.44 1.759
14 59 1 53.994 294.95 37.849 3.89 1.739 1.128 3.141
14 62 1 45.123 298.012 37.897 3.359 0.372 1.132 0.019
14 64 1 55.466 279.203 37.687 0.272 0.8 0.506 -3.108
14 71 2 39.115 310.01 37.686 0.126 0.197 0.306 0.026
14 72 2 38.715 311.803 37.721 0.198 0.227 0.3 0.026
15 11 1 35.157 356.751 38.187 3.977 1.834 1.083 0.015
15 12 5 40.766 353.563 38.328 2.275 2.03 1.34 -0.056
15 19 1 48.123 309.877 38.34 4.33 1.847 1.785 -0.043
15 26 5 51.422 337.484 38.325 4.224 2.083 1.493 0.026
15 37 2 35.602 343.484 37.803 0.164 0.22 0.45 3.142
15 39 1 35.445 342.535 37.843 0.23 0.188 0.459 -3.142
15 59 1 53.496 297.689 37.933 4.06 1.681 1.246 3.043
15 62 1 44.745 297.796 38.097 3.843 1.158 1.43 0.005
15 64 1 55.296 280.956 37.954 2.122 1.524 1.744 3.021
15 71 2 39.1 310 37.747 0.229 0.243 0.408 -3.119
15 72 2 38.728 311.758 37.78 0.266 0.25 0.42 -3.119
15 77 2 37.95 315.572 37.736 0.154 0.196 0.32 2.741
15 79 2 38.372 313.758 37.778 0.233 0.201 0.355 -2.688
16 11 1 35.181 356.683 38.171 4.108 1.798 1.064 -0.012
16 12 5 41.848 347.51 38.275 1.805 2.059 1.338 0.018
16 19 1 48.481 306.326 38.328 4.178 1.839 1.789 -0.045
16 26 5 51.386 337.438 38.306 4.104 2.031 1.502 0.038
16 39 1 35.449 342.565 37.812 0.271 0.126 0.352 0
16 59 1 53.188 300.593 38.077 4.075 1.968 1.348 3.127
16 62 1 44.561 297.813 38.068 3.91 1.479 1.384 -0.008
16 64 1 54.989 283.079 38.112 3.631 1.949 1.565 3.091
16 71 2 39.08 309.988 37.745 0.257 0.151 0.446 0.446
16 72 2 38.693 311.75 37.815 0.153 0.241 0.331 2.285
16 77 2 37.961 315.549 37.764 0.186 0.197 0.325 0.214
16 79 2 38.375 313.726 37.769 0.284 0.22 0.49 -2.627
17 11 1 35.367 355.55 38.148 1.444 1.803 1.062 -3.068
17 12 5 42.794 342.086 38.344 2.525 2.031 1.264 0.089
17 19 1 48.926 303.153 38.344 4.115 1.848 1.841 3.067
17 26 5 51.356 337.447 38.299 4.145 1.904 1.505 0.038
17 59 1 52.643 303.47 38.16 4.16 1.984 1.464 -3.112
17 62 1 44.404 297.784 38.103 3.929 1.794 1.529 -0.006
17 64 1 54.754 285.946 38.073 3.82 2.043 1.556 3.088
17 71 2 39.063 309.944 37.778 0.212 0.207 0.338 -0.057
17 72 2 38.698 311.722 37.767 0.245 0.279 0.375 -0.057
17 77 2 37.932 315.542 37.717 0.184 0.341 0.438 0
17 79 2 38.371 313.703 37.763 0.271 0.186 0.389 -0.057
17 85 1 42.903 283.853 38.447 2.98 0.506 0.876 -0.021
18 11 1 35.198 355.138 38.203 0.99 1.81 0.368 -3.09
18 12 5 43.669 336.705 38.377 2.697 1.927 1.519 0.005
18 19 1 49.157 300.248 38.344 3.652 1.85 1.847 0
18 26 5 51.335 337.368 38.33 4.203 1.827 1.527 0.053
18 59 1 52.041 306.206 38.217 4.251 1.987 1.457 -3.097
18 62 1 44.43 297.812 38.089 3.928 1.797 1.479 -0.002
18 64 1 54.497 288.884 38.146 4.029 1.983 1.621 3.062
18 71 2 39.065 309.923 37.782 0.311 0.328 0.455 0
18 72 2 38.722 311.705 37.788 0.305 0.296 0.447 0
18 77 2 37.89 315.541 37.765 0.273 0.277 0.358 3.075
18 79 2 38.324 313.665 37.834 0.31 0.264 0.427 0.056
18 85 1 42.165 284.439 38.162 3.881 2.085 1.605 -3.077
18 93 5 51.708 308.607 37.94 0.544 1.444 0.551 0.024
19 12 5 44.46 331.918 38.379 3.408 2.075 1.692 0.092
19 19 1 49.546 297.159 38.334 4.165 1.804 1.863 0.003
19 26 5 51.276 337.381 38.311 3.855 1.86 1.46 0.078
19 62 1 44.466 297.752 38.129 4.067 1.762 1.517 0
19 64 1 54.136 292.051 38.171 4.051 2.038 1.652 3.079
19 71 2 39.035 309.921 37.833 0.287 0.219 0.396 0
19 72 2 38.649 311.7 37.83 0.263 0.199 0.451 0
19 77 2 37.883 315.498 37.752 0.208 0.172 0.338 0
19 79 2 38.256 313.655 37.8 0.266 0.25 0.394 0
19 85 1 42.104 284.973 38.258 3.204 1.85 1.496 -3.036
19 93 5 51.485 309.078 38.431 4.591 1.831 1.067 -3.076
20 12 5 45.336 326.55 38.311 2.637 2.046 1.474 0.025
20 19 1 49.91 294.589 38.335 4.116 1.839 1.826 -0.028
20 26 5 51.281 337.397 38.254 4.085 1.87 1.521 0.037
20 62 1 44.416 297.683 38.154 4.065 1.904 1.489 -0.012
20 64 1 53.864 295.18 38.218 4.1 2.029 1.655 3.075
20 71 2 38.988 309.887 37.779 0.237 0.262 0.47 -0.013
20 72 2 38.639 311.66 37.826 0.192 0.242 0.394 -2.288
20 77 2 37.847 315.473 37.778 0.154 0.16 0.324 3.019
20 79 2 38.245 313.623 37.811 0.263 0.307 0.412 -2.288
20 85 1 41.511 285.617 38.105 2.003 1.376 1.201 -0.201
20 93 5 50.978 311.915 38.275 4.118 1.771 1.481 -3.098
21 12 5 46.024 322.482 38.383 3.914 2.102 1.614 0
21 19 1 50.239 292.318 38.34 4.156 1.889 1.815 -0.055
21 26 5 51.134 337.327 38.418 3.548 1.753 1.225 -3.127
21 62 1 44.47 297.647 38.148 4.109 1.855 1.531 -0.022
21 64 1 53.448 298.639 38.282 4.703 2.081 1.641 3.083
21 72 2 38.638 311.654 37.817 0.228 0.182 0.424 -3.07
21 79 2 38.212 313.606 37.839 0.295 0.189 0.438 2.353
21 85 1 38.293 285.948 38.582 2.484 1.865 1.171 -3.132
21 93 5 50.512 314.801 38.264 4.125 1.772 1.46 -3.11
22 12 5 46.864 317.558 38.281 2.73 2.057 1.482 0.025
22 19 1 50.492 290.288 38.37 4.254 1.82 1.858 -0.099
22 26 5 51.492 336.217 38.272 1.848 1.932 0.833 0.025
22 62 1 44.459 297.465 38.176 4.472 1.933 1.461 -0.038
22 64 1 52.959 301.794 38.276 4.047 1.991 1.622 3.087
22 93 5 49.96 317.778 38.258 4.159 1.739 1.438 -3.117
22 106 2 44.88 256.775 38.5 2.709 0.431 1.83 -0.056
23 12 5 47.515 313.501 38.326 2.715 2.113 1.536 -0.058
23 19 1 50.551 288.516 38.344 4.133 1.777 1.771 -0.162
23 26 5 51.146 337.346 38.323 3.931 1.846 1.366 -0.095
23 62 1 44.425 297.408 38.191 4.36 1.881 1.478 -0.09
23 64 1 52.493 304.962 38.296 3.864 1.931 1.611 3.046
23 93 5 49.492 320.653 38.215 3.824 1.76 1.332 3.087
23 106 2 44.265 260.576 38.595 4.271 0.565 1.904 -0.089
24 12 5 48.117 309.724 38.266 2.739 2.094 1.588 -0.117
24 19 1 50.587 286.913 38.378 4.637 1.769 1.928 -0.25
24 62 1 44.397 297.415 38.196 4.162 1.836 1.477 -0.107
24 64 1 51.835 308.245 38.314 3.811 1.796 1.641 3.057
24 93 5 49.003 323.638 38.13 3.631 1.591 1.028 3.034
24 106 2 44.064 262.48 38.477 0.728 2.932 2.115 1.456
24 111 2 45.208 272.669 38.787 6.222 0.922 2.773 -0.323
25 12 5 48.673 306.666 38.287 3.797 2.088 1.664 -0.033
25 19 1 50.457 285.612 38.348 4.097 2.023 1.828 -0.377
25 62 1 44.369 297.71 38.179 3.371 1.637 1.459 -0.09
25 64 1 51.115 311.634 38.322 3.79 1.899 1.659 -0.06
25 93 5 48.17 326.469 38 3.026 1.039 0.913 -0.1
25 106 2 43.498 264.324 39.014 1.793 0.208 1.067 -0.181
25 111 2 44.559 272.676 38.827 6.271 2.324 2.788 -0.309
26 12 5 49.487 302.61 38.248 2.652 2.097 1.453 0.012
26 19 1 50.261 284.176 38.367 4.083 1.685 1.799 -0.411
26 62 1 44.806 297.695 38.144 3.453 0.609 1.443 -0.056
26 64 1 50.306 315.162 38.36 3.823 1.876 1.6 -3.132
26 111 2 44.636 273.033 38.853 5.524 2.081 2.66 -0.279
27 12 5 50.112 299.606 38.314 3.761 2.13 1.599 -0.002
27 19 1 49.843 282.904 38.439 4.233 1.872 1.951 -0.537
27 62 1 44.803 298.13 38.008 2.831 0.439 1.087 -0.009
27 64 1 49.485 318.45 38.324 3.151 1.899 1.627 -3.089
27 111 2 44.599 273.256 38.801 5.115 2.36 2.464 -0.208
27 121 2 56.08 234.092 38.515 1.177 0.855 2.098 1.539
28 12 5 50.821 296.123 38.276 3.8 2.087 1.666 0.072
28 19 1 49.084 281.77 38.367 4.12 1.841 1.858 -0.659
28 64 1 48.751 321.319 38.33 1.184 1.747 1.399 -3.082
28 111 2 44.636 274.159 38.732 3.081 2.174 2.416 -0.174
28 121 2 55.957 233.643 38.542 1.46 1.702 2.35 1.395
29 12 5 51.647 291.915 38.166 2.659 2.113 1.463 0.054
29 19 1 47.987 280.83 38.328 4.077 2.151 1.863 -0.854
29 64 1 47.502 326.022 38.462 2.783 1.667 0.928 0.156
29 111 2 44.593 274.894 38.691 2.233 1.523 2.399 -1.695
29 121 2 55.622 233.834 38.803 2.205 1.317 2.567 1.462
30 12 5 52.436 287.922 38.219 2.477 2.082 1.599 0.127
30 19 1 46.732 279.749 38.361 4.157 1.832 1.873 -1.068
30 64 1 46.785 329.167 38.391 0.7 1.442 1.243 -3.136
30 121 2 55.212 233.595 38.737 2.84 1.932 3.026 1.508
30 134 2 56.036 224.83 38.676 3.398 2.289 2.924 0.017
30 137 4 62.523 214.173 38.262 0.942 0.624 1.14 3.126
30 141 1 67.701 234.048 37.795 2.666 0.371 1.082 0.023
31 12 5 53.141 284.28 38.222 3.516 2.109 1.63 0.073
31 19 1 45.968 279.395 37.935 1.72 2.135 1.152 0.362
31 121 2 54.878 233.613 38.853 3.536 1.957 3.034 1.544
31 134 2 56.184 224.194 39.249 4.191 1.833 2.247 -3.006
31 137 4 62.259 215.252 38.151 1.012 0.649 1.395 -3.134
31 141 1 67.62 234.439 37.949 3.5 0.323 1.373 0.021
31 148 2 63.533 270.313 38.61 6.049 1.726 2.461 1.634
32 12 5 53.984 279.929 38.253 3.58 2.038 1.602 0.029
32 121 2 53.843 233.419 38.897 5.644 2.142 3.027 1.564
32 134 2 56.056 224.601 38.873 3.72 1.8 2.418 -3.075
32 137 4 62.009 216.392 38.143 1.046 0.623 1.199 -3.008
32 141 1 67.69 234.521 38.187 3.847 0.49 1.704 0.01
32 148 2 61.808 270.311 38.627 2.6 2.009 2.408 1.612
32 152 5 66.024 242.811 39.814 0.172 0.778 0.462 -1.515
33 12 5 54.869 275.542 38.185 3.648 2.083 1.51 0.053
33 121 2 53.613 233.282 38.919 5.987 2.209 3.127 1.549
33 134 2 55.849 224.482 38.79 3.792 2.136 2.97 -3.083
33 137 4 61.942 217.324 38.219 1.248 0.623 1.532 -3.134
33 141 1 67.77 234.655 38.168 3.767 0.697 1.65 0.024
33 148 2 61.484 270.504 38.645 2.024 2.511 2.485 1.6
33 152 5 66.191 243.601 38.847 0.904 2.576 2.572 1.667
34 12 5 55.732 270.859 38.272 3.523 2.12 1.579 -0.047
34 121 2 53.61 233.126 38.827 6.105 2.643 2.679 1.546
34 134 2 55.671 224.852 38.99 4.008 2.494 2.877 -3.101
34 137 4 61.961 218.54 38.192 1.19 0.655 1.54 -3.132
34 141 1 67.876 234.653 38.164 4.02 1.029 1.57 0.004
34 148 2 61.436 270.33 38.783 2.223 1.951 2.682 -3.122
34 152 5 67.308 243.974 38.654 3.336 2.186 2.599 1.623
34 162 1 70.813 198.668 38.088 2.873 1.52 1.138 -3.078
35 12 5 56.463 266.107 38.306 3.497 2.101 1.664 0
35 121 2 53.58 233.193 38.767 6.057 2.646 2.733 1.522
35 134 2 55.766 225.045 38.988 3.856 2.246 2.918 -3.102
35 137 4 61.773 219.657 38.26 1.094 0.533 1.569 -3.06
35 141 1 68.188 234.666 38.229 4.052 1.669 1.645 -0.013
35 148 2 61.038 271.672 38.817 4.973 1.612 2.864 -3.141
35 152 5 68.723 244.339 38.719 6.364 2.106 2.518 1.627
35 162 1 69.782 204.078 37.975 0.901 1.681 0.834 -3.019
36 12 5 57.086 261.331 38.257 3.656 2.106 1.622 0.004
36 121 2 53.566 233.148 38.711 6.056 2.665 2.597 1.524
36 134 2 55.675 225.268 38.793 3.66 2.178 2.928 -3.126
36 137 4 61.546 220.95 38.221 1.053 0.668 1.389 -3.121
36 141 1 68.265 234.378 38.252 4.724 1.88 1.686 -0.013
36 148 2 60.773 273.053 38.936 7.719 1.809 3.091 -3.13
36 152 5 68.544 244.237 38.632 6.228 2.09 2.412 1.606
36 162 1 69.195 207.356 37.923 3.733 1.773 0.988 3.082
36 170 2 68.17 251.84 38.893 5.86 1.682 2.236 -1.502
36 171 1 55.786 228.887 38.082 1.589 0.403 1.322 0.013
37 12 5 57.855 256.078 38.221 2.689 2.078 1.547 -0.021
37 121 2 53.581 233.24 38.66 6.029 2.591 2.505 1.515
37 134 2 55.58 225.503 39.118 2.768 2.141 1.927 3.132
37 137 4 61.35 221.784 38.253 1.631 0.612 1.551 -3.004
37 141 1 68.148 234.544 38.281 4.325 1.841 1.702 -0.034
37 148 2 60.685 274.186 39.056 1.798 1.781 2.679 1.71
37 152 5 68.357 244.214 38.646 5.905 2.358 2.444 1.595
37 162 1 68.422 211.705 38.288 4.147 1.881 1.708 3.122
37 170 2 68.028 252.077 38.73 6.06 2.175 2.565 -1.533
37 171 1 55.514 229.788 38.213 3.22 0.541 1.514 0.006
37 172 2 62.306 183.686 39.932 2.747 1.684 1.731 1.627
37 175 1 72.243 187.564 38.285 3.049 1.548 1.096 -3.138
38 12 5 58.49 251.716 38.271 3.536 2.053 1.607 -0.006
38 121 2 53.359 233.242 38.677 6.53 2.374 2.388 1.504
38 134 2 55.459 225.809 39.159 2.13 2.403 1.584 0.019
38 137 4 61.058 222.839 38.313 1.619 0.734 1.604 -3.133
38 141 1 68.276 234.452 38.274 4.529 2.06 1.702 -0.043
38 148 2 60.306 275.254 39.02 4.047 1.528 2.69 -3.088
38 152 5 66.48 243.816 38.634 1.953 2.229 2.469 1.568
38 162 1 67.631 216.242 38.318 4.18 1.998 1.67 -3.141
38 170 2 66.935 251.843 38.746 3.894 2.071 2.746 -1.538
38 171 1 54.898 230.426 38.205 2.846 1.553 1.578 -0.047
38 172 2 61.589 183.236 39.889 3.925 2.07 2.412 -1.541
38 175 1 71.562 191.378 38.115 3.258 1.705 1.195 3.125
38 178 1 59.177 210.851 39.848 0.186 1.378 0.846 -1.555
39 12 5 59.197 247.255 38.258 3.873 2.126 1.529 0.064
39 121 2 53.42 233.181 38.671 6.264 2.312 2.521 1.531
39 134 2 55.496 225.972 38.653 2.169 2.231 2.527 -3.139
39 137 4 60.779 223.965 38.332 1.712 0.721 1.65 -3.112
39 141 1 68.193 234.247 38.299 4.485 1.875 1.704 -0.016
39 148 2 60.199 275.268 39.045 3.988 1.334 2.789 -3.124
39 152 5 66.459 243.894 38.658 1.888 2.361 2.658 1.615
39 162 1 66.924 220.336 38.38 4.531 1.917 1.721 3.128
39 170 2 65.967 251.632 38.907 2.185 2.108 2.662 -1.533
39 171 1 54.737 230.416 38.579 2.662 1.607 0.858 0
39 172 2 61.869 183.47 39.725 1.668 2.541 2.094 0.063
39 175 1 70.834 195.126 38.484 3.638 1.82 1.859 3.138
39 178 1 58.997 211.669 39.784 3.244 0.178 1.117 0.014
39 183 2 60.679 187.556 39.919 5.01 1.979 1.554 0.062
39 185 2 69.038 175.366 39.083 1.095 2.431 2.567 0.066
40 12 5 59.988 242.645 38.302 3.497 2.093 1.665 -0.041
40 121 2 53.408 233.15 38.991 6.21 2.238 2.023 1.552
40 137 4 60.244 224.852 38.369 1.51 0.896 0.95 -2.683
40 141 1 68.284 234.179 38.297 4.49 2.056 1.7 0.006
40 148 2 60.05 274.284 39.072 0.633 2.083 2.77 1.616
40 152 5 66.381 243.925 38.783 2.59 2.268 2.766 3.071
40 162 1 66.105 224.632 38.397 5.013 1.992 1.761 -3.105
40 170 2 65.687 252.302 38.947 3.593 1.971 2.791 0.013
40 171 1 54.837 229.485 38.253 3.977 1.936 1.476 0.011
40 172 2 61.676 183.385 39.848 2.21 1.807 2.137 1.646
40 175 1 70.121 198.966 38.489 3.888 1.882 1.875 3.113
40 178 1 58.595 212.343 38.826 5.07 0.895 2.753 3.103
40 183 2 59.819 185.976 40.165 0.923 2.262 1.366 -1.405
40 185 2 68.295 178.731 39.034 6.242 2.648 3.047 0.065
40 188 5 74.032 165.137 38.287 0.816 1.431 0.884 -2.978
40 190 2 60.604 191.705 38.842 3.703 1.778 1.135 3.062
41 12 5 60.683 238.463 38.323 3.776 2.004 1.618 0.042
41 121 2 55.12 233.462 39.26 2.458 2.363 1.514 1.518
41 137 4 60.341 226.31 38.339 1.939 0.673 1.583 -3.099
41 141 1 68.302 234.09 38.521 3.88 1.444 1.149 0.013
41 152 5 65.825 243.659 38.874 0.651 2.161 2.422 1.609
41 162 1 65.307 228.661 38.436 4.407 1.886 1.83 -3.099
41 170 2 65.44 252.676 38.981 3.843 1.626 2.363 -3.119
41 172 2 61.132 184.042 39.827 0.287 1.609 1.987 0.062
41 175 1 69.482 202.712 38.496 4.379 1.839 1.931 3.141
41 178 1 57.953 212.719 38.833 5.622 1.944 2.637 -3.099
41 183 2 59.354 185.764 40.102 2.309 1.923 1.385 0.197
41 185 2 67.973 179.841 38.351 3.965 1.346 1.016 0.112
41 188 5 74.427 162.767 38.114 0.955 1.577 0.725 -0.02
41 190 2 60.449 192.695 38.857 2.309 1.612 1.021 -1.506
41 198 2 55.521 220.804 39.365 4.286 1.715 1.213 -1.517
42 12 5 61.417 234.117 38.26 3.773 2.074 1.515 -0.018
42 121 2 55.754 233.401 39.346 1.093 2.227 1.137 1.596
42 137 4 60.119 227.247 38.356 1.634 0.74 1.584 3.104
42 141 1 68.183 234.147 38.245 4.363 1.859 1.634 -0.013
42 152 5 66.246 243.74 38.672 1.634 2.017 2.788 1.608
42 162 1 64.51 232.683 38.329 4.218 2 1.69 -3.09
42 170 2 65.35 252.372 39.363 1.449 3.211 1.411 1.665
42 172 2 60.693 183.96 39.911 0.762 0.275 1.859 -1.36
42 175 1 68.866 206.62 38.506 4.379 1.908 1.893 3.138
42 178 1 57.782 212.606 38.931 5.647 2.212 2.053 -3.11
42 183 2 58.48 185.406 39.764 3.885 2.41 2.115 -1.389
42 185 2 67.959 179.464 38.429 4.729 1.723 1.528 0.126
42 188 5 74.781 160.717 38.192 1.14 1.547 0.87 0.075
42 190 2 60.179 192.634 39.02 2.785 1.652 0.718 1.711
42 198 2 56.327 221.678 38.691 2.038 1.787 2.491 -3.105
43 12 5 62.099 229.716 38.361 3.541 2.128 1.635 -0.035
43 137 4 59.812 228.163 38.345 1.293 0.767 1.605 -3.129
43 141 1 68.102 234.238 38.249 4.411 1.852 1.614 0.003
43 152 5 66.128 243.811 38.747 1.476 2.014 2.33 1.58
43 162 1 63.378 236.95 38.334 4.297 1.803 1.691 -3.052
43 170 2 64.985 252.649 38.65 3.947 1.076 2.707 -3.126
43 175 1 68.345 210.548 38.557 5.333 2.219 1.9 -3.117
43 178 1 57.982 212.506 38.734 5.38 1.93 2.424 -3.107
43 183 2 57.172 185.446 39.44 6.087 1.421 2.324 -1.396
43 185 2 68.003 178.978 38.425 5.71 2.024 1.458 0.103
43 188 5 75.25 158.611 38.561 1.422 1.64 1.182 0.052
43 190 2 60.015 192.75 38.656 2.619 1.424 1.417 1.674
43 198 2 56.811 222.769 38.82 0.399 1.767 2.617 -1.519
43 206 2 73.744 203.129 38.814 3.283 1.991 2.487 -1.605
44 12 5 62.786 225.483 38.345 3.691 2.108 1.547 -0.033
44 137 4 59.356 229.185 38.268 1.184 0.735 1.472 3.092
44 141 1 68.017 234.016 38.271 3.921 1.719 1.609 -0.003
44 152 5 65.391 244.584 38.648 3.113 0.513 2.549 -3.091
44 162 1 62.667 239.199 38.292 3.082 1.919 1.671 -0.031
44 170 2 64.841 252.975 38.863 3.114 0.934 2.507 -3.099
44 175 1 67.561 214.365 38.535 4.646 1.896 1.889 -3.132
44 178 1 57.798 212.368 38.76 5.32 2.135 2.484 -3.127
44 183 2 55.337 184.995 39.487 2.897 0.959 2.274 1.741
44 185 2 67.855 179.313 38.509 4.919 1.991 1.452 0.055
44 188 5 75.448 156.836 38.572 1.276 1.654 1.047 3.094
44 190 2 59.093 192.918 39.088 0.622 0.771 0.67 -2.956
44 198 2 56.63 223.994 39.514 0.759 0.199 1.454 -0
44 206 2 72.774 204.294 38.431 4.764 1.865 1.726 3.134
44 207 5 69.594 176.693 38.043 0.488 0.65 0.27 0.076
45 12 5 63.527 221.075 38.355 3.927 2.106 1.428 -0.082
45 137 4 59.169 230.432 38.289 1.442 0.712 1.663 3.025
45 162 1 61.49 244.048 38.231 1.216 1.59 1.603 3.083
45 170 2 64.466 253.718 39.386 0.308 0.855 1.195 -3.047
45 175 1 66.769 218.184 38.508 4.554 1.831 1.901 -3.097
45 178 1 57.688 212.424 38.81 5.492 2.138 2.674 -3.123
45 185 2 67.831 179.462 38.551 4.667 1.996 1.526 0.079
45 188 5 75.801 154.995 38.464 1.22 1.642 1.279 -0.022
45 206 2 72.814 204.236 38.424 4.563 2 1.723 3.124
45 207 5 69.625 176.683 37.932 0.824 0.857 0.63 -1.537
46 12 5 64.444 215.852 38.368 2.706 2.101 1.543 -0.011
46 137 4 59.016 231.511 38.289 1.29 0.557 1.286 3.093
46 162 1 60.104 248.23 38.106 0.492 1.617 0.82 -3.082
46 175 1 65.763 222.219 38.459 4.588 1.777 1.934 -3.037
46 178 1 57.664 212.491 38.908 5.787 2.159 2.732 -3.121
46 185 2 67.7 179.447 38.543 4.684 1.979 1.46 0.052
46 188 5 76.064 153.103 38.525 1.255 1.664 1.224 -0.06
46 206 2 72.785 204.105 38.426 4.255 1.958 1.706 3.099
46 207 5 69.473 176.838 37.985 1.086 0.723 0.47 -3.133
47 12 5 65.274 211.513 38.381 3.549 2.184 1.665 -0.049
47 175 1 64.811 226.065 38.397 3.968 1.782 1.844 -3.078
47 178 1 57.758 212.57 38.936 5.757 1.817 2.885 -3.122
47 185 2 67.766 179.404 38.587 4.815 1.92 1.518 0.064
47 188 5 76.365 151.295 38.3 0.965 1.547 1.163 -0.083
47 206 2 72.737 204.075 38.392 4.199 1.87 1.743 3.128
47 207 5 69.405 176.857 37.96 0.951 0.657 0.555 -3.093
47 226 2 78.687 135.308 39.589 2.718 2.397 3.138 -0.181
48 12 5 66.218 207.014 38.356 3.908 2.084 1.538 -0.006
48 175 1 64.049 228.942 38.465 1.151 1.859 1.802 -0.029
48 178 1 57.783 213.072 39.699 4.94 1.474 1.918 -3.131
48 185 2 67.668 179.41 38.572 4.761 1.916 1.549 0.077
48 188 5 76.628 149.291 38.376 1.108 1.589 0.754 0.036
48 206 2 72.725 204.022 38.403 4.148 1.821 1.764 3.138
48 207 5 69.252 176.716 37.986 1.397 1.089 0.549 -3.016
48 226 2 78.753 132.997 39.412 4.419 2.362 2.892 -0.138
49 12 5 67.225 202.073 38.396 3.551 2.135 1.61 0
49 175 1 62.923 233.339 38.536 1.254 1.564 1.592 3.104
49 185 2 67.656 179.467 38.593 4.592 1.984 1.535 0.057
49 188 5 76.925 147.337 38.459 1.103 1.682 1.283 -0
49 206 2 72.264 203.961 38.348 4.099 1.013 1.723 3.142
49 207 5 69.137 176.626 38.093 1.626 1.333 0.748 -3.106
49 226 2 78.85 131.736 39.46 4.659 2.5 3.075 -0.151
49 235 5 81.738 128.372 38.103 0.369 1.128 0.339 -0.13
50 12 5 68.23 197.319 38.45 3.498 2.143 1.648 0.013
50 175 1 61.779 237.424 38.15 0.701 1.738 0.736 0.025
50 185 2 67.797 179.289 38.602 4.784 1.776 1.443 0.08
50 188 5 77.134 145.484 38.459 1.125 1.617 1.221 -0.017
50 206 2 72.126 203.876 38.376 3.968 0.78 1.746 -3.135
50 226 2 78.772 132.044 39.46 2.671 2.353 2.781 -0.165
50 235 5 81.681 128.814 38.557 2.596 1.291 1.625 3.121
51 12 5 69.234 192.616 38.465 3.704 2.004 1.616 0.004
51 185 2 67.651 179.225 38.593 4.697 1.917 1.488 0.078
51 188 5 77.258 143.623 38.519 1.527 1.682 1.48 0.003
51 206 2 71.985 203.913 38.233 4.032 0.623 1.461 -0.003
51 226 2 78.789 130.534 39.386 4.769 2.508 3.201 -0.14
51 235 5 81.507 128.262 38.132 7.346 1.404 0.8 3.081
52 12 5 70.259 187.796 38.499 3.488 2.087 1.647 -0.036
52 185 2 67.658 179.056 38.598 4.602 1.93 1.481 0.09
52 188 5 77.347 142.303 38.489 1.527 1.697 1.417 -0.179
52 206 2 71.935 203.78 38.327 3.67 0.589 1.672 3.117
52 226 2 78.802 131.088 39.608 2.476 2.388 2.65 -0.123
52 235 5 80.962 132.029 38.466 3.644 1.681 1.023 3.069
52 246 2 87.437 121.056 38.952 0.815 0.416 2.023 1.554
53 12 5 71.187 183.133 38.467 3.484 2.125 1.607 0.015
53 185 2 67.864 179.056 38.584 4.297 1.533 1.509 0.085
53 188 5 77.429 140.137 38.523 3.751 1.723 1.219 -0.118
53 206 2 71.753 204.103 38.113 4.174 0.3 1.113 -3.125
53 226 2 78.751 130.986 39.793 2.446 2.384 2.339 -0.113
53 235 5 80.837 133.778 38.603 4.264 1.834 1.656 3.088
53 246 2 87.369 121.096 39.39 0.48 0.697 1.936 3.134
54 12 5 72.014 178.875 38.538 3.517 2.145 1.528 0.037
54 185 2 68.206 179.229 38.552 4.427 0.687 1.468 0.088
54 188 5 77.423 139.67 38.489 3.103 1.732 1.437 -0.167
54 206 2 71.831 203.924 37.835 3.877 0.452 0.736 -0.006
54 226 2 78.781 130.34 39.695 3.551 2.417 2.1 -0.078
54 235 5 80.551 136.383 38.62 3.784 2 1.634 3.142
54 246 2 87.544 121.188 39.514 0.393 0.567 2.006 0.135
54 254 2 71.278 150.51 39.072 1.085 1.665 2.436 1.559
54 258 1 81.356 121.954 38.573 4.59 0.379 1.373 0.041
55 12 5 72.581 175.764 38.628 5.045 2.165 1.818 0.061
55 185 2 68.693 178.842 38.49 5.503 1.163 1.505 0.069
55 188 5 77.537 139.168 38.549 2.961 1.804 1.409 -0.008
55 206 2 71.731 203.816 37.814 3.498 0.477 0.732 -0.061
55 226 2 78.759 130.9 39.449 2.546 2.446 2.932 -0.049
55 235 5 80.295 138.85 38.597 4.061 1.938 1.588 3.108
55 246 2 87.625 121.157 39.865 0.702 0.492 1.384 1.556
55 254 2 69.971 150.259 39.082 3.735 2.25 2.497 1.586
55 258 1 81.499 121.623 38.442 4.595 0.526 1.267 0.019
56 12 5 73.273 171.479 38.547 3.476 2.139 1.644 0.081
56 185 2 68.662 178.717 38.478 5.033 0.998 1.333 0.062
56 188 5 77.404 138.545 38.575 3.362 1.758 1.41 -0.111
56 206 2 71.673 204.086 37.843 3.156 0.239 0.758 -3.091
56 226 2 78.722 130.852 39.365 2.365 2.435 2.862 -0.055
56 235 5 79.925 141.475 38.647 4.164 2.01 1.625 -3.132
56 246 2 87.772 121.189 39.832 0.828 0.564 1.558 1.701
56 254 2 68.814 150.014 39.077 6.193 2.361 2.513 1.6
56 258 1 81.684 120.767 38.671 3.754 0.272 1.719 -3.034
57 12 5 73.734 168.394 38.61 3.672 2.069 1.594 0.023
57 188 5 77.43 138.513 38.555 3.074 1.789 1.412 -0.104
57 226 2 78.683 130.791 39.26 2.532 2.487 2.736 -0.028
57 235 5 79.493 144.339 38.594 4.111 1.967 1.594 -3.125
57 246 2 87.881 121.346 40.007 0.779 0.185 1.212 1.647
57 254 2 68.782 150.238 39.035 6.293 1.973 2.49 1.599
57 258 1 81.742 120.421 38.71 4.603 0.496 1.666 0.058
57 278 1 67.715 158.142 38.813 1.6 0.859 1.109 -1.918
58 12 5 74.138 165.658 38.579 3.658 2.102 1.677 0.063
58 188 5 77.533 138.514 38.591 3.123 1.737 1.507 -0.015
58 226 2 78.662 130.935 39.323 1.543 2.368 2.865 -0.03
58 235 5 79.05 147.265 38.611 4.232 2.028 1.63 -3.097
58 246 2 87.955 121.421 39.863 0.894 0.231 1.33 1.733
58 254 2 68.664 150.604 39.055 6.198 1.093 2.57 1.614
58 258 1 81.757 119.879 38.785 3.887 0.484 1.993 0.091
58 278 1 67.564 159.122 38.762 2.121 1.355 1.516 -2.81
59 12 5 74.446 163.415 38.638 3.732 2.114 1.696 -0.006
59 188 5 77.437 138.519 38.595 3.153 2.032 1.527 -0.051
59 226 2 78.713 130.281 39.343 1.509 2.333 2.534 0.064
59 235 5 78.69 150.23 38.632 4.413 1.966 1.66 -3.105
59 246 2 87.944 122.178 39.764 0.826 1.77 1.487 -1.494
59 254 2 69.271 151.124 39.114 7.957 0.346 2.423 -1.49
59 258 1 82.129 118.382 38.888 4.627 0.506 2.22 0.113
59 278 1 67.521 160.475 38.692 3.908 0.506 1.387 -2.886
60 12 5 74.743 161.448 38.601 3.665 2.12 1.658 0.084
60 188 5 77.416 138.488 38.625 3.134 1.985 1.45 -0.027
60 226 2 79.288 126.775 39.051 6.719 2.392 2.664 0.054
60 235 5 78.096 153.667 38.627 3.978 1.967 1.657 -3.105
60 258 1 82.422 117.07 38.922 4.615 0.879 1.879 0.072
60 278 1 67.351 161.147 38.548 1.998 0.368 1.107 -2.918
61 12 5 74.954 159.789 38.636 3.726 2.135 1.575 0.006
61 188 5 77.443 138.448 38.593 3.25 1.964 1.43 -0.087
61 226 2 79.611 125.738 39.225 6.505 2.506 2.756 0.088
61 235 5 77.606 157.082 38.598 4.117 1.762 1.555 -3.123
61 258 1 82.801 115.485 38.94 4.605 0.419 1.865 0.118
61 298 2 77.159 104.607 40.295 1.267 0.261 0.859 -1.523
62 12 5 75.222 158.1 38.654 3.807 2.107 1.631 0
62 188 5 77.486 138.508 38.641 3.198 1.755 1.48 0
62 226 2 79.953 124.48 39.293 6.801 2.37 2.661 0.125
62 235 5 77.081 160.742 38.579 3.982 1.815 1.563 3.142
62 258 1 83.415 112.905 38.591 2.353 0.265 1.391 0.134
62 298 2 77.136 104.635 40.346 0.209 1.064 0.833 0.047
63 12 5 75.464 156.543 38.657 3.958 2.124 1.654 -0.065
63 188 5 77.393 138.468 38.631 3.157 1.999 1.51 -0.093
63 226 2 80.37 123.067 39.289 6.746 2.51 2.712 0.12
63 235 5 76.472 164.291 38.552 3.164 1.728 1.627 -3.104
63 298 2 77.116 104.594 40.334 0.273 1.039 0.839 3.106
64 12 5 75.72 154.94 38.653 3.681 2.037 1.626 0
64 188 5 77.393 138.242 38.619 3.233 2.002 1.476 -0.091
64 226 2 80.799 121.692 39.276 7.031 2.331 2.865 0.12
64 235 5 75.73 168.486 38.486 3.432 1.474 1.59 0.12
64 298 2 77.044 104.571 40.458 0.235 1.025 0.623 -3.09
65 12 5 76.01 153.385 38.705 3.563 2.078 1.451 0.026
65 188 5 77.513 137.811 38.635 3.313 1.814 1.454 -0.077
65 226 2 81.248 119.814 39.339 5.979 2.455 2.927 0.085
65 235 5 74.82 172.505 38.461 3.593 1.788 1.423 -3.098
65 298 2 76.2 104.411 40.557 2.539 0.201 0.551 -1.507
66 12 5 76.176 152.299 38.785 3.663 2.129 1.874 0
66 188 5 77.522 137.133 38.648 3.333 2.104 1.485 -0.119
66 226 2 81.524 118.518 39.399 4.437 2.355 3.006 0.047
66 235 5 73.976 176.624 38.759 3.545 1.799 0.989 3.142
66 298 2 76.647 104.539 40.523 0.217 1.634 0.79 0.035
66 312 2 81.589 105.632 39.33 4.437 0.745 2.638 0
67 12 5 76.308 151.472 38.678 3.611 2.135 1.636 0
67 188 5 77.71 135.944 38.653 3.355 1.704 1.475 -0.021
67 226 2 81.757 117.455 39.396 2.55 2.367 2.956 -0.002
67 235 5 73.287 179.709 38.386 1.236 1.667 0.827 0.034
67 298 2 76.978 104.572 40.583 0.713 0.218 0.777 -1.473
67 312 2 81.256 106.27 38.643 4.925 0.319 1.54 3.102
68 12 5 76.355 151.065 38.83 4.101 2.127 1.932 0.001
68 188 5 77.973 133.994 38.633 3.838 1.835 1.512 0.01
68 226 2 82.227 114.735 39.416 4.201 2.46 3.101 0.019
68 235 5 72.34 184.625 38.57 2.224 1.644 1.252 -3.14
68 298 2 76.886 104.6 40.574 0.342 0.814 0.834 -0.24
68 312 2 81.739 106.696 39.377 5.92 1.35 2.73 -3.126
69 12 5 76.473 150.374 38.694 3.58 2.086 1.68 0.04
69 188 5 78.351 131.965 38.632 3.879 1.924 1.437 0.035
69 226 2 82.425 113.722 39.535 2.423 2.389 3.046 -0.029
69 235 5 71.554 188.722 38.072 1.215 1.545 0.601 -0.009
69 298 2 76.597 104.523 40.551 1.161 0.201 0.634 1.706
69 312 2 81.223 106.383 39.216 5.177 0.342 2.574 -0.032
70 12 5 76.557 149.858 38.709 3.733 2.117 1.671 0.009
70 188 5 78.84 129.87 38.663 3.907 1.697 1.442 0.094
70 226 2 82.87 111.777 39.502 2.68 2.371 3.07 0.009
70 235 5 70.827 192.967 38.29 0.313 1.491 0.729 0.009
70 298 2 76.754 104.568 40.67 0.499 0.332 0.619 1.147
70 312 2 81.268 106.474 39.429 5.049 0.32 2.498 -0.035
70 321 4 69.92 140.858 38.905 1.823 0.438 1.551 -1.591
70 323 1 74.96 114.502 39.932 2.122 0.69 1.605 3.108
70 326 1 90.478 84.12 38.275 0.749 1.292 0.717 0.019
71 12 5 76.684 149.033 38.66 3.767 2.105 1.72 0.009
71 188 5 79.371 127.645 38.644 4.131 1.7 1.496 0.126
71 226 2 82.964 110.583 39.529 1.816 2.313 2.996 -0.045
71 235 5 69.787 198.296 38.188 1.184 1.382 0.871 3.119
71 298 2 75.721 104.318 40.721 2.171 0.092 0.317 -1.498
71 312 2 81.125 107.091 39.521 7.527 0.428 2.417 0.012
71 321 4 69.775 141.231 39.132 1.391 1.667 1.193 -0.107
71 323 1 74.953 114.507 39.952 0.786 2.148 1.596 -1.57
71 326 1 90.007 85.476 38.886 2.546 1.355 1.425 3.12
72 12 5 76.821 148.094 38.666 3.906 2.137 1.69 -0.035
72 188 5 79.842 125.479 38.666 3.911 1.784 1.463 0.077
72 226 2 83.332 108.636 39.474 2.408 2.347 3.175 -0.035
72 298 2 75.524 104.242 40.845 1.514 0.404 0.159 1.475
72 312 2 81.248 106.653 39.786 5.036 0.45 2.664 -3.093
72 321 4 69.834 141.309 38.794 2.909 1.804 2.025 -0.017
72 323 1 74.89 114.465 39.95 0.86 2.116 1.581 -1.579
72 326 1 89.596 87.561 38.807 2.573 1.234 1.302 -3.03
73 12 5 77.024 146.735 38.697 3.622 2.085 1.618 0
73 188 5 80.323 123.324 38.671 3.923 1.845 1.496 0.075
73 226 2 83.564 106.431 39.595 3.62 2.398 3.112 -0.108
73 312 2 81.184 106.791 39.687 4.419 0.376 2.248 0.032
73 321 4 70.026 142.53 38.778 2.994 1.091 1.895 3.083
73 323 1 74.833 114.425 39.807 1.083 2.115 1.895 -1.551
73 326 1 89.017 89.402 38.761 2.413 1.363 1.221 3.102
74 12 5 77.235 145.217 38.664 3.458 2.068 1.602 0.006
74 188 5 80.751 121.397 38.664 3.57 1.795 1.465 0.091
74 226 2 83.658 104.837 39.468 3.546 2.432 3.139 -0.124
74 312 2 81.15 106.047 39.578 5.933 0.526 2.516 -0.025
74 321 4 70.118 143.83 39.378 0.519 2.367 0.655 -1.666
74 323 1 74.717 114.404 39.711 1.242 2.196 2.123 -1.571
74 326 1 88.838 90.608 38.698 3.584 1.884 1.755 0.113
74 335 2 89.882 108.66 39.217 0.848 2.042 2.898 -1.432
74 336 2 86.344 117.466 38.859 0.275 1.05 1.356 -1.351
74 337 1 62.833 116.226 39.154 3.953 1.643 1.362 0.16
75 12 5 77.447 143.642 38.666 3.749 2.064 1.672 -0.063
75 188 5 81.149 119.359 38.679 3.457 1.836 1.479 0.047
75 226 2 83.773 103.213 39.606 3.407 2.5 2.636 -0.085
75 312 2 81.048 106.274 39.34 5.568 0.704 2.897 -0.008
75 321 4 70.133 144.16 39.503 0.209 0.79 0.331 -1.591
75 323 1 74.487 114.388 39.576 1.642 2.161 2.075 -1.577
75 326 1 88.242 92.407 38.761 2.627 1.759 1.23 3.103
75 335 2 90.511 108.967 39.279 1.905 1.942 2.841 -1.524
75 336 2 86.907 117.18 39.224 1.099 1.95 2.076 -1.383
75 337 1 62.794 116.19 39.19 4.05 1.621 1.501 0.133
75 341 5 79.113 177.786 40.054 1.284 0.473 1.164 0.032
75 343 1 74.37 117.107 39.326 0.579 1.102 0.875 -1.505
75 344 2 88.47 114.453 39.833 0.635 2.322 1.263 -1.548
76 12 5 77.791 141.253 38.643 2.708 2.08 1.569 0.018
76 188 5 81.545 117.47 38.678 3.352 1.763 1.488 0.074
76 226 2 83.819 101.509 39.873 3.565 2.532 2.443 -0.126
76 312 2 81.017 105.972 39.423 5.984 0.755 2.882 3.132
76 323 1 74.187 114.327 39.485 2.264 2.221 2.409 -1.588
76 326 1 87.954 93.639 38.756 2.76 1.744 1.654 -0.104
76 335 2 90.648 109.255 39.372 1.49 1.721 2.704 0.041
76 336 2 87.52 116.962 39.199 2.243 2.805 2.616 -1.408
76 337 1 62.577 116.654 38.991 2.644 1.532 1.862 0.157
76 341 5 77.92 177.579 40.398 1.476 2.279 1.284 0
76 343 1 74.1 117.184 39.426 1.137 1.535 1.505 -1.584
76 344 2 88.607 114.319 39.411 1.583 1.76 2.409 -1.499
76 352 5 89.401 79.501 39.083 0.37 0.261 1.314 0.018
77 12 5 77.931 139.914 38.703 4.332 2.117 1.634 -0.039
77 188 5 81.882 115.657 38.684 3.183 1.718 1.485 0.038
77 226 2 83.855 100.334 39.814 2.459 2.368 2.205 -0.128
77 312 2 80.962 105.808 39.342 6.359 0.964 2.786 0.007
77 323 1 73.824 114.574 39.173 2.742 1.603 2.625 -1.611
77 326 1 87.798 94.803 38.822 2.653 1.911 1.446 -3.128
77 335 2 90.829 109.544 39.209 1.426 1.051 2.793 1.624
77 336 2 87.414 117.198 39.128 2.46 2.246 2.475 -1.437
77 337 1 62.424 117.003 39.242 2.237 1.622 1.395 -2.987
77 341 5 76.617 177.541 40.239 2.045 3.493 2.731 3.142
77 343 1 73.846 117.068 39.375 1.68 2.112 2.082 1.535
77 344 2 88.739 114.415 39.307 1.826 2.53 2.271 -1.521
77 352 5 90.412 74.286 39.073 3.648 1.245 2.334 0.029
78 12 5 78.286 137.485 38.679 3.825 2.11 1.614 0.002
78 188 5 82.118 113.746 38.709 3.122 2.004 1.472 -0.022
78 226 2 83.9 99.521 39.73 0.611 2.387 2.202 -0.115
78 312 2 80.58 105.771 39.275 6.243 1.605 2.766 -0.026
78 323 1 73.233 115.216 39.689 2.658 0.518 1.549 1.544
78 326 1 87.456 95.747 38.782 2.681 1.783 1.621 3.136
78 335 2 91.433 109.977 39.792 0.279 1.482 1.455 0.022
78 336 2 87.62 117.221 39.074 2.706 2.346 2.4 -1.448
78 337 1 62.312 117.593 39.069 1.349 0.943 1.543 2.15
78 341 5 77.407 177.426 41.145 1.539 1.297 0.923 -3.142
78 343 1 73.638 117.302 39.12 1.982 2.09 2.524 1.506
78 344 2 88.439 114.385 39.287 1.255 2.345 2.164 -1.507
78 352 5 91.364 70.002 39.062 4.547 1.9 2.386 0.007
79 12 5 78.654 135.065 38.692 3.454 2.082 1.659 -0.042
79 188 5 82.465 111.759 38.735 3.258 1.696 1.44 0.022
79 226 2 83.992 97.964 39.71 0.465 2.355 2.086 -0.033
79 312 2 80.401 105.861 39.26 6.048 2.224 2.599 -0.014
79 326 1 87.383 96.209 38.747 3.574 1.801 1.641 -3.114
79 336 2 87.897 117.353 39.045 3.305 2.242 2.265 -1.447
79 343 1 73.427 117.87 39.532 2.063 0.473 1.662 -1.73
79 344 2 88.635 114.598 39.068 1.814 1.813 2.363 -1.786
79 352 5 92.286 66.136 39.173 4.397 1.845 1.894 0.027
80 12 5 78.994 132.808 38.666 3.701 2.127 1.525 0.008
80 188 5 82.624 109.642 38.714 3.189 2.02 1.516 -0.038
80 226 2 84.641 93.726 39.688 5.877 2.338 2.313 0.017
80 312 2 80.342 105.787 39.237 6.202 2.427 2.604 -0.017
80 326 1 87.236 96.971 38.816 3.64 1.97 1.58 3.123
80 336 2 88.677 117.642 39.064 5.283 2.176 2.376 -1.422
80 341 5 77.095 177.573 41.151 2.241 0.781 1.025 -3.142
80 344 2 88.764 115.078 39.226 2.268 1.881 2.05 -3.064
80 352 5 93.295 61.969 39.114 4.584 1.816 1.912 -3.086
80 361 2 77.36 106.822 39.136 0.996 1.662 2.332 1.597
80 363 2 88.598 130.986 39.253 3.311 1.249 2.256 1.676
81 12 5 79.33 130.506 38.718 3.863 2.125 1.646 0.034
81 188 5 82.827 107.531 38.768 3.26 2.041 1.442 -0.037
81 226 2 84.953 91.916 39.479 6.452 2.344 2.704 0.044
81 312 2 80.372 105.657 39.199 6.445 2.172 2.512 0.034
81 326 1 87.11 97.471 38.846 4.014 1.958 1.638 -3.098
81 336 2 89.185 117.927 39.092 6.29 1.952 2.45 -1.412
81 352 5 94.139 58.034 39.109 4.54 1.688 1.938 0.04
81 361 2 76.826 106.786 39.224 2.092 2.009 2.464 1.673
81 363 2 87.284 130.687 39.121 2.631 1.434 2.575 -1.497
81 371 2 91.466 101.072 39.537 1.014 1.09 2.181 1.644
81 372 1 77.638 111.995 38.598 0.951 1.358 1.253 -1.653
82 12 5 79.788 127.926 38.708 3.633 2.093 1.6 0.004
82 188 5 83.05 105.464 38.761 3.198 1.991 1.473 -0.062
82 226 2 85.301 90.516 39.435 6.546 2.373 2.694 0.073
82 312 2 80.39 105.7 39.18 6.428 2.222 2.386 0.012
82 326 1 86.943 98.162 38.781 3.629 1.87 1.539 -3.124
82 336 2 86.974 117.751 39.073 1.978 1.052 2.253 -1.513
82 352 5 94.989 54.524 39.205 3.657 1.779 1.618 0.022
82 361 2 76.699 106.808 39.163 2.361 2.103 2.434 1.678
82 363 2 86.702 130.792 39.145 2.405 1.904 2.681 1.742
82 371 2 91.783 101.607 39.893 1.651 0.345 1.334 1.732
82 372 1 76.983 113.045 38.696 3.656 1.941 1.478 3.12
82 379 2 91.245 103.437 39.241 2.024 2.399 2.534 -1.42
83 12 5 80.21 125.35 38.711 3.482 2.102 1.602 0.039
83 188 5 83.284 103.479 38.746 3.235 1.742 1.439 -0.021
83 226 2 85.619 88.975 39.453 6.507 2.48 2.853 0.095
83 312 2 80.347 105.655 39.155 6.52 2.143 2.291 0.028
83 326 1 86.851 98.533 38.797 3.65 1.915 1.63 -3.097
83 361 2 76.218 106.705 39.146 3.528 1.955 2.453 1.677
83 363 2 86.216 130.654 39.12 2.742 2.015 2.828 -1.431
83 371 2 91.946 101.656 39.902 1.615 0.206 1.257 1.726
83 372 1 76.993 113.431 38.662 4.588 1.868 1.458 -3.132
83 379 2 92.028 103.86 39.188 4.004 2.197 2.569 -1.427
83 384 1 90.937 105.923 38.917 1.001 1.447 1.376 -1.321
84 12 5 80.648 122.945 38.745 3.675 2.132 1.706 -0.001
84 188 5 83.441 101.702 38.754 3.224 1.734 1.534 0.009
84 226 2 86.122 87.378 39.485 6.464 2.317 2.991 0.14
84 312 2 80.234 105.521 39.113 6.527 2.511 2.343 0.046
84 326 1 86.865 98.658 38.809 3.931 2.016 1.633 -3.083
84 361 2 74.586 106.879 39.14 6.061 0.622 2.601 1.705
84 363 2 85.974 130.638 39.157 2.063 2.471 2.822 -2.979
84 371 2 92.147 101.778 39.884 1.325 0.464 1.28 1.617
84 372 1 76.971 113.291 38.668 4.459 1.746 1.508 -3.11
84 379 2 93.088 104.126 39.179 6.08 2.312 2.616 -1.425
84 384 1 91.44 106.163 38.772 2.387 1.772 1.788 1.683
84 388 2 90.608 111.574 39.177 2.017 0.803 1.091 -1.493
84 393 2 82.267 85.73 38.411 0.37 0.245 0.477 0.044
85 12 5 81.109 120.37 38.756 3.562 2.082 1.671 0.176
85 188 5 83.637 99.935 38.77 3.22 1.662 1.509 0.077
85 226 2 86.634 85.796 39.534 6.652 2.388 2.771 0.202
85 312 2 80.615 105.621 39.119 6.039 1.549 2.25 0.073
85 326 1 86.822 98.812 38.849 4.144 1.936 1.582 -3.116
85 363 2 85.564 130.426 39.231 1.952 0.945 2.678 -3.12
85 371 2 92.607 101.889 39.893 0.822 0.21 1.117 -1.477
85 372 1 77.035 113.232 38.701 4.308 1.758 1.493 -3.097
85 379 2 93.259 104.115 39.22 6.213 2.324 2.546 -1.401
85 384 1 91.946 106.301 38.794 3.229 1.799 1.767 1.744
85 388 2 91.399 111.767 38.743 3.949 1.715 1.722 1.64
85 393 2 82.264 85.737 38.32 0.213 0.288 0.317 0.093
85 397 5 92.419 82.391 40.481 0.382 0.532 0.552 -1.927
85 399 2 91.72 114.018 39.601 4.301 0.203 1.65 1.558
86 12 5 81.529 117.891 38.795 3.568 2.136 1.614 0.015
86 188 5 83.971 97.805 38.786 4.008 1.775 1.503 0.115
86 226 2 87.052 84.381 39.449 6.176 2.43 2.792 0.196
86 312 2 80.614 103.24 39.205 2.67 2.081 1.959 -1.465
86 326 1 86.77 98.97 38.987 4.252 2.024 1.839 -3.095
86 363 2 85.017 129.876 38.423 0.858 0.427 1.284 3.142
86 372 1 77.075 113.372 38.687 4.269 1.439 1.449 -3.061
86 379 2 93.219 104.195 39.205 6.312 2.281 2.467 -1.409
86 384 1 92.403 106.476 38.792 4.295 1.822 1.754 1.743
86 388 2 90.488 111.775 38.755 2.444 1.813 1.702 1.66
86 393 2 82.283 85.754 38.284 0.207 0.2 0.507 -3.041
86 397 5 92.863 81.151 40.053 2.311 0.658 1.716 -0
86 399 2 91.513 114.254 39.297 4.725 0.792 2.29 -1.536
87 12 5 81.876 115.507 38.77 3.761 2.106 1.584 0.093
87 188 5 84.294 95.917 38.791 3.898 1.887 1.523 0.106
87 226 2 87.748 82.503 39.382 6.541 2.475 2.712 0.227
87 326 1 86.751 99.135 38.904 4.373 2.057 1.695 -3.063
87 372 1 77.241 114.533 38.593 2.412 0.739 1.312 0.099
87 379 2 93.293 104.703 39.882 5.644 1.136 1.163 -1.389
87 384 1 91.943 106.281 38.818 3.281 1.811 1.754 1.723
87 388 2 90.099 111.757 38.741 1.748 1.663 1.67 1.709
87 393 2 82.23 85.756 38.348 0.307 0.296 0.6 -3.086
87 397 5 93.498 79.801 39.43 5.51 0.525 2.776 0.251
87 399 2 91.137 114.618 39.242 5.339 1.553 2.67 -1.551
87 406 1 86.331 66.404 39.946 0.406 1.045 1.217 0.125
88 12 5 82.129 113.398 38.809 4.755 2.123 1.653 0.07
88 188 5 84.714 93.932 38.835 3.986 1.864 1.468 0.151
88 226 2 88.422 80.812 39.529 6.589 2.331 2.741 0.29
88 326 1 86.739 99.16 38.859 4.207 2.003 1.589 -3.08
88 384 1 92.104 106.32 38.826 3.655 1.719 1.67 1.687
88 388 2 90.04 111.877 38.733 1.425 1.251 1.685 1.701
88 393 2 82.21 85.747 38.321 0.22 0.374 0.639 -2.681
88 397 5 93.467 79.77 39.484 5.601 0.699 2.834 -2.939
88 399 2 90.525 114.508 39.241 5.024 1.939 2.618 -1.536
88 406 1 86.249 66.376 40.001 0.467 1.066 1.058 0
88 410 1 76.777 148.432 38.626 2.179 1.73 1.412 -3.035
89 12 5 82.535 110.335 38.832 3.504 2.129 1.673 0.074
89 188 5 85.225 91.985 38.843 3.893 1.821 1.477 0.16
89 226 2 88.844 78.97 39.519 6.538 2.367 2.772 0.229
89 326 1 86.776 99.116 38.882 4.321 1.834 1.602 -3.076
89 388 2 89.897 112.019 38.746 1.194 0.992 1.638 1.578
89 393 2 82.212 85.742 38.335 0.284 0.33 0.637 -3.06
89 397 5 93.576 79.445 39.465 6.325 1.041 2.764 0.174
89 399 2 89.996 114.716 39.269 4.143 2.076 2.708 -1.564
89 406 1 86.252 66.448 39.954 1.26 0.502 1.024 1.712
89 410 1 77.483 143.503 38.831 2.681 1.923 1.137 0.06
89 413 1 88.873 117.057 40.033 0.791 0.851 1.252 -1.485
90 12 5 82.764 108.316 38.85 3.902 2.133 1.644 -0.011
90 188 5 85.737 90.13 38.825 3.761 1.698 1.508 0.181
90 226 2 89.362 77.226 39.475 6.562 2.401 2.787 0.164
90 326 1 86.876 99.247 38.746 4.506 1.465 0.55 0.103
90 388 2 89.836 111.986 38.932 0.987 0.854 1.176 -1.616
90 393 2 82.216 85.725 38.381 0.239 0.255 0.591 0.805
90 397 5 93.83 79.79 39.459 5.726 1.227 2.868 0.206
90 399 2 89.662 114.641 39.251 3.654 2.074 2.76 -1.621
90 406 1 86.178 66.365 39.923 1.285 0.471 1.229 1.664
90 410 1 78.137 138.916 38.814 2.165 1.679 1.021 0.077
90 413 1 88.693 116.665 40.075 1.071 0.192 1.193 -1.43
90 418 2 100.567 61.773 39.486 6.204 1.144 2.689 -3.089
90 419 2 76.603 107.149 39.321 2.914 1.426 2.15 0.149
91 12 5 83.038 106.026 38.854 3.633 2.102 1.566 -0.04
91 188 5 86.245 88.229 38.854 3.752 1.852 1.483 0.134
91 226 2 89.838 75.593 39.525 6.472 2.331 2.723 0.124
91 326 1 86.75 99.351 38.905 4.284 2.143 1.619 -3.104
91 393 2 82.216 85.724 38.388 0.376 0.374 0.673 -2.95
91 397 5 94.011 79.567 39.501 6.287 1.633 2.825 0.167
91 399 2 89.317 114.443 39.298 3.34 2.406 2.74 -1.689
91 406 1 86.287 64.979 40.033 3.709 1.561 1.587 0.033
91 410 1 78.871 134.328 38.885 2.053 1.758 0.934 0
91 413 1 88.564 116.967 39.982 1.138 1.009 1.283 1.596
91 418 2 100.816 61.785 39.444 5.886 1.358 2.885 -3.121
91 419 2 77.008 106.608 39.251 1.557 1.916 2.388 1.608
91 425 2 75.798 108.78 39.93 0.809 1.436 1.111 1.729
92 12 5 83.293 103.973 38.866 3.747 2.033 1.619 -0.008
92 188 5 86.817 86.315 38.845 3.857 1.715 1.521 0.114
92 226 2 89.585 76.16 39.443 3.052 2.343 2.756 0.048
92 326 1 86.61 99.277 38.899 4.136 1.877 1.66 3.094
92 393 2 82.224 85.743 38.356 0.253 0.228 0.66 -0
92 397 5 94.22 79.556 39.449 6.377 1.906 2.756 0.116
92 399 2 89.057 114.536 39.33 2.941 2.233 2.828 -1.667
92 406 1 86.311 63.963 39.825 2.58 0.765 0.467 0
92 410 1 79.471 130.125 38.664 2.543 2.038 1.659 0.037
92 413 1 88.149 117.149 39.284 2.111 1.595 2.842 -1.617
92 418 2 101.027 61.916 39.467 5.777 1.815 2.957 -3.093
92 419 2 77.166 106.582 39.162 1.032 1.897 2.454 1.632
92 425 2 76.005 109.042 39.272 1.244 2.1 2.694 1.591
93 12 5 83.59 101.902 38.874 3.926 2.076 1.648 -0.071
93 188 5 87.342 84.757 38.854 3.476 1.848 1.515 0.069
93 226 2 90.114 74.307 39.543 2.663 2.359 2.433 0.02
93 326 1 86.553 99.357 38.885 4.235 1.762 1.678 3.069
93 393 2 82.222 85.696 38.375 0.35 0.339 0.67 -2.99
93 399 2 88.569 114.56 39.294 1.836 2.023 2.677 -1.67
93 406 1 85.891 65.725 40.071 1.908 2.124 1.658 1.577
93 410 1 80.159 125.866 38.712 2.155 1.91 1.518 -0.096
93 413 1 87.346 117.316 38.698 2.813 2.375 3.975 -1.542
93 418 2 101.083 62.045 39.5 5.467 2.009 2.823 -3.129
93 419 2 77.055 106.562 39.128 1.349 1.964 2.253 1.622
93 425 2 76.3 109.102 39.84 1.177 2.096 1.762 1.626
93 428 2 103.047 60.556 40.481 3.225 0.221 1.137 -3.128
93 433 5 74.109 113.337 40.157 0.741 0.24 1.197 1.533
94 12 5 83.98 99.676 38.908 3.933 2.1 1.61 -0.006
94 188 5 87.882 83.046 38.9 3.523 1.694 1.459 0.112
94 226 2 90.695 72.338 39.671 2.477 2.319 2.277 0.019
94 326 1 86.538 99.344 38.915 4.374 1.974 1.613 3.069
94 393 2 82.191 85.62 38.379 0.472 0.447 0.648 -0.021
94 399 2 88.371 114.369 39.781 1.373 1.503 1.799 -1.564
94 406 1 85.826 65.705 40.095 1.971 2.073 1.6 1.593
94 410 1 80.562 122.426 38.752 2.377 1.811 1.494 3.02
94 413 1 87.709 117.27 39.765 2.113 1.976 1.669 -1.559
94 418 2 101.086 62.077 39.517 5.453 2.069 2.976 3.125
94 419 2 77.088 106.508 39.034 1.257 1.978 2.072 1.773
94 425 2 76.376 108.939 39.329 1.119 2.578 2.715 1.773
94 428 2 102.838 62.29 40.014 2.531 0.653 1.909 -3.12
94 433 5 74.336 113.378 40.157 0.282 0.964 1.238 0
95 12 5 84.464 97.353 38.917 3.825 2.052 1.668 -0.095
95 188 5 88.433 81.429 38.88 3.429 1.656 1.498 0.108
95 226 2 91.192 70.342 39.466 2.702 2.336 2.715 -0.043
95 326 1 86.553 99.408 38.883 4.177 1.747 1.614 3.057
95 336 2 84.939 109.331 39.449 6.536 2.55 2.837 -0.501
95 393 2 82.185 85.613 38.383 0.447 0.378 0.647 -1.641
95 399 2 88.002 113.745 39.507 0.216 0.142 0.478 1.615
95 406 1 85.69 65.65 40.026 2.203 2.132 1.694 1.552
95 410 1 80.697 119.181 38.96 1.955 0.964 0.975 2.958
95 413 1 87.295 117.144 39.788 1.887 2.17 1.616 -1.572
95 418 2 100.957 62.219 39.468 5.224 2.129 2.812 3.114
95 419 2 76.746 107.926 39.326 4.772 1.165 2.723 -3.127
95 428 2 102.933 63.001 39.524 2.622 1.252 2.983 3.141
95 433 5 74.447 113.345 40.178 0.406 1.175 1.227 3.094
96 12 5 84.961 94.936 38.928 3.593 2.004 1.631 0.055
96 188 5 88.907 79.665 38.911 3.434 1.79 1.483 -3.087
96 226 2 91.656 68.454 39.443 2.541 2.381 2.641 -0.035
96 326 1 86.493 99.355 38.914 4.094 1.765 1.629 -0.086
96 336 2 84.574 107.97 39.486 6.229 2.594 2.79 -0.537
96 393 2 82.18 85.6 38.383 0.464 0.349 0.613 1.557
96 406 1 85.621 65.598 39.763 1.993 2.248 2.201 1.498
96 413 1 86.748 118.103 39.52 4.166 1.913 2.036 0.033
96 418 2 101.039 62.27 39.5 5.029 2.188 2.765 3.118
96 419 2 76.427 108.948 39.31 1.038 2.431 2.749 1.635
96 428 2 103.315 62.664 39.54 3.371 1.833 3.053 3.129
96 433 5 74.466 113.535 40.032 0.764 1.246 1.497 0.013
96 447 2 84.333 72.721 39.754 1.293 2.262 1.759 -1.59
97 12 5 85.589 92.669 38.944 3.561 2.144 1.657 -0.043
97 188 5 89.254 77.848 39.088 3.323 2.083 1.844 0.069
97 226 2 92.028 66.977 39.473 1.53 2.315 2.678 -0.06
97 326 1 86.565 98.883 38.917 3.187 1.687 1.606 -0.05
97 336 2 84.159 106.683 39.48 5.904 2.399 2.835 -0.522
97 393 2 82.188 85.561 38.399 0.248 0.316 0.627 2.765
97 406 1 85.529 65.659 39.95 2.154 2.137 1.741 1.569
97 413 1 86.405 118.405 39.27 4.676 1.65 2.41 -0.133
97 418 2 100.98 62.46 39.499 4.649 2.176 2.775 -3.138
97 419 2 76.451 109.066 39.309 0.925 1.752 2.767 -1.581
97 428 2 103.677 61.738 39.665 5.869 2.171 3.001 3.106
97 433 5 74.438 113.791 39.956 1.096 1.035 1.621 -0.166
97 447 2 84.142 72.757 39.89 1.222 2.101 1.411 -1.59
97 449 2 96.16 88.644 39.16 2.662 0.184 2.045 -1.766
98 12 5 86.096 90.702 38.895 3.709 2.106 1.658 0.086
98 188 5 89.87 75.946 38.867 3.31 1.99 1.515 0
98 226 2 92.675 64.461 39.758 2.834 2.34 2.111 0
98 326 1 86.55 98.828 38.842 3.077 1.736 1.674 3.142
98 336 2 83.797 105.267 39.549 6.019 2.62 2.674 -0.491
98 393 2 82.178 85.521 38.383 0.35 0.395 0.651 3.061
98 406 1 85.301 65.635 39.596 2.064 1.766 2.309 1.581
98 413 1 86.184 118.167 39.088 4.344 1.437 2.624 -0
98 418 2 100.92 62.466 39.531 4.531 2.078 2.923 3.142
98 419 2 76.482 108.908 39.307 1.02 2.088 2.562 1.555
98 428 2 103.507 62.829 39.543 3.754 2.321 3.011 3.142
98 433 5 74.411 113.915 40.1 1.104 1.619 1.393 1.523
98 447 2 84.085 72.686 39.853 1.332 2.205 1.374 -1.54
98 449 2 95.377 88.58 39.85 3.59 0.219 1.458 -1.737
98 452 1 104.951 37.418 38.656 0.833 0.975 0.623 -1.929
98 457 5 85.638 67.165 39.579 0.237 0.673 0.174 1.566
99 12 5 86.594 88.864 38.958 3.644 2.057 1.638 0.013
99 188 5 90.43 73.869 38.894 3.298 2.038 1.475 -0.022
99 226 2 93.119 62.647 39.812 2.693 2.32 2.182 -0.022
99 326 1 86.476 98.943 38.859 3.27 1.699 1.577 -3.141
99 336 2 83.434 103.786 39.425 6.077 2.797 2.927 -0.469
99 393 2 82.113 85.533 38.424 0.286 0.287 0.582 3.125
99 406 1 85.072 65.893 39.355 1.977 1.04 2.825 1.58
99 413 1 86.059 118.056 38.69 4.733 0.878 1.757 2.859
99 418 2 100.858 62.485 39.579 4.604 2.151 2.835 3.113
99 419 2 76.69 107.844 39.165 4.247 1.297 2.657 -3.094
99 428 2 103.477 62.136 39.614 5.068 2.181 2.99 3.099
99 433 5 74.444 114.194 40.095 2.06 0.885 1.326 2.994
99 447 2 83.968 72.69 39.838 1.488 2.153 1.408 -1.578
99 449 2 94.655 88.648 39.239 0.567 3.004 2.605 3.007
99 452 1 104.343 36.491 38.879 0.443 2.966 1.382 0.506
99 457 5 85.054 67.449 39.555 1.366 1.184 2.303 1.568
99 458 1 106.409 62.356 40.127 1.751 1.19 1.654 0.022
100 12 5 87.015 87.215 38.973 3.656 2.105 1.715 0.012
100 188 5 90.912 71.694 38.902 3.209 2.071 1.492 0.003
100 226 2 93.274 61.856 39.82 0.543 2.358 2.095 -0.021
100 326 1 86.497 99.15 38.834 3.06 1.748 1.601 3.102
100 336 2 83.199 102.265 39.437 6.054 2.508 2.943 -0.409
100 393 2 82.115 85.513 38.333 0.236 0.293 0.307 -0.049
100 406 1 84.893 65.863 39.397 1.621 1.055 2.561 -1.607
100 418 2 100.822 62.523 39.553 4.732 2.144 2.869 3.13
100 419 2 76.926 106.538 38.997 1.332 1.879 2.116 -1.57
100 428 2 103.737 61.908 39.649 5.657 2.401 3.023 3.128
100 433 5 74.461 114.37 39.982 0.764 2.385 1.43 1.464
100 447 2 83.626 72.529 39.783 2.281 2.296 1.383 -1.55
100 449 2 94.22 88.866 39.33 2.303 1.109 2.485 1.454
100 452 1 104.046 35.176 38.877 3.707 1.461 1.259 -0.919
100 457 5 84.747 67.96 39.481 1.608 2.217 2.277 1.593
100 458 1 106.661 62.552 40.055 1.554 1.782 1.69 3.136
101 12 5 87.432 85.612 38.938 3.516 2.132 1.68 0.014
101 188 5 91.411 69.503 38.897 3.242 2.015 1.523 0
101 226 2 93.704 60.062 39.68 0.525 2.335 2.269 -0.036
101 326 1 86.369 99.57 38.889 3.051 1.728 1.473 -0.015
101 336 2 83.047 100.77 39.673 6.12 2.654 2.49 -0.345
101 393 2 82.139 85.493 38.267 0.372 0.342 0.303 0
101 406 1 84.484 66.14 39.988 0.221 1.332 1.159 0.034
101 418 2 100.812 62.481 39.514 4.589 2.186 2.86 3.126
101 419 2 76.931 106.217 38.807 1.381 1.24 1.564 -1.595
101 428 2 103.358 63.488 39.522 2.414 2.572 2.938 3.099
101 433 5 74.543 114.288 40.026 2.235 0.815 1.551 3.017
101 447 2 82.643 72.228 39.656 4.435 2.231 1.645 -1.538
101 449 2 94.003 89.163 39.289 1.951 1.713 2.739 1.437
101 452 1 103.288 34.364 38.879 1.118 2.012 1.487 0.668
101 457 5 84.519 68.035 39.286 1.993 1.874 2.459 1.665
101 458 1 106.854 62.657 40.007 1.736 1.871 1.693 3.121
101 466 1 98.469 75.716 38.808 3.347 1.755 1.498 -1.589
102 12 5 87.822 84.053 38.958 3.707 2.105 1.672 0.063
102 188 5 91.971 67.452 38.922 3.265 1.742 1.479 0.026
102 226 2 94.125 58.32 39.505 0.423 2.316 2.646 -0.024
102 326 1 86.264 100.367 38.8 3.121 1.739 1.503 3.08
102 336 2 82.972 99.275 39.493 6.069 2.525 2.856 -0.302
102 418 2 100.806 62.515 39.521 4.534 2.134 2.785 3.13
102 428 2 103.308 63.501 39.553 2.382 2.606 2.846 3.09
102 433 5 74.566 114.463 40.243 2.386 0.771 1.127 -0.071
102 447 2 81.594 71.98 39.268 6.543 2.269 2.346 -1.534
102 449 2 93.666 90.038 39.393 3.682 1.636 2.705 3.029
102 452 1 102.971 33.159 38.789 1.163 0.278 0.556 -2.438
102 457 5 84.547 68.041 39.266 1.984 2.044 2.383 1.557
102 458 1 106.724 62.658 40.025 1.756 2.135 1.686 3.118
102 466 1 98.858 75.984 38.829 4.31 2.331 1.508 -1.539
102 471 1 83.273 107.83 38.766 3.52 0.804 1.662 -0.24
103 12 5 88.286 82.273 38.962 3.635 2.126 1.659 -0.017
103 188 5 92.248 65.549 38.933 3.158 2.047 1.495 0
103 226 2 94.576 56.101 39.527 1.426 2.338 2.67 -0.029
103 326 1 86.11 101.343 38.837 2.974 1.775 1.59 -0.025
103 336 2 83.026 97.763 39.48 6.047 2.427 2.882 -0.232
103 418 2 100.763 62.711 39.496 4.266 2.158 2.731 -3.123
103 428 2 103.396 63.645 39.524 2.182 2.734 2.828 -3.128
103 433 5 74.62 114.269 40.512 1.833 0.579 0.451 2.931
103 447 2 83.385 72.593 39.197 3.092 2.244 2.289 -1.559
103 449 2 93.219 90.201 39.405 4.118 0.699 2.709 2.987
103 457 5 84.381 68.356 39.269 1.96 1.788 2.316 1.595
103 458 1 106.851 62.673 39.936 1.742 1.767 2.075 3.135
103 466 1 98.674 75.914 38.808 3.964 2.115 1.565 -1.51
103 471 1 83.562 106.233 38.71 3.289 1.386 1.592 -0.131
103 475 2 88.493 53.741 39.49 0.789 0.969 2.756 -0.161
103 479 1 88.232 55.408 39.547 1.163 0.464 1.034 -0.138
104 12 5 88.708 80.549 38.998 3.82 2.067 1.658 -0.03
104 188 5 92.63 63.735 38.931 3.196 2.036 1.501 -0.034
104 226 2 94.901 54.446 39.759 1.283 2.379 2.301 -0.058
104 326 1 85.827 102.734 38.891 3.017 1.681 1.546 -0.029
104 336 2 83.143 96.472 39.575 6.141 2.378 2.849 -0.16
104 418 2 100.639 63.18 39.47 3.152 2.159 2.688 3.142
104 428 2 103.293 63.721 39.491 2.187 2.643 2.8 3.142
104 447 2 83.419 72.524 39.266 3.068 2.168 2.33 -1.496
104 449 2 93.335 93.024 39.634 8.51 1.184 2.514 -0.186
104 458 1 107.041 62.676 39.765 1.803 1.449 2.405 3.142
104 466 1 98.975 76.002 38.868 4.44 2.109 1.458 -1.561
104 471 1 83.273 104.257 39.177 2.348 1.418 0.827 -0.058
104 475 2 88.381 53.762 39.66 0.663 0.926 2.404 -0.16
104 479 1 88.042 56.018 40.114 0.116 1.203 1.375 -1.606
105 12 5 89.201 78.539 38.989 3.563 2.12 1.664 0.02
105 188 5 92.887 61.944 38.922 3.389 2.11 1.528 -0.009
105 226 2 95.127 52.72 39.588 1.66 2.456 2.524 -0.118
105 326 1 85.636 104 38.76 2.072 1.681 1.582 -0.032
105 336 2 83.353 95.168 39.501 6.474 2.442 2.961 -0.076
105 418 2 100.634 63.435 39.439 2.831 2.292 2.569 -3.135
105 428 2 103.24 63.836 39.452 1.855 2.626 2.739 -3.088
105 447 2 83.832 72.587 39.29 1.95 2.18 2.278 -1.481
105 458 1 106.742 62.869 39.345 1.96 1.928 1.964 3.028
105 466 1 99.142 75.999 38.812 4.936 2.037 1.576 -1.562
105 471 1 83.379 102.851 39.108 2.032 1.563 0.866 -0.032
105 475 2 88.25 53.159 39.456 1.925 1.115 2.587 -0.139
105 479 1 87.93 56.362 40.057 0.505 2.064 1.282 -1.609
106 12 5 89.664 76.597 38.98 3.575 2.126 1.555 0.01
106 188 5 93.196 60.366 38.959 3.306 2.046 1.503 -0.015
106 226 2 95.4 51.203 39.48 1.722 2.377 2.531 -0.109
106 326 1 85.258 106.12 38.787 2.089 1.708 1.709 -0.003
106 336 2 83.787 93.413 39.489 5.977 2.277 2.726 -0.056
106 418 2 100.506 63.602 39.347 2.485 2.202 2.523 3.139
106 428 2 103.205 63.835 39.382 1.845 2.615 2.643 3.139
106 447 2 84.163 73.535 39.3 0.561 1.4 2.471 -1.516
106 466 1 98.792 75.911 38.829 4.232 2.051 1.543 -1.54
106 471 1 83.646 101.421 39.045 2.222 1.963 0.714 0
106 475 2 88.058 53.237 39.403 1.767 1.109 2.597 -0.111
106 479 1 87.755 56.288 39.374 0.697 2.157 2.46 -1.605
106 497 2 86.638 62.547 39.027 4.2 1.71 1.828 1.556
107 12 5 90.162 74.587 39.005 3.583 2.125 1.596 0.035
107 188 5 93.593 58.882 38.959 3.385 1.726 1.538 0.021
107 226 2 95.578 50.026 39.621 1.293 2.363 2.463 -0.099
107 326 1 84.595 108.949 38.997 2.968 1.67 1.103 0.037
107 336 2 84.811 89.921 39.683 1.961 2.452 2.389 0.038
107 418 2 100.541 63.719 39.374 2.183 2.328 2.518 -3.111
107 428 2 103.179 63.908 39.599 1.607 2.535 2.281 3.108
107 466 1 98.641 75.878 38.844 3.801 1.995 1.478 -1.539
107 471 1 83.952 100.166 39.14 2.509 1.866 1.04 0.023
107 475 2 87.756 53.286 39.403 1.276 1.607 2.55 -1.718
107 479 1 87.585 56.251 39.531 0.978 2.176 2.186 -1.55
107 497 2 86.503 62.463 39.19 4.563 1.923 2.037 1.578
108 12 5 90.648 72.564 38.976 3.528 2.051 1.566 -0.019
108 188 5 93.767 57.438 39.018 3.351 2.006 1.413 -0.002
108 226 2 95.729 48.896 39.618 1.647 2.38 2.314 -0.109
108 326 1 84.075 111.166 38.864 2.082 1.542 1.187 -3.11
108 336 2 84.969 89.993 39.665 5.51 2.569 2.476 0.107
108 418 2 100.472 63.78 39.548 2.053 2.258 2.026 3.108
108 428 2 103.146 63.991 39.586 1.497 2.083 2.174 -3.137
108 466 1 98.364 75.795 38.864 3.184 1.734 1.412 -1.532
108 471 1 84.656 98.667 39.094 2.177 1.639 1.114 0.088
108 475 2 87.639 53.269 39.385 1.086 1.59 2.43 -1.675
108 479 1 87.279 56.183 39.342 1.615 2.22 2.351 -1.591
108 497 2 86.457 62.453 39.046 4.566 1.993 1.837 1.561
108 503 2 106.835 11.081 40.247 3.689 0.405 1.738 0.065
109 12 5 91.098 70.684 39.022 3.745 2.111 1.668 0.016
109 188 5 94.113 56.272 38.989 3.3 1.763 1.5 0.024
109 226 2 95.951 47.029 39.549 2.929 2.296 2.198 -0.111
109 326 1 83.442 113.64 38.738 1.923 1.664 1.206 0.02
109 336 2 85.52 88.583 39.727 6.208 2.574 2.373 0.182
109 418 2 100.387 63.747 39.526 1.914 2.435 2.104 -3.109
109 428 2 103.144 64.065 40.126 0.9 2.182 1.217 -3.12
109 466 1 98.099 75.746 38.848 2.632 1.769 1.43 -1.515
109 471 1 85.242 97.244 39.016 2.402 0.95 1.206 0.002
109 475 2 87.137 53.652 39.361 0.715 1.434 2.249 -0.014
109 479 1 86.829 56.159 39.323 2.562 2.187 2.264 -1.603
109 497 2 86.476 62.45 39.091 4.619 1.93 1.804 1.555
109 503 2 106.72 10.854 40.31 4.251 0.677 2.065 0.083
110 12 5 91.433 69.162 39.138 3.858 2.104 1.874 0.027
110 188 5 94.354 55.218 39.019 3.297 1.831 1.47 -0.011
110 226 2 96.009 46.719 39.515 1.407 2.332 2.488 -0.103
110 326 1 82.911 115.452 38.599 0.357 1.367 0.653 -3.124
110 336 2 86.364 86.642 39.585 6.017 2.651 2.806 0.232
110 418 2 100.111 63.604 39.886 0.988 0.871 0.799 0.023
110 428 2 101.697 63.724 39.756 1.38 0.793 0.663 1.58
110 466 1 97.964 75.689 38.863 2.364 1.687 1.4 -1.47
110 471 1 86.028 95.868 38.888 1.302 0.316 0.696 0.038
110 475 2 86.994 53.535 39.374 1.611 0.938 2.39 -0.908
110 479 1 85.972 55.883 39.349 4.427 2.304 2.471 -1.548
110 497 2 86.47 62.425 39.071 4.534 1.939 1.815 1.593
110 503 2 106.593 10.756 40.484 4.386 1.337 1.637 -3.123
111 12 5 91.741 67.836 38.989 3.828 2.087 1.573 0.027
111 188 5 94.51 54.264 38.99 3.286 1.774 1.49 0.03
111 226 2 96.1 45.594 39.742 1.59 2.383 2.222 -0.116
111 336 2 87.508 84.743 39.826 6.037 2.499 2.217 0.281
111 466 1 97.841 75.642 38.817 2.118 1.652 1.429 -1.507
111 479 1 85.005 55.778 39.341 6.389 2.212 2.494 -1.568
111 497 2 86.424 62.426 39.056 4.588 1.821 1.803 1.573
111 503 2 106.36 10.817 40.377 4.153 1.366 1.947 0.101
112 12 5 91.958 66.82 39.144 3.84 2.1 1.78 0.035
112 188 5 94.747 53.306 39.025 3.579 1.777 1.476 0.035
112 226 2 96.28 44.102 39.896 2.434 2.373 1.973 -0.109
112 336 2 88.555 82.719 39.629 6.021 2.464 2.752 0.297
112 466 1 97.872 75.774 38.848 2.286 1.526 1.385 1.925
112 479 1 84.913 55.768 39.308 6.38 2.286 2.382 -1.558
112 497 2 86.404 62.501 39.09 4.474 2.044 1.833 1.543
112 503 2 106.274 10.701 40.36 4.186 1.703 1.51 0.142
112 511 2 79.701 103.62 39.393 2.27 1.666 2.867 -0.036
113 12 5 92.202 65.835 39.038 3.587 2.117 1.645 -0.003
113 188 5 94.902 52.629 39.029 3.27 1.682 1.487 0.052
113 226 2 96.317 43.505 39.913 1.666 2.338 1.873 -0.127
113 336 2 89.64 80.761 39.573 6.194 2.449 2.896 0.285
113 466 1 97.846 75.763 38.807 2.216 1.426 1.332 -1.223
113 479 1 85.273 55.872 39.318 5.734 2.046 2.392 -1.576
113 497 2 86.459 62.526 39.058 4.379 2.058 1.819 1.562
113 503 2 106.133 10.609 40.34 4.415 1.969 1.88 0.116
113 511 2 80.006 104.601 39.227 4.225 2.015 2.596 -0.031
113 517 2 102.801 56.158 40.127 1.364 0.939 1.267 1.566
114 12 5 92.382 65.041 39.15 3.699 2.119 1.806 0.011
114 188 5 95.045 51.766 39.026 3.352 1.844 1.489 0.002
114 226 2 96.483 42.392 39.569 1.812 2.316 2.569 -0.072
114 336 2 90.562 78.893 39.596 6.418 2.508 2.853 0.297
114 466 1 97.535 75.611 38.634 1.578 1.336 1.051 2.024
114 479 1 86.507 56.377 39.386 3.098 1.837 2.219 -1.622
114 497 2 86.405 62.52 39.085 4.51 1.881 1.792 1.56
114 503 2 105.751 10.45 39.772 4.742 2.746 3.441 0.07
114 511 2 79.901 105.418 39.591 5.887 2.641 3.01 0.005
114 517 2 102.873 56.596 39.46 2.427 1.668 2.524 1.573
115 12 5 92.589 64.132 39.226 3.564 2.141 1.972 -0.022
115 188 5 95.141 50.812 39 3.394 2.021 1.53 -0.008
115 226 2 96.594 40.919 39.551 2.452 2.391 2.574 -0.125
115 336 2 91.518 77.152 39.585 6.093 2.544 2.877 0.302
115 466 1 97.411 75.443 38.64 1.156 1.282 1.043 1.904
115 479 1 87.172 56.58 39.303 1.671 1.362 2.293 -1.584
115 497 2 86.43 62.546 39.063 4.429 1.904 1.846 1.574
115 503 2 105.899 10.579 39.812 4.301 2.434 3.213 0.101
115 511 2 79.875 105.27 39.656 5.848 2.432 3.51 -0.106
115 517 2 103.004 56.744 39.457 1.883 2.575 2.469 -3.136
116 12 5 92.817 63.265 39.068 3.534 2.118 1.692 -0.016
116 188 5 95.333 49.9 39.012 3.27 2.044 1.492 -0.018
116 226 2 96.622 40.288 39.974 1.671 2.351 1.91 -0.185
116 336 2 92.322 75.847 39.547 6.178 2.53 2.728 0.326
116 466 1 97.154 75.33 38.704 0.735 1.235 0.781 -1.586
116 479 1 87.05 56.668 39.259 1.864 1.235 2.208 -1.61
116 497 2 86.506 62.492 39.071 4.288 1.895 1.838 1.528
116 503 2 105.883 10.486 40.24 4.45 2.459 2.415 0.073
116 511 2 79.956 105.426 39.378 5.674 2.038 2.832 -0.069
116 517 2 102.797 56.9 39.677 1.719 2.206 2.23 -3.112
