0 1 1 412.409 122.127 37.93 4.38 1.843 1.439 -3.133
0 3 1 428.611 125.326 37.658 4.145 1.933 1.406 3.068
0 7 1 396.543 118.207 37.993 4.161 2.043 1.442 -3.121
0 9 1 421.368 120.953 37.817 4.422 1.855 1.502 3.084
0 10 1 453.163 105.445 37.578 3.793 1.508 1.228 1.521
1 1 1 415.449 122.819 37.799 4.295 1.972 1.338 -3.126
1 3 1 431.684 125.466 37.639 3.128 2.088 1.384 3.064
1 7 1 399.448 118.917 38.014 4.378 2.033 1.413 -3.13
1 9 1 422.829 121.27 37.922 4.142 1.692 1.205 3.12
1 10 1 452.951 106.085 37.433 2.492 1.202 0.636 1.517
1 19 4 356.307 110.143 38.184 1.17 0.552 0.922 3.113
2 1 1 418.5 123.545 37.802 4.111 1.797 1.376 3.138
2 3 1 435.158 125.789 37.583 3.196 1.861 1.155 3.116
2 7 1 402.225 119.62 37.991 4.439 1.819 1.476 3.14
2 9 1 423.81 121.328 37.778 3.286 1.776 1.441 3.116
2 10 1 452.789 106.749 37.316 0.943 1.099 0.616 2.74
2 19 4 359.442 110.76 38.3 1.045 0.621 1.421 3.132
3 1 1 421.569 124.191 37.749 3.882 1.833 1.422 3.14
3 3 1 438.481 125.586 37.724 2.02 2.244 0.46 -3.097
3 7 1 404.759 120.113 37.988 4.189 2.003 1.453 3.14
3 9 1 425.716 121.724 37.71 4.111 1.81 1.526 3.14
3 10 1 452.915 106.91 37.508 0.694 1.051 0.367 -1.697
3 19 4 362.59 111.333 38.331 1.187 0.646 1.277 3.134
3 23 3 424.78 136.374 38.064 0.362 0.634 0.819 3.125
3 24 4 348.223 116.404 38.335 0.973 0.478 1.343 -0.001
4 1 1 424.83 124.935 37.516 3.965 1.782 1.027 -3.124
4 3 1 441.145 124.552 37.273 1.882 0.749 0.826 2.634
4 7 1 407.556 120.801 37.927 4.176 1.936 1.481 -3.119
4 9 1 427.155 122.007 37.596 3.994 1.772 1.31 -3.138
4 19 4 365.731 111.963 38.184 1.51 0.695 1.375 3.142
4 23 3 423.967 136.07 38.176 0.714 0.634 1.067 0
4 24 4 350.429 116.85 38.436 0.938 0.594 1.418 3.142
4 27 3 402.504 109.256 38.392 0.606 0.723 1.269 0.034
5 1 1 426.75 125.279 37.51 1.541 1.815 0.98 3.125
5 3 1 443.652 124.549 37.149 1.064 0.362 0.925 0.915
5 7 1 410.49 121.384 37.843 4.148 1.818 1.386 -3.109
5 9 1 428.506 122.388 37.758 3.537 1.443 0.795 -3.077
5 19 4 368.928 112.656 38.212 1.799 0.734 1.481 3.133
5 23 3 423.396 136.022 38.186 0.297 0.596 1.202 3.11
5 24 4 352.817 117.138 38.363 1.021 0.764 1.544 3.081
5 27 3 401.824 109.09 38.38 0.489 1.057 1.207 -0.652
6 7 1 418.345 123.198 37.762 3.373 1.75 1.268 3.142
6 9 1 431.75 122.798 37.799 1.376 1.45 0.976 3.142
6 19 4 377.729 114.526 38.212 1.941 0.869 1.541 3.142
6 23 3 421.685 135.789 38.344 0.311 0.372 0.693 0.261
6 24 4 358.955 118.572 38.421 1.137 0.661 1.601 3.071
6 27 3 400.087 108.781 38.417 0.444 0.695 1.065 -0.223
6 29 1 321.592 107.822 38.549 1.36 1.801 1.133 -0.034
6 31 4 338.968 106.595 38.375 1.099 0.603 1.299 -0.083
7 7 1 420.06 123.593 37.723 1.238 1.81 1.229 -3.135
7 9 1 433.132 123.125 37.594 0.97 1.576 0.861 3.135
7 19 4 381.799 115.59 38.186 1.828 0.756 1.515 -3.111
7 23 3 421.164 135.44 38.2 0.308 0.415 1.061 0.009
7 24 4 361.04 119.09 38.365 1.887 0.663 1.674 -3.13
7 27 3 399.457 108.697 38.416 0.359 0.407 1.005 3.137
7 29 1 320.031 107.064 38.468 3.955 1.687 1.405 0.237
7 31 4 342.042 107.203 38.49 0.978 0.649 1.277 -3.141
8 7 1 422.909 124.256 37.717 1.344 1.717 1.38 -3.129
8 19 4 385.322 116.561 38.127 1.614 0.667 1.468 -3.134
8 23 3 420.522 135.34 38.145 0.308 0.143 0.295 1.591
8 24 4 363.439 119.558 38.401 1.779 0.685 1.689 -3.14
8 27 3 398.779 108.591 38.453 0.319 0.66 1.174 -0.208
8 29 1 319.749 106.815 38.458 3.908 1.614 1.146 0.358
8 31 4 345.165 107.93 38.388 1.185 0.61 1.319 -3.133
8 36 3 322.717 96.076 38.664 0.312 0.291 1.339 -0.488
9 19 4 389.018 117.62 38.048 1.576 0.631 1.394 -2.822
9 24 4 365.938 120.114 38.405 1.817 0.9 1.691 -3.108
9 27 3 398.121 108.384 38.371 0.289 0.774 1.125 -0.508
9 29 1 319.389 106.518 38.565 4 1.736 1.365 0.404
9 31 4 348.108 108.51 38.42 1.398 0.627 1.425 -3.126
9 36 3 322.641 96.045 38.71 0.353 0.427 1.196 0.575
10 19 4 392.664 118.903 38.083 1.324 0.678 1.519 3.14
10 24 4 368.412 120.549 38.363 1.891 0.71 1.732 -3.137
10 27 3 397.525 108.337 38.37 0.394 0.54 0.87 3.131
10 29 1 319.053 106.151 38.59 4.171 1.654 1.406 0.528
10 31 4 351.108 109.072 38.414 1.717 0.673 1.463 -3.14
10 36 3 322.261 95.427 38.694 1.882 0.644 1.399 1.022
11 19 4 396.37 120.183 37.855 1.18 0.614 0.802 -2.863
11 24 4 370.717 120.981 38.333 1.521 0.672 1.701 3.12
11 27 3 396.837 108.306 38.274 0.466 0.376 1.006 -3.127
11 29 1 318.828 105.938 38.548 4.134 1.748 1.296 0.562
11 31 4 354.218 109.686 38.438 1.817 0.774 1.49 3.138
11 36 3 322.554 96.06 38.644 0.467 0.573 1.309 0.173
11 49 1 300.159 99.172 38.52 3.505 1.629 0.873 2.927
12 19 4 402.347 122.335 37.846 0.957 0.714 0.885 0.019
12 24 4 374.592 121.806 38.284 1.292 0.797 1.465 -3.122
12 27 3 395.803 108 38.195 0.313 0.632 0.748 -0.085
12 29 1 318.662 105.728 38.622 4.404 1.789 1.437 0.589
12 31 4 359.62 110.933 38.39 1.623 0.619 1.507 3.113
12 36 3 322.533 95.962 38.669 0.432 0.57 1.453 0.253
12 49 1 306.583 99.987 38.752 2.619 1.617 1.485 -3.083
13 19 4 406.28 123.746 37.891 0.19 0.677 0.714 -0.045
13 24 4 376.904 122.291 38.173 1.395 0.697 1.562 3.09
13 27 3 395.256 107.803 38.264 0.429 0.537 0.86 -3.104
13 29 1 318.712 105.696 38.613 4.351 1.728 1.485 0.576
13 31 4 362.745 111.618 38.356 1.484 0.578 1.495 3.111
13 36 3 322.542 95.973 38.689 0.581 0.436 1.513 1.05
13 49 1 309.558 100.551 38.704 3.978 2.024 1.58 0.014
13 54 3 331.476 87.865 38.436 0.725 0.407 1.463 1.343
14 24 4 379.121 122.775 38.073 0.907 0.636 1.516 -3.098
14 27 3 394.561 107.751 38.358 0.384 0.596 0.602 0.019
14 29 1 318.687 105.763 38.584 4.318 1.929 1.409 0.571
14 31 4 365.983 112.329 38.311 1.547 0.714 1.546 -3.044
14 36 3 322.453 96.12 38.766 0.645 0.974 1.491 -0.11
14 49 1 313.107 101.007 38.732 4.027 1.67 1.685 3.06
14 54 3 331.608 87.102 38.471 0.707 0.477 1.556 1.442
14 56 3 337.721 93.958 38.455 1.022 0.891 1.536 0.887
15 24 4 382.861 123.566 38.232 0.776 0.532 1.389 3.142
15 27 3 393.651 107.528 38.203 0.366 0.578 0.615 -0.013
15 29 1 318.675 105.689 38.657 4.372 1.816 1.504 0.594
15 31 4 371.13 113.473 38.188 1.467 0.659 1.426 3.142
15 36 3 322.533 96.28 38.711 0.493 0.792 1.575 0.022
15 49 1 318.787 101.733 38.75 3.987 1.955 1.701 3.125
15 54 3 331.786 85.835 38.532 0.698 0.606 1.653 1.536
15 56 3 337.649 93.873 38.473 0.899 0.947 1.557 1.443
16 24 4 386.198 124.306 38.224 0.573 0.553 1.278 -3.126
16 27 3 392.851 107.25 38.465 0.415 0.496 1.074 0.072
16 29 1 318.655 105.6 38.673 4.38 1.926 1.502 0.603
16 31 4 375.652 114.482 38.067 1.303 0.56 1.298 0.032
16 36 3 322.5 96.493 38.697 1.39 0.802 1.607 -0.594
16 49 1 323.73 102.766 38.728 4.096 1.959 1.583 3.12
16 54 3 332.112 84.85 38.53 0.773 0.529 1.68 1.441
16 56 3 337.737 93.952 38.474 0.967 0.969 1.555 -2.115
16 61 1 344.343 105.492 37.994 0.258 0.218 0.469 0.07
17 24 4 389.044 124.973 38.047 0.551 0.545 1.068 2.957
17 27 3 392.204 107.268 38.398 0.321 0.574 0.795 -0.053
17 29 1 318.55 105.377 38.702 4.418 1.801 1.482 0.666
17 31 4 379.356 115.417 38.088 0.836 0.474 0.985 3.139
17 36 3 322.638 96.266 38.877 0.381 0.693 1.286 -2.195
17 49 1 328.079 103.592 38.761 4.249 2.05 1.64 -3.132
17 54 3 332.38 83.987 38.526 0.543 0.517 1.665 1.48
17 56 3 337.613 93.712 38.516 1.368 0.913 1.515 -2.087
17 61 1 343.991 102.458 38.594 0.442 0.764 1.651 -1.12
18 24 4 391.512 125.494 38.177 0.584 0.616 1.198 0.139
18 27 3 391.669 107.094 38.422 0.366 0.558 1.102 -3.034
18 29 1 318.432 105.043 38.698 4.423 1.825 1.413 0.763
18 31 4 382.544 116.184 38.202 0.787 0.309 1.162 0.412
18 36 3 322.66 96.55 39.121 0.689 0.448 0.863 -1.52
18 49 1 331.881 104.424 38.749 4.288 2.019 1.637 -3.101
18 54 3 332.587 83.22 38.57 0.446 0.406 1.443 1.401
18 56 3 337.632 93.736 38.51 1.54 0.956 1.494 -2.289
18 61 1 343.641 102.853 38.588 0.373 0.78 1.671 -1.156
19 27 3 391.025 107.296 38.543 0.244 0.516 0.735 2.947
19 29 1 318.283 104.353 38.727 4.438 1.788 1.507 0.947
19 31 4 387.769 117.485 38.119 0.68 0.548 1.409 3.142
19 36 3 323.071 96.891 38.765 1.529 0.897 1.675 -2.021
19 49 1 338.613 106.084 38.701 4.483 2.104 1.645 -3.066
19 54 3 332.837 81.871 38.492 0.626 0.663 1.526 1.452
19 56 3 337.77 94.186 38.537 1.524 0.897 1.574 -1.894
19 61 1 343.398 103.621 38.825 0.463 0.8 1.292 -1.268
19 74 1 329.126 92.743 38.089 0.162 0.292 0.455 -0
20 29 1 318.2 103.912 38.742 4.412 1.96 1.541 1.032
20 31 4 390.974 118.48 38.164 0.718 0.583 1.258 3.102
20 36 3 323.217 96.96 38.76 1.766 0.947 1.653 -2.493
20 49 1 342.517 107.22 38.651 4.133 1.943 1.68 -3.053
20 54 3 333.153 81.05 38.449 0.509 0.463 1.579 1.505
20 56 3 337.81 94.583 38.549 1.698 0.909 1.575 -1.707
20 61 1 343.191 104.203 38.644 0.773 0.625 1.656 -1.548
20 74 1 329.112 92.755 38.126 0.265 0.291 0.468 -0.165
20 77 3 341.485 84.003 38.736 0.45 0.397 1.155 1.466
21 29 1 318.188 103.382 38.767 4.486 1.808 1.492 1.144
21 36 3 323.813 97.433 38.711 1.432 0.827 1.573 -2.74
21 49 1 348.638 108.837 38.572 4.069 1.786 1.558 -3.08
21 54 3 333.245 80.016 38.531 0.478 0.539 1.587 1.139
21 56 3 337.841 95.775 38.584 1.634 0.84 1.553 -2.012
21 61 1 343.388 104.715 38.626 0.616 0.671 1.626 -2.268
21 74 1 329.096 92.771 38.123 0.277 0.259 0.528 3.081
21 77 3 341.73 83.964 38.711 0.288 0.454 1.193 -1.629
22 29 1 318.156 103.332 38.736 4.466 1.929 1.54 1.17
22 36 3 324.044 97.583 38.735 1.738 0.713 1.606 -2.715
22 49 1 354.204 110.254 38.492 3.983 1.761 1.665 -3.045
22 54 3 333.261 79.07 38.444 0.565 0.592 1.519 1.665
22 56 3 338.18 96.919 38.556 1.632 1.004 1.55 -1.979
22 61 1 343.613 105.163 38.584 0.536 0.756 1.588 2.981
22 74 1 329.104 92.783 38.131 0.268 0.196 0.467 2.257
22 77 3 341.629 83.917 38.703 0.407 0.461 1.362 -1.276
22 81 5 273.61 95.341 38.408 0.558 1.652 0.35 -3.107
23 29 1 318.194 103.341 38.751 4.418 1.81 1.563 1.183
23 36 3 324.31 97.72 38.699 1.667 0.764 1.598 -2.673
23 49 1 358.899 111.33 38.319 3.56 1.656 1.379 -3.067
23 54 3 333.218 78.203 38.414 0.713 0.584 1.516 1.249
23 56 3 338.154 98.152 38.548 1.502 0.855 1.569 -1.491
23 61 1 343.842 105.545 38.562 0.474 0.619 1.48 -3.123
23 74 1 329.1 92.812 38.108 0.214 0.325 0.408 -1.682
23 77 3 341.481 83.965 38.698 0.353 0.568 1.326 -1.012
23 81 5 277.562 96.017 38.381 0.74 1.571 0.624 0.015
24 29 1 318.233 103.312 38.745 4.458 1.754 1.53 1.154
24 36 3 324.486 97.863 38.725 1.375 0.824 1.647 -2.687
24 49 1 365.109 112.548 38.391 2.269 1.747 1.635 3.12
24 54 3 333.204 77.152 38.514 0.513 0.622 1.619 1.579
24 56 3 338.213 99.993 38.576 1.662 0.744 1.582 -1.887
24 61 1 344.062 105.582 38.575 0.547 0.701 1.594 3.104
24 74 1 329.079 92.796 38.103 0.253 0.32 0.45 -1.577
24 77 3 341.458 84.184 38.587 0.553 0.493 1.543 2.005
24 81 5 281.409 96.38 38.574 3.702 1.919 1.446 3.137
25 29 1 318.217 103.355 38.752 4.436 1.816 1.461 1.14
25 36 3 324.425 97.85 38.755 1.585 0.714 1.623 -2.752
25 49 1 369.136 113.434 38.188 0.42 1.566 0.818 -0.002
25 54 3 333.332 76.282 38.537 0.581 0.64 1.582 1.548
25 56 3 338.493 101.374 38.623 1.645 0.885 1.67 -1.879
25 61 1 344.062 105.686 38.558 0.618 0.774 1.612 3.139
25 77 3 341.358 84.563 38.626 0.36 0.535 1.255 -0.898
25 81 5 284.704 96.596 38.658 3.897 1.896 1.408 -0.121
26 29 1 318.236 103.445 38.728 4.487 1.778 1.513 1.149
26 36 3 324.753 97.806 38.741 1.209 0.784 1.653 -3.141
26 49 1 374.491 114.536 38.209 1.139 1.592 0.777 3.066
26 54 3 333.407 75.452 38.458 0.57 0.472 1.643 1.516
26 56 3 338.91 102.814 38.644 1.632 0.715 1.593 -2.181
26 61 1 344.101 105.697 38.564 0.629 0.827 1.562 -3.104
26 77 3 341.187 84.848 38.588 0.272 0.488 1.344 -0.792
26 81 5 288.063 96.845 38.662 3.681 1.796 1.476 3.003
26 86 4 274.023 94.515 38.893 0.741 0.643 1.136 -3.14
27 29 1 318.303 103.635 38.738 4.485 1.676 1.529 1.194
27 36 3 324.921 97.887 38.694 1.334 0.841 1.64 -3.079
27 49 1 380.948 115.684 38.331 2.339 1.701 1.391 3.076
27 54 3 333.586 74.609 38.46 0.741 0.516 1.663 1.497
27 56 3 340.011 104.388 38.588 1.653 0.952 1.592 -2.404
27 61 1 344.077 105.701 38.547 0.58 0.724 1.564 -3.073
27 77 3 341.049 85.088 38.735 0.456 0.428 1.03 0
27 81 5 291.431 97.104 38.618 4.046 1.779 1.243 3.016
27 86 4 278.796 95.301 38.717 0.939 0.759 1.314 0.024
28 29 1 318.662 104.58 38.746 4.488 1.702 1.499 1.393
28 36 3 326.753 98.467 38.736 1.668 1.057 1.675 -3.027
28 54 3 333.832 72.194 38.419 0.821 0.427 1.609 1.529
28 56 3 344.13 108.245 38.592 1.581 0.582 1.539 -2.613
28 61 1 344.467 105.952 38.58 0.552 0.972 1.594 3.129
28 77 3 340.164 85.485 38.69 0.208 0.502 1.124 -1.004
28 86 4 289.444 96.672 38.831 0.965 0.63 1.352 0
28 89 4 341.93 49.946 38.482 1.502 0.475 1.15 1.287
28 91 1 299.448 98.339 38.935 3.285 1.89 0.869 -0.09
29 29 1 318.752 104.808 38.716 4.671 1.757 1.526 1.481
29 36 3 327.517 98.585 38.771 1.795 0.674 1.724 2.858
29 54 3 333.934 71.379 38.401 0.601 0.506 1.56 1.529
29 56 3 345.75 109.452 38.583 1.559 0.772 1.576 -2.68
29 61 1 344.445 106.191 38.577 0.452 0.808 1.595 -3.064
29 77 3 339.75 85.613 38.641 0.3 0.494 1.266 -0.845
29 86 4 291.704 96.866 38.904 0.595 0.579 1.25 -3.112
29 89 4 341.58 52.761 38.406 1.084 0.687 1.383 1.521
29 91 1 301.415 98.593 38.845 3.547 1.845 1.148 3.084
29 92 3 332.373 61.621 38.658 0.274 0.615 1.656 1.514
30 29 1 318.75 105.033 38.729 4.597 1.782 1.528 1.517
30 36 3 328.263 98.418 38.722 1.642 0.71 1.679 2.606
30 54 3 334.087 70.616 38.457 0.732 0.514 1.456 1.541
30 56 3 347.331 110.816 38.522 1.632 0.703 1.54 -2.533
30 61 1 344.527 106.182 38.594 0.503 0.817 1.564 -3.133
30 77 3 339.421 85.829 38.537 0.314 0.591 1.498 -0.941
30 86 4 294.167 97.083 38.988 0.536 0.503 1.17 -3.113
30 89 4 341.233 55.694 38.34 1.459 0.684 0.981 -1.713
30 91 1 303.261 98.974 38.716 3.629 1.842 1.477 3.136
30 92 3 332.31 62.317 38.833 0.558 0.257 1.34 -3.091
31 29 1 318.802 105.188 38.751 4.575 1.802 1.486 1.565
31 36 3 329.233 98.338 38.702 1.683 0.746 1.712 2.925
31 54 3 334.066 69.707 38.419 0.595 0.629 1.486 1.568
31 56 3 349.276 112.584 38.503 1.496 0.629 1.569 -2.443
31 61 1 344.657 106.068 38.564 1.115 1.004 1.634 -3.058
31 77 3 339.144 86.291 38.453 0.438 0.627 1.648 -1.657
31 86 4 296.759 97.359 39.237 0.162 0.533 0.754 -0.063
31 89 4 340.687 59.457 38.437 0.993 0.632 0.925 -1.562
31 91 1 305.1 99.372 38.665 3.587 1.769 1.438 3.096
31 92 3 332.219 63.211 38.864 0.224 0.445 1.301 -1.649
32 29 1 318.79 105.183 38.721 4.577 1.782 1.544 1.561
32 36 3 330.123 98.507 38.698 1.653 0.751 1.718 -3.14
32 54 3 334.321 68.846 38.607 0.408 0.504 1.049 1.489
32 56 3 351.123 113.938 38.42 1.444 0.651 1.518 -2.578
32 61 1 344.257 106.144 38.57 0.556 0.849 1.598 2.746
32 77 3 338.835 86.511 38.457 0.501 0.751 1.666 -1.664
32 89 4 340.231 62.21 38.346 1.665 0.66 1.19 -1.919
32 91 1 306.435 99.657 38.699 3.615 1.919 1.429 -3.127
32 92 3 332.071 63.833 38.711 0.44 0.49 1.649 1.296
33 29 1 318.771 105.196 38.732 4.578 1.803 1.523 1.553
33 36 3 331.038 98.799 38.705 1.677 0.766 1.705 -3.024
33 54 3 334.295 67.994 38.362 0.445 0.614 1.537 1.524
33 56 3 353.105 114.993 38.397 1.07 0.951 1.427 3.131
33 61 1 343.932 106.212 38.597 0.464 0.771 1.587 2.012
33 77 3 338.798 86.832 38.486 0.442 0.617 1.665 -1.593
33 89 4 339.913 65.302 38.339 1.719 0.553 1.352 -1.76
33 91 1 307.451 99.902 38.787 3.679 1.921 1.304 -3.106
33 92 3 331.976 64.576 38.639 0.533 0.55 1.387 1.425
34 29 1 318.803 105.113 38.756 4.576 1.768 1.483 1.582
34 36 3 332.053 99.295 38.711 1.7 0.705 1.684 -2.918
34 54 3 334.491 67.177 38.441 0.523 0.549 1.332 1.627
34 56 3 355.275 115.942 38.327 0.974 0.807 1.381 -3.099
34 61 1 343.599 106.033 38.606 0.695 0.548 1.598 1.904
34 77 3 338.486 87.15 38.535 0.236 0.535 1.581 1.892
34 89 4 339.55 68.345 38.205 1.604 0.726 1.31 -1.597
34 91 1 308.404 100.113 38.731 3.531 1.816 1.465 -3.139
34 92 3 331.852 65.333 38.656 0.21 0.381 1.365 1.653
35 29 1 318.872 104.963 38.753 4.578 1.779 1.482 1.579
35 36 3 333.288 100.06 38.644 1.634 0.748 1.588 -2.729
35 54 3 334.202 66.32 38.618 0.432 0.637 1.417 -1.603
35 56 3 358.133 116.758 38.396 1.11 0.845 1.561 3.132
35 61 1 343.499 105.643 38.577 0.621 0.632 1.667 -2.939
35 77 3 338.248 87.381 38.406 0.666 0.445 1.545 1.447
35 89 4 339.06 71.956 38.259 1.645 0.704 1.377 -1.813
35 91 1 309.113 100.278 38.774 3.641 1.925 1.395 3.142
35 92 3 331.718 66.185 38.549 0.409 0.489 1.588 -1.591
35 95 4 305.028 97.898 39.179 0.539 0.503 0.673 -3.103
36 29 1 318.963 104.749 38.736 4.599 1.86 1.518 1.616
36 36 3 334.36 100.782 38.632 1.71 0.807 1.568 -2.593
36 54 3 334.107 65.697 38.549 0.554 0.551 1.54 1.615
36 56 3 360.524 117.066 38.349 0.944 0.811 1.537 -3.061
36 61 1 343.281 104.986 38.587 0.518 0.546 1.671 1.689
36 77 3 338.059 87.606 38.407 0.444 0.535 1.553 1.627
36 89 4 338.517 74.912 38.308 1.737 0.6 1.437 1.452
36 91 1 309.584 100.387 38.811 3.473 1.945 1.152 -3.079
36 92 3 331.712 66.758 38.649 0.58 0.523 1.406 1.573
36 95 4 307.128 98.11 38.781 1.255 0.759 1.546 3.117
37 29 1 319.086 104.475 38.717 4.597 1.851 1.498 1.714
37 36 3 335.448 101.601 38.665 1.716 0.635 1.608 -2.754
37 54 3 333.792 65.273 38.594 0.26 0.522 1.358 1.107
37 56 3 363.036 117.519 38.35 1.065 0.641 1.356 3.142
37 61 1 343.465 104.582 38.618 0.634 0.616 1.733 1.511
37 77 3 337.882 87.635 38.428 0.571 0.457 1.496 1.452
37 89 4 337.931 77.558 38.336 2.18 0.687 1.525 -1.623
37 91 1 310.109 100.591 38.918 3.526 1.758 0.954 -3.138
37 92 3 331.641 67.511 38.588 0.686 0.597 1.542 -1.706
37 95 4 308.689 98.426 38.811 0.95 0.627 1.313 -3.138
38 29 1 319.694 103.853 38.721 4.626 1.836 1.536 1.882
38 36 3 337.72 103.364 38.629 1.701 0.788 1.641 -2.703
38 54 3 332.762 64.501 38.603 0.417 0.345 1.375 1.585
38 56 3 367.884 118.304 38.229 1.033 0.771 1.347 -3.075
38 61 1 343.523 103.53 38.56 0.662 0.523 1.673 -3.102
38 77 3 337.87 87.75 38.464 0.464 0.46 1.712 1.627
38 89 4 336.668 83.05 38.359 2.233 0.702 1.417 -1.623
38 91 1 310.94 100.615 39.026 2.877 1.687 0.839 -3.105
38 92 3 331.499 68.987 38.614 0.822 0.557 1.511 1.623
38 95 4 311.856 99.083 39.092 0.794 0.749 0.931 3.135
38 100 5 332.874 69.72 38.264 1.375 0.402 0.798 1.423
38 103 3 313.647 109.569 38.771 0.672 0.609 1.651 0.123
38 105 1 341.813 48.18 38.529 2.437 1.146 1.529 -1.636
38 106 5 276.696 96.406 38.476 0.702 1.604 0.366 -3.093
38 107 4 302.18 94.401 39.128 0.505 0.337 0.719 -3.049
39 29 1 321.09 102.908 38.719 4.708 1.744 1.518 2.259
39 36 3 340.815 105.885 38.62 1.709 0.479 1.677 -2.715
39 54 3 332.479 63.829 38.588 0.587 0.654 1.379 -0.096
39 56 3 374.15 119.445 38.087 0.936 0.737 1.266 -3.1
39 61 1 343.614 103.627 38.561 0.736 0.583 1.623 1.604
39 77 3 337.916 87.777 38.467 0.344 0.465 1.591 2.334
39 89 4 338.697 84.527 38.029 1.093 0.4 0.361 0.553
39 91 1 312.457 101.099 38.686 3.862 1.981 1.434 -3.091
39 92 3 331.228 70.92 38.578 0.528 0.531 1.655 1.48
39 95 4 308.636 97.862 38.362 1.246 0.044 0.145 0
39 100 5 332.792 69.815 38.277 1.243 0.337 0.704 1.573
39 103 3 313.948 109.671 38.767 0.447 0.839 1.708 1.562
39 105 1 340.86 58.198 38.455 1.296 1.093 1.254 -1.661
39 106 5 282.588 96.862 38.596 1.286 1.715 0.878 3.061
39 107 4 305.343 94.95 38.816 1.269 0.713 1.478 -3.117
39 108 3 315.58 99.744 39.325 0.184 0.529 0.484 -3.079
39 113 4 334.573 89.769 38.426 1.662 0.729 1.459 -1.545
40 29 1 322.15 102.442 38.69 4.549 1.952 1.547 2.425
40 36 3 342.573 106.651 38.586 1.704 0.64 1.64 -3.087
40 61 1 343.505 103.682 38.557 0.566 0.504 1.704 -3.038
40 77 3 337.87 87.817 38.415 0.504 0.382 1.615 0.217
40 89 4 338.744 84.6 37.934 0.671 1.202 0.78 2.036
40 91 1 313.429 101.404 38.675 4.008 1.966 1.5 -3.09
40 92 3 331.296 71.796 39.145 0.315 0.556 0.445 1.693
40 100 5 332.816 69.923 38.147 1.374 0.289 0.507 1.519
40 103 3 313.664 109.816 38.802 0.767 0.736 1.711 1.173
40 105 1 340.364 61.828 38.354 2.004 1.18 1.496 1.551
40 106 5 284.511 96.962 38.477 3.904 1.619 0.974 3
40 107 4 306.544 95.193 38.775 1.29 0.705 1.718 -3.126
40 108 3 317.497 100.136 39.211 0.638 0.641 0.689 -2.977
40 113 4 333.526 92.037 38.486 1.811 0.704 1.496 1.754
41 29 1 323.285 102.096 38.717 4.808 1.936 1.535 2.608
41 36 3 344.476 107.28 38.613 1.611 0.602 1.679 -3.128
41 61 1 343.461 103.659 38.601 0.592 0.455 1.549 1.609
41 77 3 337.925 87.74 38.452 0.371 0.496 1.512 2.175
41 89 4 338.917 84.846 38.014 1.202 0.56 0.526 0.364
41 91 1 314.691 101.717 38.738 4.044 1.946 1.426 -3.082
41 100 5 332.807 69.897 38.274 1.359 0.304 0.692 1.484
41 103 3 313.374 109.751 38.8 0.592 0.509 1.599 -0.304
41 105 1 339.809 65.319 38.39 3.109 1.098 1.601 -1.678
41 106 5 287.713 96.996 38.555 3.979 2.125 0.998 3.111
41 107 4 307.89 95.621 38.754 1.331 0.673 1.603 -3.106
41 108 3 318.823 100.347 38.774 1.46 0.782 1.563 -3.096
41 113 4 332.465 93.812 38.502 1.784 0.822 1.39 -1.331
42 29 1 324.723 102.136 38.704 4.704 1.768 1.49 2.878
42 36 3 346.545 107.69 38.487 1.26 0.634 1.485 -3.116
42 61 1 343.555 103.31 38.51 0.451 0.584 1.421 -3.135
42 77 3 337.892 87.779 38.439 0.177 0.478 1.544 2.008
42 89 4 338.761 84.659 38.095 0.875 0.521 0.358 -2.25
42 91 1 316.095 102.117 38.747 4.204 1.909 1.431 -3.089
42 103 3 312.799 109.962 39.331 0.454 0.435 0.602 1.538
42 105 1 339.119 69.598 38.334 3.069 1.173 1.591 -1.646
42 106 5 291.176 97.104 38.517 4.179 1.795 0.789 2.966
42 107 4 309.291 96.127 38.888 0.888 0.654 1.38 -3.079
42 108 3 320.757 100.733 38.752 2.044 0.799 1.566 -3.05
42 113 4 331.419 95.158 38.663 1.904 0.745 1.187 -1.184
43 29 1 326.299 102.236 38.679 4.282 1.889 1.511 3.04
43 36 3 348.225 107.949 38.471 0.98 0.635 1.506 3.067
43 61 1 343.709 102.831 38.467 0.565 0.701 1.511 1.686
43 77 3 337.936 87.734 38.396 0.42 0.582 1.607 -0.687
43 89 4 338.697 84.482 37.899 1.111 0.423 0.739 -2.114
43 91 1 317.184 102.478 38.763 4.337 1.843 1.445 -3.068
43 103 3 312.487 110.841 38.523 0.644 0.45 1.152 -1.388
43 105 1 338.586 72.545 38.362 3.062 1.197 1.677 1.399
43 106 5 293.443 97.349 38.492 4.364 1.757 1.066 3.017
43 107 4 310.327 96.345 39.071 1.025 0.834 1.003 -3.124
43 108 3 321.867 100.986 38.764 2.023 0.926 1.565 -3.109
43 113 4 330.475 96.035 38.528 1.987 0.851 1.543 -1.022
44 29 1 328.025 102.684 38.671 4.277 1.734 1.526 -3.133
44 36 3 350.012 108.216 38.513 0.812 0.45 1.46 -3.086
44 61 1 344.095 102.425 38.549 0.328 0.724 1.55 2.734
44 77 3 337.883 87.749 38.48 0.302 0.533 1.512 -0.197
44 91 1 318.191 102.689 38.938 4.476 1.752 1.093 -3.069
44 105 1 338.116 75.409 38.405 2.878 1.239 1.469 -1.593
44 106 5 295.528 97.62 38.398 4.134 1.735 0.795 3.058
44 107 4 311.285 96.575 38.87 1.646 0.909 1.517 3.134
44 108 3 323.063 101.293 38.767 1.829 0.575 1.566 3.075
44 113 4 329.573 96.547 38.621 1.981 0.725 1.388 -0.742
45 29 1 330.085 103.335 38.635 4.231 1.797 1.477 -3.034
45 36 3 351.766 108.434 38.398 0.426 0.543 1.403 3.128
45 61 1 344.775 102.332 39.041 0.606 0.303 0.575 -1.604
45 77 3 337.873 87.756 38.529 0.512 0.236 1.443 1.176
45 91 1 319.289 103.036 38.738 4.305 1.908 1.471 -3.098
45 105 1 337.548 78.137 38.425 2.889 1.197 1.587 -1.576
45 106 5 297.299 97.947 38.778 4.377 1.79 1.475 3.104
45 107 4 312.302 96.84 38.85 1.736 0.782 1.689 3.119
45 108 3 324.346 101.44 39.137 0.819 0.593 0.76 -3.034
45 113 4 328.498 97.022 38.702 1.835 0.701 1.276 -0.414
46 29 1 335.606 105.505 38.564 4.241 1.723 1.306 -2.942
46 36 3 355.61 109.063 38.53 0.415 0.538 1.225 3.123
46 61 1 346.126 102.438 38.789 0.221 0.525 0.758 -3.086
46 77 3 337.881 87.716 38.554 0.391 0.434 1.221 3.071
46 91 1 321.915 103.676 38.708 4.143 1.821 1.45 -3.074
46 105 1 336.32 83.718 38.678 2.905 1.065 1.119 -1.552
46 106 5 300.537 98.586 38.792 4.458 1.803 1.419 -3.12
46 107 4 314.552 97.018 38.834 1.884 0.677 1.684 2.938
46 108 3 327.508 101.896 38.839 1.113 0.652 1.23 -3.086
46 113 4 326.29 97.668 38.635 1.836 0.721 1.346 2.692
47 29 1 338.473 106.92 38.514 4.113 1.101 1.475 -2.961
47 61 1 346.813 102.649 38.39 0.465 0.583 1.367 -1.504
47 77 3 337.75 87.668 38.526 0.179 0.44 1.061 -0.101
47 91 1 323.271 104.001 38.686 4.053 1.78 1.43 -3.057
47 105 1 335.812 85.942 38.599 2.935 1.088 1.106 -1.49
47 106 5 301.438 98.801 38.78 4.573 1.82 1.369 -3.123
47 107 4 315.142 97.113 38.826 1.567 0.662 1.618 3.121
47 108 3 329.28 102.244 38.601 1.496 0.771 1.383 3.137
47 113 4 325.326 97.877 38.624 1.8 0.711 1.41 -0.566
47 146 3 310.995 109.422 38.844 0.599 0.59 1.637 -1.447
48 29 1 341.774 108.015 38.396 4.147 1.231 1.349 -2.978
48 91 1 325.227 104.494 38.62 4.198 1.72 1.414 -3.077
48 105 1 335.131 87.763 38.724 3.124 0.612 1.323 -1.539
48 106 5 302.041 98.865 38.85 4.457 1.918 1.491 -3.137
48 107 4 315.552 97.094 38.809 1.473 0.679 1.738 -3.107
48 108 3 330.863 102.559 38.627 1.239 0.826 1.521 -3.086
48 113 4 324.297 98.131 38.633 1.75 0.679 1.51 2.674
48 146 3 310.818 109.932 38.852 0.503 0.848 1.613 -2.13
49 29 1 345.533 109.106 38.486 3.985 1.221 0.974 -3.042
49 91 1 326.901 104.856 38.569 3.726 1.775 1.279 -3.071
49 105 1 334.705 89.835 38.75 2.87 1.077 0.693 -1.406
49 106 5 302.911 99.038 38.789 4.633 1.921 1.328 -3.103
49 107 4 316.03 97.138 38.794 1.585 0.764 1.639 3.09
49 108 3 332.583 103.002 38.627 1.189 0.601 1.369 -2.931
49 113 4 323.217 98.429 38.67 1.764 0.75 1.391 2.728
49 146 3 310.603 110.325 38.852 0.481 0.889 1.654 -2.554
49 158 1 300.823 112.677 38.772 3.553 0.419 1.465 -1.438
50 29 1 348.006 109.617 38.235 0.616 1.488 0.313 -3.112
50 91 1 328.788 105.35 38.639 3.462 1.712 1.428 -3.112
50 105 1 333.9 91.837 38.749 2.646 0.861 1.34 -1.369
50 106 5 303.238 99.149 38.83 4.333 1.76 1.526 -3.117
50 107 4 316.713 97.176 39.195 0.86 0.801 0.67 -3.107
50 108 3 334.128 103.489 38.597 0.944 0.541 1.331 -3.095
50 113 4 322.297 98.817 38.629 1.831 0.731 1.399 2.446
50 146 3 310.914 110.254 38.811 1.267 0.615 1.605 2.649
50 158 1 301.295 112.407 38.779 2.995 1.111 1.511 -1.468
51 91 1 330.073 105.655 38.537 1.346 1.732 1.389 -3.08
51 105 1 333.131 93.63 38.879 2.863 0.844 0.965 -1.348
51 106 5 303.395 99.271 39.22 3.14 1.339 0.735 -3
51 107 4 317.062 97.167 39.244 0.775 0.55 0.759 -3.02
51 108 3 335.743 103.82 38.527 0.88 0.75 1.269 -3.081
51 113 4 321.31 99.733 38.716 0.557 1.854 1.038 -2.658
51 146 3 310.728 110.16 38.765 0.83 1.065 1.541 -2.657
51 158 1 301.565 112.424 38.732 2.647 1.629 1.534 -1.469
51 162 4 255.063 85.212 38.963 1.001 0.678 0.942 3.139
52 91 1 332.87 106.384 38.659 1.262 1.7 1.015 -3.138
52 106 5 302.453 98.717 38.709 0.368 1.181 0.877 -2.964
52 107 4 317.128 97.165 38.784 1.474 0.625 1.567 -3.131
52 108 3 337.342 104.406 38.561 0.907 0.403 1.129 -3.138
52 113 4 320.447 100.607 39.031 0.602 1.378 0.206 -3.102
52 146 3 310.81 110.217 38.774 1.209 0.736 1.693 -0.54
52 158 1 301.59 112.276 38.87 2.736 1.602 1.108 -1.444
52 162 4 257.06 85.651 38.887 0.87 0.667 1.151 -3.133
52 163 1 225.662 88.072 38.235 1.243 1.563 0.721 0.039
53 106 5 304.451 99.429 38.601 3.584 1.762 1.002 3.141
53 113 4 319.428 102.131 38.906 0.525 0.91 0.806 3.129
53 158 1 301.578 111.473 39.132 0.945 0.868 0.688 0.347
53 162 4 259.829 86.295 38.867 1.181 0.685 1.445 3.142
53 163 1 225.02 88.302 38.548 2.539 2.121 0.643 -0.006
54 106 5 305.067 99.609 38.657 4.172 1.755 1.178 -3.131
54 113 4 318.666 103.183 39.031 0.517 1.055 0.786 -3.132
54 162 4 261.641 86.781 38.857 1.396 0.681 1.632 3.106
54 163 1 226.031 88.307 38.414 0.349 1.48 0.627 -3.129
55 106 5 304.165 99.407 38.778 1.448 1.634 1.387 -3.132
55 113 4 316.324 105.834 38.629 0.743 1.245 1.154 -3.124
55 162 4 265.921 87.622 38.892 2.14 0.826 1.667 3.12
55 163 1 226.061 87.941 38.569 0.691 1.069 0.907 3.069
56 106 5 304.051 99.432 38.603 1.337 1.572 0.946 3.106
56 162 4 267.958 87.986 38.876 1.639 0.651 1.708 3.141
56 163 1 224.991 88.039 38.443 2.72 1.745 1.166 -0.001
56 168 3 225.66 78.577 38.542 0.319 0.571 1.417 -3.002
57 106 5 303.623 99.275 38.507 0.208 1.403 0.348 3.105
57 162 4 269.853 88.289 38.848 1.584 0.658 1.616 3.109
57 163 1 224.721 87.973 38.483 3.312 1.744 1.177 -0.034
57 168 3 225.89 78.846 38.538 1.052 1.125 1.454 3.114
58 106 5 303.77 99.816 38.658 0.678 0.639 0.869 -0.002
58 162 4 271.868 88.789 38.747 1.269 0.691 1.495 3.068
58 163 1 224.415 87.884 38.634 3.993 1.723 1.471 -0.051
58 168 3 226.381 78.952 38.664 1.406 1.085 1.588 3.104
58 172 3 214.743 72.241 39.07 0.235 0.436 0.936 2.95
59 162 4 273.521 89.303 38.711 0.638 0.634 1.325 -3.133
59 163 1 224.368 87.86 38.648 4.114 1.882 1.493 -0.063
59 168 3 226.917 79.09 38.661 1.445 1.067 1.614 3.06
59 172 3 215.314 72.194 39.061 0.251 0.667 1.212 3.091
60 162 4 275.987 89.99 38.851 1.059 0.591 1.08 3.058
60 163 1 224.274 87.896 38.69 4.239 1.75 1.476 -0.053
60 172 3 215.915 72.389 39.098 0.408 0.55 1.151 3.032
60 173 3 227.455 79.266 38.668 1.589 0.941 1.609 3.014
61 162 4 277.728 90.456 38.807 0.74 0.553 1.128 -3.066
61 163 1 224.19 87.872 38.68 4.336 1.883 1.384 -0.014
61 172 3 216.57 72.543 39.082 0.465 0.64 1.282 3.112
61 173 3 228.014 79.373 38.722 1.637 1.081 1.641 2.965
61 177 1 191.519 73.806 38.032 0.159 0.231 0.331 -0.045
61 178 4 197.497 75.051 38.028 0.211 0.262 0.471 -0.009
62 162 4 280.139 91.029 38.918 0.459 0.643 1.182 3.015
62 163 1 223.965 87.871 38.717 4.77 1.976 1.524 0.034
62 172 3 217.186 72.731 38.993 0.411 0.639 1.601 -2.754
62 173 3 228.631 79.776 38.727 1.512 0.882 1.605 -3.09
62 177 1 191.562 73.776 38.017 0.112 0.148 0.414 3.142
62 178 4 197.493 75.043 38.068 0.237 0.223 0.346 1.611
63 163 1 223.52 87.792 38.742 4.141 1.771 1.502 0.039
63 172 3 218.5 73.28 39.189 0.583 0.334 1.294 -2.961
63 173 3 229.651 80.336 38.73 1.506 0.815 1.406 -3.056
63 177 1 191.563 73.806 38.117 0.284 0.206 0.416 1.351
63 178 4 197.517 75.092 38.17 0.273 0.198 0.402 1.351
64 163 1 223.547 87.82 38.691 4.196 1.68 1.342 0.031
64 172 3 218.979 73.243 39.218 0.395 0.695 1.205 -3.129
64 173 3 230.082 80.489 38.646 1.343 0.97 1.389 -3.105
64 177 1 191.537 73.817 38.127 0.153 0.231 0.399 0.041
64 178 4 197.508 75.113 38.151 0.171 0.2 0.477 0.041
65 163 1 223.447 87.797 38.516 3.909 1.799 1.214 -0.031
65 172 3 219.54 73.368 39.281 0.44 0.664 1.026 -2.937
65 173 3 230.596 80.593 38.632 1.418 0.76 1.473 2.792
65 177 1 191.547 73.85 38.134 0.209 0.323 0.497 0.381
65 178 4 197.481 75.069 38.169 0.328 0.362 0.493 0.023
66 163 1 222.7 87.738 38.487 2.471 1.651 0.992 0
66 172 3 219.992 73.58 39.188 0.168 0.451 1.235 -3.142
66 173 3 231.7 80.408 38.627 0.797 0.746 1.523 3.128
66 177 1 191.493 73.858 38.161 0.226 0.201 0.443 0
66 178 4 197.45 75.135 38.153 0.261 0.261 0.431 0
67 163 1 221.762 87.699 38.464 0.577 1.356 0.258 0.009
67 173 3 231.987 80.41 38.707 0.313 0.472 1.175 -3.13
67 177 1 191.454 73.898 38.187 0.226 0.235 0.402 3.125
67 178 4 197.366 75.176 38.145 0.258 0.23 0.436 -0.056
68 163 1 222.054 87.645 38.343 0.885 1.447 0.842 -0.029
68 173 3 232.458 80.47 38.647 0.419 0.581 1.314 -3.061
68 177 1 191.437 73.913 38.151 0.194 0.261 0.414 0.048
69 163 1 221.781 87.781 38.448 0.733 1.371 0.274 -3.133
69 173 3 233.056 80.487 38.597 0.322 0.398 1.249 2.843
69 177 1 191.425 73.924 38.147 0.156 0.209 0.384 -0.191
70 163 1 222.675 87.768 38.35 2.195 1.378 1.106 0.002
70 177 1 191.362 73.934 38.109 0.127 0.194 0.293 -0
71 163 1 221.841 87.703 38.304 0.461 1.21 0.323 3.141
71 177 1 191.378 73.977 38.176 0.107 0.206 0.322 -3.096
71 184 3 110.482 51.767 39.254 0.095 0.331 0.338 0.006
72 184 3 109.183 51.653 39.17 0.152 0.41 0.564 0.114
73 184 3 108.53 51.492 39.198 0.167 0.326 0.887 -0
74 184 3 107.871 51.333 39.271 0.265 0.498 0.633 -0.062
75 185 4 80.77 50.047 39.017 0.351 0.556 1.141 0.006
75 186 3 106.547 51.151 39.334 0.353 0.506 1.016 -0.001
76 185 4 79.754 49.688 38.823 0.401 0.532 1.091 0.003
76 186 3 105.912 51.091 39.309 0.355 0.589 0.947 -0.007
77 185 4 78.125 49.49 38.999 0.379 0.579 1.229 0
77 186 3 105.004 50.83 39.246 0.331 0.574 1.049 -0
78 185 4 76.991 49.242 38.922 0.498 0.525 1.158 0.005
78 186 3 104.308 50.801 39.295 0.682 0.544 0.826 -0.082
79 185 4 73.881 48.503 39.006 0.955 0.763 1.334 -0.029
79 186 3 102.395 50.486 39.377 0.406 0.62 1.213 -0.029
79 189 4 56.725 43.735 38.982 1.792 0.589 1.321 -1.664
80 185 4 72.816 48.254 39.044 0.729 0.684 1.39 -0.035
80 186 3 101.679 50.422 38.987 0.399 0.45 1.484 0.939
80 189 4 56.209 46.488 38.93 1.886 0.519 1.487 -1.624
80 191 5 41.906 46.77 38.473 3.965 1.494 0.485 -0.433
80 194 3 42.363 52.438 39.173 0.414 0.428 1.33 1.995
81 185 4 71.678 47.876 39.105 1.098 0.583 1.361 0.056
81 186 3 100.94 50.211 39.423 0.407 0.531 1.124 -0.015
81 189 4 55.425 49.649 38.995 1.745 0.466 1.319 -1.479
81 191 5 38.745 47.537 38.538 3.625 0.912 0.241 -0.484
81 194 3 42.367 52.464 39.061 0.399 0.505 1.424 2.045
81 195 5 54.87 33.263 39.099 0.324 0.441 0.808 -1.429
82 185 4 70.577 47.496 39.024 1.085 0.635 1.515 0.059
82 186 3 100.267 50.003 39.415 0.37 0.764 1.141 -0.269
82 189 4 54.473 53.092 39.016 2.075 0.755 1.179 -1.469
82 191 5 36.767 46.874 38.75 0.377 1.151 0.49 3.141
82 194 3 42.29 52.447 39.042 0.471 0.458 1.349 1.494
82 195 5 53.582 36.093 39.084 1.317 0.506 1.707 -1.567
82 196 1 62.771 26.849 39.224 1.23 0.554 0.665 -1.533
82 197 3 45.627 58.759 39.364 0.317 0.278 0.689 -3.127
83 185 4 69.219 47.156 39.033 1.588 0.616 1.544 -0.007
83 186 3 99.552 49.947 39.38 0.317 0.613 1.1 -3.129
83 189 4 53.674 56.672 39.005 1.934 0.845 1.536 -1.727
83 191 5 32.862 46.835 38.737 0.874 1.338 0.891 0.046
83 194 3 42.35 52.522 38.997 0.42 0.5 1.744 2.091
83 195 5 52.211 38.635 39.094 1.743 0.596 1.54 -1.343
83 196 1 62.381 26.686 39.029 1.627 1.496 1.083 -1.555
83 197 3 45.92 58.383 39.193 0.419 0.575 0.908 2.585
83 198 3 44.218 62.691 39.113 0.466 0.527 0.943 2.445
83 199 3 50.991 31.312 39.262 0.406 0.489 1.241 -1.513
84 185 4 68.052 46.896 39.042 1.702 0.588 1.583 0.017
84 186 3 98.961 49.801 39.377 0.415 0.643 1.013 -0.003
84 189 4 53.168 60.611 39.578 0.358 0.199 0.271 1.553
84 191 5 29.789 46.386 38.927 0.216 1.342 0.525 0.041
84 194 3 42.437 52.702 39.029 0.48 0.621 1.586 0.115
84 195 5 50.329 40.957 38.976 1.769 0.695 1.647 -1.153
84 196 1 62.691 26.045 39.199 2.921 1.046 0.765 -1.581
84 197 3 46.302 58.117 38.929 0.346 0.606 1.425 2.485
84 198 3 44.674 62.584 39.302 0.268 0.252 0.513 2.339
84 199 3 50.786 31.936 39.279 0.411 0.515 1.113 -2.948
84 200 3 51.038 31.024 39.134 0.73 0.797 1.418 -1.563
85 185 4 66.85 46.724 39.074 1.695 0.599 1.554 -0.071
85 186 3 98.214 49.636 39.271 0.305 0.536 1.162 -3.136
85 189 4 52.539 64.89 39.05 1.723 0.599 1.291 -1.687
85 191 5 26.421 45.906 38.813 0.323 1.423 0.609 -0.057
85 194 3 42.313 52.899 39.015 0.411 0.56 1.721 -0.716
85 195 5 48.152 43.038 39.012 1.635 0.537 1.53 -0.931
85 196 1 62.602 25.848 39.171 3.285 1.393 0.662 -1.525
85 197 3 46.461 58.047 38.911 0.268 0.496 1.498 2.328
85 198 3 45.026 62.369 39.466 0.204 0.196 0.253 -2.833
85 199 3 50.63 32.536 39.213 0.795 0.487 1.242 -1.478
85 200 3 50.949 31.556 39.233 0.676 0.821 1.215 -1.475
85 204 1 61.266 9.025 39.376 1.138 1.032 1.047 -1.669
86 185 4 65.757 46.65 39.052 1.665 0.576 1.687 -0.217
86 186 3 97.608 49.475 39.372 0.372 0.663 0.978 -0.328
86 189 4 52.031 69.461 39.009 1.639 0.747 1.274 -1.629
86 191 5 22.937 45.338 38.754 0.472 1.309 0.534 -0.004
86 194 3 42.187 52.986 39.084 0.489 0.66 1.571 -0.983
86 195 5 45.799 44.774 39.103 1.262 0.515 1.301 -1.012
86 196 1 63.081 25.565 39.351 0.115 0.438 0.419 -1.711
86 197 3 46.501 58.008 38.919 0.308 0.567 1.53 -0.878
86 198 3 45.36 62.182 39.462 0.341 0.266 0.314 -2.084
86 199 3 50.363 32.906 39.375 0.511 0.38 0.908 1.658
86 200 3 50.775 32.12 39.177 0.688 0.759 1.367 -1.492
86 204 1 59.817 11.803 39.302 3.411 0.653 1.23 -1.375
87 185 4 62.869 46.095 39.08 1.799 0.684 1.646 -0.037
87 186 3 95.941 49.157 39.285 0.561 0.658 1.02 0.01
87 194 3 41.608 53.2 39.112 0.508 0.638 1.66 -0.39
87 195 5 38.86 47.66 39.167 1.626 0.661 1.573 -0.283
87 197 3 46.41 58.057 39.013 0.589 0.714 1.572 2.372
87 198 3 45.819 61.97 38.885 1.116 0.861 1.444 2.297
87 199 3 49.801 34.26 39.138 0.429 0.481 1.681 1.509
87 200 3 50.475 33.538 39.326 0.642 0.887 1.325 -2.174
87 204 1 57.425 14.557 39.362 2.739 0.544 0.925 -1.002
87 207 4 60.503 35.375 39.069 1.073 0.661 1.525 -2.019
88 185 4 61.778 45.976 39.079 1.762 0.72 1.573 -0.123
88 186 3 95.283 49.22 39.365 0.277 0.542 1.086 0.006
88 194 3 41.471 53.396 39.073 0.496 0.707 1.712 -0.535
88 195 5 35.785 48.069 39.076 0.748 0.768 1.653 0.016
88 197 3 46.557 57.996 38.994 0.491 0.634 1.674 2.261
88 198 3 45.972 61.946 38.831 1.019 0.914 1.445 2.544
88 199 3 49.592 34.673 39.042 0.703 0.572 1.508 1.404
88 200 3 50.276 34.08 39.155 0.8 0.849 1.759 -2.337
88 204 1 55.322 15.557 39.055 3.903 1.257 1.223 -0.825
88 207 4 61.291 37.418 39.128 1.103 0.734 1.567 -2.127
88 209 4 49.638 86.887 38.635 2.202 0.661 1.506 -1.591
88 212 1 61.253 31.606 38.992 2.245 1.783 1.382 1.512
89 185 4 60.685 45.895 39.114 1.784 0.623 1.666 -0.045
89 186 3 94.546 48.826 39.381 0.36 0.54 1.088 -0
89 194 3 41.195 53.532 39.063 0.452 0.64 1.632 -0.969
89 195 5 32.326 47.83 39.114 0.673 0.628 1.325 -0.032
89 197 3 46.52 58.036 38.992 0.284 0.522 1.649 2.174
89 198 3 45.986 61.942 38.838 1.138 0.686 1.438 2.556
89 199 3 49.301 35.327 39.129 0.793 0.616 1.699 -0.937
89 200 3 50.072 34.601 39.103 0.834 0.803 1.774 -0.937
89 204 1 53.783 15.821 39.158 4.08 1.739 1.552 -0.627
89 207 4 62.162 39.28 39.074 1.62 0.721 1.613 -2.277
89 209 4 48.921 91.835 38.863 1.311 0.708 1.356 -1.551
89 212 1 61.258 31.519 39.09 2.312 1.746 1.636 1.506
90 185 4 59.614 45.635 39.096 1.717 0.575 1.609 0.078
90 186 3 93.915 48.895 39.394 0.303 0.519 0.942 -0.147
90 194 3 41.111 53.828 39.153 0.683 0.365 1.66 -1.601
90 195 5 29.005 47.396 39.062 0.766 0.613 1.634 0.006
90 197 3 46.713 57.918 39.023 0.673 0.619 1.619 2.561
90 198 3 46.034 61.778 38.944 1.078 0.623 1.552 2.372
90 199 3 48.979 35.731 39.13 0.562 0.666 1.633 -2.21
90 200 3 49.773 35.119 39.157 0.588 0.873 1.613 -2.058
90 204 1 52.315 16.66 39.077 4.167 0.73 1.458 -0.483
90 207 4 63.594 41.482 39.065 1.67 0.601 1.597 -2.414
90 209 4 48.34 97.04 38.766 1.045 0.436 1.518 -1.947
90 212 1 61.283 31.46 39.023 2.517 1.798 1.451 1.512
90 217 5 60.314 21.044 39.66 0.164 0.572 0.378 1.39
90 224 5 61.078 22.493 39.697 0.196 0.543 0.411 -1.759
91 185 4 57.794 45.166 39.143 1.872 0.684 1.664 0.066
91 186 3 92.926 48.706 39.333 0.249 0.519 0.989 2.674
91 194 3 40.886 54.435 39.058 0.57 0.603 1.589 0.529
91 195 5 23.544 46.642 39.221 0.993 0.546 1.232 0.279
91 197 3 47.256 57.598 39.068 0.677 0.583 1.691 3.072
91 198 3 46.079 61.748 38.974 1.418 0.62 1.665 2.621
91 199 3 48.573 36.635 39.158 0.305 0.485 1.801 0.864
91 200 3 49.274 35.839 39.161 0.924 0.707 1.803 0.276
91 204 1 50.063 16.271 39.103 3.987 1.721 1.58 -0.236
91 207 4 65.983 44.178 39.081 1.675 0.631 1.641 -2.733
91 209 4 47.187 104.76 38.606 1.052 0.63 1.401 -1.842
91 212 1 61.313 31.335 39.039 2.821 1.736 1.526 1.561
91 217 5 59.653 24.47 39.079 0.643 0.623 1.51 -1.757
91 224 5 60.712 24.448 39.552 0.402 0.534 0.528 -1.887
91 230 3 51.602 12.992 39.078 0.66 0.455 1.484 -1.59
91 232 2 0 36.963 39.895 10.447 2.954 2.989 3.131
92 185 4 56.282 44.744 39.186 1.865 0.73 1.628 -0.025
92 186 3 92.119 48.573 39.425 0.374 0.707 1.137 -0.076
92 194 3 40.876 54.917 39.129 0.432 0.86 1.631 -0.854
92 195 5 19.387 45.825 39.145 0.514 0.575 1.528 0.031
92 197 3 47.991 57.413 39.105 1 0.547 1.641 3.023
92 198 3 46.556 61.555 39.057 1.104 0.645 1.543 2.763
92 199 3 48.029 37.217 39.18 1.001 0.673 1.716 0.042
92 200 3 48.916 36.47 39.162 0.905 0.874 1.749 0.042
92 204 1 48.644 16.335 39.092 3.981 1.129 1.604 -0.143
92 207 4 68.179 45.762 39.06 1.61 0.675 1.623 -2.717
92 209 4 46.63 110.432 38.638 0.883 0.568 1.278 -1.494
92 212 1 61.266 31.384 39.035 2.669 1.887 1.465 1.536
92 217 5 59.298 26.947 39.073 1.62 0.661 1.55 -1.742
92 224 5 60.541 26.104 39.168 1.002 0.646 1.553 -1.742
92 230 3 51.402 14 39.087 0.42 0.514 1.437 -1.707
92 232 2 4.028 37.688 40.041 10.554 2.811 3.418 -3.115
93 185 4 55.289 44.454 39.183 1.71 0.771 1.688 0.064
93 186 3 91.482 48.562 39.449 0.35 0.472 0.986 -0.056
93 194 3 40.823 55.239 39.131 0.485 0.761 1.758 -1.131
93 195 5 15.617 45.019 39.166 1.105 0.53 1.584 -0.005
93 197 3 48.593 57.345 39.065 1.055 0.653 1.663 2.577
93 198 3 47.033 61.358 39.02 1.561 0.732 1.735 2.544
93 199 3 47.63 37.64 39.179 0.787 1.052 1.699 -1.604
93 200 3 48.718 37.151 39.159 0.762 1.131 1.724 -1.752
93 204 1 47.616 16.117 39.227 3.982 1.36 1.412 -0.073
93 207 4 70.25 46.916 39.027 1.751 0.621 1.642 -2.956
93 212 1 61.247 31.091 39.045 3.314 1.751 1.528 1.516
93 217 5 58.958 29.271 39.084 1.124 0.649 1.414 -1.585
93 224 5 60.323 27.102 39.068 1.159 0.617 1.61 -1.528
93 230 3 51.491 14.675 39.114 0.75 0.473 1.577 -1.646
93 232 2 7.235 38.454 40.02 10.402 2.835 3.323 -3.137
94 185 4 54.243 44.14 39.202 1.725 0.687 1.634 0.133
94 186 3 90.76 48.589 39.366 0.243 0.361 0.763 -2.968
94 194 3 40.632 55.507 39.147 0.729 0.714 1.667 -1.484
94 195 5 12.28 44.34 39.203 0.82 0.586 1.342 -0
94 197 3 49.312 57.112 39.102 0.869 0.713 1.667 2.397
94 198 3 47.857 61.013 39.032 1.311 0.61 1.616 2.465
94 199 3 47.207 38.096 39.203 0.891 0.953 1.813 -1.719
94 200 3 48.391 37.609 39.217 0.932 0.904 1.671 -1.477
94 204 1 47.366 16.23 39.242 2.701 1.063 1.326 3.071
94 207 4 72.393 47.767 39.053 1.355 0.598 1.494 -3.055
94 212 1 61.24 30.815 39.08 3.831 1.604 1.617 1.529
94 217 5 58.773 31.335 39.329 0.906 0.666 0.976 -1.696
94 224 5 60.19 28.355 39.131 1.435 0.549 1.477 -1.604
94 230 3 51.425 15.424 39.109 0.556 0.554 1.553 -1.801
94 232 2 10.427 39.356 40.143 10.45 2.889 3.011 3.142
