0 6 1 85.326 55.701 38.56 4.193 1.611 0.974 1.115
0 8 2 44.029 40.643 38.592 0.144 0.141 0.59 -0
0 11 5 46.771 67.586 38.354 0.155 0.273 0.333 -1.861
0 16 1 35.694 40.245 39.075 4.073 1.848 1.525 2.444
0 19 2 52.656 44.098 38.469 0.177 0.243 0.606 0
0 25 2 55.777 57.793 38.475 0.204 0.158 0.56 -2.094
0 27 1 40.36 70.469 38.914 2.501 1.869 1.44 -0.582
0 28 1 48.953 67.978 38.461 0.16 0.127 0.494 0
0 32 1 27.077 79.483 38.924 4.134 1.585 1.417 -0.434
0 35 1 29.574 33.218 38.978 3.586 1.604 1.598 -0.54
0 36 1 47.953 42.67 38.488 0.236 0.301 0.569 0
0 41 1 51.061 68.54 38.324 0.234 0.166 0.346 0
0 43 2 45.768 41.649 38.523 0.107 0.125 0.595 0
0 47 2 25.621 73.741 39.512 6.203 2.196 2.547 -0.586
0 50 1 32.842 69.188 39.026 4.542 1.938 1.434 2.95
0 51 1 29.772 69.224 39.055 4.931 1.993 1.539 -0.433
0 52 4 21.848 98.049 38.862 1.074 0.605 1.215 -0.525
0 59 1 42.658 56.543 39.198 4.221 1.821 1.884 0.645
1 6 1 85.248 55.778 38.41 4.169 1.783 0.93 1.013
1 8 2 44.005 40.621 38.604 0.163 0.101 0.501 -1.879
1 11 5 46.749 67.56 38.395 0.166 0.176 0.384 -2.537
1 16 1 35.905 41.682 39.115 4.122 1.828 1.574 2.125
1 19 2 52.685 44.076 38.503 0.219 0.141 0.392 -2.092
1 25 2 55.766 57.791 38.487 0.256 0.187 0.625 -0.784
1 27 1 40.125 71.208 38.918 4.014 1.908 1.384 -0.629
1 28 1 48.944 67.968 38.433 0.17 0.109 0.474 -2.537
1 32 1 27.15 78.578 38.959 4.108 1.798 1.316 -0.547
1 35 1 29.643 33.242 38.968 3.57 1.633 1.549 -0.686
1 36 1 47.918 42.646 38.542 0.197 0.246 0.607 0.231
1 41 1 51.064 68.513 38.344 0.161 0.199 0.417 -2.537
1 43 2 45.731 41.586 38.564 0.217 0.137 0.613 -1.289
1 47 2 25.657 74.001 39.953 6.514 2.045 2.068 -0.723
1 50 1 32.57 69.677 39.019 3.958 1.93 1.429 -0.375
1 51 1 30.283 67.382 39.097 4.942 1.816 1.658 -0.559
1 52 4 22.336 95.894 38.893 1.485 0.467 1.262 -0.601
1 59 1 45.092 56.01 39.154 4.144 1.745 1.812 0.594
1 65 5 55.199 44.801 38.325 0.191 0.14 0.295 -2.092
2 6 1 84.919 55.713 38.532 3.659 1.825 1.123 0.85
2 8 2 44.015 40.555 38.645 0.196 0.255 0.578 0.981
2 11 5 46.77 67.54 38.408 0.253 0.221 0.491 -2.387
2 16 1 36.491 43.053 39.118 4.129 1.892 1.619 1.866
2 19 2 52.644 44.068 38.46 0.186 0.183 0.521 0.981
2 25 2 55.74 57.754 38.489 0.214 0.234 0.557 0.658
2 27 1 40.042 71.127 38.91 3.993 2.07 1.431 -0.718
2 28 1 48.926 67.955 38.444 0.213 0.226 0.536 -2.387
2 32 1 27.308 77.399 38.92 3.838 1.324 1.324 -0.807
2 35 1 29.589 33.2 39.005 3.673 1.638 1.668 -0.798
2 36 1 47.894 42.651 38.572 0.261 0.236 0.486 0.981
2 41 1 51.022 68.496 38.372 0.209 0.255 0.422 -2.387
2 43 2 45.733 41.577 38.547 0.242 0.176 0.613 0.981
2 47 2 25.511 74.038 39.687 6.166 2.275 2.948 -0.85
2 50 1 32.335 70.166 39.008 3.341 2.059 1.411 -0.508
2 51 1 30.935 65.526 39.129 4.945 1.942 1.659 -0.647
2 52 4 22.726 93.637 38.907 1.596 0.594 1.541 -0.951
2 59 1 47.994 55.813 39.132 4.607 1.88 1.831 0.546
2 65 5 55.166 44.829 38.39 0.233 0.219 0.387 0.981
2 67 5 46.938 29.657 38.488 0.243 0.165 0.396 -0.504
2 72 4 63.69 44.693 38.743 1.78 0.729 1.285 0.872
3 6 1 84.925 55.621 38.454 3.658 1.98 1.199 0.631
3 8 2 43.982 40.602 38.633 0.176 0.183 0.543 0
3 11 5 46.703 67.505 38.375 0.208 0.129 0.384 0
3 16 1 37.422 44.375 39.18 4.215 1.908 1.528 1.519
3 19 2 52.63 44.043 38.569 0.236 0.228 0.554 0
3 25 2 55.747 57.754 38.56 0.191 0.219 0.589 0.673
3 27 1 40.009 71.185 38.934 4.21 2.042 1.407 -0.89
3 28 1 48.927 67.915 38.458 0.144 0.104 0.531 0
3 32 1 27.594 75.597 39.074 3.749 1.331 1.005 -0.847
3 35 1 29.566 33.152 39.032 3.74 1.612 1.597 -0.927
3 36 1 47.942 42.579 38.559 0.348 0.258 0.63 0
3 41 1 51.056 68.486 38.376 0.215 0.206 0.383 0
3 43 2 45.711 41.583 38.551 0.161 0.191 0.53 0
3 47 2 25.551 73.766 39.709 6.138 2.247 2.949 -0.981
3 50 1 31.742 71.851 39.007 4.47 1.847 1.481 2.384
3 51 1 31.504 63.774 39.166 5.08 1.835 1.637 -0.767
3 52 4 23.349 90.617 38.977 1.167 0.638 1.446 2.226
3 59 1 51.367 55.784 39.115 4.234 1.794 1.843 0.525
3 65 5 55.143 44.755 38.413 0.184 0.22 0.406 0
3 67 5 45.226 28.102 39.715 3.174 1.946 2.641 0.566
3 72 4 63.616 44.702 38.71 1.654 0.615 1.211 0.674
4 6 1 85.015 55.633 38.572 3.931 1.81 1.111 0.46
4 8 2 43.997 40.501 38.668 0.216 0.232 0.571 0.485
4 11 5 46.687 67.44 38.43 0.22 0.169 0.435 -2.748
4 16 1 40.792 46.698 39.168 4.309 1.911 1.618 0.771
4 19 2 52.61 44.034 38.582 0.223 0.271 0.632 0.485
4 25 2 55.637 57.661 38.54 0.252 0.259 0.717 0.46
4 27 1 39.944 71.254 38.903 4.411 2.018 1.48 -1.126
4 28 1 48.93 67.848 38.519 0.17 0.089 0.504 -2.748
4 32 1 28.886 70.966 38.978 4.161 1.654 1.448 -1.125
4 35 1 29.585 32.922 39.185 3.868 1.425 1.394 -1.172
4 36 1 47.895 42.566 38.598 0.301 0.268 0.7 0.485
4 41 1 51.031 68.415 38.371 0.276 0.196 0.48 -2.748
4 43 2 45.718 41.504 38.601 0.326 0.193 0.649 0.485
4 47 2 25.116 73.709 39.706 6.4 3.005 2.962 -1.218
4 50 1 30.775 73.813 38.78 1.21 1.526 1.071 2.016
4 51 1 33.022 59.608 39.02 4.754 1.32 1.343 -1.125
4 59 1 60.71 56.967 39.071 3.887 1.747 1.85 0.46
4 65 5 55.148 44.694 38.454 0.24 0.176 0.383 0.485
4 67 5 43.922 27.936 39.785 6.018 2.15 2.888 0.316
4 72 4 63.585 44.647 38.682 1.694 0.65 1.162 0.358
4 78 2 32.689 83.202 40.178 4.49 0.439 1.487 2.047
4 79 3 90.374 53.108 38.822 0.242 0.38 0.887 0.46
5 6 1 85.103 55.573 38.74 4.263 1.943 1.448 0.298
5 8 2 43.993 40.456 38.658 0.276 0.284 0.63 0.699
5 11 5 46.711 67.399 38.402 0.354 0.215 0.485 0.699
5 16 1 42.268 47.22 39.126 4.583 2.006 1.718 0.523
5 19 2 52.664 43.952 38.572 0.321 0.341 0.691 0.699
5 25 2 55.697 57.649 38.557 0.46 0.333 0.657 0.699
5 27 1 39.918 71.239 38.908 4.5 1.992 1.353 -1.22
5 28 1 48.893 67.858 38.503 0.242 0.246 0.626 0.699
5 32 1 29.352 69.201 38.859 4.154 1.657 1.159 -1.24
5 35 1 29.477 33.654 39.129 2.278 1.398 1.485 -1.353
5 36 1 47.937 42.51 38.56 0.325 0.412 0.656 0.699
5 41 1 51.006 68.382 38.4 0.273 0.271 0.492 0.699
5 43 2 45.677 41.428 38.607 0.365 0.234 0.684 0.699
5 47 2 25.48 73.647 39.708 6.305 2.223 3.004 -1.352
5 51 1 33.214 57.664 38.991 4.773 1.794 1.189 -1.248
5 59 1 64.387 57.778 39.103 3.618 1.772 1.845 0.392
5 65 5 55.145 44.701 38.439 0.363 0.288 0.451 0.699
5 67 5 44.001 27.877 39.672 6.404 2.228 2.827 0.211
5 72 4 63.605 44.646 38.761 1.739 0.667 1.274 0.25
5 78 2 32.691 82.461 40.273 5.871 0.767 1.603 1.944
5 79 3 91.088 53.157 38.745 0.553 0.5 1.038 0.303
5 90 2 43.926 67.25 38.534 0.571 0.59 0.588 -2.694
5 92 2 42.139 38.289 39.025 0.57 0.444 0.915 0.699
5 93 2 33.581 16.623 39.738 5.838 2.393 3.006 -1.268
5 97 2 44.88 18.795 40.252 3.211 0.275 1.437 1.828
5 99 5 50.251 43.17 38.526 0.596 0.622 0.612 0.699
6 6 1 85.188 55.606 38.617 4.356 1.874 1.089 0.269
6 8 2 43.968 40.448 38.641 0.248 0.236 0.56 0.431
6 11 5 46.717 67.37 38.382 0.238 0.177 0.385 0.168
6 16 1 44.317 47.911 39.107 4.214 1.973 1.608 0.41
6 19 2 52.619 43.923 38.549 0.276 0.264 0.618 -2.733
6 25 2 55.693 57.577 38.667 0.302 0.285 0.488 0.356
6 27 1 39.982 71.19 38.925 4.373 1.864 1.443 -1.273
6 28 1 48.919 67.791 38.467 0.339 0.178 0.59 -2.923
6 32 1 29.906 67.258 38.872 4.161 1.62 1.17 -1.259
6 35 1 29.14 34.316 38.97 1.058 1.771 1.522 -1.384
6 36 1 47.914 42.456 38.572 0.262 0.243 0.587 0.508
6 41 1 51.027 68.319 38.393 0.28 0.179 0.396 -2.923
6 43 2 45.669 41.41 38.567 0.333 0.174 0.597 0.571
6 47 2 25.468 73.818 39.689 6.14 2.314 2.917 -1.421
6 51 1 33.767 55.501 38.984 4.785 1.122 1.284 -1.371
6 59 1 68.251 58.638 39.034 3.213 2.089 1.774 0.219
6 65 5 55.146 44.706 38.399 0.26 0.283 0.395 -2.834
6 67 5 43.878 27.862 39.677 6.084 2.144 2.777 0.122
6 72 4 63.645 44.612 38.684 1.86 0.704 1.117 0.159
6 78 2 32.544 81.366 40.15 3.891 1.7 1.651 1.881
6 79 3 91.591 53.164 38.759 0.28 0.525 0.943 0.171
6 90 2 43.929 67.246 38.462 0.508 0.644 0.509 0.108
6 92 2 41.333 37.882 39.01 2.362 1.109 1.151 0.659
6 93 2 33.317 17.727 39.85 3.665 2.394 3.102 -1.306
6 97 2 43.871 18.898 39.943 4.486 2.043 2.552 1.773
6 99 5 50.173 43.2 38.565 0.582 0.347 0.6 -2.817
6 106 1 33.443 104.005 39.456 1.44 2.312 1.978 0.182
6 110 1 33.493 21.486 39.032 2.455 1.939 1.566 0.193
7 6 1 85.149 55.518 38.839 4.287 1.918 1.666 0.161
7 8 2 43.993 40.374 38.656 0.175 0.136 0.475 -2.971
7 11 5 46.702 67.324 38.386 0.122 0.196 0.33 -1.383
7 16 1 46.352 48.563 39.092 4.422 1.993 1.653 0.268
7 19 2 52.614 43.885 38.559 0.301 0.198 0.574 -2.916
7 25 2 55.627 57.646 38.577 0.391 0.484 0.646 0.104
7 27 1 39.941 71.257 38.917 4.583 1.876 1.375 -1.358
7 28 1 48.947 67.762 38.488 0.127 0.121 0.464 -1.571
7 32 1 30.581 65.309 38.866 4.09 1.456 1.162 -1.297
7 35 1 28.818 34.612 38.862 0.258 0.85 0.941 -1.415
7 36 1 47.885 42.398 38.612 0.245 0.256 0.603 -3.073
7 41 1 51.024 68.273 38.413 0.206 0.223 0.373 -1.766
7 43 2 45.675 41.358 38.629 0.337 0.187 0.525 -2.634
7 47 2 25.5 72.985 39.772 4.952 2.285 3.055 -1.483
7 51 1 34.22 52.988 38.987 4.853 0.888 1.199 -1.463
7 59 1 72.116 59.49 39.043 2.347 1.7 1.818 0.201
7 65 5 55.18 44.606 38.465 0.236 0.18 0.384 -2.854
7 67 5 43.954 27.826 39.755 5.966 1.963 2.898 0.083
7 72 4 63.633 44.674 38.762 1.84 0.567 1.184 0.105
7 78 2 32.694 79.551 40.357 1.875 0.289 1.301 0.217
7 79 3 92.313 53.151 38.808 0.445 0.587 1.359 0.232
7 90 2 43.888 67.205 38.526 0.612 0.491 0.434 -1.338
7 92 2 41.103 38.02 39.231 2.515 1.427 1.697 0.421
7 93 2 33.111 18.558 40.02 2.338 1.652 2.226 -2.967
7 97 2 43.377 19.596 39.884 5.599 2.656 2.905 1.73
7 99 5 50.18 43.064 38.514 0.625 0.59 0.594 -2.955
7 106 1 33.809 102.957 39.288 1.029 0.343 1.763 -3.02
7 110 1 33.174 21.58 38.917 3.049 1.498 1.081 0.047
7 118 2 21.761 64.069 39.93 2.156 0.939 1.626 1.675
7 123 4 99.956 74.531 38.705 0.805 0.686 1.217 -2.967
8 6 1 85.074 55.473 38.831 4.16 1.923 1.623 0.132
8 8 2 43.986 40.343 38.633 0.197 0.212 0.504 0.234
8 11 5 46.733 67.292 38.401 0.254 0.259 0.328 -3.061
8 16 1 49.052 49.229 39.081 3.8 2.01 1.685 0.2
8 19 2 52.691 43.838 38.576 0.359 0.316 0.639 0.199
8 25 2 55.712 57.526 38.606 0.343 0.318 0.716 0.231
8 27 1 40.04 70.97 38.917 3.953 1.893 1.386 -1.394
8 28 1 48.983 67.74 38.429 0.279 0.278 0.514 -3.061
8 32 1 31.328 63.332 38.733 4.122 1.248 1.083 -1.343
8 36 1 47.943 42.31 38.526 0.281 0.377 0.524 0.234
8 41 1 51.05 68.257 38.428 0.303 0.261 0.452 -3.061
8 43 2 45.73 41.305 38.595 0.248 0.212 0.515 0.234
8 47 2 25.636 72.302 39.687 3.592 2.238 2.881 -1.526
8 51 1 34.636 50.298 39.104 4.59 0.621 1.424 -1.577
8 59 1 77.422 60.763 39.067 3.908 1.889 1.836 0.17
8 65 5 55.207 44.539 38.474 0.275 0.269 0.39 -2.936
8 67 5 43.979 27.712 39.705 5.975 2.332 2.861 0.014
8 72 4 63.66 44.624 38.74 1.77 0.535 1.141 0.08
8 78 2 31.779 79.447 40.648 0.456 0.477 0.773 -1.41
8 79 3 93.016 53.266 38.785 0.595 0.532 1.197 0.138
8 90 2 43.875 67.143 38.473 0.511 0.592 0.508 -2.902
8 92 2 40.754 37.868 39.224 3.209 1.854 1.65 0.337
8 93 2 32.881 19.176 40.392 2.116 0.28 1.719 0.118
8 97 2 43.37 19.84 39.888 5.039 2.851 3.123 1.69
8 99 5 50.204 42.997 38.561 0.628 0.566 0.63 0.199
8 106 1 33.645 102.681 39.58 0.971 1.925 2.429 0.025
8 110 1 32.652 21.593 38.796 3.431 1.155 1.175 0.017
8 118 2 21.478 63.961 39.653 2.093 1.544 1.966 1.586
8 123 4 96.511 74.062 38.658 1.35 0.565 1.268 -3.037
9 6 1 85.108 55.43 38.85 4.357 1.897 1.594 0.08
9 8 2 44.009 40.301 38.622 0.186 0.189 0.541 0.291
9 11 5 46.73 67.239 38.362 0.266 0.289 0.397 -1.525
9 16 1 51.629 49.883 39.019 3.825 1.931 1.618 0.135
9 19 2 52.719 43.784 38.574 0.254 0.245 0.687 1.747
9 25 2 55.765 57.466 38.527 0.326 0.265 0.577 -2.973
9 27 1 40.106 70.926 38.86 3.895 1.751 1.402 -1.432
9 28 1 48.967 67.69 38.507 0.136 0.17 0.572 -3.126
9 32 1 31.705 61.379 38.807 4.53 1.58 1.131 -1.414
9 36 1 47.946 42.269 38.567 0.345 0.269 0.558 -1.293
9 41 1 51.027 68.212 38.446 0.259 0.247 0.445 -3.026
9 43 2 45.721 41.266 38.603 0.186 0.17 0.53 -2.911
9 47 2 25.749 71.779 39.642 2.687 2.12 2.677 -1.606
9 51 1 34.465 47.311 38.799 4.36 1.214 1.026 -1.648
9 59 1 82.246 61.968 39.007 4.19 1.862 1.811 0.115
9 65 5 55.211 44.476 38.44 0.179 0.236 0.395 -2.83
9 67 5 43.922 27.689 39.748 6.027 2.123 2.99 -0.05
9 72 4 63.685 44.487 38.816 1.774 0.719 1.395 -0.017
9 79 3 93.555 53.239 38.713 0.463 0.547 1.233 0.107
9 90 2 43.9 67.096 38.5 0.475 0.671 0.597 0.042
9 92 2 40.702 37.842 39.258 3.344 1.917 1.717 0.276
9 97 2 43.383 19.455 39.809 6.019 3.129 3.263 1.669
9 99 5 50.239 42.972 38.545 0.689 0.572 0.634 0.179
9 106 1 33.562 102.025 39.664 0.347 1.833 2.159 -2.998
9 110 1 32.055 21.144 39.605 4.454 2.918 3.108 -1.52
9 118 2 20.835 63.617 40.254 2.852 1.838 1.386 -3.121
9 123 4 92.834 73.507 38.69 1.448 0.734 1.434 -3.101
10 6 1 85.091 55.363 38.896 4.306 1.939 1.643 0.038
10 11 5 46.74 67.205 38.393 0.187 0.187 0.374 3.099
10 16 1 54.9 50.708 39.047 4.165 1.998 1.592 0.098
10 19 2 52.734 43.734 38.615 0.289 0.194 0.591 0.253
10 25 2 55.779 57.452 38.575 0.299 0.255 0.669 1.764
10 27 1 40.2 70.909 38.832 3.871 1.511 1.288 -1.476
10 28 1 48.991 67.684 38.459 0.166 0.148 0.486 3.099
10 32 1 32.959 58.835 38.662 3.693 0.329 0.817 -1.533
10 36 1 47.961 42.273 38.513 0.309 0.361 0.519 0.132
10 41 1 51.073 68.163 38.426 0.28 0.262 0.456 3.099
10 47 2 25.712 71.208 39.654 1.614 1.79 2.296 -1.557
10 51 1 35.22 41.418 38.705 0.608 0.759 0.683 -3.113
10 59 1 88.105 63.277 39.007 4.094 1.867 1.804 0.027
10 65 5 55.278 44.464 38.498 0.255 0.216 0.387 0.168
10 67 5 43.93 27.642 39.774 6.057 2.115 2.99 -0.082
10 72 4 63.679 44.431 38.823 1.812 0.673 1.331 0
10 79 3 94.209 53.342 39.138 0.315 0.46 0.667 0.039
10 90 2 43.899 67.115 38.503 0.53 0.602 0.529 3.099
10 92 2 40.961 37.952 39.188 2.741 1.907 1.552 0.156
10 97 2 43.408 20.82 39.855 3.237 2.076 2.589 1.58
10 99 5 50.205 42.902 38.508 0.626 0.51 0.547 0.132
10 106 1 33.733 101.573 39.317 0.133 1.185 1.215 -2.988
10 110 1 31.282 21.849 38.744 0.306 1.309 0.863 1.57
10 118 2 20.837 63.458 39.986 3.258 1.625 1.538 3.094
10 123 4 88.29 72.822 38.718 1.675 0.654 1.362 3.138
11 6 1 85.19 55.289 38.904 4.283 2.08 1.66 0
11 16 1 58.172 51.526 39 3.809 1.799 1.609 0
11 19 2 52.739 43.672 38.515 0.231 0.146 0.485 0.118
11 25 2 55.797 57.447 38.504 0.342 0.346 0.595 -0
11 27 1 40.246 70.508 38.799 2.948 1.838 1.164 1.621
11 32 1 33.295 56.403 38.707 3.507 0.428 0.782 -1.618
11 36 1 47.955 42.209 38.582 0.284 0.278 0.57 0.112
11 41 1 51.069 68.125 38.392 0.206 0.189 0.331 -3.119
11 47 2 25.726 71.297 39.43 1.65 1.597 1.721 -1.547
11 51 1 35.31 40.975 38.773 1.442 0.442 0.92 -1.502
11 59 1 93.199 64.347 39.019 4.164 1.847 1.808 0
11 65 5 55.29 44.386 38.448 0.176 0.244 0.301 0.118
11 67 5 43.983 27.57 39.814 6.007 2.121 2.93 -0.13
11 72 4 63.715 44.385 38.827 1.768 0.707 1.354 -0.05
11 79 3 94.851 53.479 39.41 0.273 0.338 0.241 0.026
11 90 2 43.883 67.013 38.475 0.459 0.496 0.442 -3.119
11 92 2 40.776 37.845 39.259 3.163 1.961 1.738 0.18
11 97 2 43.477 20.861 39.966 2.782 1.895 2.332 1.618
11 99 5 50.252 42.846 38.606 0.438 0.351 0.392 0.241
11 106 1 33.899 101.06 39.507 0.305 1.311 2.25 -3.106
11 118 2 20.255 63.175 39.938 4.221 1.301 1.655 3.074
11 123 4 84.639 72.274 38.752 1.66 0.756 1.375 3.142
11 151 4 29.154 68.49 38.971 1.871 0.563 1.488 -1.434
12 6 1 85.232 55.287 38.908 4.4 1.957 1.674 -0.011
12 16 1 61.409 52.266 38.977 3.858 1.831 1.608 0.047
12 25 2 55.827 57.336 38.474 0.302 0.281 0.55 -3.125
12 27 1 40.393 70.223 38.875 2.583 1.402 1.377 -1.552
12 32 1 33.59 53.89 38.68 3.287 0.4 0.543 -1.716
12 59 1 98.254 65.369 38.986 4.039 1.893 1.785 -0.001
12 67 5 43.912 27.812 39.953 5.993 1.629 2.716 -0.082
12 72 4 63.744 44.344 38.777 1.771 0.585 1.292 3.096
12 79 3 95.491 53.66 39.106 0.445 0.526 0.895 0.016
12 92 2 40.653 37.74 39.174 3.416 1.88 1.598 -2.947
12 118 2 19.757 63.203 39.917 5.121 1.571 1.711 3.063
12 123 4 81.013 71.638 38.783 1.646 0.703 1.478 3.065
12 151 4 30.054 66.6 38.996 1.22 0.64 1.261 1.457
13 6 1 85.47 55.405 38.949 4.696 1.937 1.66 0
13 16 1 67.674 53.897 38.974 3.79 1.951 1.65 0
13 25 2 55.779 57.276 38.509 0.224 0.301 0.436 -0
13 27 1 40.47 70.528 38.919 3.434 1.256 1.312 -1.484
13 32 1 33.833 49.113 38.831 3.706 0.575 0.81 -1.688
13 59 1 107.756 67.269 39.03 4.123 1.795 1.784 0
13 72 4 63.643 44.257 38.733 1.658 0.59 1.187 0.01
13 79 3 96.539 53.943 38.808 0.897 0.575 1.549 0.009
13 92 2 41.255 37.867 39.074 1.837 1.758 1.305 0.046
13 123 4 73.8 70.336 38.803 1.663 0.611 1.442 3.142
13 151 4 32.321 62.839 38.946 1.777 0.577 1.43 -1.15
13 164 5 132.464 80.548 38.487 0.936 1.279 0.386 0
14 6 1 85.634 55.321 39.01 4.501 1.99 1.795 -0.037
14 16 1 70.943 54.773 38.943 3.946 1.987 1.534 -0.019
14 25 2 55.889 57.245 38.575 0.259 0.377 0.494 -0.019
14 27 1 40.467 70.377 38.852 3.235 1.237 1.062 -1.559
14 32 1 33.884 47.445 38.793 0.598 1.165 0.879 -0.11
14 59 1 113.147 68.319 39.044 3.953 1.795 1.857 -0.038
14 72 4 63.672 44.183 38.791 1.631 0.575 1.143 -0.058
14 79 3 97.187 54.173 38.819 0.895 0.471 1.541 0.015
14 92 2 41.347 37.891 39.083 1.879 1.691 0.866 -0.008
14 123 4 70.117 69.595 38.776 1.894 0.604 1.385 3.122
14 151 4 33.893 61.07 39.065 1.558 0.423 1.505 -1.218
14 164 5 133.845 80.974 38.374 4.012 1.885 0.666 3.117
15 6 1 85.699 55.278 38.941 4.441 1.975 1.654 -0.076
15 16 1 74.359 55.704 38.919 3.676 2.003 1.563 -0.002
15 25 2 55.816 57.156 38.636 0.148 0.221 0.508 2.972
15 27 1 40.638 69.985 38.535 2.272 1.118 0.662 -1.58
15 59 1 118.868 69.48 39.015 4.223 1.924 1.862 -0.047
15 72 4 63.621 44.143 38.966 1.29 0.651 1.029 -0.008
15 79 3 97.835 54.352 38.815 0.846 0.504 1.548 -0.055
15 92 2 41.789 37.93 39.092 0.799 1.564 0.814 -2.988
15 123 4 66.681 68.854 38.798 1.549 0.681 1.447 2.996
15 151 4 35.812 59.43 38.976 0.622 1.563 0.865 -3.003
15 164 5 133.948 80.726 38.577 4.424 1.334 1.174 3.056
16 6 1 85.784 55.184 38.813 4.366 1.913 1.388 -0.086
16 16 1 77.644 56.615 38.913 3.756 1.759 1.54 -0.058
16 59 1 124.157 70.594 39.061 3.519 1.697 1.759 -0.115
16 79 3 98.327 54.522 38.828 0.532 0.422 1.556 -0.323
16 123 4 63.263 67.97 38.875 1.58 0.473 1.436 3.112
16 164 5 132.576 80.579 38.503 1.485 1.828 0.607 3.056
17 6 1 85.876 55.125 38.706 4.328 1.944 1.218 -0.09
17 16 1 80.912 57.379 38.944 3.794 1.99 1.611 -0.062
17 59 1 129.471 71.799 39.038 2.295 1.699 1.818 -0.095
17 79 3 99.001 54.649 38.842 0.554 0.571 1.562 -0.077
17 123 4 60.013 67.2 38.843 1.373 0.509 1.384 3.115
17 164 5 133.868 80.726 38.678 4.063 1.633 1.204 3.018
18 6 1 85.856 55.054 38.883 4.33 1.944 1.628 -0.071
18 16 1 84 58.074 38.898 4.106 1.79 1.597 -0.071
18 59 1 135.265 73.148 39.123 2.028 1.707 1.733 -0.069
18 79 3 99.601 54.86 38.801 0.468 0.547 1.556 -0.016
18 123 4 56.845 66.324 38.753 0.754 0.487 1.015 -0.065
18 164 5 133.991 80.778 38.788 4.297 1.823 1.309 3.064
19 6 1 85.901 55.011 38.868 4.168 1.938 1.667 -0.082
19 16 1 87.489 58.773 38.924 3.747 1.831 1.672 -0.137
19 59 1 140.678 74.414 39.06 0.822 1.761 1.765 -0.04
19 79 3 100.162 55.007 38.82 0.559 0.514 1.521 -0.194
19 123 4 53.705 65.651 38.705 0.634 0.49 1.171 -0.183
19 164 5 133.995 80.722 38.738 4.343 1.87 1.25 3.072
19 182 1 137.831 69.668 38.876 3.726 1.186 1.512 -0.038
20 6 1 86.094 55.121 38.468 3.674 1.852 0.702 0.007
20 16 1 90.549 59.135 38.907 4.049 1.757 1.595 -0.175
20 59 1 146.73 75.854 39.092 1.003 1.652 1.77 -0.042
20 79 3 100.775 55.188 38.821 0.485 0.568 1.423 0.029
20 164 5 133.996 80.677 38.844 4.366 1.807 1.276 3.084
20 182 1 137.705 69.384 38.916 3.949 1.462 1.518 -0.01
20 183 3 154.698 64.739 39.365 0.318 0.515 0.582 -0.01
21 6 1 87.637 55.018 38.486 0.754 1.42 0.542 0
21 16 1 93.856 59.443 38.887 4.095 1.768 1.496 2.993
21 79 3 101.383 55.288 38.926 0.259 0.459 1.067 -0.068
21 164 5 134.072 80.633 38.826 4.37 1.792 1.36 3.104
21 182 1 137.727 69.405 38.916 4.104 1.365 1.51 0
21 183 3 153.977 64.606 39.28 0.28 0.56 0.655 -0.016
21 184 3 174.157 92.189 39.048 0.243 0.455 1.112 -0.055
22 6 1 87.755 54.739 38.564 0.554 0.799 0.617 -0.008
22 16 1 97.127 59.759 38.858 3.987 1.798 1.558 -0.115
22 79 3 101.998 55.461 38.963 0.365 0.553 0.918 0.012
22 164 5 134.115 80.568 38.854 4.372 1.853 1.359 3.112
22 182 1 137.878 69.235 38.966 4.336 1.72 1.576 0.005
22 183 3 153.357 64.548 39.188 0.296 0.572 0.525 -0.01
22 184 3 174.18 92.122 39.028 0.328 0.487 1.087 -3.135
23 16 1 103.488 60.652 38.917 4.047 1.76 1.456 -0.042
23 79 3 103.177 55.618 38.991 0.245 0.423 1.122 -0.114
23 164 5 134.495 80.601 38.894 4.682 1.892 1.349 3.135
23 182 1 137.966 69.103 38.997 4.342 2.024 1.561 0.017
23 183 3 152.226 64.383 38.97 0.751 0.606 1.55 -0.005
23 184 3 174.195 92.009 39.105 0.291 0.488 1.096 3.139
23 198 1 170.403 81.188 39.124 1.158 1.68 1.614 0.008
23 199 3 191.761 90.754 38.952 0.352 0.402 1.479 -2.048
24 16 1 106.606 61.306 38.905 3.729 1.688 1.575 0.008
24 79 3 103.82 55.714 38.626 0.668 0.474 1.247 -3.071
24 164 5 134.705 80.551 38.908 4.535 1.926 1.42 3.12
24 182 1 138.106 69.136 39.017 4.66 1.893 1.585 0.051
24 183 3 151.417 64.133 39.049 0.483 0.516 1.477 -0.728
24 184 3 174.243 91.905 39.131 0.315 0.577 1.231 -2.693
24 198 1 176.212 82.393 39.086 0.905 1.705 1.722 -0.056
24 199 3 191.559 90.493 38.744 0.392 0.487 1.418 -3.022
25 16 1 109.402 61.955 38.71 4.129 1.724 1.191 0.02
25 79 3 104.361 55.813 38.89 0.417 0.409 1.158 0.033
25 164 5 134.743 80.516 38.948 4.483 1.851 1.469 -3.142
25 182 1 138.32 69.165 38.985 4.327 1.864 1.525 0.041
25 183 3 150.745 63.935 39.087 0.574 0.398 1.486 1.502
25 184 3 174.197 91.91 39.083 0.374 0.616 1.2 -2.591
25 198 1 181.852 83.609 39.108 0.795 1.638 1.777 0.034
25 199 3 191.318 90.245 38.924 0.413 0.698 1.358 -2.602
26 16 1 112.172 62.636 38.753 4.009 1.84 1.059 0.132
26 79 3 105.01 55.907 39.056 0.244 0.47 0.725 0.032
26 164 5 134.8 80.523 38.872 4.343 1.787 1.352 -3.119
26 182 1 138.506 69.155 38.983 4.214 1.875 1.525 0.058
26 183 3 150.298 63.52 39.055 0.737 0.71 1.43 -3.117
26 184 3 174.252 91.843 39.13 0.406 0.717 1.273 -2.879
26 198 1 187.763 84.829 39.087 1.437 1.758 1.871 0.045
26 199 3 191.206 90.011 38.962 0.435 0.559 1.471 0.024
27 16 1 114.928 63.51 38.968 3.613 1.474 1.337 0.159
27 164 5 134.834 80.473 38.854 4.342 1.743 1.356 -3.084
27 182 1 138.417 69.047 38.968 4.207 1.909 1.512 0.082
27 183 3 149.714 63.458 39.1 0.643 0.629 1.463 3.126
27 184 3 174.228 91.827 39.215 0.282 0.582 1.127 -2.757
27 198 1 192.753 85.87 39.218 0.473 1.558 1.473 0.068
27 199 3 191.047 89.732 39.011 0.321 0.673 1.352 -2.807
28 16 1 117.027 64.146 39.046 3.473 1.629 1.489 0.111
28 164 5 134.799 80.543 38.904 4.37 1.973 1.425 -3.078
28 182 1 138.535 69.051 38.97 4.06 1.891 1.547 0.113
28 183 3 149.058 63.346 39.092 0.739 0.578 1.492 -3.007
28 184 3 174.222 91.814 39.415 0.318 0.488 0.729 -3.083
28 198 1 198.545 87.152 39.027 1.178 1.614 1.572 0.343
28 199 3 190.831 89.49 39.022 0.363 0.56 1.236 -2.43
29 16 1 119.794 64.998 39.11 2.537 1.385 1.332 0.181
29 164 5 134.898 80.433 38.874 4.271 1.78 1.401 -2.977
29 182 1 138.396 69.066 38.984 3.833 1.596 1.52 0.185
29 183 3 148.212 63.269 39.093 0.671 0.667 1.494 -2.964
29 184 3 174.327 91.74 39.494 0.236 0.677 0.363 -2.487
29 198 1 205.831 88.798 39.07 0.412 1.722 1.372 0.18
29 199 3 190.63 89.138 38.949 0.495 0.635 1.526 -2.755
30 164 5 134.919 80.336 38.881 4.168 1.714 1.328 -2.894
30 182 1 138.058 69.228 39.285 2.301 1.382 0.904 0.139
30 183 3 147.112 63.064 39.481 0.209 0.487 0.55 0.22
30 198 1 214.604 90.768 38.879 0.847 1.664 1.75 0.257
30 199 3 190.532 88.664 39.076 0.498 0.6 1.553 -2.805
31 164 5 134.905 80.39 38.832 4.24 1.798 1.336 -2.95
31 198 1 225.366 93.247 38.78 1.44 1.682 0.946 0.194
31 199 3 190.446 87.854 39.039 0.547 0.403 1.606 -1.369
32 164 5 134.909 80.418 38.802 3.967 1.628 1.221 -3.017
32 199 3 190.498 87.49 39.055 0.591 0.405 1.522 -1.533
33 164 5 134.889 80.205 38.798 4.319 1.299 1.221 -3.091
33 199 3 190.595 87.006 39.051 0.768 0.496 1.593 -1.362
34 164 5 134.879 80.166 38.819 4.366 1.247 1.164 -3.096
34 199 3 190.704 86.711 39.054 0.44 0.505 1.575 -2.438
35 164 5 134.928 80.149 38.784 4.22 1.198 1.181 -3.137
35 199 3 190.882 86.401 39.036 0.739 0.859 1.638 -1.313
36 164 5 134.854 80.064 38.838 4.194 1.103 1.289 -3.11
36 199 3 190.821 85.869 39.093 0.627 0.461 1.579 -1.179
37 199 3 191.229 85.4 39.083 0.705 0.542 1.616 -1.563
37 226 5 117.403 67.199 39.041 0.797 0.448 1.159 3.138
38 199 3 191.223 84.976 39.072 0.474 0.443 1.674 -1.027
38 226 5 121.061 68.32 39.015 0.771 0.358 1.034 0
39 199 3 191.345 84.767 39.073 0.728 0.469 1.679 -1.56
39 226 5 124.732 69.394 38.935 0.981 0.723 1.286 0.018
40 199 3 191.443 84.22 39.088 0.633 0.533 1.693 -1.486
40 226 5 128.839 70.511 38.915 1.393 0.532 1.464 0.108
41 199 3 191.634 83.515 39.094 0.539 0.46 1.667 -1.695
41 226 5 134.357 72.007 39.005 1.083 0.635 1.512 0.175
42 199 3 191.847 82.973 39.16 0.48 0.531 1.549 -0.574
42 226 5 138.823 73.105 38.904 1.743 0.695 1.273 0.156
43 199 3 192.11 82.613 39.157 0.798 0.548 1.53 -0.948
43 226 5 141.936 73.824 38.956 1.675 0.719 1.332 0.161
44 199 3 192.27 82.256 39.508 0.334 0.461 0.812 -0.462
44 226 5 145.774 74.588 38.991 1.513 0.716 1.448 0.03
45 199 3 192.647 81.924 39.523 0.292 0.663 0.737 -0.991
45 226 5 149.394 75.177 39.065 1.574 0.677 1.483 0.031
46 199 3 192.988 81.613 39.644 0.299 0.544 0.469 -0.626
46 226 5 152.772 75.736 39.042 1.957 0.731 1.496 0.056
47 199 3 194.1 81.109 39.572 0.306 0.498 0.538 -0.264
47 226 5 161.012 77.214 39.117 1.852 0.806 1.55 0.085
47 235 1 211.093 93.509 38.471 1.502 1.889 0.651 3.124
48 199 3 194.386 81.038 39.586 0.264 0.393 0.489 -0.009
48 226 5 163.571 77.776 39.107 1.913 0.791 1.56 0.071
48 235 1 207.025 92.531 38.939 4.035 1.711 1.42 -3.113
49 199 3 194.784 81.132 39.567 0.374 0.512 0.499 0.002
49 226 5 166.004 78.399 39.115 2.033 0.81 1.541 0.072
49 235 1 201.674 91.254 38.956 4.088 1.724 1.602 -3.14
49 236 1 123.319 66.482 39.265 0.531 1.65 0.99 0.043
50 199 3 195.176 81.075 39.562 0.358 0.504 0.495 0
50 226 5 168.482 79.039 39.099 2.025 0.796 1.546 0.09
50 235 1 196.034 90.023 38.942 4.161 1.841 1.424 -3.122
50 236 1 123.387 66.491 39.23 0.629 1.646 1.067 0.032
50 237 4 121.867 61.261 39.084 0.335 0.522 0.594 0.014
51 199 3 195.475 81.152 39.523 0.277 0.504 0.538 0.048
51 226 5 170.281 79.565 39.221 0.422 0.433 0.718 0.06
51 235 1 190.31 88.687 39.03 4.124 1.813 1.557 -3.115
51 236 1 123.349 66.579 39.237 0.599 1.858 1.053 -0.019
51 237 4 122.363 61.596 39.123 0.163 0.436 0.467 -3.121
52 199 3 195.826 81.247 39.517 0.313 0.443 0.503 0.001
52 226 5 174.299 80.41 38.997 1.231 0.838 1.143 0.376
52 235 1 184.651 87.347 39.041 4.349 1.821 1.528 -3.14
52 236 1 123.355 66.393 39.259 0.681 1.812 1.018 0
52 237 4 122.88 61.836 39.143 0.231 0.508 0.537 -0.053
52 238 3 177.332 92.678 39.077 0.717 0.819 1.702 0.071
53 199 3 196.201 81.307 39.508 0.467 0.496 0.54 0.099
53 226 5 176.336 80.655 39.063 2.012 0.791 1.515 -0.014
53 235 1 178.934 86.033 39.058 4.44 1.891 1.526 -3.112
53 236 1 123.226 66.487 39.26 0.853 1.723 1.017 0
53 237 4 123.437 62.019 39.145 0.253 0.504 0.55 0.02
53 238 3 177.635 92.54 39.095 0.428 0.65 1.679 0.057
54 199 3 196.292 81.486 39.476 0.555 0.306 0.6 -1.694
54 226 5 178.91 81.172 39.09 1.629 0.756 1.555 0.032
54 235 1 173.29 84.721 39.086 4.412 1.833 1.6 -3.081
54 236 1 122.861 66.319 39.105 0.732 1.743 1.273 0.057
54 237 4 123.982 62.132 39.138 0.254 0.499 0.576 -0.036
54 238 3 178.005 92.575 39.14 0.496 0.627 1.56 0.02
55 199 3 196.469 81.697 39.621 0.391 0.319 0.312 0.034
55 226 5 181.744 81.849 39.042 1.844 0.67 1.56 -0.076
55 235 1 167.844 83.639 39.094 4.319 1.977 1.533 3.138
55 236 1 122.715 66.314 39.068 1.092 1.599 1.404 0.015
55 237 4 124.531 62.382 39.178 0.233 0.418 0.447 -3.081
55 238 3 178.492 92.584 39.066 0.49 0.599 1.703 0.168
55 239 1 115.146 67.848 39.023 2.429 1.809 1.406 -0.021
56 199 3 196.649 81.792 39.631 0.248 0.44 0.225 0
56 226 5 187.165 83.357 39.043 1.913 0.595 1.525 0.019
56 235 1 156.28 81.075 39.078 4.066 1.823 1.559 -3.115
56 236 1 122.326 66.16 39.19 1.743 2.035 1.146 0.173
56 237 4 125.692 62.672 39.202 0.186 0.485 0.505 0.242
56 238 3 179.289 92.601 39.632 0.456 0.388 0.542 0
56 239 1 121.787 69.459 38.655 0.894 1.676 0.375 3.142
57 199 3 196.632 81.815 39.634 0.27 0.39 0.251 0.05
57 226 5 189.915 84.16 39.044 1.832 0.826 1.553 -0.006
57 235 1 150.265 79.795 39.027 4.006 1.775 1.511 -3.12
57 236 1 122.199 66.113 39.342 2.225 1.378 0.827 0
57 237 4 126.297 62.846 39.227 0.241 0.48 0.464 0.012
57 239 1 123.973 70.213 38.735 1.757 1.797 0.838 0.084
58 199 3 196.572 81.769 39.633 0.271 0.302 0.304 0.01
58 226 5 192.648 84.879 38.991 1.83 0.729 1.497 0.021
58 235 1 144.149 78.52 39.008 4.174 1.819 1.488 -3.134
58 236 1 122.142 65.876 39.539 2.397 1.327 0.448 0.025
58 239 1 125.465 70.518 38.746 3.905 1.888 0.972 0.012
59 199 3 196.377 81.567 39.514 0.391 0.459 0.541 0.01
59 226 5 195.194 85.433 38.933 1.276 0.661 1.437 -0.018
59 235 1 138.132 77.245 38.679 3.9 1.772 0.931 -3.137
59 236 1 122.145 65.827 39.57 2.437 0.864 0.399 0.001
59 239 1 128.256 71.139 38.72 3.5 1.857 1.11 -0.018
60 199 3 196.138 81.487 39.517 0.176 0.468 0.489 2.821
60 226 5 197.935 86.006 38.911 1.308 0.681 1.314 -0.243
60 235 1 132.119 76.023 38.713 3.728 1.746 0.781 3.138
60 239 1 130.505 71.617 38.974 3.939 1.709 1.447 -3.134
61 199 3 195.947 81.385 39.509 0.338 0.495 0.48 0.211
61 226 5 200.758 86.64 38.953 1.085 0.63 1.542 0.03
61 235 1 126.792 74.886 38.978 2.186 1.78 1.466 -3.101
61 239 1 132.977 72.182 38.983 4.157 2.023 1.522 0.118
62 199 3 195.745 81.177 39.525 0.297 0.427 0.465 -0.13
62 226 5 203.678 87.331 38.94 1.169 0.65 1.436 0.023
62 235 1 120.054 73.515 38.568 3.484 1.751 0.765 3.131
62 239 1 135.494 72.649 39.009 4.005 1.851 1.505 -0.001
63 199 3 195.687 81.097 39.543 0.315 0.406 0.513 0.043
63 226 5 206.638 88.022 38.934 1.313 0.694 1.373 0.036
63 235 1 115.177 72.52 38.681 0.795 1.619 0.708 -3.118
63 239 1 137.852 73.068 39 4.052 1.715 1.582 0.033
64 199 3 195.814 81.065 39.511 0.543 0.515 0.511 1.528
64 226 5 209.472 88.66 38.881 1.043 0.593 1.342 -0.02
64 239 1 140.115 73.644 39.032 3.933 1.984 1.601 0.002
65 199 3 195.801 81.401 39.48 0.531 0.652 0.153 0
65 226 5 216.012 90.017 38.881 1.141 0.679 1.483 0.083
65 239 1 145.123 74.698 38.9 4.023 1.993 1.344 -0.014
66 199 3 196.1 81.243 39.454 0.102 0.306 0.141 -0.01
66 226 5 218.955 90.631 38.814 1.1 0.689 1.013 0.043
66 239 1 147.246 75.171 39.018 4.126 1.789 1.488 0.011
66 247 3 179.799 92.576 39.604 0.273 0.5 0.424 -1.914
67 199 3 196.098 81.213 39.462 0.13 0.297 0.135 0.026
67 226 5 222.068 91.191 38.848 1.098 0.565 1.317 0.006
67 239 1 149.337 75.656 39.049 4.095 1.917 1.526 0
67 247 3 179.448 92.697 39.608 0.343 0.634 0.374 -2.481
67 248 3 180.796 89.523 39.187 0.413 0.664 1.782 -3.094
68 199 3 196.107 81.247 39.456 0.12 0.291 0.13 0.054
68 226 5 225.024 91.754 38.741 1.016 0.599 1.404 0.025
68 239 1 151.349 76.069 39.073 4.142 1.908 1.583 0.038
68 247 3 179.178 92.62 39.577 0.306 0.554 0.48 -3.106
68 248 3 180.647 89.518 39.164 0.689 0.447 1.826 1.516
69 226 5 227.857 92.405 38.836 0.706 0.234 1.071 0.014
69 239 1 153.263 76.496 39.037 4.126 1.836 1.496 0.07
69 247 3 178.954 92.505 39.584 0.313 0.458 0.426 -3.071
69 248 3 180.666 89.574 39.186 0.497 0.873 1.743 3.123
69 250 1 227.575 96.947 39.103 1.8 1.625 1.465 -3.109
70 226 5 230.854 93.038 38.697 0.788 0.48 1.275 0.023
70 239 1 155.212 76.972 39.085 4.17 1.979 1.563 0.033
70 247 3 178.646 92.639 39.36 0.313 0.606 0.977 -2.946
70 248 3 180.814 89.514 39.197 0.435 0.693 1.764 2.88
70 250 1 220.43 95.347 38.574 0.912 1.718 0.663 -3.127
71 239 1 157.432 77.458 39.077 4.117 2.011 1.556 0
71 247 3 178.407 92.556 39.074 0.381 0.594 1.542 -2.652
71 248 3 180.858 89.603 39.177 0.509 0.57 1.782 1.604
71 250 1 214.107 93.939 38.735 4.677 1.975 1.462 -3.138
72 239 1 161.152 78.32 39.081 4.187 1.944 1.617 0
72 247 3 177.899 92.694 39.021 0.466 0.698 1.634 3.124
72 248 3 180.863 89.689 39.13 0.517 0.747 1.824 1.483
72 250 1 200.479 90.822 39.067 4.721 2.199 1.677 -3.131
72 253 4 169.378 76.844 39.386 0.341 0.519 0.674 0.008
73 239 1 165.209 79.247 39.261 4.302 1.998 1.893 0.022
73 247 3 177.345 92.459 39.058 0.446 0.918 1.615 0.005
73 248 3 181.006 89.754 39.121 0.535 0.853 1.733 1.546
73 250 1 185.159 87.291 39.206 4.864 2.202 1.929 -3.117
73 253 4 169.556 75.625 39.235 0.667 0.576 1.594 0.142
74 239 1 167.023 79.639 39.12 4.466 2.043 1.582 0.022
74 247 3 177.15 92.455 39.086 0.425 0.629 1.557 3.121
74 250 1 178.236 85.676 39.25 5.033 2.108 1.95 -3.11
74 253 4 169.916 75.235 39.277 0.625 0.672 1.547 -0.021
75 239 1 168.928 79.999 39.105 4.515 1.932 1.619 -0
75 247 3 176.982 92.504 39.537 0.328 0.524 0.303 3.115
75 250 1 171.413 84.146 39.268 4.997 2.182 1.937 3.141
75 253 4 170.451 74.96 39.212 0.433 0.567 1.259 -2.893
75 255 3 181.072 89.631 39.15 0.432 0.762 1.8 0.85
76 239 1 170.721 80.428 39.129 4.852 1.854 1.567 0.017
76 250 1 164.509 82.603 39.295 4.769 2.043 1.891 -3.102
76 253 4 170.855 74.702 39.295 0.535 0.526 1.297 -2.995
76 255 3 181.449 89.588 39.141 0.649 0.695 1.805 0.062
77 239 1 172.73 80.767 39.127 4.397 1.771 1.545 0.044
77 253 4 171.296 74.373 39.163 0.621 0.646 1.322 0.764
77 255 3 181.916 89.659 39.126 0.437 0.8 1.809 0.193
77 258 1 157.333 81.035 39.249 4.997 1.995 1.965 -3.122
78 239 1 174.747 81.195 39.108 4.46 1.81 1.591 0.021
78 253 4 171.827 74.324 39.272 0.848 0.761 1.141 0.043
78 255 3 182.383 89.765 39.117 0.608 0.821 1.81 0.281
78 258 1 150.08 79.486 39.239 4.841 1.94 1.976 -3.128
79 239 1 176.703 81.631 39.058 4.275 1.758 1.572 0.009
79 253 4 172.31 74.276 39.222 0.801 0.461 1.174 -0.035
79 255 3 182.95 90.02 39.349 0.463 0.473 1.323 0.296
79 258 1 142.779 77.888 39.116 4.768 1.923 1.809 -3.108
80 239 1 178.682 82.061 39.082 4.216 1.78 1.573 0.011
80 253 4 172.845 74.146 39.211 0.74 0.606 1.158 0.004
80 255 3 183.204 90.376 39.12 0.767 0.798 1.763 0.483
80 258 1 135.554 76.483 39.151 4.6 1.94 1.909 -3.113
81 239 1 180.556 82.48 39.077 4.165 1.818 1.572 0.004
81 253 4 173.198 74.166 39.115 0.664 0.651 1.429 0.013
81 255 3 183.522 90.845 39.139 0.797 0.731 1.709 -3.127
81 258 1 129.738 75.379 39.188 1.287 1.887 1.678 -3.106
82 239 1 184.966 83.367 39.072 4.238 1.78 1.611 -0.001
82 253 4 173.901 74.272 39.197 0.626 0.722 1.587 0.022
83 239 1 186.628 83.694 39.023 4.137 1.773 1.592 -0.012
83 253 4 174.285 74.448 39.172 0.678 0.698 1.64 -0.084
84 239 1 188.178 84.063 39.065 3.998 1.817 1.576 -0.006
84 253 4 174.691 74.547 39.171 0.733 0.581 1.61 0.051
84 264 2 225.917 96.314 39.569 1.845 2.108 2.389 -3.134
85 239 1 189.554 84.315 39.029 4.1 1.731 1.563 -0.017
85 253 4 175.003 74.595 39.113 0.649 0.724 1.708 -0.026
85 264 2 222.481 95.692 39.455 5.143 2.421 2.532 -3.112
86 239 1 190.669 84.522 39.025 4.022 1.788 1.505 -0.014
86 253 4 175.499 74.62 39.109 0.665 0.714 1.753 -0.017
86 264 2 218.001 94.589 39.502 5.969 2.214 2.509 3.142
87 239 1 191.802 84.779 39.016 4.165 1.714 1.456 -0.013
87 253 4 175.881 74.614 39.151 0.629 0.644 1.784 -0.36
87 264 2 212.937 93.48 39.871 6.151 2.295 2.385 -3.119
88 239 1 192.764 84.944 38.984 4.067 1.692 1.472 -0.022
88 253 4 176.363 74.444 39.12 0.683 0.79 1.807 -1.042
88 264 2 207.775 92.423 39.584 6.129 2.33 2.888 -3.139
89 239 1 193.627 85.106 38.974 4.091 1.722 1.449 -0.035
89 253 4 176.841 74.344 39.115 0.789 0.746 1.778 -0.005
89 264 2 202.455 91.082 39.566 6.047 2.431 2.898 -3.136
90 239 1 194.206 85.268 38.948 3.803 1.732 1.463 0
90 253 4 177.226 74.335 39.132 0.48 0.762 1.826 -0.004
90 264 2 197.144 89.892 39.672 6.083 2.475 2.863 -3.108
91 239 1 195.786 86.157 39.029 3.887 1.783 1.62 0.326
91 253 4 178.255 74.316 39.114 0.656 0.707 1.796 0.008
91 264 2 185.202 87.054 39.627 6.182 2.535 2.728 -3.128
92 239 1 196.616 86.937 39.02 4.062 1.717 1.605 0.503
92 253 4 178.764 74.246 39.105 0.629 0.735 1.764 -0.024
92 264 2 179.581 85.832 39.562 6.113 2.521 2.552 -3.121
93 239 1 197.35 87.944 39.016 4.053 1.725 1.607 0.717
93 253 4 179.341 74.241 39.095 0.806 0.739 1.751 0.012
93 264 2 174.052 84.434 39.508 6.002 2.289 2.389 -3.133
94 239 1 198.009 89.246 39.032 4.276 1.733 1.586 0.868
94 253 4 179.869 74.264 39.098 0.541 0.678 1.79 0.008
94 264 2 168.2 83.055 39.551 6.445 2.13 2.388 3.131
95 239 1 198.375 90.617 39.02 4.315 1.687 1.543 1.069
95 253 4 180.385 74.331 39.064 0.663 0.68 1.755 0.013
95 264 2 162.73 82.042 39.565 5.897 2.331 2.509 -3.106
96 239 1 198.488 91.91 38.91 4.432 1.757 1.395 1.281
96 253 4 180.879 74.551 39.093 0.547 0.717 1.753 0.072
96 264 2 156.83 80.752 39.694 6.254 2.471 2.712 -3.134
97 239 1 198.089 93.529 38.858 4.538 1.654 1.508 1.554
97 253 4 181.514 74.665 39.059 0.701 0.732 1.736 0.023
97 264 2 150.088 79.211 39.728 5.942 2.44 2.953 -3.129
98 239 1 197.619 94.19 38.892 3.676 1.686 1.481 1.805
98 253 4 181.921 74.802 39.115 0.38 0.644 1.81 -0.004
98 264 2 144.333 77.988 39.756 5.901 2.334 3 -3.13
