0 32 3 64.268 3.181 37.9 0.324 0.578 1.651 1.474
1 32 3 64.306 3.555 37.823 0.402 0.57 1.465 -1.648
1 36 3 75.486 2.853 38.088 0.239 0.348 0.665 2.937
2 32 3 64.235 3.802 37.744 0.662 0.624 1.7 -1.489
2 36 3 74.877 2.698 37.992 0.301 0.369 0.938 -1.257
3 32 3 64.067 4.092 37.757 0.411 0.493 1.684 1.676
3 36 3 74.239 2.555 38.115 0.332 0.49 0.702 2.739
3 49 1 68.401 30.232 37.876 3.18 1.277 1.323 0.335
4 32 3 63.849 4.222 37.779 0.388 0.52 1.64 -1.57
4 36 3 73.593 2.493 38.128 0.221 0.19 0.625 -1.6
4 49 1 67.192 29.756 37.686 2.981 1.535 1.439 0.038
5 32 3 63.663 4.29 37.745 0.377 0.365 1.71 -1.715
5 36 3 73.009 2.31 38.147 0.345 0.337 0.681 -0.079
5 49 1 66.049 29.56 37.731 3.86 1.988 1.408 -0.015
6 32 3 63.488 4.385 37.755 0.534 0.479 1.653 -0.132
6 36 3 72.434 2.211 38.02 0.363 0.349 0.934 -0.017
6 49 1 64.675 29.247 37.862 3.223 1.843 1.274 0.168
7 32 3 63.252 4.226 37.705 0.374 0.511 1.768 1.81
7 49 1 61.861 28.349 37.945 4.651 1.687 1.135 0.12
7 58 3 71.763 2.049 38.021 0.343 0.411 0.864 1.522
8 32 3 62.858 3.733 37.758 0.614 0.909 1.639 1.58
8 49 1 55.447 26.859 37.737 4.827 1.722 1.415 0.054
8 58 3 70.424 1.779 38.06 0.496 0.341 0.888 0.024
9 32 3 63.08 3.395 37.745 0.38 0.567 1.659 1.701
9 49 1 53.756 26.421 37.733 2.157 1.678 1.393 0
9 58 3 69.767 1.451 37.743 0.561 0.361 1.528 3.125
10 32 3 63.14 3.115 37.831 0.471 0.498 1.482 -1.722
10 58 3 69.463 1.399 37.761 0.774 0.43 1.515 -1.037
10 64 4 42.888 5.094 37.578 0.762 0.665 1.395 2.98
11 32 3 63.258 2.923 37.807 0.557 0.56 1.532 -1.581
11 64 4 45.266 5.344 37.586 1.62 0.697 1.505 3.047
12 32 3 63.376 2.784 37.984 0.569 0.551 1.53 1.546
12 64 4 47.873 5.788 37.691 1.713 0.436 1.409 -3.091
13 32 3 63.529 2.691 37.815 0.537 0.471 1.523 1.561
13 64 4 50.376 5.881 37.652 1.523 0.972 1.588 3.018
14 32 3 63.575 2.362 38.04 0.308 0.552 1.078 -1.647
14 64 4 53.954 6.562 37.587 1.393 0.653 1.462 3.031
15 32 3 63.76 1.779 37.766 0.496 0.601 1.613 -0.879
15 64 4 58.82 7.289 37.63 1.661 0.489 1.448 3.006
16 32 3 63.577 1.058 37.744 0.336 0.457 1.54 0.694
16 64 4 64.813 8.155 37.645 1.634 0.341 1.346 3.03
16 84 3 65.161 1.866 37.753 0.366 0.612 1.569 1.651
17 32 3 63.417 0.937 37.803 0.579 0.512 1.5 -1.04
17 64 4 67.28 8.381 37.535 1.469 0.549 1.511 3.109
17 84 3 64.541 1.941 37.645 0.401 0.579 1.495 -1.233
18 32 3 63.221 0.898 38.125 0.477 0.403 1.23 3.018
18 64 4 69.777 8.646 37.54 1.724 0.543 1.417 3.069
18 84 3 63.714 2.038 37.697 0.473 0.539 1.404 3.018
19 32 3 63.129 0.932 38.112 0.241 0.459 1.249 -1.518
19 64 4 72.197 8.757 37.572 1.539 0.718 1.645 3.112
19 84 3 63.244 2.167 37.712 0.377 0.525 1.379 -1.969
20 32 3 63.347 0.96 38.084 0.523 0.338 1.305 -0.122
20 64 4 74.815 8.984 37.553 1.124 0.667 1.598 3.064
21 32 3 63.5 1.31 37.817 0.597 0.567 1.468 -1.665
21 64 4 77.841 9.424 37.55 1.124 0.344 1.468 3.092
22 32 3 63.754 1.783 37.854 0.392 0.567 1.775 -1.776
22 64 4 82.701 9.96 37.329 1.244 0.319 1.141 -3.09
23 32 3 64.147 2.711 37.9 0.346 0.315 1.339 -0.116
23 64 4 90.877 10.908 37.47 0.954 0.505 1.291 3.123
23 110 3 81.635 44.371 38.114 0.133 0.263 0.414 1.513
23 114 1 51.861 10.042 37.792 4.27 1.69 1.44 3.048
24 32 3 64.1 3.05 37.81 0.361 0.478 1.512 -1.821
24 64 4 93.381 11.158 37.399 0.391 0.42 1.856 -0.013
24 114 1 57.086 10.593 37.748 4.047 1.593 1.42 3.037
24 121 4 43.708 6.148 37.573 1.115 0.827 1.496 2.917
25 64 4 95.861 11.55 37.967 0.282 0.475 0.528 2.812
25 110 3 81.598 44.392 38.025 0.051 0.247 0.57 1.022
25 114 1 62.55 11.008 37.661 4.231 1.877 1.6 3.044
25 121 4 47.802 6.754 37.613 1.669 0.706 1.607 -3.067
25 127 3 56.345 1.64 37.786 0.283 0.273 1.519 -0.272
25 128 4 76.095 42.261 38.138 0.785 0.549 0.61 0.073
26 110 3 80.799 44.813 38.038 0.411 0.435 0.917 0.053
26 114 1 67.991 11.675 37.675 4.033 1.714 1.446 3.031
26 121 4 52.19 7.254 37.588 1.623 0.665 1.458 3.068
26 127 3 55.666 1.514 37.712 0.331 0.53 1.379 1.138
27 110 3 80.743 44.841 38.03 0.265 0.44 0.927 -2.813
27 114 1 74.819 12.508 37.589 3.874 1.601 1.657 3.074
27 121 4 57.634 7.953 37.572 1.841 0.53 1.581 3.014
27 127 3 54.768 1.573 37.695 0.682 0.306 1.356 -0.144
27 128 4 71.115 40.97 38.322 0.543 0.511 0.498 -1.581
28 110 3 79.367 46.121 37.942 1.052 0.517 0.739 3.072
28 114 1 94.788 15.107 37.755 2.43 1.478 1.06 3.051
28 121 4 72.802 9.961 37.585 1.547 0.639 1.261 3.045
28 127 3 52.47 1.368 37.772 0.31 0.676 1.54 -1.985
28 128 4 65.537 39.563 38.427 0.264 0.3 0.288 0.025
29 121 4 88.846 12.283 37.883 1.203 0.588 0.587 3.127
29 127 3 50.107 1.014 37.798 0.322 0.557 1.417 1.083
29 128 4 62.775 38.539 38.421 0.233 0.17 0.187 -1.557
30 127 3 47.109 0.486 37.736 0.421 0.507 1.469 -1.624
30 128 4 62.002 38.937 38.173 0.401 0.501 0.708 -2.137
30 147 4 61.908 8.116 37.631 1.394 0.593 1.463 3.036
31 147 4 70.359 9.191 37.639 1.241 0.759 1.256 3.114
32 147 4 82.339 10.749 37.587 1.193 0.43 1.565 3.136
33 147 4 87.083 11.037 37.254 1.812 0.753 1.134 3.062
34 147 4 90.994 11.354 37.434 1.161 0.461 1.41 2.937
35 127 3 48.534 1.797 37.631 0.521 0.236 1.38 -0.141
35 162 3 49.479 1.38 37.712 0.545 0.358 1.549 -3.105
36 127 3 48.525 1.564 37.785 0.3 0.607 1.38 -1.777
36 162 3 50.14 1.398 37.789 0.353 0.517 1.404 -1.777
37 127 3 48.569 1.25 37.693 0.412 0.476 1.241 -1.963
37 162 3 51.142 1.401 37.731 0.377 0.415 1.557 -2.219
38 127 3 48.278 0.971 37.659 0.318 0.441 1.201 -1.091
38 162 3 52.372 1.378 37.764 0.409 0.497 1.523 -1.669
39 127 3 47.309 1.192 37.747 0.311 0.536 1.43 -2.388
39 162 3 54.459 1.353 37.687 0.342 0.679 1.385 1.495
40 2 1 32.202 24.913 37.674 3.917 0.361 1.329 0.01
41 2 1 32.178 24.946 37.665 3.93 0.347 1.346 -0.015
42 179 3 59.517 1.834 37.811 0.431 0.482 1.526 -1.564
43 179 3 60.025 2.036 37.724 0.309 0.248 1.337 3.075
44 179 3 60.583 2.266 37.979 0.381 0.41 0.894 2.998
44 185 1 47.694 9.624 37.686 4.654 1.761 1.285 3.022
45 179 3 60.969 2.437 37.759 0.33 0.539 1.343 -1.614
45 185 1 53.747 10.146 37.739 4.69 1.606 1.16 3.008
45 186 4 42.802 4.09 37.66 1.156 0.716 1.542 3.026
46 162 3 63.78 1.33 38.246 0.461 0.227 0.642 3.069
46 185 1 61.116 10.795 37.573 4.807 1.766 1.537 3.044
46 186 4 46.77 4.506 37.629 1.279 0.512 1.468 3.063
47 162 3 63.739 1.25 37.823 0.69 0.333 1.841 3.081
47 185 1 67.368 11.24 37.591 4.763 1.836 1.357 3.025
47 186 4 50.477 4.892 37.625 1.471 0.722 1.605 3.046
47 201 1 45.884 9.557 37.612 3.614 1.779 1.624 2.976
48 162 3 63.581 1.112 37.857 0.416 0.518 1.783 -1.649
48 185 1 74.884 12.057 37.495 4.098 1.514 1.415 3.053
48 186 4 54.855 5.646 37.529 1.336 0.582 1.539 2.974
48 201 1 52.583 10.013 37.553 4.476 1.835 1.503 3.018
49 162 3 63.542 1.044 37.841 0.432 0.625 1.813 -1.422
49 185 1 81.622 12.714 37.536 4.308 1.759 1.43 3.066
49 186 4 58.127 6.357 38.041 0.587 0.409 0.505 3.053
49 201 1 58.594 10.556 37.572 4.396 1.707 1.549 3.046
49 207 3 80.462 44.817 37.987 0.244 0.21 0.762 -3.141
50 162 3 63.694 1.045 37.83 0.622 0.588 1.816 -1.603
50 185 1 98.279 14.962 37.562 2.047 1.533 0.686 3.135
50 186 4 66.661 7.671 37.539 1.315 0.514 1.503 3.012
50 201 1 73.745 12.313 37.527 4.227 1.547 1.455 3.053
50 207 3 81.044 46.592 38.042 0.902 0.509 1.504 -0.026
51 162 3 63.723 1.414 37.85 0.317 0.445 1.768 -1.886
51 186 4 70.095 8.311 37.517 1.304 0.489 1.432 3.042
51 201 1 80.846 13.204 37.519 5.104 1.697 1.496 3.064
51 207 3 78.979 46.165 38.035 1.097 0.476 1.243 0.068
52 162 3 63.763 1.59 37.839 0.469 0.458 1.792 -0.127
52 186 4 73.629 8.745 37.611 1.414 0.617 1.512 2.96
52 207 3 77.397 45.681 38.207 0.848 0.662 1.176 0.056
53 162 3 63.836 1.796 37.846 0.321 0.301 1.724 1.68
53 186 4 77.65 9.306 37.557 0.327 0.544 1.397 1.718
53 207 3 75.391 45.119 38.272 0.873 0.613 0.981 3.099
54 162 3 63.811 2.011 38.037 0.397 0.3 0.692 -0.09
54 186 4 81.481 9.729 37.508 1.473 0.456 1.353 3.042
54 207 3 73.6 44.558 38.291 0.621 0.509 1.027 -3.122
55 162 3 63.545 2.823 37.877 0.432 0.441 1.355 -1.607
55 207 3 74.618 44.91 38.142 0.994 0.723 0.758 0.142
55 234 1 58.699 10.532 37.585 4.707 1.731 1.473 3.026
55 238 1 52.756 13.388 37.799 4.439 1.665 1.175 3.023
56 162 3 63.861 2.737 38.166 0.455 0.274 0.464 -0.11
56 207 3 72.271 44.281 38.207 0.812 0.642 0.651 0.104
56 234 1 65.151 11.043 37.568 5.443 2.052 1.431 3.029
56 238 1 60.012 14.317 37.751 4.33 1.552 1.348 3.047
57 162 3 64.024 2.925 37.716 0.214 0.305 1.368 -2.033
57 207 3 70.184 43.867 38.211 0.964 0.932 0.771 -0.023
57 234 1 71.475 12.336 37.901 2.406 0.463 0.789 3.04
57 238 1 67.663 15.195 37.86 4.325 1.65 1.107 3.061
57 249 1 45.205 9.411 37.426 1.709 2.058 1.243 3.031
58 162 3 64.316 2.917 37.87 0.259 0.355 1.384 -2.001
58 207 3 68.236 43.383 38.227 0.947 0.76 0.773 0.054
58 234 1 74.418 12.172 37.646 1.645 1.516 1.076 3.063
58 238 1 74.034 15.951 37.776 4.077 1.657 1.279 3.057
58 249 1 49.45 10.053 37.766 4.498 1.744 1.42 3.035
59 162 3 64.414 3.059 37.8 0.607 0.471 1.532 -0.225
59 207 3 66.333 42.825 37.91 1.631 0.864 1.471 0.027
59 234 1 80.497 12.756 37.506 3.19 1.703 1.463 3.059
59 238 1 80.527 16.786 37.763 3.899 1.622 1.249 3.059
59 249 1 55.076 10.548 37.744 4.38 1.778 1.169 3.059
60 162 3 64.474 3.276 37.995 0.38 0.779 0.828 -1.606
60 234 1 85.774 13.469 37.516 3.1 1.203 1.485 3.068
60 238 1 86.662 17.601 37.703 3.118 1.656 1.096 3.068
60 249 1 60.64 10.93 37.602 4.303 1.931 1.669 3.06
61 162 3 64.553 3.235 37.662 0.467 0.682 1.503 1.474
61 234 1 92.27 14.049 37.686 2.884 1.529 0.698 2.96
61 238 1 94.486 18.833 37.729 3.174 1.476 0.986 3.103
61 249 1 67.863 11.677 37.653 5.403 1.865 1.739 3.027
62 162 3 64.553 3.254 37.732 0.562 0.854 1.387 -1.602
62 238 1 100.637 19.613 37.722 2.496 1.382 1.15 3.065
62 249 1 73.981 12.336 37.609 4.046 1.673 1.577 3.043
63 249 1 79.834 13.054 37.6 3.908 1.714 1.646 3.06
63 263 3 63.075 3.859 38.292 0.188 0.431 0.559 -1.765
64 249 1 93.888 15.127 37.653 2.231 1.331 0.815 2.977
64 263 3 63.074 3.207 37.818 0.492 0.484 1.545 1.545
65 263 3 63.136 2.784 37.816 0.372 0.684 1.539 -1.453
66 263 3 63.34 2.432 37.754 0.578 0.327 1.644 0
66 294 2 109.492 40.781 39.828 4.228 2.833 2.256 -0.054
67 263 3 63.433 2.121 38.16 0.672 0.429 0.821 3.018
67 294 2 108.815 40.918 39.354 2.891 1.576 1.404 -0.014
68 263 3 63.773 1.419 37.846 0.414 0.579 1.781 1.914
68 294 2 105.938 39.649 39.336 9.68 2.324 4.174 0.026
69 263 3 64.099 1.02 37.811 0.391 0.384 1.463 3.092
69 294 2 102.214 38.57 39 1.921 1.198 3.458 0.139
69 314 2 109.621 40.638 39.822 4.352 2.428 2.299 0.119
70 294 2 102.232 38.648 38.988 1.774 1.367 3.505 0.034
70 314 2 109.088 40.278 39.78 3.378 2.691 2.378 0.036
71 314 2 105.798 39.571 39.123 9.211 2.323 3.899 0.043
72 314 2 103.054 39.244 37.916 2.014 0.837 1.272 0.071
