0 1 3 301.987 275.457 39.052 0.875 0.506 1.693 3.113
0 2 3 295.52 277.349 38.798 0.74 0.582 1.448 2.306
0 3 3 301.346 275.651 39.046 0.874 0.702 1.727 -3.063
1 1 3 302.116 275.994 39.169 0.549 0.541 1.363 -3.068
1 2 3 295.617 277.497 38.759 0.609 0.958 1.473 0.67
1 3 3 301.476 276.155 39.018 0.497 0.564 1.686 -3.068
2 1 3 302.169 276.605 39.178 0.471 0.499 1.421 -0.835
2 2 3 295.745 277.448 38.763 0.702 0.744 1.496 3.12
2 3 3 301.575 276.678 39.265 0.253 0.551 1.274 -3.055
3 1 3 302.334 277.173 39.16 0.455 0.515 1.235 -3.021
3 2 3 295.6 277.724 38.711 0.603 0.577 1.447 2.713
3 3 3 301.736 277.344 39.232 0.293 0.57 1.391 -3
4 1 3 302.463 277.808 39.14 0.445 0.521 1.283 -3.005
4 2 3 295.629 277.871 38.727 0.725 0.692 1.387 -2.964
4 3 3 301.775 277.966 39.211 0.266 0.428 1.117 -3.005
5 1 3 302.522 278.351 39.139 0.531 0.551 1.115 -2.895
5 2 3 295.616 278.053 38.634 0.618 0.681 1.329 1.818
5 3 3 301.854 278.564 39.23 0.315 0.614 0.934 -2.895
6 1 3 302.648 279.042 39.209 0.385 0.477 1.153 -2.71
6 2 3 295.71 278.328 38.646 0.816 0.611 1.434 -2.991
6 3 3 301.997 279.178 39.235 0.298 0.517 1.101 -2.733
6 5 4 241.787 200.186 38.948 1.876 1.209 1.636 -0.023
7 1 3 302.738 279.617 38.983 0.341 0.571 0.982 -2.785
7 2 3 295.764 278.584 38.69 0.632 0.649 1.143 1.88
7 3 3 302.095 279.804 39.102 0.306 0.496 0.736 -2.785
7 5 4 241.054 199.062 38.829 1.999 1.326 1.735 0.024
8 1 3 302.963 280.222 39.288 0.187 0.465 0.679 -2.83
8 2 3 295.696 278.591 38.673 0.39 0.587 1.239 0.151
8 3 3 302.244 280.462 39.258 0.17 0.346 0.729 -2.83
8 5 4 240.432 197.893 38.799 1.879 1.425 1.981 0.028
9 1 3 303.022 280.866 39.073 0.164 0.305 0.768 3.142
9 2 3 295.966 278.742 38.601 0.584 0.782 1.064 3.142
9 3 3 302.521 281.107 39.073 0.361 0.468 0.764 3.142
9 5 4 239.768 196.894 38.988 2.175 1.361 2.114 -0.008
10 2 3 295.721 278.853 38.7 0.348 0.369 1.135 -2.982
10 5 4 238.855 195.656 38.84 1.624 1.341 1.842 0.111
11 5 4 238.133 194.571 38.878 2.098 1.359 1.764 0.145
12 5 4 237.325 193.371 39.019 2.105 1.309 1.802 0.19
13 5 4 236.524 192.078 38.974 2.128 1.295 2.072 0.186
14 5 4 235.801 190.834 38.92 2.018 1.395 1.936 0.137
15 5 4 235.025 189.432 39.004 2.271 1.448 2.156 0.035
16 5 4 234.261 188.129 39.063 2.21 1.371 2.06 0.116
17 5 4 233.352 186.51 38.977 2.953 1.422 1.98 0.037
18 5 4 232.78 185.412 39.098 2.261 1.385 2.115 0.143
19 5 4 231.971 183.908 39.119 2.51 1.385 2.119 0.028
20 5 4 231.027 182.056 39.164 3.496 1.398 2.077 0.052
21 5 4 230.253 180.571 39.196 3.538 1.476 2.096 0.029
22 5 4 229.671 179.51 39.323 3.139 1.256 1.865 -0
23 5 4 228.866 177.62 39.134 3.562 1.329 1.975 0.018
24 5 4 228.218 176.29 39.156 3.8 1.239 1.928 0.027
25 5 4 227.464 174.725 39.227 3.46 1.287 2.072 0.031
26 5 4 226.739 173.138 39.2 3.276 1.326 2.06 0.022
27 5 4 226.054 171.566 39.223 3.055 1.315 2.109 -0.023
28 5 4 225.494 170.124 39.105 3.262 1.335 1.919 -0.033
28 8 3 222.638 98.624 39.077 0.494 0.274 1.018 -1.319
29 5 4 224.849 168.612 39.13 3.062 1.333 1.851 -0.079
29 8 3 222.418 98.514 38.795 0.225 0.272 0.864 -1.298
30 5 4 224.086 166.767 39.231 2.607 1.318 2.119 -0.094
30 8 3 222.608 98.582 39.145 0.336 0.554 1.132 0.254
30 9 3 224.037 98.387 39.264 0.339 0.45 0.911 0.222
30 10 1 211.518 81.477 38.44 1.039 1.433 0.784 0.327
31 5 4 223.636 165.711 39.157 3.105 1.351 2.029 -0.282
31 8 3 222.419 98.328 39.036 0.274 0.225 0.945 3.088
31 9 3 223.744 97.988 39.09 0.364 0.607 1.497 -2.879
31 10 1 211.627 79.453 38.783 0.204 0.549 0.349 0.167
31 11 4 215.881 79.255 38.757 0.938 0.491 1.458 -2.749
32 5 4 223.134 164.328 39.059 3.461 1.359 1.854 -0.217
32 8 3 222.454 98.023 39.213 0.354 0.563 1.314 0.076
32 9 3 223.296 97.482 39.03 0.521 0.457 1.093 0.076
32 10 1 211.795 76.621 38.602 1.544 1.413 0.684 0.415
32 11 4 215.883 80.77 38.861 0.897 0.499 1.306 -3.007
33 5 4 222.582 163.108 39.234 3.397 1.269 2.054 -0.156
33 8 3 222.535 97.506 39.219 0.336 0.544 1.39 0.112
33 9 3 223.294 97.039 39.2 0.511 0.555 1.42 0.112
33 10 1 211.775 74.755 38.466 1.541 1.847 0.7 0.168
33 11 4 215.708 82.158 38.9 1.05 0.462 1.474 -2.853
34 5 4 221.775 160.964 39.211 2.829 1.27 2.145 -0.131
34 8 3 222.416 96.938 39.239 0.355 0.667 1.383 0.118
34 9 3 223.232 96.575 39.32 0.367 0.67 0.934 -0.012
34 10 1 212.08 71.607 38.419 4.252 1.751 0.697 0.287
34 11 4 215.624 83.508 38.886 1.154 0.649 1.515 -2.995
34 12 3 219.307 62.019 38.712 0.221 0.357 1.159 -3.068
34 13 1 200.315 66.125 38.77 4.542 1.869 1.587 1.779
35 5 4 221.024 159.271 39.194 2.131 1.252 1.825 -0.412
35 8 3 222.326 96.437 39.279 0.599 0.681 1.309 0.106
35 9 3 223.149 96.031 39.251 0.354 0.664 1.355 0.045
35 10 1 211.993 71.246 38.433 1.286 1.832 0.638 0.324
35 11 4 215.619 85.06 38.946 1.022 0.644 1.443 -3.006
35 12 3 219.231 62.62 38.673 0.624 0.49 1.148 -2.477
35 13 1 201.778 66.524 38.813 4.585 0.802 1.414 1.675
35 14 1 216.766 61.19 39.108 2.384 1.666 1.522 -2.588
35 15 2 208.902 59.395 39.167 6.738 1.993 1.924 1.5
36 5 4 220.541 157.621 39.141 2.315 1.264 1.835 -0.2
36 8 3 222.343 95.841 39.099 0.541 0.574 1.019 0.08
36 9 3 223.064 95.598 39.236 0.325 0.541 1.458 0.08
36 10 1 212.788 68.231 38.441 3.994 1.506 0.823 0.418
36 11 4 215.691 86.328 38.899 1.471 0.611 1.483 -3.043
36 12 3 219.201 62.936 38.672 0.381 0.957 1.34 -2.881
36 13 1 202.993 66.415 38.844 4.682 0.795 1.579 1.594
36 14 1 216.218 63.406 38.991 2.075 1.914 1.878 -2.869
36 15 2 208.479 59.906 39.141 6.556 1.155 2.065 1.54
37 5 4 219.995 156.216 39.175 2.144 1.36 1.813 -0.168
37 8 3 222.225 95.104 39.307 0.684 0.646 1.262 0.008
37 9 3 223.104 95.079 39.235 0.513 0.721 1.396 0.008
37 10 1 212.58 67.604 38.504 1.572 1.656 0.786 0.446
37 11 4 216.016 87.677 38.95 1.574 0.633 1.61 3.056
37 13 1 203.882 66.301 38.822 4.733 0.813 1.651 1.546
37 14 1 216.027 64.409 38.959 4.51 2.093 1.951 -2.857
37 15 2 208.068 60.165 39.166 6.807 0.778 2.429 1.576
37 17 3 257.004 79.018 39.404 0.392 0.308 1.18 -1.424
38 5 4 219.57 155.052 39.058 2.33 1.4 1.886 -0.171
38 8 3 222.211 94.527 39.294 0.555 0.75 1.262 -0.025
38 9 3 223.056 94.544 39.216 0.587 0.583 1.402 0.139
38 10 1 212.871 65.847 38.515 1.542 1.614 1.021 0.451
38 11 4 216.562 88.871 38.978 1.552 0.659 1.598 2.512
38 12 3 219.308 64.097 38.739 0.707 0.599 1.658 -2.955
38 13 1 204.763 66.233 38.716 4.671 0.595 1.518 1.545
38 14 1 215.532 66.296 39.016 4.272 1.947 2.066 -2.715
38 15 2 207.61 60.416 39.187 6.815 0.725 2.477 1.586
38 17 3 256.634 79.43 39.181 0.399 0.584 1.35 0.651
38 22 2 226.607 166.738 39.722 7.696 2.548 2.556 3.118
38 23 5 200.291 78.657 38.273 0.214 0.259 0.285 -2.723
38 24 3 199.503 70.076 38.203 0.148 0.239 0.328 -1.192
39 5 4 218.878 153.071 39.314 1.752 1.258 1.601 -0.209
39 8 3 222.089 93.896 39.323 0.453 0.726 1.284 0.221
39 9 3 223.118 94.083 39.224 0.476 0.709 1.422 0.221
39 10 1 212.808 64.15 38.578 1.026 1.148 0.72 0.411
39 11 4 217.237 90.188 38.985 1.707 0.698 1.66 2.78
39 12 3 219.226 64.582 38.756 0.45 0.639 1.492 -2.884
39 13 1 205.594 65.981 38.817 4.681 0.917 1.667 1.516
39 14 1 214.552 67.978 38.998 4.585 2.133 1.901 -2.635
39 15 2 207.216 60.234 39.247 6.874 0.969 2.683 1.616
39 17 3 256.009 79.789 39.342 0.643 0.353 1.681 -3.093
39 22 2 225.218 160.031 39.694 8.378 2.626 2.416 -0.305
39 23 5 200.286 78.638 38.302 0.196 0.17 0.38 -2.939
39 24 3 199.458 70.078 38.239 0.146 0.201 0.313 -1.212
39 30 5 172.145 59.909 38.397 4.057 0.719 0.086 1.756
40 5 4 218.303 151.343 39.079 2.087 1.198 1.715 -0.247
40 8 3 222.092 93.347 39.312 0.323 0.55 1.494 0.003
40 9 3 223.082 93.534 39.296 0.451 0.466 1.463 -0.03
40 11 4 217.682 91.574 38.981 1.65 0.719 1.625 -3.127
40 12 3 219.02 65.151 38.751 0.276 0.629 1.284 3.081
40 13 1 206.446 65.981 38.83 4.764 0.558 1.48 1.498
40 14 1 213.311 69.622 39.074 4.67 2.098 2.015 -2.465
40 15 2 206.639 60.394 39.287 6.844 0.796 2.534 1.625
40 17 3 255.326 79.978 39.377 0.637 0.516 1.304 -3.093
40 22 2 222.36 152.405 39.708 7.587 2.385 2.956 -0.264
40 23 5 200.273 78.686 38.285 0.177 0.206 0.3 3.142
40 24 3 199.427 70.108 38.258 0.191 0.297 0.367 3.142
40 30 5 177.355 61.15 38.423 1.34 1.113 0.3 1.853
41 5 4 218.076 150.343 39.23 2.728 1.325 1.885 -0.25
41 8 3 221.986 92.789 39.172 0.378 0.615 1.71 -2.497
41 9 3 223.075 93.099 39.261 0.37 0.599 1.441 -2.523
41 11 4 217.888 93.009 39.009 1.695 0.814 1.698 3.104
41 12 3 218.978 65.685 38.937 0.353 0.718 1.538 -2.941
41 13 1 207.082 65.671 38.886 4.087 0.911 1.648 1.475
41 14 1 211.498 71.239 39.126 4.844 1.912 2.016 -2.217
41 15 2 206.117 60.347 39.388 6.836 1.003 2.61 1.619
41 17 3 254.827 80.302 39.487 0.42 0.554 0.983 -3.105
41 22 2 220.282 146.136 39.713 7.92 2.486 2.868 -0.238
41 23 5 200.276 78.655 38.289 0.205 0.192 0.389 3.142
41 24 3 199.376 70.075 38.312 0.183 0.169 0.398 3.142
41 30 5 179.518 61.544 38.49 4.327 1.167 0.388 1.852
42 5 4 217.03 148.501 39.269 1.393 1.173 1.771 -0.164
42 8 3 221.949 92.243 39.156 0.684 0.535 1.702 0.089
42 9 3 223.268 92.665 39.169 0.617 0.669 1.767 0.089
42 11 4 217.955 94.487 39.044 1.668 0.757 1.655 -3.09
42 12 3 218.776 66.235 39.003 0.252 0.571 1.27 -2.878
42 14 1 209.223 72.542 39.123 4.885 2.252 2.043 -1.97
42 15 2 205.391 60.093 39.264 6.638 1.47 2.725 1.606
42 17 3 253.889 80.345 39.568 0.372 0.708 1.189 -1.571
42 22 2 218.256 139.732 39.778 7.974 2.672 3.166 -0.225
42 23 5 200.236 78.649 38.29 0.23 0.174 0.359 0.138
42 24 3 199.277 70.083 38.296 0.203 0.368 0.363 0.138
42 30 5 183.23 62.439 38.21 4.728 1.304 0.678 1.911
42 34 1 214.646 56.045 38.763 3.959 1.781 1.483 0.261
43 8 3 221.898 91.637 39.336 0.542 0.524 1.383 0.055
43 9 3 223.182 92.178 39.241 0.601 0.478 1.526 0.055
43 11 4 217.923 96.049 39.029 1.843 0.699 1.659 -3.069
43 12 3 218.67 66.739 38.981 0.37 0.666 1.222 -2.904
43 14 1 206.358 73.385 39.11 4.945 2.276 2.027 -1.71
43 15 2 205.005 59.783 39.859 6.57 1.99 1.53 1.653
43 17 3 253.286 80.628 39.452 0.188 0.354 0.943 -2.98
43 22 2 216.659 133.929 39.741 8.942 2.482 3.017 -0.137
43 23 5 200.192 78.664 38.294 0.326 0.225 0.417 1.114
43 24 3 199.381 70.087 38.295 0.188 0.303 0.325 -1.21
43 30 5 186.07 62.956 38.394 4.281 1.287 0.369 -1.226
43 34 1 215.111 53.366 38.414 3.82 1.785 0.923 0.341
43 36 1 209.55 64.096 38.872 4.658 1.91 1.67 1.205
43 37 2 219.369 58.984 38.248 0.312 0.281 0.468 -3.142
44 8 3 222.108 91.124 39.254 0.572 0.978 1.399 0.829
44 9 3 223.136 91.685 39.276 0.276 0.49 1.297 0.655
44 11 4 217.905 97.496 39.011 1.692 0.706 1.643 -2.975
44 12 3 218.571 67.197 38.852 0.472 0.604 1.42 -2.835
44 14 1 203.124 73.803 39.107 4.766 2.267 2.038 -1.462
44 15 2 204.601 59.865 39.306 6.944 2.06 2.635 1.733
44 17 3 252.512 80.698 39.52 0.392 0.623 1.007 -1.571
44 22 2 215.21 127.895 39.711 9.3 2.557 2.981 -0.006
44 23 5 200.159 78.634 38.331 0.231 0.33 0.397 -0.99
44 30 5 189.048 63.432 38.296 4.425 1.739 0.899 2.008
44 34 1 215.461 51.555 38.517 1.777 1.877 0.789 0.401
44 36 1 210.706 62.957 38.855 4.691 1.947 1.599 1.086
44 37 2 219.317 59.092 38.261 0.148 0.222 0.38 3.142
44 38 2 208.5 90.242 38.419 0.183 0.276 0.484 0.53
45 8 3 222.169 90.536 39.077 0.762 0.599 1.639 -2.95
45 9 3 223.04 90.771 39.346 0.913 0.9 0.725 0
45 11 4 217.952 99.094 38.952 1.78 0.67 1.677 -2.935
45 12 3 218.514 67.737 38.834 0.651 0.59 1.534 -2.447
45 14 1 199.336 73.795 39.07 4.811 2.101 2.055 -1.203
45 15 2 204.084 60.034 39.253 6.978 1.733 2.54 1.841
45 17 3 251.808 80.747 39.494 0.677 0.286 0.983 3.082
45 22 2 214.157 121.999 39.648 7.752 2.83 2.923 0.102
45 23 5 200.12 78.646 38.308 0.29 0.314 0.456 2.198
45 34 1 216.119 48.329 38.732 1.976 1.618 1.404 0.545
45 36 1 211.736 61.524 38.881 4.668 2.152 1.694 0.99
45 37 2 219.267 59.12 38.231 0.119 0.189 0.297 -2.817
45 38 2 208.416 90.26 38.398 0.28 0.349 0.429 -3.122
45 42 2 208.501 52.433 38.139 0.177 0.152 0.392 -1.21
46 8 3 222.437 89.92 39.159 0.657 0.667 1.694 1.479
46 9 3 223.081 90.504 39.157 0.554 0.296 1.684 1.483
46 11 4 217.997 100.612 39.032 1.638 0.584 1.456 -2.644
46 12 3 218.433 68.297 38.856 1.002 0.693 1.492 0.567
46 14 1 195.344 73.476 39.023 4.691 2.158 2.008 -0.966
46 15 2 203.581 59.766 39.304 7.148 2.436 2.618 2.003
46 17 3 251.173 80.909 39.714 0.535 0.291 0.931 0.048
46 22 2 213.228 116.08 39.747 7.613 2.601 2.886 0.365
46 23 5 200.176 78.621 38.31 0.215 0.199 0.477 3.142
46 36 1 212.69 59.643 38.928 4.516 2.147 1.693 0.955
46 37 2 219.279 59.126 38.202 0.233 0.208 0.394 -0
46 38 2 208.444 90.24 38.373 0.156 0.2 0.371 -3.142
46 42 2 208.477 52.455 38.187 0.18 0.192 0.394 2.526
46 44 1 193.857 64.482 38.564 4.951 1.876 1.043 2.261
46 45 1 206.938 54.341 38.154 0.279 0.268 0.436 -2.396
46 47 1 199.295 70.134 38.323 0.29 0.26 0.47 -1.102
47 8 3 222.602 89.469 39.135 0.656 0.643 1.737 -2.984
47 9 3 223.033 90.068 39.165 0.458 0.386 1.669 -3.017
47 11 4 218.021 102.414 38.928 1.429 0.479 1.581 -2.455
47 12 3 218.353 68.822 38.85 0.506 0.609 1.555 -2.339
47 14 1 191.085 72.743 39.018 4.319 2.24 2.033 -0.7
47 15 2 202.935 59.894 39.293 7.092 2.47 2.641 2.17
47 17 3 250.503 80.765 39.643 0.583 0.246 0.814 -2.735
47 22 2 212.731 110.516 39.73 8.117 2.768 3.048 0.573
47 23 5 200.147 78.634 38.311 0.233 0.241 0.489 -0.648
47 36 1 213.381 57.795 38.92 3.807 1.979 1.74 1.091
47 37 2 219.247 59.115 38.296 0.332 0.19 0.381 3.141
47 38 2 208.416 90.296 38.533 0.177 0.279 0.167 -0
47 42 2 208.466 52.429 38.226 0.178 0.297 0.4 0
47 44 1 196.034 65.072 38.771 4.838 1.774 1.453 2.483
47 45 1 206.928 54.396 38.199 0.224 0.282 0.344 0
47 47 1 199.273 70.105 38.325 0.215 0.291 0.499 2.471
47 51 1 174.965 60.066 38.614 4.197 1.777 1.487 2.457
48 8 3 222.492 88.921 39.12 0.486 0.515 1.706 0.357
48 9 3 222.994 89.543 39.222 0.347 0.384 1.491 0.195
48 11 4 218.126 104.087 39.103 1.249 0.472 1.188 -2.249
48 12 3 218.332 69.259 38.901 0.469 0.774 1.635 -1.699
48 14 1 186.468 71.732 38.992 3.82 2.015 2.034 -0.48
48 15 2 202.227 60.057 39.305 6.918 2.184 2.61 2.377
48 17 3 249.918 80.737 39.611 0.341 0.654 0.902 2.546
48 22 2 212.276 104.882 39.643 8.176 2.768 2.975 0.832
48 23 5 200.11 78.67 38.338 0.278 0.393 0.489 2.716
48 36 1 214.142 55.11 38.924 4.261 1.975 1.708 1.131
48 37 2 219.22 59.102 38.322 0.289 0.197 0.356 -3.142
48 38 2 208.402 90.28 38.35 0.207 0.266 0.434 -2.491
48 42 2 208.473 52.494 38.22 0.167 0.293 0.399 -1.905
48 44 1 197.935 65.473 38.79 4.856 1.778 1.499 2.627
48 45 1 206.896 54.414 38.232 0.248 0.294 0.437 -1.905
48 47 1 199.271 70.133 38.334 0.273 0.326 0.493 2.725
48 51 1 179.078 60.975 38.688 4.155 1.76 1.417 2.646
49 8 3 222.384 88.348 39.06 0.503 0.574 1.567 -2.885
49 9 3 223.023 89.088 39.138 0.489 0.504 1.717 -2.9
49 12 3 218.15 69.894 38.919 0.612 0.619 1.603 -1.872
49 14 1 182.796 70.827 38.989 1.125 2.095 1.987 -0.275
49 15 2 201.724 60.104 39.307 6.876 2.221 2.457 2.617
49 17 3 249.216 80.724 39.557 0.465 0.278 0.683 -2.337
49 22 2 212.267 99.481 39.723 8.765 2.813 2.949 1.038
49 23 5 200.04 78.702 38.449 0.348 0.394 0.28 3.141
49 36 1 214.962 52.501 38.893 4.269 2.051 1.697 1.355
49 37 2 219.226 59.169 38.283 0.253 0.178 0.393 3.142
49 38 2 208.378 90.351 38.399 0.319 0.304 0.431 1.119
49 42 2 208.457 52.532 38.221 0.172 0.295 0.49 0
49 44 1 199.58 65.68 38.808 4.932 2.038 1.465 2.815
49 45 1 206.918 54.461 38.285 0.26 0.169 0.443 0
49 47 1 199.247 70.171 38.342 0.306 0.275 0.483 2.819
49 51 1 182.863 61.831 38.701 4.372 1.847 1.396 2.855
50 8 3 222.175 87.854 39.262 0.474 0.606 1.283 0.817
50 9 3 222.878 88.557 39.095 0.628 0.797 1.6 1.403
50 12 3 218.245 70.334 38.997 0.472 0.59 1.496 -1.788
50 14 1 176.293 69.266 38.941 3.918 2.03 1.969 -0.059
50 15 2 201.052 60.087 39.351 7.058 2.328 2.557 2.825
50 17 3 248.544 80.689 39.607 0.414 0.166 0.653 -1.827
50 22 2 212.012 94.161 39.576 8.631 2.645 2.816 1.25
50 23 5 200.013 78.713 38.321 0.344 0.275 0.489 -1.583
50 36 1 215.805 49.715 38.904 4.435 2.009 1.678 1.51
50 37 2 219.203 59.191 38.222 0.226 0.231 0.346 3.141
50 38 2 208.34 90.355 38.377 0.205 0.188 0.378 3.142
50 42 2 208.418 52.529 38.229 0.167 0.232 0.302 1.337
50 44 1 201.033 65.767 38.836 4.925 1.919 1.49 2.926
50 47 1 199.221 70.178 38.349 0.301 0.319 0.461 -1.581
50 51 1 186.444 62.472 38.724 4.421 2.103 1.469 3.041
51 8 3 221.978 87.361 39.06 0.677 0.518 1.593 1.2
51 9 3 222.811 88.05 39.013 0.488 0.407 1.263 0.244
51 12 3 218.048 70.853 38.912 0.472 0.381 1.681 3.075
51 14 1 171.987 68.369 38.968 1.528 2.013 1.783 -0.066
51 15 2 200.484 60.273 39.348 7.028 2.27 2.684 2.913
51 17 3 247.947 80.527 39.656 0.662 0.329 0.718 -1.568
51 22 2 212.106 89.035 39.515 8.61 2.696 2.659 1.322
51 23 5 199.992 78.68 38.321 0.213 0.194 0.429 -1.589
51 36 1 216.513 46.692 38.894 4.485 1.897 1.639 1.559
51 37 2 219.218 59.159 38.271 0.276 0.217 0.27 3.142
51 38 2 208.32 90.377 38.346 0.233 0.285 0.308 3.142
51 44 1 202.399 65.802 38.826 4.678 1.81 1.515 2.898
51 47 1 199.198 70.172 38.347 0.315 0.302 0.455 -1.6
51 51 1 189.478 63.367 38.761 4.511 1.797 1.441 3.078
52 12 3 218.016 71.399 38.886 0.452 0.456 1.412 -1.668
52 14 1 165.713 66.872 38.951 3.192 2.053 1.837 -0.009
52 15 2 199.998 60.252 39.338 6.949 2.149 2.703 2.967
52 17 3 247.311 80.656 39.614 0.57 0.371 0.736 -2.221
52 22 2 212.231 84.12 39.547 8.682 2.689 2.776 1.369
52 23 5 199.943 78.724 38.338 0.255 0.236 0.37 1.529
52 37 2 219.198 59.207 38.22 0.287 0.171 0.321 0
52 38 2 208.311 90.432 38.383 0.235 0.331 0.442 -3.141
52 44 1 203.834 65.725 38.85 4.678 1.774 1.468 2.911
52 47 1 199.163 70.216 38.35 0.231 0.251 0.449 1.46
52 51 1 192.116 63.988 38.782 4.596 1.815 1.489 3.125
53 12 3 217.989 71.949 38.95 0.51 0.461 1.451 2.345
53 14 1 160.019 65.535 38.891 3.109 2.171 1.974 -0.013
53 15 2 199.415 60.265 39.345 7.094 2.143 2.646 2.992
53 22 2 212.368 79.437 39.536 8.841 2.747 2.817 1.411
53 23 5 199.965 78.706 38.31 0.172 0.124 0.421 -2.983
53 38 2 208.285 90.468 38.373 0.164 0.278 0.416 3.142
53 44 1 205.143 65.257 38.822 4.531 1.902 1.45 2.738
53 47 1 199.1 70.275 38.316 0.178 0.161 0.3 -3.119
53 51 1 194.357 64.561 38.801 4.359 1.727 1.468 -3.127
53 59 4 133.431 46.231 38.477 0.697 0.322 1.227 -3.114
54 14 1 155.088 64.405 38.891 1.317 1.982 1.963 0.061
54 15 2 198.946 60.243 39.326 6.875 2.164 2.732 3.003
54 22 2 212.704 74.97 39.569 8.828 2.558 3.002 1.439
54 23 5 199.897 78.718 38.246 0.189 0.137 0.367 3.139
54 38 2 208.277 90.517 38.353 0.168 0.285 0.439 3.142
54 44 1 206.189 64.839 38.78 4.487 2.039 1.605 2.579
54 47 1 199.103 70.257 38.336 0.2 0.18 0.383 -3.142
54 51 1 196.412 65.003 38.786 4.29 1.807 1.502 -3.118
54 59 4 137.357 47.059 38.372 0.866 0.648 0.904 3.109
55 14 1 148.08 62.712 38.921 3.095 2.049 1.95 0.074
55 15 2 198.389 60.306 39.314 6.878 2.189 2.642 3.022
55 22 2 213.114 70.672 39.633 8.276 2.702 3.012 1.495
55 23 5 199.882 78.791 38.243 0.215 0.156 0.311 -0
55 38 2 208.239 90.56 38.345 0.185 0.32 0.335 3.142
55 44 1 206.223 64.921 38.814 2.48 1.584 1.454 2.446
55 47 1 199.101 70.369 38.303 0.201 0.114 0.391 -3.135
55 51 1 198.062 65.336 38.775 4.179 1.826 1.444 3.131
55 59 4 140.916 47.986 38.534 1.335 0.616 1.157 0.013
55 64 1 210.797 98.782 38.485 4.153 1.37 0.898 1.23
56 14 1 142.08 61.316 38.788 3.136 2.029 1.849 0.04
56 15 2 197.941 60.338 39.358 6.982 2.171 2.576 3.039
56 22 2 213.62 66.978 39.571 8.891 2.689 2.892 -1.607
56 23 5 199.869 78.889 38.297 0.306 0.315 0.421 0
56 47 1 199.063 70.443 38.316 0.104 0.116 0.307 3.142
56 51 1 199.442 65.598 38.75 4.236 1.844 1.452 3.142
56 59 4 145.012 49.154 38.595 0.887 0.684 1.187 -3.01
56 64 1 210.812 94.796 38.49 3.859 1.63 0.765 1.372
57 14 1 137.005 60.166 38.832 1.055 1.983 1.828 -0.012
57 15 2 197.448 60.302 39.328 7.062 2.134 2.694 3.063
57 22 2 213.976 63.326 39.624 8.556 2.321 2.959 1.506
57 51 1 200.53 65.7 38.687 4.375 1.795 1.412 3.074
57 59 4 148.633 50.159 38.725 1.512 0.606 1.208 3.068
57 64 1 210.194 90.781 38.548 4.268 1.144 0.934 1.313
58 14 1 130.966 58.841 38.866 0.934 1.968 1.89 0.065
58 15 2 196.933 60.351 39.327 6.869 2.088 2.578 3.071
58 22 2 214.649 59.95 39.821 7.814 2.427 2.102 -1.595
58 51 1 201.021 65.729 38.668 3.582 1.82 1.382 2.992
58 59 4 152.498 51.196 38.59 1.694 0.729 1.62 -3.06
58 64 1 209.389 85.914 38.443 1.472 0.932 0.283 1.349
59 14 1 124.99 57.513 38.859 1.004 1.949 1.94 0.03
59 15 2 196.47 60.354 39.33 6.963 2.115 2.492 3.067
59 22 2 215.072 55.924 39.583 8.62 2.25 2.593 1.498
59 51 1 200.748 65.708 38.687 1.49 1.814 1.443 2.909
59 59 4 156.277 52.129 38.658 1.727 0.774 1.573 -3.093
59 64 1 209.011 83.992 38.54 2.484 1.76 0.773 1.119
60 14 1 119.065 56.289 38.946 1.035 2.018 1.739 0.014
60 15 2 195.928 60.34 39.354 6.939 2.102 2.532 3.065
60 22 2 214.943 51.489 39.448 7.071 0.747 2.553 1.559
60 51 1 202.54 65.579 38.694 3.639 1.72 1.293 2.811
60 59 4 159.923 52.931 38.67 1.633 0.773 1.568 -3.106
60 64 1 207.883 82.4 38.488 4.696 1.186 0.792 1.02
61 14 1 111.986 54.891 38.824 3.429 2.095 1.992 0.027
61 15 2 195.495 60.344 39.141 6.854 2.154 2.477 3.071
61 51 1 203.495 65.355 38.509 3.796 1.738 1.09 2.766
61 59 4 163.352 53.785 38.66 1.647 0.825 1.546 -3.099
61 64 1 206.756 80.179 38.481 4.276 1.8 1.231 0.883
62 14 1 106.227 53.707 38.758 3.404 1.997 1.79 0
62 15 2 194.95 60.435 39.463 6.544 2.099 2.341 3.133
62 51 1 204.674 64.953 38.634 3.72 1.709 1.262 2.6
62 59 4 166.623 54.71 38.794 1.46 0.608 1.326 -3.121
63 14 1 101.743 52.779 38.73 0.923 2.05 1.804 0.073
63 15 2 194.823 60.466 39.422 7.101 2.074 2.288 3.137
63 59 4 169.665 55.522 38.749 1.497 0.542 1.136 -3.029
64 14 1 94.8 51.445 38.87 3.406 2.067 1.733 0.023
64 15 2 192.02 60.015 39.262 1.178 1.909 2.114 3.131
64 59 4 172.403 56.29 38.782 1.333 0.628 1.063 3.109
65 14 1 89.01 50.319 38.794 3.422 2.034 2.033 0.016
65 15 2 192.055 60.09 39.207 1.187 1.96 2.169 3.142
65 59 4 174.85 56.963 38.648 1.061 0.572 0.802 3.14
66 14 1 84.34 49.343 38.862 0.972 2.007 1.723 0.012
66 59 4 177.493 57.523 38.65 0.672 0.485 0.621 2.828
66 72 5 65.144 65.177 38.278 4.297 0.855 0.331 1.536
66 74 1 93.296 47.971 38.084 0.362 0.463 0.408 -1.59
67 14 1 77.285 48.05 38.884 3.403 2.106 1.785 0.021
67 72 5 65.393 65.202 38.144 4.063 0.46 0.512 1.523
67 74 1 93.26 47.962 38.113 0.383 0.126 0.338 0.006
68 14 1 72.716 47.134 38.92 0.943 2.054 1.831 0.056
68 72 5 65.222 65.186 38.427 3.99 0.707 1.526 1.526
68 74 1 93.116 47.967 38.205 0.147 0.113 0.396 0
69 14 1 66.85 45.937 38.897 0.912 2.048 1.887 0.033
69 72 5 64.954 65.282 38.478 4.389 1.164 1.59 1.546
69 74 1 93.083 48.014 38.182 0.246 0.162 0.474 0.037
69 85 1 89.329 55.291 38.181 0.212 0.312 0.307 0
70 14 1 60.731 44.767 38.925 0.986 2.041 1.908 0.011
70 72 5 65.002 65.34 38.535 4.463 1.24 1.653 1.483
70 74 1 93.027 48.037 38.264 0.153 0.148 0.393 1.616
70 85 1 89.336 55.338 38.086 0.14 0.193 0.443 3.11
71 14 1 54.497 43.389 38.909 0.972 1.977 1.796 0.067
71 72 5 64.868 65.34 38.568 4.308 1.423 1.534 1.56
71 74 1 93.038 48.066 38.213 0.162 0.201 0.465 -3.105
71 85 1 89.328 55.362 38.102 0.283 0.193 0.46 -3.119
71 100 1 91.153 40.102 38.15 0.171 0.155 0.403 -3.122
72 14 1 47.015 41.719 38.991 3.552 2.026 1.908 0.143
72 72 5 64.72 65.342 38.565 4.41 1.733 1.66 1.565
72 74 1 93.025 48.014 38.276 0.245 0.407 0.474 -3.055
72 85 1 89.328 55.381 38.118 0.146 0.24 0.459 -0.304
72 100 1 91.138 40.157 38.203 0.255 0.196 0.41 -3.078
73 14 1 41.923 40.723 39.079 0.929 1.996 1.648 0.094
73 72 5 64.927 65.391 38.612 4.36 1.202 1.556 1.624
73 74 1 92.995 48.128 38.267 0.218 0.176 0.48 -0.011
73 100 1 91.119 40.175 38.206 0.189 0.104 0.478 0.004
74 14 1 35.65 39.337 38.956 1.15 1.957 1.738 0.188
74 72 5 64.845 65.356 38.58 4.492 1.582 1.656 1.718
74 74 1 93.003 48.164 38.241 0.293 0.247 0.506 0.247
74 100 1 91.136 40.218 38.195 0.303 0.156 0.525 0.178
75 14 1 29.569 38.059 39.019 0.881 1.735 1.761 0.351
75 72 5 64.793 65.358 38.606 4.387 1.699 1.659 1.831
75 74 1 92.966 48.176 38.195 0.12 0.219 0.365 -0
75 100 1 91.116 40.232 38.173 0.089 0.183 0.368 1.688
76 14 1 23.58 36.811 39.473 0.87 1.983 1.069 0.514
76 72 5 64.755 65.415 38.62 4.483 1.647 1.572 1.977
76 129 3 46.325 50.193 38.689 0.33 0.665 1.355 -2.685
77 72 5 64.724 65.416 38.628 4.448 1.871 1.645 2.139
77 129 3 46.521 50.296 38.719 0.586 0.835 1.554 0.323
77 130 1 59.153 63.382 38.03 0.158 0.165 0.409 2.145
77 132 5 70.445 43.075 39.295 1.788 1.628 2.418 -0.846
77 133 5 66.947 65.39 38.044 0.125 0.21 0.381 2.145
77 138 4 97.241 46.316 38.741 2.12 0.589 1.632 -2.502
77 140 3 90.501 21.041 39.269 0.42 0.516 1.017 1.519
78 72 5 64.682 65.561 38.657 4.732 1.942 1.599 2.305
78 129 3 46.838 50.166 38.822 0.497 0.82 1.308 0.919
78 130 1 59.148 63.4 38.001 0.275 0.21 0.386 2.278
78 132 5 70.464 43.248 39.279 1.659 1.503 2.344 -0.739
78 133 5 66.969 65.416 38.055 0.223 0.278 0.458 2.339
78 138 4 103.138 47.584 38.66 2.063 0.585 1.339 -2.316
78 140 3 90.625 21.597 39.377 0.302 0.598 0.891 -0.962
78 144 2 71.778 92.3 37.741 0.418 0.217 0.51 0.696
79 72 5 64.756 65.457 38.64 4.498 1.864 1.637 2.438
79 129 3 47.223 50.176 38.693 0.355 0.953 1.443 1.041
79 130 1 59.175 63.427 38.066 0.268 0.242 0.389 -0.561
79 132 5 70.461 43.167 39.273 1.609 1.774 2.37 -0.603
79 133 5 66.964 65.419 38.111 0.313 0.222 0.374 0.991
79 138 4 108.977 48.885 38.655 2.152 0.603 1.124 -2.103
79 140 3 90.876 22.216 39.489 0.596 0.365 0.627 1.042
79 144 2 71.824 92.344 37.702 0.495 0.252 0.488 0.879
80 72 5 64.763 65.483 38.674 4.473 1.864 1.687 2.66
80 130 1 59.177 63.452 38.071 0.271 0.221 0.339 2.698
80 132 5 70.552 43.286 39.756 0.407 0.514 1.709 -0.392
80 133 5 66.971 65.454 38.041 0.244 0.242 0.368 2.662
80 138 4 114.581 49.991 38.733 1.339 0.621 1.108 -1.988
80 140 3 91.175 22.812 39.195 0.356 0.276 0.723 1.192
80 144 2 71.799 92.408 37.777 0.357 0.508 0.272 2.664
80 158 3 47.58 50.062 38.699 0.415 0.684 1.361 1.203
81 72 5 64.81 65.564 38.671 4.525 1.862 1.642 2.836
81 130 1 59.21 63.471 38.052 0.247 0.193 0.407 -0.257
81 132 5 70.583 43.326 39.882 0.372 0.501 1.839 -0.393
81 138 4 120.492 51.309 38.694 1.342 0.494 0.916 -1.819
81 140 3 91.496 23.453 39.435 0.528 0.229 0.535 1.237
81 144 2 71.835 92.348 37.858 0.214 0.357 0.392 -0.181
81 158 3 47.889 50.078 38.733 0.437 0.76 1.481 1.556
82 72 5 64.757 65.732 38.677 4.404 1.846 1.676 3.001
82 132 5 70.551 43.403 39.853 0.352 0.548 1.555 -0.217
82 140 3 92.042 23.979 39.314 0.361 0.169 0.619 1.41
82 144 2 71.894 92.355 37.953 0.185 0.236 0.306 -2.419
82 158 3 48.27 50.035 38.713 0.379 0.569 1.377 1.862
83 72 5 64.705 65.828 38.677 4.305 2.083 1.611 3.081
83 132 5 70.586 43.357 39.905 0.773 0.335 1.887 -1.765
83 133 5 67.006 65.598 38.092 0.245 0.302 0.515 2.917
83 144 2 71.892 92.374 37.851 0.31 0.414 0.45 -3.113
83 158 3 48.508 50.26 38.725 0.525 1.009 1.441 -1.561
83 171 5 66.355 97.625 37.91 0.23 0.236 0.677 -1.495
83 173 2 65.038 102.265 37.761 0.135 0.202 0.421 -3.094
84 72 5 64.788 65.948 38.644 4.178 1.709 1.615 3.126
84 130 1 59.258 63.542 38.056 0.28 0.294 0.413 3.092
84 132 5 70.616 43.568 38.905 0.89 0.721 1.076 -0.156
84 133 5 67.043 65.65 38.114 0.319 0.399 0.436 1.695
84 144 2 71.919 92.406 37.899 0.325 0.467 0.497 -0.016
84 158 3 48.798 50.17 38.666 0.776 0.923 1.504 1.518
84 171 5 66.401 97.633 37.957 0.169 0.237 0.58 0
84 173 2 65.084 102.242 37.812 0.199 0.15 0.501 -1.646
85 72 5 64.822 65.953 38.661 4.123 1.726 1.675 -3.14
85 130 1 59.274 63.552 38.035 0.255 0.283 0.448 -3.114
85 132 5 70.626 43.646 38.996 0.756 0.567 0.986 -0.013
85 133 5 67.116 65.578 38.083 0.266 0.269 0.412 3.127
85 144 2 71.954 92.461 37.892 0.477 0.533 0.422 1.695
85 158 3 49.337 50.069 38.7 0.339 0.426 1.339 2.132
85 171 5 66.426 97.654 37.999 0.281 0.308 0.624 -0.007
85 173 2 65.133 102.256 37.87 0.194 0.213 0.486 0.001
85 177 3 78.742 101.471 38.463 0.335 0.623 1.544 1.586
85 178 5 67.787 101.454 38.182 0.28 0.776 0.589 -1.539
86 72 5 64.881 66.003 38.647 4.1 1.681 1.611 3.126
86 132 5 70.659 43.673 39.311 0.741 0.515 1.138 0.02
86 133 5 67.143 65.605 38.07 0.193 0.201 0.396 0.068
86 144 2 71.957 92.47 37.884 0.455 0.419 0.557 0.002
86 158 3 49.521 50.346 38.649 0.615 0.804 1.399 1.844
86 171 5 66.492 97.627 38.02 0.226 0.271 0.621 0.04
86 173 2 65.204 102.293 37.896 0.23 0.238 0.662 -0.028
86 177 3 78.511 101.415 38.493 0.507 0.673 1.519 -1.54
86 178 5 68.021 101.171 38.228 0.483 1.377 0.888 -1.553
87 72 5 64.931 66.03 38.594 3.964 1.646 1.528 -3.132
87 132 5 70.742 43.658 38.913 0.909 0.58 1.01 -0.022
87 144 2 71.955 92.486 37.9 0.498 0.461 0.503 -0.022
87 158 3 49.858 50.407 38.663 0.428 0.536 1.351 -1.473
87 171 5 66.496 97.677 37.997 0.395 0.311 0.687 -3.129
87 173 2 65.224 102.272 37.925 0.229 0.241 0.642 -0.051
87 178 5 68.214 101.141 38.179 0.612 1.403 0.838 -1.558
88 72 5 65.107 65.994 38.586 4.022 1.442 1.588 3.128
88 132 5 70.641 43.641 40.165 0.857 0.938 2.618 0.008
88 133 5 67.217 65.647 38.041 0.318 0.326 0.488 -1.697
88 144 2 71.938 92.551 37.931 0.562 0.295 0.512 -0.022
88 158 3 50.159 50.498 38.725 0.516 0.783 1.326 1.899
88 171 5 66.508 97.667 37.973 0.331 0.356 0.698 1.595
88 173 2 65.259 102.268 37.888 0.344 0.24 0.652 1.595
88 178 5 68.848 101.394 38.295 2.105 1.778 1.48 -1.517
88 189 1 61.029 136.857 37.966 2.413 0.449 0.809 -0.017
89 72 5 65.24 65.983 38.622 4.053 1.264 1.587 3.119
89 132 5 70.716 43.61 40.676 0.597 0.338 2.184 -0.022
89 158 3 50.593 50.632 38.732 0.394 0.389 1.201 -1.603
89 171 5 66.522 97.726 38.133 0.327 0.366 0.505 0.004
89 173 2 65.255 102.293 37.924 0.164 0.194 0.566 0.018
89 178 5 69.991 101.613 38.295 4.444 1.855 1.512 -1.551
89 189 1 61.077 136.678 37.962 3.382 0.438 1.286 3.126
89 192 4 46.699 146.177 37.645 0.51 0.177 0.589 1.135
90 72 5 65.09 66.866 38.621 2.21 0.966 1.452 2.809
90 132 5 70.742 43.664 40.217 1.024 0.92 3.705 -0.02
90 158 3 50.628 50.685 38.644 0.614 0.77 1.302 2.183
90 171 5 66.57 97.745 37.998 0.255 0.247 0.499 0.022
90 173 2 65.286 102.328 38.196 0.095 0.204 0.126 0.008
90 177 3 78.095 101.046 38.579 0.41 0.677 1.597 1.678
90 178 5 69.41 101.58 38.303 3.333 2.145 1.479 -1.537
90 189 1 61.206 136.507 37.985 3.701 0.486 1.347 -3.133
90 192 4 46.355 145.885 37.589 1.175 0.506 0.855 2.069
91 72 5 65.541 66.017 38.369 3.958 0.709 1.193 -3.104
91 158 3 51.255 50.756 38.895 0.423 0.295 1.051 -3.026
91 171 5 66.587 97.805 37.997 0.33 0.348 0.742 -3.008
91 173 2 65.304 102.351 38.108 0.266 0.194 0.347 0.191
91 177 3 78.088 100.936 38.714 0.267 0.525 1.301 -1.332
91 178 5 69.989 101.794 38.321 4.393 1.871 1.498 -1.577
91 189 1 61.33 136.548 38.078 3.715 0.514 1.375 -3.125
91 192 4 47.003 144.524 37.398 1.509 0.304 0.579 1.237
92 72 5 65.327 67.746 38.433 0.531 1.135 1.093 -3.079
92 171 5 66.652 97.808 38.023 0.231 0.217 0.655 2.514
92 173 2 65.366 102.398 37.937 0.305 0.295 0.64 0.093
92 177 3 78.093 100.881 38.526 0.41 0.469 1.671 -1.433
92 178 5 70.12 101.827 38.268 4.362 1.891 1.507 -1.547
92 189 1 61.483 136.49 38.23 3.977 0.929 1.99 -3.072
92 192 4 47.184 142.366 37.716 1.267 0.482 0.778 0.926
92 212 3 33.148 159.228 38.374 0.577 0.477 0.903 1.586
92 215 3 40.746 165.518 37.986 0.398 0.615 1.539 -0.216
92 217 3 39.469 165.152 37.99 0.482 0.306 0.928 -1.593
93 72 5 65.22 66.886 38.683 2.143 1.089 1.163 -3.13
93 171 5 66.704 97.859 37.987 0.263 0.205 0.592 -2.916
93 173 2 65.385 102.423 37.956 0.148 0.089 0.427 1.627
93 177 3 78.009 100.994 38.887 0.367 0.36 0.85 0.082
93 178 5 70.26 101.815 38.258 4.515 1.974 1.459 -1.564
93 189 1 61.518 136.589 38.073 3.967 0.906 1.461 -3.102
93 192 4 47.135 142.047 37.699 1.221 0.266 0.812 1.288
93 212 3 33.341 158.454 38.434 0.185 0.141 1.091 1.5
93 215 3 40.739 165.464 38.167 0.426 0.477 1.43 -0.024
93 217 3 39.462 165.223 37.976 0.135 0.324 1.029 -0.024
93 221 4 57.859 146.355 37.538 0.181 0.276 0.449 3.066
93 223 3 58.583 141.92 37.478 0.274 0.184 0.418 3.106
93 225 1 56.185 166.275 38.245 2.195 1.381 1.091 -0.507
93 226 3 33.383 157.761 38.501 0.221 0.315 0.303 1.5
93 227 2 58.906 140.258 37.644 0.265 0.357 0.675 3.12
93 231 1 58.351 143.683 37.558 0.23 0.33 0.426 3.106
93 232 1 59.257 138.606 37.627 0.119 0.209 0.593 -3.102
93 233 1 57.295 149.865 37.556 0.238 0.289 0.483 3.066
94 72 5 65.45 67.872 38.259 0.11 0.379 0.274 3.054
94 171 5 66.722 97.846 38.036 0.218 0.175 0.321 3.096
94 177 3 77.887 101.113 39.014 0.369 0.32 0.554 1.654
94 178 5 69.952 101.766 38.283 3.805 1.742 1.498 -1.533
94 189 1 61.707 136.628 38.066 4.016 1.255 1.5 -3.098
94 192 4 46.612 142.686 37.58 1.641 0.616 0.774 0.012
94 212 3 34.13 157.879 38.408 0.349 0.546 0.67 -1.482
94 215 3 40.787 165.592 38.043 0.574 0.486 1.568 0
94 217 3 39.522 165.236 37.93 0.447 0.551 1.318 -1.34
94 221 4 57.886 146.31 37.522 0.207 0.32 0.467 0.017
94 223 3 58.693 141.919 37.589 0.218 0.094 0.392 0.017
94 225 1 56.154 166.299 38.487 2.453 1.029 0.992 -0.349
94 226 3 34.16 158.621 38.528 0.399 0.275 0.923 -1.482
94 227 2 58.916 140.308 37.665 0.353 0.25 0.501 0.017
94 231 1 58.409 143.626 37.595 0.259 0.244 0.422 0.017
94 232 1 59.292 138.596 37.658 0.351 0.155 0.632 0.023
94 233 1 57.273 149.873 37.614 0.174 0.197 0.56 0.017
94 235 1 62.472 147.076 38.397 1.691 1.571 0.948 -0.875
94 237 3 34.72 159.165 38.504 0.213 0.222 0.944 -1.482
94 238 1 41.828 176.094 37.886 0.822 1.756 0.876 -3.137
95 72 5 65.325 66.879 38.79 2.081 1.01 1.116 -3.102
95 171 5 66.793 97.82 38.038 0.162 0.134 0.366 0
95 178 5 69.68 101.698 38.412 3.071 1.414 1.241 -1.626
95 189 1 61.932 136.75 38.094 4.204 1.716 1.532 -3.091
95 192 4 46.596 143.259 37.579 0.741 0.354 0.778 0.2
95 212 3 34.862 157.84 38.439 0.478 0.457 0.84 -1.489
95 215 3 40.851 165.672 37.973 0.829 0.63 1.395 0.164
95 217 3 39.641 165.312 37.982 0.631 0.464 1.396 -0.701
95 221 4 57.91 146.356 37.618 0.167 0.181 0.556 -3.124
95 223 3 58.748 141.924 37.654 0.231 0.257 0.566 -3.124
95 225 1 56.316 166.522 38.258 2.824 1.551 1.572 -0.574
95 226 3 35.372 159.119 38.416 0.363 0.397 0.828 -1.489
95 227 2 58.973 140.314 37.663 0.452 0.293 0.689 -3.124
95 231 1 58.45 143.65 37.68 0.306 0.28 0.595 -3.124
95 232 1 59.348 138.553 37.631 0.294 0.207 0.581 -3.124
95 233 1 57.33 149.848 37.602 0.326 0.301 0.649 -3.124
95 235 1 63.27 147.86 38.115 4 1.705 1.678 -0.906
95 237 3 34.897 158.474 38.415 0.334 0.449 0.863 -1.489
95 238 1 41.771 176.611 38.017 2.243 2.129 1.487 -3.11
95 243 4 57.616 148.542 37.623 0.127 0.217 0.456 -3.124
96 189 1 62.128 136.83 38.109 4.326 2.037 1.519 -3.113
96 212 3 35.561 157.898 38.46 0.452 0.33 0.729 -1.575
96 215 3 40.958 165.5 38.134 0.483 0.474 1.572 1.577
96 217 3 39.622 165.353 38.016 0.641 0.574 1.291 -1.532
96 221 4 57.94 146.35 37.701 0.208 0.264 0.617 -3.116
96 223 3 58.807 142.007 37.631 0.35 0.322 0.542 -3.116
96 225 1 56.34 166.53 38.222 2.891 1.575 1.615 -0.549
96 226 3 36.209 159.082 38.312 0.38 0.434 0.976 3.089
96 227 2 58.987 140.366 37.718 0.321 0.314 0.617 -3.116
96 231 1 58.479 143.658 37.669 0.279 0.319 0.553 -3.116
96 232 1 59.364 138.586 37.677 0.306 0.243 0.623 -3.116
96 233 1 57.351 149.867 37.678 0.294 0.233 0.513 -3.116
96 235 1 63.262 147.928 38.088 4.047 2.012 1.715 -0.819
96 237 3 35.629 158.545 38.435 0.563 0.467 0.749 0.002
96 238 1 41.778 176.617 38.06 2.091 1.912 1.313 3.141
96 243 4 57.659 148.582 37.662 0.258 0.197 0.465 -3.116
96 246 3 24.227 159.277 38.66 0.368 0.502 1.238 0.073
96 247 4 44.649 152.88 37.628 0.578 0.248 0.723 1.286
97 189 1 62.025 136.87 38.118 4.473 1.913 1.54 -3.112
97 212 3 36.38 157.901 38.391 0.296 0.472 1.046 1.054
97 215 3 40.947 165.619 38.072 0.813 0.644 1.381 0.043
97 217 3 39.621 165.327 38.05 0.73 0.469 1.432 -3.057
97 221 4 57.95 146.374 37.68 0.28 0.299 0.657 3.069
97 223 3 58.806 141.956 37.648 0.291 0.295 0.549 3.069
97 225 1 56.361 166.571 38.268 2.984 1.69 1.593 -0.559
97 226 3 36.957 159.015 38.346 0.292 0.465 1.093 -2.162
97 227 2 59.028 140.286 37.674 0.327 0.407 0.58 3.069
97 231 1 58.485 143.617 37.659 0.309 0.326 0.656 3.069
97 232 1 59.394 138.62 37.785 0.201 0.203 0.445 3.069
97 233 1 57.389 149.929 37.678 0.323 0.214 0.459 -3.018
97 235 1 63.308 147.929 38.106 4.074 1.814 1.695 -0.847
97 237 3 36.256 158.487 38.361 0.336 0.461 1.079 1.093
97 238 1 41.723 177.489 37.956 3.987 1.86 1.528 -3.108
97 243 4 57.686 148.562 37.642 0.358 0.256 0.631 3.069
97 246 3 24.944 159.194 38.638 0.358 0.565 1.328 3.124
97 247 4 44.246 152.746 37.813 1.719 0.315 0.797 1.675
97 252 3 72.403 145.01 38.511 0.416 0.48 1.041 -0.691
98 189 1 62.02 137.109 38.123 4.323 1.811 1.51 -3.11
98 212 3 37.039 157.936 38.393 0.377 0.354 0.85 -2.747
98 215 3 40.935 165.552 38.177 0.556 0.501 1.72 0.512
98 217 3 39.725 165.376 37.974 0.693 0.381 1.321 -0.193
98 221 4 57.946 146.381 37.716 0.239 0.244 0.703 -0.886
98 223 3 58.834 142.001 37.901 0.109 0.163 0.086 -0.822
98 225 1 56.574 166.717 38.178 3.529 1.697 1.835 -0.654
98 226 3 37.672 158.854 38.124 0.415 0.451 1.348 -2.74
98 231 1 58.493 143.642 37.689 0.306 0.199 0.612 -0.822
98 233 1 57.407 149.858 37.692 0.279 0.241 0.699 -0.886
98 235 1 63.058 147.691 38.156 3.386 1.939 1.732 -0.842
98 237 3 36.916 158.539 38.494 0.21 0.365 1.066 -2.367
98 238 1 41.789 177.629 38.006 4.139 1.787 1.607 3.128
98 243 4 57.707 148.593 37.677 0.184 0.218 0.663 -0.886
98 246 3 25.557 159.039 38.582 0.484 0.411 1.139 1.663
98 247 4 44.002 152.476 37.818 2.344 0.794 1.065 1.874
98 252 3 72.952 144.784 38.519 0.481 0.399 1.015 2.004
98 258 3 11.424 162.156 38.594 1.043 0.676 1.658 -2.62
98 259 5 0 157.68 38.52 0.29 0.368 1.193 -2.996
99 189 1 62.06 137.15 38.121 4.269 1.8 1.506 -3.108
99 212 3 37.873 157.857 38.39 0.423 0.557 1.027 -2.107
99 215 3 41.02 165.561 38.218 0.591 0.621 1.757 0.034
99 217 3 39.683 165.426 38.084 0.761 0.482 1.597 -0.063
99 223 3 58.867 142.07 37.758 0.241 0.264 0.413 3.087
99 225 1 56.698 166.936 38.207 3.858 1.65 1.835 -0.603
99 226 3 38.467 158.69 38.09 0.467 0.592 1.608 -2.211
99 227 2 59.081 140.434 37.728 0.355 0.438 0.67 3.118
99 233 1 57.46 149.919 37.683 0.289 0.392 0.654 -3.074
99 235 1 63.211 148.012 38.173 4.032 1.738 1.724 -0.85
99 237 3 37.652 158.432 38.179 0.298 0.385 1.645 -2.076
99 238 1 41.723 177.578 38.061 4.082 2.132 1.653 -3.128
99 243 4 57.744 148.584 37.789 0.15 0.172 0.41 -3.057
99 246 3 26.126 158.963 38.551 0.609 0.597 1.473 1.305
99 247 4 44.52 152.281 37.812 1.347 0.255 1.096 1.52
99 252 3 73.342 144.583 38.232 0.67 0.683 1.563 -2.41
99 258 3 11.46 162.435 38.504 0.308 0.482 1.463 1.363
99 259 5 0.3 157.642 38.679 0.201 0.552 1.1 1.503
99 262 4 44.678 150.678 37.714 0.823 0.184 0.879 1.129
99 268 5 57.235 161.516 38.089 0.366 0.493 0.076 -1.231
99 275 3 11.369 161.559 38.487 0.501 0.533 1.501 1.363
99 280 4 44.132 151.014 37.824 1.053 0.256 1.086 1.467
99 284 3 16.394 164.845 38.542 0.473 0.603 1.366 1.03
99 286 3 14.349 166.838 38.601 0.466 0.419 1.221 -0.695
100 189 1 62.099 137.181 38.052 4.174 1.769 1.513 -3.11
100 212 3 38.517 157.869 38.135 0.399 0.586 1.631 -1.481
100 215 3 40.979 165.588 38.139 0.725 0.556 1.697 0.817
100 217 3 39.745 165.416 38.055 0.756 0.483 1.508 -0.281
100 221 4 58.053 146.484 37.71 0.411 0.338 0.672 -3.072
100 223 3 58.925 142.144 37.634 0.339 0.265 0.585 1.645
100 225 1 56.724 166.975 38.187 3.987 1.749 1.834 -0.586
100 226 3 39.18 158.55 38.126 0.533 0.576 1.646 -2.778
100 227 2 59.121 140.477 37.709 0.279 0.291 0.705 -0.11
100 231 1 58.622 143.749 37.676 0.334 0.356 0.63 -3.072
100 235 1 63.395 148.164 38.353 4.346 1.711 1.351 -0.866
100 237 3 38.346 158.39 38.122 0.398 0.499 1.632 -1.484
100 238 1 41.695 177.671 38.096 4.237 2.146 1.628 -3.12
100 246 3 26.871 158.82 38.437 0.461 0.507 1.691 -1.551
100 247 4 44.537 152.274 37.87 0.417 1.475 1.085 -0.157
100 252 3 74.001 144.081 38.759 0.277 0.669 0.534 -2.586
100 258 3 11.572 162.446 38.689 0.601 0.305 1.513 -0.305
100 259 5 0.423 157.248 38.599 0.431 0.544 1.26 -1.532
100 262 4 44.845 150.651 37.731 0.698 0.198 0.781 -2.054
100 268 5 57.73 161.582 38.029 1.392 1.063 0.29 -1.263
100 275 3 11.418 161.542 38.498 0.445 0.449 1.452 -1.941
100 280 4 44.278 150.992 37.854 0.825 0.451 1.026 -1.722
100 284 3 16.449 164.737 38.517 0.474 0.315 1.381 -3.101
100 286 3 14.372 166.798 38.703 0.486 0.532 1.412 0.798
100 293 3 39.216 208.063 38.065 0.407 0.768 1.288 0.146
101 189 1 62.142 137.145 38.078 4.24 1.834 1.524 -3.1
101 212 3 39.17 157.585 38.137 0.498 0.638 1.676 -1.909
101 215 3 41.097 165.579 38.122 0.608 0.64 1.717 1.271
101 217 3 39.813 165.409 38.074 0.558 0.766 1.601 1.038
101 221 4 58.098 146.566 37.683 0.281 0.235 0.677 3.095
101 223 3 58.963 142.117 37.653 0.174 0.212 0.603 3.136
101 225 1 56.97 167.408 38.214 4.86 1.832 1.896 -0.572
101 226 3 39.92 158.387 38.15 0.48 0.607 1.676 -1.895
101 227 2 59.194 140.396 37.702 0.239 0.188 0.641 3.136
101 231 1 58.631 143.793 37.659 0.182 0.213 0.594 3.136
101 233 1 57.54 150.009 37.69 0.248 0.23 0.658 -3.131
101 235 1 63.414 148.369 38.256 4.36 1.685 1.493 -0.82
101 237 3 39.087 158.154 38.214 0.664 0.433 1.66 -1.905
101 238 1 41.889 177.649 38.074 4.271 1.855 1.669 -3.141
101 243 4 57.82 148.672 37.67 0.139 0.159 0.608 -3.072
101 246 3 27.569 158.754 38.466 0.636 0.633 1.707 -1.598
101 247 4 44.513 152.266 37.87 1.578 0.493 1.039 1.404
101 258 3 11.723 162.646 38.659 0.435 0.52 1.628 0.925
101 259 5 0.697 157.219 38.542 0.337 0.501 1.399 0.984
101 262 4 44.868 150.661 37.822 0.688 0.381 1.047 1.14
101 268 5 58.451 161.852 37.879 3.008 1.069 1.119 -1.347
101 275 3 11.485 161.579 38.795 0.257 0.494 1.364 0.925
101 280 4 44.233 150.955 38.032 0.675 0.469 0.629 -1.758
101 284 3 16.641 164.434 38.625 0.22 0.477 1.272 -2.754
101 286 3 14.415 166.843 39.069 0.359 0.475 0.767 0.629
101 293 3 39.097 208.044 38.125 0.3 0.377 0.825 0
102 189 1 62.214 137.253 38.06 4.031 1.777 1.413 -3.118
102 212 3 39.729 157.33 38.103 0.434 0.692 1.597 -1.535
102 215 3 41.141 165.648 38.205 0.735 0.596 1.824 0.381
102 217 3 39.825 165.305 38.112 0.471 0.568 1.649 1.55
102 221 4 58.125 146.573 37.666 0.259 0.294 0.573 0.015
102 223 3 58.998 142.157 37.635 0.241 0.243 0.609 0.015
102 225 1 56.533 166.707 38.249 3.329 1.784 1.815 -0.538
102 226 3 40.466 158.198 38.121 0.76 0.619 1.63 -1.609
102 227 2 59.244 140.397 37.714 0.368 0.264 0.664 0.015
102 231 1 58.671 143.851 37.656 0.35 0.365 0.653 0.015
102 233 1 57.569 150.063 37.658 0.375 0.275 0.678 0.015
102 235 1 63.605 148.47 38.528 4.093 1.803 0.882 -0.821
102 237 3 39.7 157.995 38.128 0.54 0.56 1.706 -1.524
102 238 1 41.857 177.707 38.085 4.356 2.001 1.618 -3.127
102 243 4 57.842 148.736 37.661 0.306 0.238 0.538 0.015
102 246 3 28.21 158.753 38.392 0.535 0.604 1.702 -1.558
102 258 3 11.677 162.627 38.599 0.396 0.49 1.616 -0
102 262 4 44.604 150.085 37.762 1.418 0.801 0.978 1.332
102 268 5 58.419 161.826 37.826 2.76 1.149 1.1 -1.278
102 275 3 11.495 161.629 38.615 0.456 0.432 1.586 -0
102 280 4 43.93 150.791 38.006 1.339 0.507 0.549 -2.125
102 284 3 16.817 164.252 38.459 0.323 0.464 1.392 1.545
102 286 3 14.493 166.851 38.647 0.448 0.379 1.491 -1.62
102 293 3 39.196 208.126 38.244 0.444 0.464 0.99 -1.54
102 322 5 35.262 189.11 38.887 0.237 0.402 0.261 3.135
102 325 1 50.477 205.767 37.832 1.485 0.642 0.683 0.06
102 326 4 56.967 172.238 37.777 1.3 0.397 0.96 -1.953
103 189 1 62.219 137.336 37.965 3.857 1.683 1.299 -3.106
103 212 3 40.374 157.095 38.132 0.571 0.839 1.692 -2.069
103 215 3 41.115 165.648 38.167 0.667 0.716 1.759 -0.323
103 217 3 39.8 165.3 38.123 0.547 0.555 1.623 -1.33
103 221 4 58.182 146.594 37.655 0.255 0.264 0.628 3.104
103 223 3 59.023 142.189 37.691 0.247 0.118 0.467 -3.137
103 225 1 56.809 167.147 38.212 4.22 2.179 1.809 -0.601
103 226 3 41.303 158.022 38.135 0.581 0.48 1.688 -1.751
103 227 2 59.278 140.397 37.662 0.4 0.363 0.665 -3.039
103 231 1 58.7 143.815 37.529 0.267 0.272 0.421 -3.09
103 233 1 57.56 150.154 37.656 0.281 0.329 0.644 1.54
103 235 1 63.667 148.409 38.32 4.422 1.729 1.338 -0.807
103 237 3 40.418 157.803 38.151 0.697 0.545 1.768 -2.505
103 238 1 41.887 177.811 38.152 4.409 1.929 1.728 -3.13
103 243 4 57.877 148.738 37.64 0.248 0.291 0.555 1.673
103 246 3 28.96 158.811 38.383 0.389 0.643 1.719 -1.55
103 258 3 11.814 162.632 38.636 0.385 0.389 1.537 1.645
103 262 4 44.684 150.03 37.769 1.228 0.564 0.861 -1.901
103 268 5 58.651 161.914 37.863 3.189 0.997 1.13 -1.34
103 275 3 11.528 161.608 38.616 0.409 0.47 1.582 1.595
103 280 4 44.42 150.723 37.851 1.601 0.562 0.654 -1.901
103 284 3 17.046 164.097 38.615 0.407 0.695 1.581 1.366
103 286 3 14.537 166.824 38.887 0.418 0.498 1.027 1.392
103 293 3 39.259 208.032 38.249 0.355 0.453 1.17 3.127
103 322 5 35.214 189.616 38.505 0.298 0.577 1.163 -0.13
103 325 1 50.55 205.458 37.686 0.64 0.353 0.809 0.042
103 326 4 57.093 172.231 37.83 1.546 0.594 1.084 -2.167
103 329 3 56.248 159.834 37.651 0.298 0.31 0.618 2.965
104 189 1 62.201 137.498 38.035 3.493 1.682 1.526 -3.09
104 212 3 40.881 156.792 38.144 0.548 0.596 1.515 -2.92
104 215 3 41.172 165.656 38.201 0.648 0.652 1.731 -0.772
104 217 3 39.91 165.481 38.105 0.4 0.821 1.55 -1.534
104 221 4 58.187 146.553 37.598 0.319 0.289 0.647 3.052
104 225 1 56.891 167.33 38.217 4.309 2.011 1.83 -0.537
104 226 3 41.947 157.755 38.093 0.499 0.41 1.689 -2.995
104 227 2 59.327 140.425 37.617 0.274 0.194 0.602 3.1
104 233 1 57.591 150.236 37.669 0.164 0.297 0.388 -1.588
104 235 1 63.599 148.323 38.551 3.429 1.618 0.806 -0.734
104 237 3 41.069 157.468 38.169 0.604 0.568 1.659 -2.995
104 238 1 41.985 177.951 38.15 4.642 1.816 1.679 3.13
104 243 4 57.96 148.669 37.69 0.229 0.166 0.412 -3.055
104 246 3 29.587 158.945 38.324 0.348 0.664 1.641 1.623
104 247 4 44.566 151.392 37.802 1.374 0.347 1.072 1.423
104 258 3 12 162.481 38.572 0.255 0.25 1.342 1.497
104 262 4 44.602 149.537 37.77 1.45 0.433 0.582 1.99
104 268 5 57.882 161.653 37.835 1.492 1.028 0.74 -1.206
104 275 3 11.6 161.573 38.662 0.242 0.46 1.579 1.41
104 280 4 44.218 150.279 37.865 1.534 0.609 0.532 1.652
104 284 3 17.425 164.285 38.654 0.718 0.616 1.215 1.451
104 293 3 39.354 208.009 38.309 0.284 0.777 1.026 3.096
104 322 5 35.199 190.148 38.466 0.245 0.605 1.175 -3.141
104 325 1 50.648 205.217 37.79 0.179 0.144 0.49 -1.6
104 326 4 57.161 172.142 37.877 1.575 0.441 1.113 -2.013
104 329 3 56.282 159.844 37.638 0.313 0.272 0.601 -3.073
104 342 4 44.573 152.342 37.838 1.565 0.367 1.089 1.415
104 343 4 55.638 182.467 37.775 1.474 0.492 0.964 -1.963
105 189 1 61.801 138.575 38.003 1.205 1.125 1.266 -3.081
105 212 3 41.649 156.468 38.026 0.385 0.359 1.535 -3.127
105 215 3 41.247 165.668 38.15 0.655 0.609 1.719 0.054
105 217 3 39.951 165.437 38.098 0.447 0.927 1.607 -1.576
105 221 4 58.252 146.608 37.613 0.255 0.241 0.575 -3.104
105 225 1 56.938 167.477 38.244 4.788 1.958 1.856 -0.558
105 226 3 42.644 157.306 38.066 0.59 0.539 1.533 3.112
105 237 3 41.623 157.104 38.144 0.586 0.6 1.685 -3.115
105 238 1 41.964 178.033 38.106 4.78 1.889 1.711 -3.111
105 246 3 30.231 158.913 38.336 0.508 0.586 1.695 -1.626
105 284 3 17.39 164.071 38.732 0.324 0.522 1.15 1.732
105 293 3 39.534 208.014 38.108 0.665 0.445 1.444 -1.563
105 322 5 35.231 190.69 38.479 0.334 0.662 1.302 -0.022
105 325 1 50.623 205.201 37.784 0.289 0.425 0.854 0.021
105 326 4 57.301 172.179 37.847 1.825 0.519 1.071 1.257
105 329 3 56.296 159.866 37.639 0.312 0.247 0.565 3.104
105 342 4 44.66 152.315 37.791 1.137 0.386 1.077 1.628
105 343 4 55.286 182.458 37.726 0.786 0.551 0.83 -2.04
105 351 3 39.011 159.204 37.586 0.313 0.234 0.578 1.597
106 189 1 62.022 138.449 38.168 1.473 1.343 1.083 0.061
106 212 3 42.305 156.111 37.978 0.41 0.205 1.39 3.026
106 215 3 41.301 165.792 38.169 0.512 0.489 1.806 -0.163
106 217 3 40.011 165.336 38.092 0.556 0.288 1.607 0.204
106 221 4 58.303 146.582 37.661 0.262 0.313 0.38 3.142
106 225 1 56.964 167.479 38.18 4.357 1.866 1.864 -0.56
106 226 3 43.228 156.971 38.072 0.375 0.384 1.675 2.971
106 237 3 42.368 156.713 38.056 0.467 0.611 1.691 2.971
106 238 1 42.014 178.04 38.122 4.595 1.938 1.712 -3.106
106 246 3 30.929 159.009 38.169 0.397 0.362 1.291 -1.725
106 293 3 39.781 208.108 38.192 0.744 0.573 1.496 -1.557
106 322 5 35.119 191.249 38.458 0.505 0.632 1.259 0.068
106 326 4 57.177 172.197 37.854 1.43 0.46 0.982 -1.91
106 329 3 56.35 159.89 37.678 0.374 0.224 0.502 3.142
106 342 4 43.613 152.164 37.774 1.912 0.584 0.683 1.418
106 343 4 55.55 182.349 37.857 1.305 0.468 1.073 -1.936
106 351 3 39.032 159.242 37.668 0.139 0.217 0.442 3.142
107 189 1 61.588 138.581 38.19 1.073 0.584 0.688 0
107 212 3 42.913 155.948 38.083 0.577 0.446 1.592 2.932
107 215 3 41.313 165.954 38.138 0.533 0.641 1.809 -0.095
107 217 3 40.051 165.25 38.022 0.413 0.512 1.62 0
107 221 4 58.319 146.602 37.536 0.143 0.227 0.416 3.142
107 225 1 57.036 167.506 38.167 4.59 1.858 1.823 -0.574
107 226 3 43.94 156.532 38.038 0.714 0.63 1.706 3.037
107 237 3 42.958 156.429 38.063 0.42 0.572 1.634 2.928
107 238 1 42.011 178.182 38.162 4.3 1.956 1.689 3.136
107 246 3 31.506 159.064 38.259 0.717 0.493 1.48 -1.512
107 293 3 40.174 208.331 38.073 0.591 0.613 1.346 0.038
107 322 5 35.154 191.763 38.295 0.721 0.469 1.658 0.017
107 326 4 57.3 172.301 37.633 1.19 0.412 0.61 -1.784
107 329 3 56.381 159.873 37.673 0.36 0.218 0.283 3.142
107 342 4 43.237 152.831 37.64 1.997 0.771 0.783 -2.737
107 343 4 55.627 182.395 37.712 1.418 0.541 0.793 -2.089
107 351 3 39.074 159.239 37.581 0.162 0.166 0.615 -3.142
107 370 1 48.835 219.875 38.011 4.034 1.404 1.522 0.055
108 189 1 62.009 138.506 38.298 1.421 1.284 0.782 0.06
108 215 3 41.53 166.086 38.177 0.495 0.608 1.808 -3.128
108 217 3 39.917 165.448 38.008 0.351 0.22 1.404 0
108 225 1 57.141 167.494 38.185 4.454 1.889 1.821 -0.588
108 226 3 44.584 156.261 38.121 0.446 0.459 1.317 -3.132
108 237 3 43.651 155.816 37.965 0.736 0.694 1.615 3.014
108 238 1 42.018 178.205 38.112 4.304 1.909 1.665 -3.118
108 246 3 32.394 159.152 38.477 0.266 0.4 0.922 -1.525
108 293 3 40.428 208.67 38.142 0.657 0.649 1.521 -0.052
108 322 5 34.875 192.336 38.397 0.737 0.878 1.547 -0.002
108 326 4 57.263 172.206 37.852 1.185 0.548 0.681 -1.61
108 342 4 43.262 153.186 37.337 1.823 0.428 0.991 -2.59
108 343 4 55.659 182.435 37.873 1.371 0.574 1.049 -1.932
108 351 3 39.125 159.284 37.523 0.269 0.27 0.577 3.142
108 370 1 48.835 219.882 37.982 4.066 1.319 1.406 0.046
109 189 1 61.998 138.56 38.008 1.465 1.614 1.281 0
109 215 3 41.719 166.044 38.13 0.43 0.573 1.806 -3.112
109 225 1 57.17 167.592 38.152 4.139 1.677 1.804 -0.579
109 226 3 45.246 155.857 37.938 0.457 0.4 1.531 -1.639
109 237 3 44.281 155.583 37.945 0.669 0.463 1.494 1.502
109 238 1 42.025 178.256 38.127 4.186 1.855 1.71 3.132
109 293 3 40.411 209.432 38.22 0.724 0.707 1.438 -0.014
109 322 5 34.778 192.868 38.267 0.63 0.711 1.835 0.022
109 326 4 57.452 172.031 37.555 1.056 0.32 0.708 -1.612
109 342 4 43.216 153.452 37.457 1.394 0.514 0.786 -2.531
109 343 4 55.934 182.348 37.808 1.79 0.414 0.957 -2.037
109 370 1 48.979 219.926 38.074 4.117 1.671 1.45 0.025
109 376 1 43.414 254.787 38.106 3.663 1.668 1.893 -0.086
109 378 4 50.524 210.786 37.988 1.142 0.36 0.858 -1.557
109 379 4 51.111 206.498 37.843 0.902 0.522 0.758 -1.943
109 381 1 30.875 245.408 37.834 1.833 1.865 1.225 3.125
110 215 3 41.648 165.981 38.074 0.45 0.616 1.794 0.169
110 225 1 57.17 167.551 38.117 4.165 1.654 1.793 -0.603
110 226 3 45.88 155.465 37.999 0.29 0.432 1.236 0.011
110 237 3 44.987 155.066 38.119 0.808 0.705 1.432 -0.002
110 238 1 42.1 178.226 38.069 4.363 1.962 1.625 -3.132
110 293 3 40.472 210.109 38.555 0.462 0.529 0.751 -0.081
110 322 5 34.708 193.421 38.295 0.666 0.584 1.726 1.626
110 326 4 57.592 171.937 37.741 0.786 0.788 0.537 -1.571
110 342 4 43.234 152.885 37.751 1.469 0.691 0.831 2.595
110 343 4 55.929 182.505 37.768 1.656 0.826 0.943 -1.925
110 370 1 49.034 219.906 38.029 4.126 1.61 1.427 0.046
110 376 1 43.474 254.414 38.182 2.854 1.682 1.783 -0.008
110 378 4 50.61 210.777 37.88 1.322 0.455 1.017 -1.538
110 379 4 51.175 206.593 37.857 0.964 0.257 0.743 -1.761
110 381 1 30.895 245.458 37.853 1.687 1.823 1.281 -3.113
110 383 4 51.261 206.27 37.866 0.769 0.304 0.66 -1.829
110 385 3 20.301 164.194 38.566 0.335 0.391 1.48 -1.791
111 215 3 41.642 165.923 38.055 0.464 0.588 1.767 3.142
111 225 1 57.101 167.408 38.11 4.268 1.752 1.838 -0.602
111 226 3 46.488 155.02 37.928 0.288 0.474 1.314 -2.675
111 237 3 45.538 154.876 38.149 0.479 0.527 1.355 3.141
111 238 1 42.066 178.274 37.997 4.165 2.107 1.545 3.119
111 293 3 40.546 210.407 38.632 0.327 0.458 0.629 0.316
111 322 5 34.485 193.841 38.377 0.643 0.75 1.427 -3.115
111 343 4 55.927 182.533 37.778 1.567 0.443 0.832 -1.831
111 370 1 48.991 219.899 38.085 4.352 1.571 1.48 0.027
111 376 1 43.465 254.85 38.199 3.719 1.591 1.991 -0.041
111 378 4 50.736 210.89 37.896 1.43 0.472 1.039 -1.659
111 379 4 51.488 206.69 37.829 1.632 0.429 0.811 -1.663
111 381 1 30.875 246.227 37.96 3.558 1.818 1.178 3.101
111 383 4 51.63 206.284 37.952 1.477 0.443 1.083 -1.665
111 385 3 20.821 164.33 38.481 0.378 0.833 1.553 0.099
112 215 3 41.73 165.96 38.124 0.362 0.464 1.461 3.142
112 225 1 57.016 167.655 37.934 4.029 1.098 1.535 -0.61
112 226 3 47.088 154.509 38.029 0.274 0.231 1.42 -3.111
112 237 3 46.132 154.35 38.026 0.573 0.478 1.411 -3.125
112 238 1 42.122 178.24 38.065 4.272 2.119 1.631 -3.141
112 293 3 40.452 210.596 38.42 0.28 0.4 1.144 -1.59
112 322 5 34.497 194.46 38.431 0.346 0.591 1.409 -0.026
112 370 1 49.127 219.991 38.091 4.375 1.789 1.477 0.044
112 376 1 43.385 255.241 38.027 4.518 1.741 1.717 -0.007
112 378 4 50.868 210.859 37.925 1.805 0.481 1.056 -1.628
112 379 4 51.632 206.772 37.941 1.75 0.479 1.078 -1.586
112 381 1 30.859 246.148 38.002 3.498 1.799 1.652 3.116
112 383 4 51.736 206.323 37.931 1.62 0.43 0.956 -1.586
112 385 3 21.421 164.405 38.544 0.48 0.61 1.395 3.142
112 392 3 46.255 256.802 38.366 0.311 0.356 0.929 -0.005
113 225 1 57.429 169.069 37.67 0.873 1.139 0.581 3.066
113 238 1 42.068 178.24 38.049 4.17 2.005 1.695 -3.136
113 293 3 40.582 210.254 38.614 1.284 0.665 0.763 -0.014
113 322 5 34.338 194.937 38.438 0.495 0.686 1.301 0.01
113 370 1 49.216 220.059 38.107 4.403 2.004 1.46 0.019
113 376 1 43.452 255.034 38.131 4.075 1.726 1.911 -0.02
113 378 4 50.751 210.812 37.907 1.402 0.612 1.063 -1.687
113 379 4 51.733 206.847 37.907 1.911 0.425 0.995 -1.563
113 381 1 30.759 246.546 38.082 4.246 1.984 1.656 -3.131
113 383 4 51.665 206.371 37.872 1.435 0.422 1.011 -1.585
113 385 3 22.213 164.639 38.394 0.294 0.586 1.577 3.142
113 392 3 46.439 257.266 38.431 0.216 0.387 0.668 -0.017
113 394 1 37.106 272.413 37.794 0.911 0.571 0.911 -1.536
114 225 1 57.33 169.074 37.693 1.037 0.35 0.641 -0.648
114 238 1 42.123 178.408 38.034 3.918 1.896 1.672 3.142
114 293 3 40.632 210.575 38.176 0.456 0.55 1.607 -3.142
114 322 5 34.422 195.534 38.467 0.369 0.455 1.185 0.001
114 370 1 49.096 220.147 38.1 4.586 1.816 1.493 0.045
114 376 1 43.433 255.086 38.187 4.205 1.67 1.724 0
114 378 4 50.807 210.776 37.948 1.517 0.373 1.125 -1.731
114 379 4 51.539 206.753 37.88 1.445 0.387 1.08 -1.586
114 381 1 30.83 246.551 38.063 4.194 1.851 1.674 3.142
114 383 4 51.644 206.355 37.91 1.341 0.323 0.854 -1.631
114 392 3 46.295 257.749 38.356 0.297 0.557 0.793 0.004
114 394 1 36.534 273.929 37.77 0.593 0.399 0.82 0.028
114 398 4 41.818 265.698 37.581 1.666 0.332 0.851 -0.004
115 238 1 42.123 178.418 37.993 3.892 1.952 1.536 3.129
115 293 3 40.716 210.267 38.137 0.852 0.764 1.519 -3.118
115 322 5 34.372 195.846 38.406 0.684 0.585 1.061 3.13
115 370 1 49.043 220.359 38.101 4.719 1.86 1.473 0.019
115 376 1 43.425 255.141 38.148 4.391 1.651 1.723 0.004
115 378 4 50.8 210.837 37.743 1.406 0.262 0.786 -1.643
115 379 4 51.56 206.797 37.933 1.421 0.426 0.922 -1.703
115 381 1 30.845 246.527 38.081 4.205 1.86 1.645 3.14
115 383 4 51.7 206.337 37.846 1.171 0.286 0.79 -1.703
115 392 3 46.172 258.17 38.479 0.383 0.406 0.884 0.019
115 394 1 36.236 275.564 37.974 0.369 0.228 1.314 -0.007
115 398 4 42.031 265.772 37.725 1.865 0.869 0.962 -0.001
116 238 1 42.17 178.717 38.409 3.091 1.783 0.675 -3.135
116 293 3 40.785 210.123 38.22 0.722 0.883 1.5 -3.077
116 322 5 34.508 196.451 38.429 0.451 0.688 1.128 -0.243
116 370 1 49.055 220.449 38.087 4.717 1.716 1.444 0.059
116 376 1 43.467 255.094 38.204 4.293 1.677 1.895 -0.004
116 379 4 51.555 206.751 37.973 1.294 0.296 0.822 -1.557
116 381 1 30.841 246.606 38.069 4.371 1.832 1.637 -3.113
116 383 4 51.872 206.368 37.902 0.821 0.389 0.918 -1.558
116 392 3 46.117 258.64 38.342 0.394 0.581 0.941 0.033
116 394 1 35.975 277.231 37.742 0.614 0.534 0.977 0.006
116 398 4 42.127 265.84 37.782 1.877 1.15 0.959 -0.007
117 238 1 41.953 179.916 38.409 0.699 1.781 0.783 -3.075
117 322 5 34.467 196.994 38.672 0.293 0.581 0.554 -3.06
117 370 1 49.103 220.486 38.039 4.661 1.729 1.445 0.045
117 376 1 43.495 255.096 38.215 4.354 1.697 1.914 0
117 379 4 51.643 206.768 37.962 1.4 0.37 0.65 -1.377
117 381 1 30.785 246.782 38.087 4.746 1.935 1.717 -3.107
117 392 3 46.073 259.102 38.37 0.401 0.573 1.178 0.334
117 394 1 35.771 278.763 37.851 0.726 0.504 0.933 0.063
117 398 4 42.189 265.861 37.689 1.912 1.305 1.026 0.068
