0 2 1 215.439 285.457 38.517 1.186 1.794 0.759 2.924
1 2 1 213.316 280.576 38.721 3.91 1.833 1.081 -0.195
2 2 1 210.744 274.457 38.553 3.911 1.87 0.83 -0.128
3 2 1 208.38 268.392 38.794 4.088 1.65 0.872 -0.248
3 5 3 217.197 199.695 39.415 0.426 0.327 0.801 0
4 2 1 206.277 262.409 38.836 4.077 1.718 0.927 -0.237
4 5 3 217.058 199.694 39.553 0.248 0.207 0.861 0
4 6 3 218.476 199.925 39.424 0.209 0.391 0.712 0
4 8 5 194.522 168.95 38.632 0.527 0.953 0.16 0.197
5 2 1 203.901 254.859 38.796 1.381 1.648 0.903 -0.219
5 6 3 218.337 199.897 39.425 0.307 0.564 0.783 -0.799
5 8 5 197.072 165.587 38.443 3.627 1.354 0.864 0.75
5 9 1 204.587 193.484 38.468 0.223 0.228 0.507 0
5 11 5 205.883 193.489 38.872 0.206 0.276 0.384 -0.03
6 2 1 201.049 243.699 38.847 1.481 1.532 0.838 -0.095
6 5 3 217.019 199.671 39.528 0.505 0.502 0.998 1.78
6 6 3 218.207 199.885 39.508 0.311 0.372 0.799 1.78
6 8 5 198.325 162.348 38.686 1.26 1.644 1.33 0.212
6 9 1 204.464 193.497 38.459 0.308 0.309 0.614 -1.353
6 11 5 205.796 193.516 38.699 0.366 0.406 0.994 1.626
6 13 5 204.475 192.995 38.636 0.378 0.261 0.886 3.142
7 2 1 199.897 237.865 38.819 1.817 2.089 0.972 -0.064
7 5 3 216.97 199.652 39.332 0.594 0.47 1.449 3.138
7 6 3 218.167 199.87 39.38 0.451 0.329 0.97 3.138
7 8 5 199.038 159.835 38.504 0.181 1.584 0.524 -2.833
7 9 1 204.443 193.494 38.522 0.274 0.261 0.665 0.089
7 11 5 205.74 193.499 38.776 0.444 0.419 0.977 0
7 13 5 204.447 192.992 38.63 0.375 0.341 0.925 3.142
7 14 1 185.566 185.782 38.256 0.267 0.278 0.479 0
8 2 1 198.457 229.493 38.828 1.949 1.876 0.985 -0.127
8 5 3 216.976 199.716 39.18 0.56 0.515 1.677 3.142
8 6 3 218.108 199.928 39.119 0.318 0.275 1.558 3.142
8 8 5 200.143 154.84 38.409 1.417 1.84 0.612 0.376
8 9 1 204.332 193.482 38.566 0.284 0.306 0.634 0
8 11 5 205.68 193.452 38.746 0.444 0.299 1.008 -3.142
8 13 5 204.327 192.952 38.687 0.376 0.456 0.901 -3.142
8 14 1 185.531 185.803 38.246 0.143 0.307 0.405 2.004
8 15 4 178.191 185.405 39.173 0.628 0.671 0.934 1.904
8 16 4 184.641 177.256 38.309 0.236 0.266 0.385 1.839
9 2 1 197.719 224.015 38.979 2.687 1.585 1.418 0.053
9 5 3 216.868 199.696 39.237 0.584 0.403 1.727 -2.867
9 8 5 200.845 151.835 38.587 0.505 1.753 0.266 0.328
9 9 1 204.283 193.445 38.503 0.366 0.372 0.607 0.091
9 11 5 205.64 193.476 38.775 0.481 0.358 0.916 0.048
9 13 5 204.279 192.99 38.66 0.453 0.452 0.936 3.142
9 14 1 185.462 185.806 38.323 0.215 0.16 0.334 -2.884
9 15 4 180.181 185.983 38.783 1.262 0.658 1.517 1.8
9 16 4 184.652 177.279 38.302 0.212 0.196 0.291 -2.745
10 2 1 197.002 216.173 39.009 2.946 2.069 1.393 0.202
10 5 3 216.847 199.607 39.199 0.379 0.437 1.59 1.546
10 6 3 218.129 199.839 39.161 0.317 0.434 1.633 2.045
10 8 5 202.602 146.871 38.533 0.322 1.232 0.677 0.404
10 9 1 204.24 193.476 38.547 0.362 0.267 0.696 1.823
10 11 5 205.503 193.455 38.858 0.363 0.354 0.783 2.715
10 13 5 204.255 192.955 38.698 0.415 0.43 0.926 1.803
10 14 1 185.421 185.793 38.295 0.179 0.272 0.422 -0.474
10 15 4 182.431 186.929 38.886 1.186 0.6 1.686 2.25
10 16 4 184.59 177.251 38.277 0.151 0.237 0.382 2.297
10 20 3 182.401 165.401 38.215 0.099 0.253 0.377 -0.669
10 22 3 185.68 170.019 38.218 0.162 0.208 0.447 0.419
11 2 1 196.708 211.431 39.013 4.244 2.032 1.279 0.372
11 5 3 216.752 199.658 39.238 0.473 0.32 1.501 3.142
11 6 3 218.03 199.896 39.132 0.38 0.355 1.416 0
11 8 5 203.75 142.804 38.763 0.497 1.557 0.278 0.81
11 9 1 204.243 193.48 38.598 0.309 0.298 0.622 -0
11 11 5 205.521 193.42 39.024 0.244 0.295 0.515 0
11 13 5 204.239 192.962 38.682 0.379 0.387 0.728 -3.142
11 14 1 185.439 185.788 38.345 0.263 0.252 0.402 0
11 15 4 183.641 187.601 38.891 1.687 0.635 1.703 2.519
11 16 4 184.549 177.257 38.319 0.259 0.265 0.473 0
11 20 3 182.38 165.405 38.278 0.196 0.228 0.396 0
11 22 3 185.63 170.067 38.248 0.176 0.266 0.397 0
11 23 4 190.09 163.213 38.246 0.211 0.289 0.398 -0
11 24 1 188.137 164.292 38.211 0.186 0.308 0.226 -3.142
12 2 1 196.384 206.492 38.932 4.239 1.777 1.452 0.642
12 5 3 216.814 199.501 39.176 0.271 0.521 1.554 2.979
12 6 3 217.952 199.999 39.039 0.339 0.52 1.509 2.904
12 8 5 205.102 138.771 38.584 0.374 1.58 0.725 0.88
12 9 1 204.259 193.486 38.582 0.338 0.255 0.638 0
12 11 5 205.522 193.418 39.053 0.285 0.219 0.398 0
12 13 5 204.182 192.942 38.667 0.341 0.377 0.868 -0
12 14 1 185.383 185.79 38.309 0.213 0.284 0.47 -0.678
12 15 4 184.984 188.39 38.911 1.719 0.718 1.649 2.716
12 16 4 184.556 177.256 38.336 0.178 0.273 0.422 -0.652
12 20 3 182.387 165.432 38.243 0.149 0.165 0.333 -0.652
12 22 3 185.639 170.024 38.277 0.162 0.251 0.499 -0.652
12 23 4 190.076 163.228 38.199 0.155 0.165 0.335 -0.652
12 24 1 188.151 164.289 38.239 0.231 0.181 0.305 -0.652
12 25 3 184.654 165.089 38.272 0.161 0.172 0.333 -0.652
12 26 3 193.74 159.619 38.19 0.232 0.106 0.343 -0.652
12 27 5 195.438 157.045 38.252 0.211 0.157 0.173 -0.652
13 2 1 196.167 201.056 38.891 4.631 1.857 1.498 0.848
13 5 3 216.664 199.709 39.205 0.277 0.468 1.763 2.602
13 6 3 217.901 200.023 39.168 0.515 0.354 1.495 1.98
13 8 5 207.09 133.115 38.432 1.327 1.33 0.852 1.02
13 9 1 204.167 193.461 38.614 0.27 0.221 0.495 -2.301
13 11 5 205.482 193.399 39.028 0.317 0.235 0.406 0.001
13 13 5 204.17 192.937 38.622 0.378 0.401 0.849 -2.182
13 14 1 185.369 185.785 38.334 0.228 0.267 0.488 -0.489
13 15 4 186.424 189.488 38.938 1.696 0.847 1.682 2.988
13 16 4 184.509 177.278 38.338 0.213 0.25 0.444 -0.452
13 20 3 182.347 165.443 38.235 0.262 0.158 0.406 2.021
13 22 3 185.575 170.026 38.256 0.227 0.232 0.476 -0.436
13 23 4 190.052 163.259 38.22 0.266 0.147 0.427 2.083
13 24 1 188.075 164.315 38.218 0.226 0.149 0.411 2.209
13 25 3 184.581 165.047 38.249 0.287 0.238 0.408 2.021
13 26 3 193.705 159.632 38.199 0.174 0.22 0.341 1.206
13 27 5 195.418 157.035 38.304 0.134 0.22 0.388 1.325
14 2 1 195.72 195.798 38.925 4.581 2.298 1.468 0.786
14 5 3 216.659 199.725 39.193 0.306 0.621 1.788 3.142
14 6 3 217.858 200.022 39.186 0.411 0.475 1.422 0.001
14 8 5 209.112 127.741 38.522 1.31 1.581 0.897 1.288
14 9 1 204.135 193.457 38.607 0.206 0.248 0.459 -0
14 13 5 204.121 192.923 38.703 0.3 0.345 0.807 -3.141
14 14 1 185.285 185.776 38.335 0.271 0.282 0.477 -0
14 15 4 187.954 190.614 38.938 1.921 0.638 1.641 -2.965
14 16 4 184.485 177.292 38.362 0.295 0.352 0.483 -0
14 20 3 182.279 165.435 38.244 0.23 0.289 0.49 -0
14 22 3 185.491 170.074 38.294 0.311 0.259 0.486 0
14 23 4 190.015 163.264 38.265 0.293 0.259 0.429 3.142
14 24 1 188.023 164.332 38.264 0.299 0.204 0.484 3.142
14 25 3 184.536 165.105 38.249 0.266 0.259 0.466 0
14 26 3 193.679 159.637 38.253 0.271 0.259 0.412 0
14 27 5 195.371 157.071 38.355 0.257 0.148 0.402 3.142
15 2 1 194.348 191.184 38.904 4.64 1.849 1.462 0.835
15 5 3 216.657 199.768 39.204 0.331 0.381 1.712 3.142
15 6 3 217.903 200.03 38.924 0.268 0.396 1.313 -3.141
15 9 1 204.191 193.619 38.598 0.336 0.272 0.545 3.142
15 13 5 204.137 193.019 38.784 0.177 0.211 0.544 0
15 14 1 185.233 185.841 38.293 0.209 0.328 0.42 3.078
15 15 4 189 191.719 38.92 1.441 0.681 1.647 -2.617
15 20 3 182.256 165.498 38.277 0.228 0.143 0.377 -0.515
15 22 3 185.485 170.119 38.265 0.228 0.233 0.386 3.047
15 23 4 189.962 163.334 38.235 0.134 0.241 0.371 -0.975
15 24 1 188.002 164.342 38.264 0.224 0.149 0.394 2.988
15 25 3 184.517 165.173 38.282 0.241 0.195 0.376 -0.632
15 26 3 193.615 159.704 38.209 0.243 0.156 0.31 -3.142
15 27 5 195.357 157.123 38.229 0.133 0.205 0.328 -0.975
15 28 5 128.644 163.491 38.268 0.591 1.525 0.362 -0.181
16 2 1 191.145 185.911 38.869 4.479 1.999 1.461 0.633
16 5 3 216.615 199.77 39.149 0.27 0.287 0.721 3.142
16 6 3 217.924 200.062 39.188 0.234 0.346 1.224 3.142
16 14 1 185.224 185.846 38.311 0.214 0.195 0.447 0
16 15 4 190.92 193.433 38.9 1.431 0.626 1.604 -2.773
16 20 3 182.252 165.497 38.329 0.31 0.282 0.403 -3.142
16 22 3 185.514 170.101 38.273 0.298 0.309 0.515 0
16 23 4 189.95 163.341 38.267 0.269 0.188 0.443 -0
16 24 1 187.966 164.39 38.25 0.286 0.181 0.393 0
16 25 3 184.484 165.194 38.322 0.319 0.229 0.429 0
16 26 3 193.61 159.756 38.22 0.241 0.111 0.475 0
16 27 5 195.365 157.127 38.233 0.306 0.189 0.402 0
16 28 5 134.84 164.921 38.556 2.156 1.726 1.462 2.918
17 2 1 188.294 183.651 38.851 4.513 1.977 1.465 0.426
17 6 3 217.894 200.113 39.228 0.224 0.338 0.405 -3.142
17 14 1 185.178 185.879 38.265 0.249 0.236 0.408 0
17 15 4 192.242 194.184 38.901 0.56 0.752 1.633 -1.815
17 20 3 182.215 165.557 38.255 0.31 0.206 0.454 -3.142
17 22 3 185.46 170.137 38.274 0.249 0.294 0.485 0
17 23 4 189.935 163.384 38.255 0.242 0.182 0.396 3.142
17 24 1 187.967 164.432 38.247 0.261 0.243 0.52 3.142
17 25 3 184.481 165.238 38.258 0.314 0.2 0.415 0
17 26 3 193.587 159.766 38.166 0.176 0.139 0.338 -3.141
17 27 5 195.333 157.19 38.277 0.24 0.136 0.444 3.142
17 28 5 138.36 165.644 38.227 3.833 1.822 0.786 -0.012
17 30 3 136.641 152.305 38.913 0.228 0.345 0.925 -0.015
18 2 1 184.031 181.837 38.835 2.791 1.923 1.428 0.382
18 14 1 185.098 185.913 38.296 0.216 0.165 0.276 -3.047
18 15 4 193.682 194.705 39.078 0.517 1.063 1.372 1.134
18 20 3 182.248 165.577 38.281 0.258 0.209 0.443 2.748
18 22 3 185.439 170.194 38.283 0.212 0.217 0.478 0
18 23 4 189.927 163.429 38.192 0.19 0.23 0.319 -0.747
18 24 1 187.946 164.428 38.221 0.104 0.175 0.318 -0.333
18 25 3 184.469 165.266 38.213 0.249 0.284 0.363 -1.482
18 27 5 195.31 157.223 38.253 0.348 0.155 0.224 -2.141
18 28 5 142.499 166.548 38.67 4.205 1.816 1.431 3.11
18 30 3 136.022 152.294 38.825 0.22 0.441 0.67 0.023
19 2 1 179.125 180.641 38.762 4.225 1.998 1.424 0.021
19 15 4 195.742 195.142 38.981 0.911 0.39 1.625 2.924
19 20 3 182.215 165.646 38.268 0.19 0.123 0.302 3.082
19 24 1 187.947 164.53 38.254 0.147 0.161 0.33 3.082
19 25 3 184.472 165.323 38.223 0.196 0.159 0.304 3.082
19 28 5 148.486 167.783 38.713 4.291 1.878 1.448 -3.128
19 30 3 135.155 152.077 38.908 0.299 0.447 0.839 0.002
19 33 1 108.24 158.988 38.701 2.33 1.743 1.427 -3.128
20 2 1 170.068 179.212 38.739 4.394 2.121 1.483 -0.03
20 15 4 198.682 195.479 38.871 0.367 0.53 1.322 -1.751
20 20 3 182.178 165.684 38.303 0.179 0.202 0.308 0.216
20 28 5 156.276 169.533 38.826 4.403 1.87 1.503 -3.122
20 30 3 133.95 152.003 38.938 0.316 0.513 0.932 0.068
20 33 1 118.574 161.573 38.648 3.566 1.89 1.62 -3.135
21 2 1 165.024 178.276 38.722 4.193 1.797 1.523 -0.011
21 15 4 200.158 195.939 38.886 0.619 0.59 1.266 -1.861
21 28 5 160.274 170.402 38.781 4.263 1.831 1.515 -3.133
21 30 3 133.432 152.008 39.04 0.262 0.501 0.865 3.033
21 33 1 124.265 162.729 38.752 3.766 2.126 1.676 3.131
22 2 1 154.346 176.255 38.762 4.376 1.815 1.473 0.002
22 28 5 168.123 172.106 38.66 3.978 1.914 1.187 -3.139
22 30 3 132.277 151.984 38.714 0.368 0.375 1.56 -0.013
22 33 1 135.058 164.911 38.872 4.467 1.922 1.657 -3.139
22 35 1 85.927 158.379 38.852 3.283 1.667 1.413 0.008
23 2 1 148.546 175.08 38.702 4.27 1.891 1.49 0.024
23 28 5 170.752 172.724 38.603 2.206 1.755 0.973 -3.117
23 30 3 131.704 151.923 39 0.488 0.431 1.055 0.104
23 33 1 140.128 165.882 38.843 4.314 1.925 1.719 -3.117
23 35 1 85.862 158.434 38.725 3.418 1.688 1.652 0.024
24 2 1 142.556 173.793 38.684 4.243 1.942 1.462 0.027
24 28 5 173.756 173.297 38.704 1.581 1.684 1.473 -3.098
24 30 3 131.155 151.833 39.021 0.321 0.445 0.822 1.279
24 33 1 145.46 166.809 38.829 4.136 1.869 1.718 -3.136
24 35 1 85.899 158.428 38.783 3.365 1.667 1.948 0.054
25 2 1 136.61 172.531 38.697 4.51 1.988 1.497 -0.031
25 28 5 175.998 173.901 38.604 0.428 1.461 0.638 -3.096
25 33 1 150.793 167.832 38.75 3.988 1.875 1.578 -3.134
25 35 1 85.884 158.508 38.788 3.325 1.699 1.99 0.048
26 2 1 130.653 171.46 38.673 4.554 2.096 1.435 -0.011
26 28 5 178.281 174.308 38.573 0.214 1.356 0.335 -3.102
26 30 3 129.971 151.649 39.082 0.423 0.511 0.896 1.722
26 33 1 155.773 168.806 38.793 3.419 1.852 1.619 -3.14
26 35 1 85.8 158.63 38.825 3.503 1.747 1.903 -0.037
27 2 1 124.793 170.362 38.68 4.542 2.028 1.461 0
27 33 1 160.526 169.793 38.92 3.221 1.824 1.422 3.118
27 35 1 85.847 158.616 38.891 3.397 1.649 1.874 0
28 2 1 119.277 169.218 38.671 4.627 1.828 1.431 -0.033
28 33 1 163.964 170.591 38.82 1.398 1.727 1.407 3.142
28 35 1 85.842 158.607 38.868 3.439 1.725 1.979 0
28 39 3 72.814 136.222 38.68 0.638 0.617 1.244 -2.524
29 2 1 113.859 168.276 38.646 4.693 1.927 1.444 0.017
29 35 1 85.817 158.648 38.876 3.529 1.693 1.933 0.014
29 39 3 73.407 136.645 38.649 0.535 0.657 1.336 -2.75
29 43 1 56.939 130.9 38.686 2.832 0.447 1.3 1.563
30 2 1 106.621 166.801 38.626 4.575 1.936 1.492 0.021
30 35 1 85.484 158.698 38.899 4.236 1.705 1.924 -0.049
30 39 3 74.203 137.053 38.669 0.582 0.85 1.507 -0.671
30 43 1 57.121 127.509 38.82 4.122 1.768 1.213 1.549
30 45 3 127.221 151.265 39.09 0.426 0.541 0.944 1.612
30 46 3 74.995 162.03 38.101 0.239 0.215 0.419 -3.103
30 47 5 58.016 148.907 38.191 0.222 0.256 0.293 2.488
31 2 1 97.469 164.947 38.612 4.884 1.835 1.461 0.006
31 35 1 85.104 158.662 38.889 3.536 1.676 1.899 -0.019
31 39 3 75.526 137.904 38.676 0.653 0.692 1.435 -2.87
31 43 1 58.178 122.71 38.948 3.037 1.563 1.171 1.513
31 45 3 126.011 151.051 39.051 0.246 0.171 0.762 1.397
31 46 3 75.006 162.052 38.07 0.263 0.146 0.416 1.572
31 47 5 57.931 148.964 38.278 0.434 0.208 0.471 1.357
32 2 1 93.318 164.022 38.742 4.451 1.908 1.227 -0.004
32 35 1 83.524 158.34 38.901 4.654 1.745 1.972 -0.01
32 39 3 75.939 138.38 38.787 0.759 0.725 1.503 0.44
32 43 1 58.942 120.093 38.91 2.684 0.98 1.009 1.597
32 46 3 75.012 162.072 38.137 0.078 0.216 0.3 2.744
32 47 5 57.906 149.038 38.314 0.505 0.334 0.516 -1.72
32 53 4 39.509 140.949 38.643 0.825 0.762 1.283 2.372
33 2 1 89.41 163.117 38.621 4.437 2.05 1.406 0.003
33 35 1 82.615 158.151 38.937 4.33 1.743 2.016 0
33 39 3 76.351 138.561 38.727 0.843 0.728 1.525 -2.443
33 43 1 59.234 117.425 39.035 1.233 1.026 0.774 1.447
33 45 3 124.741 150.797 38.921 0.324 0.358 0.835 3.14
33 46 3 74.996 162.082 38.124 0.101 0.193 0.503 -0.262
33 47 5 57.986 149.079 38.263 0.648 0.295 0.667 -2.02
33 53 4 41.497 141.262 38.563 1.084 0.558 1.423 -3.115
33 56 1 75.871 140.896 38.113 0.21 0.243 0.303 0.256
34 2 1 85.543 162.343 38.596 4.506 1.987 1.384 0.005
34 35 1 81.446 157.922 38.959 4.272 1.787 1.987 -0.002
34 39 3 77.029 138.927 38.682 1.003 0.886 1.535 0.713
34 43 1 60.029 113.714 38.998 2.308 0.89 1.038 1.556
34 45 3 124.187 150.684 39.031 0.251 0.34 0.576 3.113
34 46 3 74.996 162.091 38.086 0.214 0.138 0.393 -1.984
34 47 5 57.909 149.048 38.281 0.26 0.409 0.438 -2.73
34 53 4 43.514 141.389 38.71 1.154 0.513 1.27 3.002
34 56 1 75.841 140.879 38.12 0.204 0.285 0.429 0.232
35 2 1 81.685 161.416 38.69 5.091 1.861 1.507 0.019
35 35 1 79.505 157.446 38.962 4.37 1.749 2.017 0.04
35 39 3 77.727 139.32 38.777 0.858 0.929 1.604 -2.495
35 45 3 123.626 150.545 38.934 0.266 0.518 0.47 3.105
35 47 5 57.915 149.025 38.199 0.444 0.415 0.48 -1.234
35 53 4 45.503 141.63 38.735 1.363 0.483 1.513 2.978
35 56 1 75.842 140.892 38.163 0.209 0.233 0.386 -0
35 60 5 64.039 114.706 39.254 0.869 0.539 0.131 -1.596
35 61 2 31.031 142.853 40.055 1.24 2.193 1.046 -3.134
36 2 1 78.655 160.783 38.652 4.45 1.872 1.465 0.014
36 35 1 77.536 156.871 38.965 4.694 2.161 1.985 0.128
36 39 3 78.194 139.808 38.797 1.024 0.675 1.647 -2.818
36 45 3 123.049 150.256 39.056 0.24 0.511 0.963 3.121
36 47 5 57.908 149.073 38.337 0.575 0.238 0.452 -1.586
36 53 4 47.755 141.815 38.691 1.261 0.498 1.373 2.941
36 56 1 75.819 140.903 38.124 0.295 0.262 0.432 3.057
36 60 5 63.503 117.283 39.276 0.881 0.375 0.128 -1.636
36 61 2 32.286 143.304 40.237 1.407 2.096 0.762 3.067
36 64 5 144.907 175.261 38.635 0.626 0.68 0.891 0.051
37 2 1 74.732 160.102 38.679 5.011 1.865 1.449 -0.077
37 35 1 75.158 155.902 38.987 4.561 2.309 1.971 0.192
37 39 3 78.969 140.257 38.817 0.857 0.76 1.668 0.685
37 45 3 122.33 150.092 38.884 0.295 0.551 0.681 -3.12
37 53 4 50.454 142.018 38.787 1.357 0.641 1.365 2.777
37 56 1 75.805 140.927 38.11 0.153 0.301 0.385 0.365
37 60 5 62.995 120.121 39.304 0.865 0.588 0.073 1.508
37 61 2 34.108 143.78 40.265 1.293 2.038 0.665 -3.122
37 64 5 138.549 173.872 38.628 0.953 0.456 1.151 -0.023
37 66 1 46.49 154.465 38.707 2.736 1.753 1.504 -2.476
37 71 1 62.55 155.307 38.565 1.2 1.147 1.164 0.033
38 2 1 71.83 159.888 38.686 4.98 2.003 1.441 -0.166
38 35 1 73.222 154.683 38.994 4.622 1.892 2.015 0.312
38 39 3 79.631 140.526 38.835 0.798 0.707 1.615 -2.227
38 45 3 121.761 149.916 38.963 0.241 0.452 0.811 0.053
38 53 4 52.851 142.179 38.798 1.452 0.551 1.45 2.828
38 60 5 62.839 122.118 39.276 1.047 0.766 0.525 -1.682
38 61 2 35.661 144.287 40.339 1.176 1.981 0.628 -3.051
38 64 5 133.291 172.663 38.64 1.083 0.543 1.142 0.023
38 66 1 47.472 155.619 38.707 4.265 1.595 1.604 -2.48
38 71 1 59.957 154.603 38.679 1.378 1.825 1.432 0.032
39 2 1 68.277 160.04 38.684 4.297 1.943 1.439 -0.329
39 35 1 69.884 152.814 39.005 5.201 2.341 2.033 0.366
39 39 3 80.547 141.015 38.83 0.75 0.656 1.579 2.989
39 45 3 120.957 149.741 38.947 0.343 0.427 0.695 3.142
39 53 4 56.428 142.281 38.759 1.589 0.696 1.417 2.928
39 61 2 38.16 145.008 39.43 2.18 2.255 2.723 3.121
39 64 5 126.046 170.972 38.607 1.062 0.624 1.473 -0.047
39 66 1 49.399 158.154 38.725 4.431 1.583 1.638 -2.431
39 71 1 54.864 153.559 38.687 4.075 1.798 1.395 -0.005
39 77 1 62.308 125.105 38.894 1.318 0.758 1.145 -1.601
39 82 5 56.924 149.558 38.712 0.918 0.88 1.18 -1.674
39 83 5 76.336 162.55 38.136 0.252 0.219 0.484 -2.829
40 2 1 64.878 160.876 38.684 3.477 2.239 1.506 -0.422
40 35 1 67.234 150.889 39.017 4.547 2.156 2.028 0.332
40 39 3 81.493 141.296 38.858 0.777 0.664 1.672 -2.982
40 45 3 120.136 149.591 38.924 0.298 0.369 1.164 3.141
40 53 4 59.961 142.413 38.743 1.629 0.657 1.439 2.874
40 61 2 40.226 145.806 39.398 2.034 2.366 2.622 -3.03
40 64 5 118.918 169.311 38.59 1.095 0.707 1.191 0
40 66 1 50.926 161.01 38.714 4.473 1.584 1.642 -2.346
40 71 1 50.977 152.699 38.722 3.527 1.771 1.45 -0.009
40 77 1 61.718 127.262 38.858 1.847 0.709 1.271 1.612
40 82 5 56.898 149.361 38.73 1.11 0.951 1.29 -0.091
40 83 5 76.33 162.538 38.138 0.315 0.227 0.454 -3.118
41 2 1 62.691 161.639 38.724 3.586 1.937 1.434 2.37
41 35 1 64.723 148.893 39.027 5.046 2.094 2.014 0.301
41 39 3 82.419 141.557 38.883 0.714 0.717 1.646 2.325
41 45 3 119.34 149.237 38.719 0.17 0.323 0.561 -3.051
41 53 4 63.115 142.737 38.8 1.691 0.638 1.432 2.969
41 61 2 42.157 146.59 39.582 2.396 2.334 2.757 3.117
41 64 5 112.804 167.896 38.593 1.077 0.695 1.472 3.1
41 66 1 51.795 163.179 38.696 3.662 1.647 1.525 -2.353
41 71 1 46.912 151.671 38.605 3.907 1.669 1.269 -0.06
41 77 1 61.293 128.482 38.85 2.585 1.337 1.402 -1.513
41 82 5 56.828 149.545 38.758 1.079 1.167 1.323 -0.148
41 83 5 76.302 162.599 38.125 0.267 0.252 0.45 -0
42 2 1 60.888 162.605 38.675 3.806 2.031 1.459 -1.043
42 35 1 62.87 147.331 39.071 4.918 2.166 2.009 0.294
42 39 3 83.055 141.804 38.837 0.685 0.674 1.664 -0.079
42 45 3 118.753 149.2 38.937 0.239 0.523 0.974 -0.241
42 53 4 65.724 143.311 38.78 1.728 0.663 1.512 2.943
42 61 2 42.99 146.989 39.569 4.366 2.305 2.857 3.103
42 64 5 108.004 166.755 38.572 1.666 0.735 1.465 -0.221
42 66 1 52.476 165.034 38.752 3.021 1.703 1.619 0.775
42 71 1 43.41 150.852 38.579 3.836 1.812 1.092 -0.171
42 77 1 61.047 129.453 38.796 3.149 1.261 1.453 -1.79
42 82 5 56.638 149.739 38.825 0.504 0.758 1.49 -0.381
42 83 5 76.277 162.587 38.127 0.276 0.289 0.447 2.928
42 95 4 78.21 155.277 38.309 0.247 0.277 0.533 2.919
43 2 1 59.8 163.306 38.694 3.666 2.174 1.514 -1.243
43 35 1 60.947 145.463 39.081 5.102 2.216 1.987 0.324
43 39 3 83.802 142.001 38.858 0.746 0.592 1.504 -3.061
43 53 4 68.402 143.98 38.784 1.716 0.697 1.48 2.958
43 61 2 43.957 147.425 39.623 6.305 2.377 2.862 3.067
43 64 5 103.1 165.557 38.646 1.74 0.785 1.525 -0.322
43 66 1 52.976 166.665 38.728 2.544 1.623 1.632 0.769
43 71 1 39.608 149.909 38.556 4.086 1.817 1.085 -0.246
43 77 1 60.873 130.31 38.83 3.104 1.186 1.431 -1.858
43 82 5 56.657 149.85 38.783 0.504 0.696 1.358 -0.464
43 83 5 76.252 162.62 38.144 0.47 0.371 0.333 -3.104
43 95 4 78.179 155.282 38.271 0.142 0.247 0.364 -0.285
44 2 1 58.576 164.387 38.686 3.957 1.844 1.51 -1.29
44 35 1 59.472 143.146 39.085 5.162 1.764 2.003 0.365
44 39 3 84.485 142.046 38.615 0.58 0.512 1.268 -0.981
44 53 4 71.119 144.577 38.758 1.645 0.642 1.481 2.82
44 61 2 45.899 148.578 39.483 6.189 2.372 2.86 3.018
44 64 5 97.792 164.243 38.636 1.085 0.593 1.558 -0.329
44 66 1 53.561 169.993 38.65 4.221 1.709 1.546 -2.325
44 71 1 37.246 150.024 38.571 0.2 0.337 0.546 0.224
44 77 1 60.739 130.983 38.833 3.165 0.883 1.488 -1.74
44 82 5 56.618 149.941 38.859 0.45 0.595 1.637 -0.17
44 83 5 76.243 162.63 38.143 0.183 0.209 0.491 -0.043
44 95 4 78.122 155.286 38.228 0.163 0.248 0.363 -0.229
44 107 4 44.076 164.688 38.762 1.097 0.603 1.581 3.124
44 108 1 27.597 141.906 38.451 1.002 0.833 0.987 2.69
45 2 1 57.569 165.526 38.684 4.194 1.889 1.526 -1.522
45 35 1 58.031 140.76 39.109 5.227 1.927 2 0.387
45 39 3 85.353 142.193 38.781 0.728 0.815 1.626 2.578
45 53 4 73.946 145.162 38.71 1.698 0.6 1.514 2.703
45 61 2 47.59 149.805 39.429 6.335 2.427 2.75 3.057
45 64 5 93.029 163.099 38.641 1.38 0.636 1.575 -0.582
45 66 1 54.028 173.527 38.682 2.131 1.159 1.576 -2.331
45 77 1 60.292 131.463 38.847 3.202 1.526 1.49 -1.967
45 82 5 56.636 149.992 38.915 0.394 0.665 1.66 -0.47
45 83 5 76.21 162.668 38.095 0.139 0.257 0.411 -0.407
45 95 4 78.156 155.279 38.225 0.122 0.236 0.48 -0.428
45 107 4 45.848 165.428 38.762 1.611 0.64 1.814 2.704
45 108 1 29.095 142.673 38.587 1.711 1.902 1.132 2.654
46 2 1 56.898 166.571 38.669 3.761 1.901 1.506 -1.696
46 35 1 56.889 138.097 39.119 5.2 1.762 1.965 0.441
46 39 3 85.995 142.209 38.586 0.208 0.484 1.131 2.527
46 53 4 76.898 145.659 38.688 1.675 0.657 1.487 2.64
46 61 2 48.855 150.809 39.363 6.361 2.451 2.604 3.074
46 64 5 88.513 162.049 38.603 1.938 0.715 1.386 -0.537
46 66 1 54.333 176.374 38.308 1.675 0.149 0.535 -2.256
46 77 1 60.129 131.672 38.864 3.236 1.731 1.412 -2.034
46 82 5 56.577 150.156 38.914 0.468 0.657 1.685 -0.675
46 83 5 76.186 162.7 38.078 0.16 0.294 0.354 2.603
46 95 4 78.152 155.296 38.263 0.22 0.244 0.462 2.603
46 107 4 47.457 166.029 38.756 1.742 0.754 1.685 2.682
46 108 1 31.177 142.974 38.637 1.802 2.116 1.218 2.513
46 124 4 17.598 139.345 38.493 0.683 0.467 0.818 2.505
47 2 1 55.948 168.291 38.663 4.501 1.899 1.431 -1.919
47 35 1 55.991 135.145 39.136 5.278 1.829 1.98 0.444
47 39 3 86.759 142.393 38.758 0.646 0.755 1.53 2.332
47 53 4 79.839 146.237 38.599 1.521 0.62 1.416 2.532
47 61 2 50.329 152.181 39.311 6.35 2.207 2.484 3.099
47 64 5 83.904 161.026 38.629 1.832 0.647 1.452 -0.788
47 77 1 60.094 131.806 38.866 3.285 1.675 1.494 -2.073
47 82 5 56.624 150.228 38.939 0.401 0.603 1.612 -1.132
47 83 5 76.147 162.639 38.149 0.289 0.247 0.273 3.064
47 95 4 78.127 155.316 38.266 0.2 0.268 0.484 3.064
47 107 4 48.948 166.511 38.803 1.789 0.515 1.708 2.736
47 108 1 32.236 143.253 38.68 4.231 2.087 1.254 2.465
47 124 4 19.595 140.371 38.75 1.324 1.813 1.139 2.369
47 125 1 66.056 100.992 38.989 2.448 1.728 1.188 -2.267
48 2 1 55.122 170.013 38.577 4.196 1.842 1.339 -2.059
48 35 1 55.365 132.025 39.157 5.267 1.727 2.014 0.456
48 39 3 87.491 142.544 38.769 0.666 0.814 1.461 2.4
48 53 4 82.842 146.929 38.6 1.437 0.63 1.497 2.471
48 61 2 51.558 153.762 39.302 6.339 2.165 2.429 3.135
48 64 5 79.677 160.09 38.703 2.123 0.618 1.4 -0.728
48 77 1 60.111 132.014 38.859 3.116 1.821 1.466 -2.337
48 82 5 56.55 150.242 38.921 0.451 0.653 1.584 -1.156
48 83 5 76.131 162.684 38.135 0.164 0.238 0.284 2.513
48 95 4 78.124 155.338 38.278 0.143 0.195 0.398 -0.709
48 107 4 50.154 167.331 38.787 1.702 0.735 1.616 2.8
48 108 1 34.204 143.595 38.703 4.185 2.04 1.321 2.402
48 124 4 21.17 140.797 38.678 3.92 1.93 1.313 2.417
48 125 1 65.285 105.426 38.969 2.007 1.814 1.531 -2.312
49 2 1 54.064 173.977 38.399 1.352 1.69 1.079 -2.436
49 35 1 54.541 124.547 39.127 5.148 1.765 1.985 0.401
49 39 3 89.038 142.875 38.976 0.527 0.887 0.924 2.274
49 53 4 89.481 148.537 38.476 0.981 0.617 1.421 2.317
49 61 2 53.258 157.612 39.327 6.469 2.383 2.6 -3.103
49 64 5 70.427 158.26 38.715 2.011 0.786 1.498 -0.848
49 77 1 60.009 132.066 38.891 3.154 1.706 1.492 -2.468
49 82 5 56.518 149.976 38.931 0.383 0.631 1.733 -1.792
49 95 4 78.079 155.364 38.223 0.073 0.24 0.312 2.445
49 108 1 39.791 144.383 38.829 4.548 2.133 1.437 2.128
49 124 4 27.062 142.09 38.94 4.204 1.924 1.75 2.254
49 130 1 65.012 80.972 38.795 2.063 1.375 0.663 -2.502
50 35 1 54.591 120.892 39.151 5.204 1.701 1.861 0.415
50 39 3 89.788 142.991 38.782 0.777 0.788 1.533 2.166
50 53 4 92.677 149.334 38.768 1.075 0.457 0.639 2.223
50 61 2 53.722 159.276 39.369 6.323 2.137 2.649 -3.078
50 64 5 66.237 157.372 38.689 1.845 0.681 1.394 -0.906
50 77 1 59.962 132.023 38.897 3.202 1.657 1.419 -2.639
50 82 5 56.524 150.263 38.908 0.723 0.631 1.757 -2.155
50 108 1 42.633 144.588 38.855 4.579 1.998 1.487 2.056
50 124 4 29.734 142.639 38.89 4.217 1.976 1.561 2.137
50 125 1 63.533 115.39 38.963 4.006 1.852 1.652 -2.611
50 130 1 65.089 80.567 38.787 2.144 1.479 0.881 0.561
51 35 1 54.874 117.156 39.14 5.102 1.748 1.954 0.393
51 39 3 90.485 143.187 38.713 0.687 0.839 1.681 1.961
51 53 4 96.013 149.914 38.534 1.49 0.51 1.41 1.961
51 61 2 54.174 161.232 39.547 6.216 2.221 2.973 -3.081
51 64 5 62.084 156.457 38.707 1.972 0.696 1.405 -1.022
51 77 1 60.039 131.802 38.916 3.36 1.69 1.462 -2.517
51 82 5 56.427 150.336 38.881 0.618 0.695 1.646 -2.635
51 108 1 45.57 144.858 38.885 4.758 1.905 1.454 1.939
51 124 4 32.368 143.208 38.917 4.415 2.062 1.607 2.047
51 125 1 63.06 118.008 38.981 3.939 1.956 1.637 -2.746
51 130 1 65.095 81.004 38.723 0.785 1.509 0.796 0.401
51 141 3 48.877 98.334 39.296 0.215 0.507 1.016 -2.759
52 35 1 55.301 113.204 39.064 5.397 1.794 1.972 0.32
52 39 3 91.254 143.301 39.295 0.565 0.895 0.532 2.078
52 61 2 54.348 163.538 39.445 6.477 2.165 2.957 -3.071
52 64 5 57.86 155.574 38.744 1.754 0.754 1.503 -1.135
52 77 1 60.02 131.876 38.905 3.516 1.753 1.555 -2.681
52 82 5 56.347 150.529 38.813 0.528 0.837 1.649 -2.653
52 108 1 48.685 145.293 38.861 4.832 2.133 1.495 1.829
52 124 4 35.14 143.581 38.938 4.48 1.949 1.714 1.915
52 125 1 62.704 120.032 38.981 4 1.866 1.681 -2.794
52 130 1 65.126 80.135 38.86 2.351 1.553 1.429 0.371
52 141 3 48.677 99.109 39.348 0.259 0.597 1.06 -2.819
53 35 1 55.931 109.302 39.077 5.229 1.821 1.928 0.292
53 39 3 91.956 143.461 39.177 0.565 0.814 0.7 1.975
53 61 2 54.293 163.658 39.554 1.674 2.087 2.824 -2.999
53 64 5 53.551 154.518 38.793 1.541 0.582 1.195 1.835
53 77 1 59.964 132.025 38.903 3.178 1.802 1.474 -2.779
53 82 5 56.44 150.892 38.902 0.574 0.695 1.554 -2.684
53 95 4 78.045 155.389 38.208 0.19 0.161 0.454 2.454
53 108 1 51.994 145.542 38.871 4.845 1.909 1.469 1.771
53 124 4 38.032 143.953 38.981 4.392 1.898 1.695 1.8
53 125 1 62.365 121.663 39.024 4.221 1.854 1.696 -2.888
53 130 1 65.071 80.02 38.917 2.329 1.599 1.35 0.252
53 141 3 48.578 99.882 39.394 0.234 0.549 1.019 -2.924
54 35 1 56.472 105.197 39.075 5.053 1.962 1.878 0.245
54 39 3 92.568 143.657 39.133 0.449 0.849 0.741 1.771
54 61 2 54.357 165.524 39.563 0.334 2.126 2.527 0.151
54 64 5 49.193 153.595 38.725 1.86 0.683 1.343 -1.339
54 77 1 59.923 132.081 38.909 3.296 1.98 1.528 -2.853
54 82 5 56.317 151.105 39.305 0.549 0.429 0.737 0.305
54 95 4 78.071 155.416 38.212 0.217 0.268 0.35 3.142
54 108 1 55.289 145.985 38.839 4.851 1.841 1.515 1.745
54 124 4 40.829 144.415 38.998 4.579 2.172 1.692 1.745
54 125 1 62.195 122.932 39.037 4.124 2.054 1.708 -2.853
54 130 1 65.185 79.952 38.891 2.331 1.644 1.349 -2.841
54 141 3 48.471 100.661 39.3 0.366 0.602 1.255 -2.867
55 35 1 57.302 101.226 39.056 4.582 1.792 1.907 0.292
55 39 3 93.248 143.805 39.044 0.738 0.358 0.683 -3.021
55 61 2 54.098 168.734 39.529 1.325 2.038 2.38 -2.896
55 77 1 59.865 132.153 38.919 3.276 1.796 1.498 -2.812
55 82 5 56.198 151.222 39.211 0.452 0.561 0.829 2.614
55 108 1 58.661 146.649 38.82 4.722 1.803 1.52 1.813
55 124 4 43.915 144.53 38.985 4.606 1.863 1.734 1.746
55 125 1 61.96 123.729 39.05 4.391 1.981 1.749 -2.854
55 130 1 65.212 79.956 38.625 2.235 1.653 1.299 0.388
55 141 3 48.316 101.446 39.27 0.183 0.606 1.018 -2.927
56 35 1 58.178 97.184 39.066 4.48 1.724 1.9 0.369
56 39 3 93.968 143.974 39.068 0.305 0.719 0.532 1.85
56 61 2 53.911 171.112 39.494 0.639 2.17 2.383 -2.899
56 77 1 59.848 132.463 38.927 3.211 1.881 1.504 -2.761
56 82 5 56.214 151.456 39.111 0.391 0.56 0.934 -0.958
56 108 1 62.104 147.519 38.773 4.656 2.001 1.409 1.919
56 124 4 47.08 144.874 38.983 4.533 1.931 1.687 1.792
56 125 1 61.593 124.581 39.079 4.343 2.093 1.747 -2.747
56 130 1 65.078 79.877 39.007 2.279 1.576 1.131 0.222
56 141 3 48.208 102.188 39.352 0.409 0.641 0.925 -2.837
57 35 1 58.836 93.448 39.056 3.715 1.813 1.828 0.352
57 39 3 94.728 144.161 39.032 0.421 0.775 0.762 1.942
57 61 2 53.027 176.625 39.509 6.109 2.211 2.92 -2.854
57 77 1 59.582 133.1 38.916 3.176 1.854 1.487 -2.708
57 82 5 56.03 151.506 39.121 0.597 0.599 1.058 -0.751
57 108 1 65.674 148.439 38.809 4.607 1.833 1.361 2.013
57 124 4 50.379 145.205 38.995 4.6 1.864 1.665 1.854
57 125 1 61.199 125.595 39.101 4.107 2.084 1.808 -2.586
57 130 1 65.134 79.444 38.868 2.994 1.68 1.511 0.249
57 141 3 48.078 102.898 39.305 0.402 0.593 1.212 -2.838
58 35 1 60.224 85.687 39.078 3.415 1.853 1.812 0.143
58 39 3 96.293 144.107 39.222 0.333 0.246 0.585 1.919
58 61 2 52.428 180.193 39.349 1.363 2.241 2.869 -2.874
58 77 1 58.826 135.069 38.902 3.23 1.603 1.436 -2.684
58 125 1 60.502 127.254 39.047 4.115 1.853 1.65 -2.743
58 130 1 65.041 79.411 38.989 3.089 1.609 1.207 0.143
58 141 3 47.802 104.31 39.386 0.33 0.565 1.19 -2.903
58 167 1 72.844 150.547 38.701 4.136 1.809 1.385 1.924
58 170 1 56.189 82.457 39.069 1.679 0.77 0.918 0.347
58 173 5 67.485 62.212 38.823 0.373 0.707 0.379 0
58 179 3 53.463 76.36 39.286 0.395 0.184 0.931 1.099
59 35 1 61.058 81.904 39.029 3.478 1.717 1.721 0.24
59 39 3 96.845 144.437 39.066 0.457 0.705 0.697 1.823
59 77 1 58.298 136.169 38.889 3.236 1.663 1.542 -2.705
59 125 1 60.31 128.297 39.001 4.063 1.878 1.735 -2.932
59 130 1 65.057 79.204 38.756 3.232 1.867 1.577 0.149
59 141 3 47.618 105.063 39.353 0.331 0.615 1.214 -2.89
59 167 1 76.234 151.63 39.085 2.84 1.341 0.3 1.815
59 170 1 56.152 81.872 39.295 0.289 0.377 0.337 -0.063
59 173 5 68.106 61.156 38.733 0.284 1.21 0.38 -3.02
59 179 3 53.438 76.381 39.201 0.232 0.473 0.873 -3.118
59 181 1 60.998 147.172 39.007 4.391 1.78 1.573 1.8
60 35 1 61.628 78.197 38.977 3.317 1.735 1.941 0.104
60 39 3 97.592 144.6 39.108 0.256 0.456 0.596 1.682
60 77 1 57.675 137.362 38.889 3.155 1.697 1.495 -2.787
60 125 1 60.195 129.483 39.024 3.956 1.833 1.681 -3.081
60 130 1 65.139 78.998 38.932 2.985 1.493 1.085 0.035
60 141 3 47.481 105.789 39.2 0.417 0.685 1.521 -3.066
60 167 1 81.004 152.964 38.673 4.524 1.791 1.355 1.749
60 170 1 56.165 81.802 39.201 0.213 0.532 0.386 -0.652
60 173 5 68.279 59.616 38.947 0.677 1.479 1.158 0.116
60 179 3 53.398 76.36 39.279 0.42 0.41 1.025 -3.024
60 181 1 64.271 148.021 38.915 3.331 1.596 1.57 1.765
60 185 5 68.298 86.784 39.198 1.049 0.924 0.286 0.081
61 35 1 62.072 74.715 38.958 3.343 1.741 1.983 -0.02
61 77 1 57.118 138.365 38.8 2.355 1.628 1.346 -2.681
61 125 1 60.106 130.929 38.972 3.84 1.865 1.622 3.091
61 130 1 65.193 78.128 38.846 3.038 1.742 1.299 -0.02
61 141 3 47.316 106.53 39.226 0.454 0.701 1.603 -3.13
61 167 1 85.225 154.047 38.633 4.283 1.825 1.206 1.706
61 170 1 56.222 81.674 39.275 0.261 0.415 0.35 -0.336
61 173 5 68.665 56.867 38.982 3.11 1.787 1.114 0.005
61 179 3 53.358 76.148 39.225 0.3 0.403 0.732 -3.069
61 181 1 68.774 149.258 38.805 4.154 1.912 1.651 1.673
61 185 5 67.312 91.75 38.959 3.642 1.694 1.192 -3.106
62 35 1 62.689 71.422 39.012 3.436 1.703 1.834 0.016
62 77 1 55.863 140.042 38.864 3.138 1.728 1.51 -2.671
62 125 1 60.108 132.66 38.923 3.687 1.862 1.542 3
62 130 1 65.459 76.442 38.803 3.827 1.829 1.464 0.017
62 141 3 47.07 107.429 39.162 0.566 0.879 1.729 -3.132
62 167 1 89.376 155.02 38.696 3.653 1.717 1.049 1.637
62 170 1 56.283 81.445 39.337 0.195 0.37 0.326 0.304
62 173 5 68.878 56.077 38.794 1.017 1.669 1.508 0.026
62 179 3 53.331 75.908 39.278 0.322 0.349 0.717 0.06
62 181 1 71.755 149.899 39.05 2.187 1.543 1.172 1.751
62 185 5 66.665 95.299 38.976 3.803 1.718 1.36 -3.123
62 200 5 74.31 67.698 39.244 0.326 0.174 0.267 -1.547
63 35 1 63.468 66.498 38.952 3.513 1.665 1.912 0.008
63 77 1 54.235 142.442 38.76 2.937 1.317 1.262 -2.515
63 125 1 60.368 134.88 38.893 0.826 1.785 1.558 2.789
63 130 1 65.86 73.92 38.917 3.006 1.525 1.275 -0.045
63 141 3 46.929 108.571 39.156 0.436 0.543 1.699 0.299
63 173 5 69.372 52.963 38.889 0.73 1.456 1.327 0.07
63 179 3 53.616 75.418 39.28 0.303 0.496 0.737 0.102
63 181 1 79.231 152.204 38.558 3.974 2.223 1.277 1.672
63 185 5 65.812 100.608 38.94 4.15 1.699 1.439 -3.126
63 200 5 74.253 67.661 39.388 0.255 0.119 0.204 -1.144
63 203 5 66.859 58.859 39.276 0.327 0.544 0.65 -0.438
63 206 5 72.641 55.894 39.077 0.614 0.271 0.26 -0.23
64 35 1 63.832 61.805 38.969 4.032 1.995 1.97 -0.081
64 130 1 66.368 70.217 38.884 3.136 1.655 1.24 3.06
64 141 3 46.557 109.82 39.315 0.591 0.566 1.307 0.133
64 173 5 70.101 48.59 38.775 0.958 1.457 1.589 -0.008
64 179 3 53.846 74.872 39.211 0.337 0.435 1.061 0.027
64 185 5 65.033 105.93 38.969 4.102 1.922 1.483 -3.134
64 200 5 74.214 67.704 39.517 0.339 0.386 0.505 0.074
64 203 5 66.783 58.801 39.274 0.296 0.528 0.811 -3.132
64 206 5 72.254 55.657 39.264 0.946 0.541 0.421 3.071
65 35 1 62.963 57.826 38.918 3.66 1.798 1.977 -0.588
65 130 1 67.143 65.503 38.873 3.136 1.908 1.538 0.019
65 141 3 46.283 111.705 39.458 0.33 0.724 1.178 -3.024
65 173 5 71.358 41.542 38.953 0.847 1.265 1.282 0.045
65 179 3 54.221 74.022 39.257 0.445 0.417 1.19 0.18
65 185 5 63.738 112.968 39.082 2.915 1.237 1.132 3.124
65 200 5 74.236 67.715 39.103 0.288 0.424 1.339 1.089
65 203 5 66.624 58.748 38.884 0.504 0.241 1.797 1.5
65 206 5 71.895 55.968 39.321 0.425 0.394 0.509 -1.595
66 35 1 62.092 56.504 38.902 4.323 1.854 1.978 -0.786
66 130 1 67.458 63.908 38.87 3.315 1.751 1.548 0
66 141 3 46.109 112.412 39.434 0.292 0.644 1.026 -3.12
66 173 5 71.632 38.657 38.879 0.855 1.528 1.308 -0.052
66 179 3 54.243 73.733 39.342 0.538 0.537 1.012 0.108
66 185 5 63.545 114.561 39.135 0.773 1.437 0.357 3.118
66 200 5 74.199 67.715 39.042 0.365 0.444 1.465 1.046
66 203 5 66.533 58.765 38.933 0.744 0.491 1.787 1.681
66 206 5 71.799 55.567 39.349 1.065 0.441 0.528 -0.099
67 35 1 61.244 55.779 38.908 4.484 1.766 2.015 -0.97
67 130 1 67.658 62.569 38.809 3.637 1.731 1.642 -0.017
67 173 5 72.08 35.655 38.699 0.942 1.684 1.568 -0.008
67 179 3 54.512 73.476 39.208 0.543 0.436 1.351 0.497
67 200 5 74.2 67.674 38.994 0.41 0.5 1.589 1.127
67 203 5 66.486 58.845 38.939 0.721 0.489 1.818 1.674
67 206 5 71.752 55.854 39.39 0.388 0.408 0.614 -1.586
67 227 3 88.37 58.968 39.497 0.375 0.572 1.46 -2.121
67 230 3 46.067 113.221 39.469 0.391 0.538 0.938 -0.064
67 234 4 59.152 59.593 39.313 1.293 0.617 0.91 2.826
68 35 1 60.296 55.216 38.999 4.781 1.817 2.138 -1.119
68 130 1 67.849 61.419 38.818 3.8 1.747 1.595 -0.005
68 173 5 72.518 31.497 38.808 3.222 1.469 1.562 -0.006
68 179 3 54.683 73.349 39.232 0.474 0.609 1.19 1.41
68 200 5 74.157 67.684 38.929 0.389 0.415 1.769 1.467
68 203 5 66.534 58.798 38.95 0.671 0.389 1.716 1.586
68 206 5 71.718 55.868 39.424 0.346 0.358 0.653 -1.57
68 227 3 87.961 59.035 39.699 0.393 0.48 0.912 0.714
68 230 3 45.981 113.993 39.4 0.484 0.591 0.855 -0.011
68 234 4 59.118 59.619 39.209 1.303 0.729 1.042 2.868
68 240 3 71.686 55.246 39.415 0.237 0.364 0.401 -1.57
69 35 1 59.51 54.946 39.062 4.385 1.752 2.184 -1.305
69 130 1 67.943 60.712 38.822 3.918 1.731 1.568 -0.008
69 173 5 73.04 29.679 38.782 0.782 1.754 1.607 0.006
69 179 3 54.727 73.316 39.333 0.648 0.598 1 1.733
69 200 5 74.188 67.674 38.992 0.387 0.558 1.662 1.283
69 203 5 66.553 58.938 38.93 0.839 0.626 1.684 2.47
69 206 5 71.713 55.881 39.415 0.366 0.427 0.628 -0.069
69 227 3 87.501 59.035 39.432 0.787 1.008 1.523 -1.92
69 230 3 45.829 114.733 39.463 0.38 0.566 0.557 3.13
69 234 4 59.107 59.593 39.172 1.373 0.752 1.202 2.823
69 240 3 71.697 55.217 39.353 0.479 0.225 0.312 3.003
70 35 1 58.224 54.734 39.274 4.839 1.782 1.806 1.618
70 130 1 67.974 60.306 38.879 3.981 1.76 1.563 0
70 173 5 73.729 25.183 38.506 3.538 1.669 1.292 -0.001
70 179 3 54.777 73.312 39.33 0.698 0.779 0.96 1.374
70 200 5 74.111 67.681 38.977 0.558 0.583 1.741 1.566
70 203 5 66.716 59.275 38.931 0.728 0.688 1.698 1.562
70 206 5 71.69 55.957 39.202 0.451 0.347 0.983 -1.589
70 227 3 87.152 59.008 39.529 0.523 1.177 1.49 -1.791
70 230 3 45.615 115.461 39.442 0.454 0.547 0.977 0
70 234 4 59.116 59.622 39.051 1.391 0.774 1.486 -0.359
70 240 3 71.668 55.122 39.158 0.32 0.423 1.02 -1.589
71 35 1 55.501 55.49 39.332 3.154 1.823 1.886 -1.935
71 130 1 68.068 60.511 38.896 3.436 1.921 1.606 -0.013
71 173 5 74.528 20.772 38.994 0.833 1.713 1.185 -0.017
71 179 3 54.722 73.351 39.268 0.464 0.699 1.081 0.361
71 200 5 74.082 67.638 39.026 0.393 0.499 1.597 1.303
71 203 5 66.768 60.052 38.948 0.658 0.624 1.781 3.06
71 206 5 71.577 55.97 39.235 0.359 0.592 1.033 -1.756
71 227 3 86.696 59.268 39.362 0.526 1.278 1.626 -1.157
71 234 4 58.983 59.857 38.854 1.193 0.429 1.234 -0.57
71 240 3 71.673 55.188 39.178 0.238 0.412 0.851 -1.541
72 35 1 56.398 55.956 39.436 0.743 1.366 1.648 -0.906
72 130 1 68 60.122 38.935 4.148 1.712 1.572 -0.004
72 173 5 75.851 12.614 38.6 0.811 1.569 1.643 -3.082
72 179 3 54.728 73.35 39.409 0.451 0.751 0.799 -2.893
72 200 5 74.117 67.599 38.996 0.464 0.458 1.724 2.944
72 203 5 66.298 60.149 38.743 2.237 0.304 1.228 0.07
72 206 5 70.467 55.837 39.225 0.686 0.587 1.301 -2.839
72 234 4 59.154 59.365 39.029 1.863 0.597 1.435 2.858
72 240 3 71.313 55.138 39.046 0.309 0.257 1.251 2.858
73 35 1 54.633 57.293 39.431 4.452 1.733 1.731 -2.696
73 130 1 67.875 59.97 38.959 4.384 2.096 1.578 -0.032
73 173 5 76.451 9.137 38.515 0.636 1.564 0.797 -0.002
73 179 3 54.751 73.353 39.365 0.427 0.728 0.766 0.123
73 200 5 74.223 67.601 39.037 0.661 0.411 1.601 1.66
73 203 5 66.407 59.587 38.839 0.109 0.131 0.313 1.548
73 206 5 69.918 55.627 39.002 0.547 0.652 1.785 -2.271
73 234 4 59.027 59.368 39.065 1.967 0.915 1.486 2.802
73 240 3 70.999 54.895 38.369 0.107 0.274 0.275 -2.706
73 264 3 70.817 55.113 39.209 0.367 0.271 0.85 -2.555
73 265 3 42.09 43.412 40.147 0.309 0.209 0.489 2.419
74 35 1 54.285 58.13 39.385 4.888 1.784 1.774 -2.859
74 130 1 68.081 59.862 38.97 4.537 1.796 1.555 -0.057
74 173 5 77.026 5.438 38.493 0.816 1.618 0.874 -0.055
74 179 3 54.728 73.318 39.378 0.458 0.665 0.927 0.695
74 200 5 74.082 67.581 39.024 0.447 0.438 1.701 -0.163
74 206 5 69.67 55.592 39.029 0.738 0.826 1.796 -1.924
74 234 4 59.037 59.335 39.046 1.924 0.873 1.525 2.689
74 264 3 70.081 54.696 38.936 0.607 0.506 1.579 -1.687
74 265 3 42.1 43.414 40.112 0.214 0.401 0.486 -1.705
75 35 1 54.618 57.702 39.431 2.204 1.648 1.793 0.091
75 130 1 68.142 59.907 39.069 4.408 1.918 1.681 -0.06
75 173 5 77.683 2.054 38.588 0.291 1.584 0.768 -0.149
75 179 3 54.878 73.417 39.367 0.474 1.067 0.873 0
75 200 5 74.11 67.53 39.038 0.269 0.391 1.69 -0.619
75 206 5 69.22 55.558 39.036 0.509 0.673 1.792 -1.583
75 234 4 59.078 59.357 39.099 1.801 0.736 1.48 2.85
75 264 3 69.682 54.465 38.92 0.58 0.651 1.601 -1.583
75 265 3 42.112 43.432 40.078 0.388 0.31 0.545 -0.003
75 278 3 107.694 68.071 41.014 0.5 0.357 0.573 -1.762
76 35 1 53.675 60.198 39.587 4.837 1.853 1.757 3.109
76 130 1 68.079 59.912 39.126 4.447 1.87 1.344 0.017
76 179 3 54.812 73.395 39.494 0.296 0.336 0.97 -3.035
76 200 5 74.064 67.496 39.229 0.26 0.389 1.452 2.593
76 206 5 69.053 55.465 39.075 0.479 0.774 1.755 -2.116
76 234 4 59.064 59.358 39.115 1.867 0.791 1.5 2.684
76 264 3 69.153 54.528 38.995 0.613 0.622 1.595 -2.2
76 265 3 42.109 43.402 40.186 0.162 0.307 0.475 -2.019
76 278 3 107.788 68.679 40.872 0.242 0.356 1.019 -1.669
76 280 3 31.339 40.087 40.237 0.217 0.555 0.658 -1.847
77 35 1 53.329 62.402 39.632 4.663 2.116 1.666 3.129
77 130 1 68.048 59.938 39.106 4.54 2.066 1.417 -0.109
77 179 3 54.814 73.361 39.504 0.376 0.481 0.847 0.33
77 200 5 74.067 67.511 39.183 0.414 0.431 1.472 1.874
77 206 5 68.694 55.169 39.07 0.663 0.758 1.732 -1.434
77 234 4 59.086 59.316 39.148 1.846 1.079 1.557 2.628
77 264 3 68.741 54.441 38.976 0.455 0.652 1.564 -1.951
77 265 3 42.073 43.106 40.153 0.268 0.622 0.747 -1.76
77 278 3 107.589 69.194 40.918 0.41 0.506 1.127 -0.014
77 280 3 31.546 40.623 40.298 0.475 0.513 0.695 -1.432
78 35 1 52.591 64.559 39.757 2.934 2.015 1.548 -0
78 130 1 68.108 59.838 39.052 4.327 2.045 1.55 -0.168
78 200 5 74.101 67.497 39.235 0.429 0.438 1.523 2.012
78 206 5 67.834 54.427 39.057 0.819 0.438 1.713 -1.258
78 234 4 59.098 59.304 39.168 1.815 0.701 1.505 2.678
78 264 3 67.801 53.863 38.988 0.449 0.466 1.539 -1.226
78 265 3 41.923 42.736 40.164 0.401 0.35 0.689 -1.579
78 278 3 107.325 69.829 40.872 0.25 0.407 1.271 -0.805
78 280 3 31.893 41.281 40.364 0.289 0.301 0.568 0.013
78 288 3 58.544 58.645 39.146 0.546 0.574 1.499 1.43
79 130 1 68.104 59.843 39.103 4.34 1.981 1.433 -0.142
79 200 5 74.04 67.532 39.224 0.438 0.417 1.528 0.575
79 206 5 66.562 53.913 39.03 0.821 0.775 1.709 -0.772
79 234 4 59.033 59.225 39.089 1.564 0.727 1.36 2.783
79 264 3 66.459 53.201 38.97 0.444 0.557 1.611 -0.772
79 265 3 41.657 42.454 40.247 0.449 0.32 0.609 -0.032
79 278 3 107.108 70.76 40.976 0.338 0.42 1.069 -1.502
79 280 3 32.218 42.214 40.363 0.409 0.375 0.557 -0
79 288 3 58.762 58.412 39.169 0.401 0.701 1.456 0.009
80 130 1 68.04 59.786 39.048 4.577 1.775 1.532 -0.079
80 200 5 74.039 67.58 39.068 0.429 0.415 1.839 1.453
80 206 5 66.153 53.702 39.03 0.913 0.632 1.678 -1.64
80 234 4 59.013 58.988 39.149 1.832 0.695 1.505 2.723
80 264 3 66.035 52.829 38.907 0.622 0.724 1.525 -1.886
80 265 3 41.423 42.41 40.168 0.42 0.243 0.749 0.01
80 278 3 107.074 71.179 40.872 0.566 0.268 1.29 0.058
80 280 3 32.504 42.472 40.303 0.372 0.314 0.65 -0.201
80 288 3 58.477 58.522 39.208 0.303 0.474 1.349 1.462
80 290 4 50.247 74.176 40.166 1.757 0.359 1.281 -0.022
81 130 1 68.11 59.376 39.174 4.369 1.712 1.246 -0.081
81 200 5 74.024 67.527 39.124 0.359 0.277 1.714 1.208
81 206 5 65.425 53.454 38.986 0.87 0.596 1.631 -1.468
81 234 4 59.041 58.843 39.212 1.754 0.617 1.621 2.716
81 264 3 65.483 52.835 38.907 0.859 0.708 0.308 -1.606
81 265 3 41.229 42.43 40.142 0.207 0.546 0.719 1.802
81 278 3 107.238 71.686 40.862 0.806 0.697 1.321 1.552
81 280 3 32.778 42.814 40.275 0.156 0.338 0.622 1.653
81 288 3 58.483 58.43 39.28 0.467 0.556 1.427 1.092
81 290 4 49.654 75.279 40.098 4.22 0.5 1.495 -3.037
81 298 3 28.402 40.363 40.293 0.328 0.164 0.692 1.542
82 130 1 68.256 58.831 39.177 4.28 1.686 1.019 -0.084
82 200 5 74.01 67.577 39.097 0.344 0.335 1.758 1.44
82 206 5 64.907 53.411 38.989 0.755 0.621 1.689 -1.524
82 234 4 59.007 58.73 39.12 1.731 0.63 1.539 2.721
82 264 3 65.033 52.342 38.903 0.381 0.324 1.53 -1.661
82 265 3 41.049 42.403 40.224 0.393 0.295 0.614 0.002
82 278 3 106.982 72.123 40.949 0.43 0.275 1.135 0.033
82 280 3 33.066 43.073 40.279 0.398 0.537 0.647 -3.091
82 288 3 58.382 58.53 39.304 0.429 0.481 1.452 1.028
82 290 4 48.25 77.094 40.108 4.653 1.746 1.656 0.087
82 298 3 27.873 40.161 40.292 0.487 0.386 0.77 -1.566
83 130 1 68.409 57.969 39.002 4.759 1.757 1.55 -0.118
83 200 5 74.001 67.526 39.078 0.425 0.391 1.787 -0.068
83 206 5 64.209 53.2 38.935 0.748 0.838 1.672 -0.794
83 234 4 58.98 58.528 39.178 1.765 0.663 1.63 2.808
83 264 3 64.367 52.127 38.851 0.654 0.713 1.531 -1.203
83 265 3 40.937 42.364 40.221 0.248 0.423 0.617 1.431
83 278 3 106.9 72.445 40.86 0.366 0.397 1.303 -1.663
83 280 3 33.423 43.332 40.279 0.44 0.288 0.633 -0.165
83 288 3 58.236 58.468 39.185 0.567 0.625 1.673 0.616
83 290 4 47.287 79.285 40.286 4.597 1.83 1.473 -3.024
83 298 3 27.496 39.841 40.309 0.335 0.372 0.734 1.369
84 130 1 68.578 56.979 38.957 4.236 1.847 1.559 -0.087
84 200 5 73.99 67.533 39.032 0.476 0.34 1.73 1.357
84 206 5 63.4 52.869 38.9 0.761 0.881 1.732 -1.291
84 234 4 58.975 58.334 39.082 1.776 0.701 1.494 2.866
84 264 3 63.391 51.684 38.883 0.521 0.575 1.651 -0.83
84 265 3 40.651 42.28 40.224 0.35 0.397 0.595 1.48
84 280 3 33.921 43.694 40.256 0.452 0.438 0.655 0.045
84 288 3 58.245 58.39 39.204 0.532 0.504 1.616 0
84 298 3 26.963 39.529 40.296 0.476 0.439 0.767 -1.647
85 130 1 68.85 55.065 38.958 4.402 1.764 1.574 -0.103
85 200 5 73.926 67.475 39.035 0.266 0.531 1.714 -0.365
85 206 5 62.41 52.675 38.993 0.599 0.82 1.778 -1.101
85 234 4 58.887 58.215 39.099 1.834 0.78 1.534 2.839
85 264 3 62.689 51.285 38.963 0.444 0.568 1.601 -1.32
85 265 3 40.549 42.337 40.124 0.456 0.493 0.724 1.471
85 288 3 58.242 58.314 39.174 0.466 0.605 1.662 -1.714
85 298 3 26.446 39.052 40.371 0.461 0.495 0.635 -0.002
85 317 3 78.576 9.192 38.623 0.379 0.262 1.289 -1.666
86 130 1 69.187 53.592 38.948 4.163 1.762 1.567 -0.124
86 200 5 73.951 67.437 39.076 0.246 0.505 1.603 -0.521
86 206 5 61.941 52.524 38.991 0.492 0.867 1.821 -0.759
86 234 4 58.881 58.084 39.085 1.764 0.755 1.514 2.751
86 264 3 62.155 51.389 39.544 0.275 0.424 0.324 -1.019
86 265 3 40.309 42.354 40.232 0.172 0.177 0.518 -1.523
86 288 3 58.295 58.345 39.16 0.431 0.561 1.607 -1.982
86 298 3 26.101 38.638 40.383 0.492 0.533 0.602 -0.22
86 317 3 77.995 9.127 38.663 0.761 0.68 1.268 -1.689
86 325 3 58.57 62.375 38.654 0.338 0.242 0.652 1.645
86 327 3 61.303 50.532 38.977 0.507 0.519 1.574 -0.163
87 130 1 70.143 47.952 38.891 3.985 1.895 1.539 -0.183
87 200 5 73.941 66.99 39.057 0.347 0.588 1.742 -0.314
87 206 5 60.414 51.508 39.055 0.684 0.766 1.73 -1.086
87 234 4 58.793 57.331 39.105 1.916 0.849 1.612 2.548
87 264 3 60.678 50.832 38.969 0.559 0.537 1.602 -1.123
87 265 3 39.501 42.485 40.238 0.24 0.45 0.575 -1.774
87 288 3 58.203 58.292 39.176 0.647 0.584 1.681 -0.001
87 298 3 25.123 37.622 40.294 0.487 0.479 0.804 -1.714
87 317 3 75.816 9.736 38.71 0.485 0.47 1.332 -1.943
87 325 3 58.655 62.443 38.695 0.273 0.554 0.626 -0.017
87 327 3 61.355 50.592 38.966 0.619 0.541 1.64 0.56
87 329 3 106.733 75.385 40.823 0.566 0.252 1.362 -3.139
88 130 1 70.505 45.628 38.88 3.96 1.825 1.595 -0.195
88 200 5 73.831 66.898 39.04 0.316 0.584 1.754 -0.902
88 206 5 59.989 51.053 39.06 0.784 0.501 1.805 -2.67
88 234 4 58.762 57.242 39.105 1.78 0.807 1.659 2.511
88 264 3 60.358 50.552 38.987 0.459 0.602 1.629 -2.671
88 265 3 39.3 42.523 40.287 0.342 0.306 0.485 0.156
88 288 3 58.21 58.296 39.176 0.627 0.479 1.664 -0.447
88 317 3 75.09 9.868 38.737 0.271 0.45 1.47 -0.139
88 325 3 58.712 62.447 38.811 0.371 0.697 0.898 0
88 327 3 61.376 50.722 39.308 0.635 0.546 1.005 3.01
88 329 3 106.866 75.678 41.387 0.54 0.405 2.078 -0.018
89 130 1 70.881 43.154 38.876 4.016 1.876 1.52 -0.249
89 200 5 73.823 66.849 39.046 0.359 0.58 1.704 -1.131
89 206 5 59.623 50.519 39.083 0.513 0.661 1.7 -1.167
89 234 4 58.762 57.093 39.083 1.857 0.86 1.555 2.421
89 264 3 59.872 50.145 38.984 0.586 0.482 1.559 -1.156
89 265 3 39.081 42.519 40.273 0.259 0.37 0.518 -1.942
89 288 3 58.204 58.29 39.168 0.701 0.533 1.624 -0.346
89 317 3 74.458 9.834 38.687 0.36 0.34 1.441 2.86
89 325 3 58.888 62.576 38.798 0.622 1.052 0.847 -0.134
89 327 3 61.506 50.953 39.521 0.425 0.539 0.551 -1.525
89 329 3 107.008 76.119 40.815 0.517 0.426 1.311 2.877
90 130 1 71.314 40.646 38.857 3.752 1.746 1.579 -0.307
90 200 5 73.813 66.679 39.009 0.379 0.589 1.713 -0.321
90 206 5 59.303 50.19 39.079 0.467 0.696 1.768 -0.384
90 234 4 58.756 57.016 39.131 1.817 0.721 1.575 2.429
90 264 3 59.491 49.73 39.37 0.347 0.469 0.787 -0.384
90 265 3 38.904 42.58 40.233 0.392 0.517 0.771 -1.478
90 288 3 58.151 58.238 39.165 0.572 0.527 1.621 0.006
90 317 3 73.568 9.882 38.757 0.283 0.511 1.221 -0.072
90 325 3 58.808 62.619 38.86 0.877 0.669 1.049 1.323
90 327 3 61.737 50.862 39.004 0.487 0.491 1.572 -0.098
90 329 3 107.081 76.491 40.925 0.331 0.342 0.868 -0.362
91 130 1 71.811 37.584 38.865 4.03 1.825 1.57 -0.313
91 200 5 73.669 66.695 39.065 0.542 0.517 1.712 1.376
91 206 5 58.875 49.999 39.38 0.454 0.563 0.95 -1.553
91 264 3 59.075 49.283 38.977 0.474 0.479 1.592 -1.553
91 265 3 38.844 42.549 40.261 0.267 0.433 0.766 1.049
91 288 3 58.194 58.132 39.185 0.472 0.69 1.643 0.262
91 317 3 72.929 9.718 38.644 0.642 0.506 1.422 -1.605
91 325 3 58.847 62.668 38.883 1.008 0.747 1.047 1.232
91 327 3 61.898 51.006 38.986 0.496 0.547 1.656 1.818
91 329 3 107.225 76.855 40.874 0.35 0.291 0.871 -0.347
92 130 1 72.338 34.687 38.859 3.662 1.752 1.488 -0.366
92 200 5 73.665 66.618 39.021 0.535 0.399 1.737 1.204
92 206 5 58.458 49.514 39.109 0.832 0.734 1.696 -1.356
92 264 3 58.726 48.837 39.184 0.429 0.584 1.311 -1.434
92 288 3 58.285 58.137 39.195 0.7 0.508 1.604 -0.813
92 317 3 72.16 9.845 38.725 0.351 0.295 1.384 -1.836
92 325 3 58.983 62.814 38.932 0.483 0.485 1.121 -0.296
92 327 3 62.15 51.165 38.986 0.581 0.626 1.566 1.204
