0 4 1 65.897 56.276 39.11 4.61 1.865 1.792 -1.588
0 12 3 48.921 55.959 39.031 0.624 0.883 1.625 -1.51
0 14 4 32.636 42.119 38.749 1.357 0.504 1.541 1.624
0 27 3 48.957 56.94 38.998 0.634 0.585 1.726 -1.51
0 28 3 54.94 43.477 38.405 0.151 0.241 0.439 -0.675
0 31 1 92.448 60.191 38.833 2.457 0.914 1.054 -1.533
0 38 4 71.081 58.997 39.064 2.155 0.615 1.586 -1.607
1 4 1 64.811 56.019 39.151 4.64 1.84 1.705 -1.544
1 12 3 48.269 55.811 38.995 0.657 0.615 1.662 -1.399
1 14 4 33.995 42.339 38.774 1.896 0.624 1.541 1.713
1 27 3 48.289 56.786 38.997 0.711 0.555 1.694 -1.399
1 28 3 54.919 43.497 38.411 0.184 0.247 0.421 -3.124
1 31 1 89.49 59.257 38.975 3.501 1.704 0.97 -1.544
1 38 4 67.664 58.755 39.076 2.128 0.706 1.578 -1.591
2 4 1 63.846 55.811 39.141 4.728 1.757 1.708 -1.518
2 12 3 47.676 55.509 39.032 0.658 0.629 1.844 -1.453
2 14 4 35.87 42.671 39.072 1.386 0.561 1.031 1.573
2 27 3 47.789 56.675 38.96 0.672 0.565 1.75 -1.453
2 28 3 54.954 43.489 38.409 0.138 0.176 0.434 -0.814
2 31 1 86.022 58.866 39.063 3.513 1.557 0.912 -1.547
2 38 4 64.161 58.38 39.102 2.162 0.811 1.646 -1.529
3 4 1 63.185 55.52 39.127 4.355 1.973 1.711 -1.498
3 12 3 47.09 55.37 39.06 0.546 0.594 1.757 -1.549
3 14 4 37.18 42.896 39.102 0.816 0.427 1.014 1.606
3 27 3 47.092 56.473 39.223 0.517 0.627 1.185 -1.308
3 28 3 54.995 43.495 38.395 0.237 0.127 0.389 1.513
3 31 1 82.847 58.15 38.893 3.97 1.904 1.344 -1.57
3 38 4 60.52 57.774 39.074 2.138 0.738 1.599 -1.464
4 4 1 62.059 55.333 39.113 4.64 1.787 1.707 -1.476
4 12 3 46.444 55.212 39.199 0.628 0.583 1.463 -1.519
4 14 4 38.919 43.023 38.906 1.088 0.62 1.448 1.421
4 27 3 46.443 56.29 39.23 0.54 0.679 1.147 -1.519
4 31 1 80.029 57.925 38.9 4.196 1.701 1.407 -1.603
4 38 4 56.809 56.834 39.002 2.149 0.713 1.574 -1.426
5 4 1 61.092 55.103 39.112 4.652 1.789 1.687 -1.475
5 12 3 45.814 55.079 39.229 0.649 0.613 1.382 -1.572
5 14 4 40.481 43.222 38.985 1.31 0.501 1.328 1.562
5 27 3 45.789 56.159 39.218 0.718 0.62 1.143 -1.572
5 31 1 77.241 57.593 38.921 4.293 1.654 1.437 -1.602
5 38 4 53.02 55.507 38.991 2.261 0.69 1.676 -1.334
6 4 1 59.81 54.816 39.076 4.651 1.871 1.713 -1.486
6 12 3 45.201 54.875 39.227 0.622 0.541 1.357 -1.512
6 14 4 41.829 43.377 39.222 0.912 0.61 0.959 1.632
6 27 3 45.352 55.897 39.18 0.564 0.524 1.186 -1.512
6 31 1 74.629 57.146 38.927 4.255 2.147 1.474 -1.626
6 38 4 49.433 54.153 39.543 0.224 0.493 0.35 -1.076
7 4 1 58.382 54.461 39.052 4.593 1.782 1.709 -1.48
7 12 3 44.594 54.784 39.28 0.569 0.583 1.229 -1.486
7 14 4 43.46 43.716 39.164 1.27 0.534 0.697 1.634
7 27 3 44.756 55.557 39.381 0.571 0.685 0.75 -1.486
7 31 1 72.11 57.071 38.953 4.273 1.82 1.476 -1.611
7 38 4 45.28 52.578 38.924 2.168 0.628 1.586 -1.332
8 4 1 56.687 54.089 39.052 4.618 1.788 1.809 -1.499
8 12 3 44.019 54.581 39.389 0.515 0.522 0.92 -1.344
8 14 4 45.034 43.959 39.017 1.456 0.607 1.044 1.628
8 27 3 44.174 55.444 39.36 0.527 0.495 0.751 -1.344
8 31 1 69.692 56.655 38.998 4.25 2.08 1.405 -1.631
8 38 4 41.749 51.418 38.963 0.894 0.584 1.291 -1.439
9 4 1 54.787 53.648 39.058 4.478 1.861 1.724 -1.49
9 12 3 43.399 54.375 39.459 0.499 0.532 0.812 -1.53
9 14 4 46.411 44.116 38.871 1.473 0.561 1.399 1.559
9 27 3 43.575 55.174 39.33 0.527 0.577 0.777 -1.53
9 31 1 67.329 56.38 38.965 4.306 2.136 1.475 -1.596
9 38 4 37.289 50.043 39.258 1.527 0.671 0.887 -1.546
10 4 1 52.517 53.2 39.045 4.343 1.883 1.671 -1.531
10 12 3 42.818 54.254 39.363 0.564 0.727 0.989 -1.572
10 14 4 47.589 44.43 39.286 0.636 0.368 0.641 1.555
10 27 3 43.047 55.036 39.236 0.399 0.373 0.945 -1.572
10 31 1 65.032 56.268 39.017 4.266 1.649 1.515 -1.572
10 38 4 32.791 49.012 39.208 1.221 0.537 0.815 -1.554
10 78 4 81.975 48.654 38.537 1.153 0.288 0.673 1.506
11 4 1 50.302 52.595 38.996 3.594 1.91 1.661 -1.47
11 12 3 42.236 53.996 39.243 0.553 0.595 1.197 -1.689
11 14 4 49.421 44.909 38.97 1.422 0.695 1.353 1.624
11 27 3 42.391 54.889 39.363 0.391 0.423 0.984 -1.508
11 31 1 62.911 55.531 39.021 4.309 2.254 1.467 -1.582
11 38 4 28.447 48.012 39.334 0.985 0.573 0.337 -1.553
11 78 4 81.953 48.762 38.558 1.934 0.62 0.713 1.192
11 92 3 82.307 24.902 39.456 0.191 0.437 0.341 -3.115
12 4 1 46.935 52.042 39.058 4.216 1.532 1.686 -1.559
12 12 3 41.637 53.881 39.313 0.581 0.515 1.031 -1.549
12 14 4 50.89 45.579 38.923 1.52 0.633 1.514 1.777
12 27 3 41.784 54.703 39.405 0.473 0.386 0.873 -1.549
12 31 1 60.714 55.45 38.999 4.393 1.681 1.447 -1.558
12 38 4 23.813 47.021 39.356 1.012 0.474 0.582 -1.525
12 78 4 81.916 48.713 38.566 1.872 0.46 0.669 1.175
12 92 3 82.237 25.556 39.454 0.218 0.541 0.333 0.052
13 4 1 43.79 51.202 38.988 4.187 1.886 1.71 -1.524
13 12 3 41.065 53.709 39.433 0.469 0.534 0.707 -1.525
13 14 4 52.137 46.477 38.925 1.726 0.591 1.553 2.028
13 27 3 41.179 54.678 39.458 0.435 0.484 0.691 -1.525
13 31 1 58.626 55.06 38.954 4.256 1.719 1.462 -1.533
13 38 4 19.141 46.148 39.398 1.092 0.354 0.266 -1.547
13 78 4 81.651 48.714 38.55 1.394 0.39 0.636 1.31
13 92 3 82.217 26.217 39.108 0.262 0.419 1.068 3.053
14 4 1 40.772 50.732 39.039 3.584 1.698 1.481 -1.553
14 12 3 40.444 53.619 39.416 0.462 0.572 0.773 -1.315
14 14 4 53.414 47.225 39.241 0.941 0.635 1.036 -0.981
14 27 3 40.576 54.491 39.451 0.456 0.417 0.728 -1.315
14 31 1 56.566 54.27 38.954 4.242 2.148 1.499 -1.509
14 78 4 81.502 48.831 38.664 1.249 0.461 0.869 1.274
14 92 3 82.153 26.835 39.144 0.245 0.624 1.018 3.026
14 107 1 89.467 59.333 39.021 2.769 1.558 0.797 -1.539
15 4 1 38.147 50.055 39.345 1.986 1.166 0.741 -1.491
15 12 3 39.829 53.448 39.395 0.503 0.529 0.776 -1.502
15 14 4 55.186 48.156 39.013 1.54 0.629 1.553 1.854
15 27 3 39.935 54.387 39.403 0.474 0.571 0.785 -1.502
15 31 1 54.445 54.076 38.925 4.116 1.801 1.453 -1.473
15 78 4 81.532 48.795 38.645 1.408 0.386 0.875 1.416
15 92 3 82.055 27.409 39.271 0.323 0.473 0.735 3.101
15 107 1 85.638 58.708 39.129 2.749 1.589 1.051 -1.508
16 4 1 34.406 49.543 39.341 3.017 1.064 0.961 -1.582
16 12 3 39.202 53.427 39.381 0.523 0.505 0.793 -1.582
16 14 4 56.723 48.716 38.927 1.773 0.622 1.566 1.668
16 27 3 39.336 54.229 39.399 0.426 0.335 0.781 -1.582
16 31 1 52.411 53.477 38.902 4.031 1.72 1.398 -1.445
16 78 4 81.454 48.821 38.552 1.237 0.281 0.672 -1.703
16 92 3 81.882 28.001 39.154 0.244 0.498 1.008 3.058
16 107 1 82.019 58.078 38.9 3.646 1.906 1.327 -1.576
17 4 1 31.16 48.744 39.635 1.324 1.295 0.256 -1.51
17 12 3 38.521 53.312 39.48 0.626 0.565 0.851 -1.577
17 14 4 58.573 49.062 38.981 1.702 0.568 1.519 1.484
17 27 3 38.613 54.157 39.37 0.429 0.306 0.803 -1.577
17 31 1 50.68 53.026 38.858 3.298 1.619 1.366 -1.507
17 78 4 81.303 48.817 38.564 0.911 0.305 0.643 1.462
17 92 3 81.951 28.676 39.153 0.628 0.598 1.038 2.897
17 107 1 78.483 57.612 38.899 4.367 1.783 1.436 -1.605
18 4 1 27.707 48.226 39.344 2.751 0.899 0.74 -1.494
18 12 3 37.92 53.32 39.342 0.474 0.614 0.818 -1.472
18 14 4 60.383 49.24 39.005 1.788 0.528 1.535 1.554
18 27 3 38.018 54.007 39.359 0.574 0.277 0.756 -1.639
18 31 1 48.328 52.356 38.899 3.957 1.809 1.502 -1.437
18 92 3 81.858 29.28 39.194 0.303 0.488 0.981 3.101
18 107 1 74.648 57.078 38.905 4.351 1.691 1.494 -1.567
19 4 1 25.09 47.448 39.375 0.407 1.595 0.586 -1.482
19 12 3 37.33 53.105 39.394 0.507 0.518 0.991 -1.452
19 14 4 62.258 49.42 38.935 1.792 0.7 1.339 1.705
19 27 3 37.352 53.813 39.343 0.684 0.676 0.803 -1.452
19 31 1 46.237 52.115 38.909 3.84 1.301 1.378 -1.456
19 92 3 81.682 29.95 39.214 0.266 0.43 0.948 3.088
19 107 1 70.985 56.286 38.923 4.391 2.01 1.493 -1.57
20 12 3 36.789 52.934 39.397 0.469 0.591 0.977 -1.465
20 14 4 64.023 49.742 39.038 1.748 0.575 1.575 1.422
20 27 3 36.787 53.71 39.329 0.633 0.467 0.822 -1.465
20 31 1 44.394 51.384 38.86 3.952 1.68 1.381 -1.453
20 92 3 81.678 30.394 39.232 0.301 0.464 0.946 3.097
20 107 1 67.3 55.838 38.997 4.401 1.699 1.533 -1.574
21 12 3 36.241 52.67 39.374 0.456 0.557 1.003 -1.624
21 27 3 36.23 53.531 39.312 0.542 0.525 0.831 -1.628
21 31 1 42.736 50.853 38.913 3.548 1.686 1.424 -1.474
21 92 3 81.59 30.493 39.203 0.253 0.526 0.978 -3.113
21 107 1 63.718 55.177 39.012 4.388 1.746 1.437 -1.529
21 144 5 75.54 40.98 38.539 2.557 1.434 0.86 -0.214
22 12 3 35.577 52.6 39.365 0.557 0.492 1.016 -1.541
22 27 3 35.728 53.264 39.257 0.376 0.463 0.458 -1.541
22 31 1 41.202 50.466 38.935 2.726 1.639 1.315 -1.498
22 92 3 81.457 30.481 39.214 0.265 0.552 0.981 -2.983
22 107 1 60.244 54.427 39.017 4.411 1.709 1.48 -1.514
22 144 5 75.638 40.816 38.474 2.853 2.849 1.015 -0.082
22 145 4 67.504 50.103 39.05 1.723 0.608 1.63 1.613
23 12 3 35.002 52.408 39.341 0.531 0.669 1.037 -1.535
23 27 3 34.93 53.32 39.276 0.503 0.361 0.858 -1.535
23 31 1 39.185 49.952 38.941 2.834 1.486 1.2 -1.531
23 92 3 81.624 30.503 39.235 0.271 0.355 0.939 2.91
23 107 1 56.707 53.669 38.95 4.342 1.718 1.478 -1.492
23 144 5 75.849 38.509 38.449 1.309 0.334 0.542 1.453
23 145 4 69.223 50.155 39.048 1.635 0.652 1.659 1.458
23 147 4 80.153 46.345 38.366 1.046 0.246 0.514 1.42
24 12 3 34.447 52.23 39.332 0.388 0.433 0.711 -1.564
24 27 3 34.391 53.076 39.236 0.472 0.564 0.86 -1.564
24 31 1 37.004 49.509 39.005 2.913 1.16 0.971 -1.514
24 92 3 81.574 30.518 39.219 0.334 0.358 0.963 3.127
24 107 1 53.28 52.948 38.892 4.41 1.568 1.43 -1.479
24 144 5 75.651 34.524 38.567 1.226 0.244 0.241 0.916
24 145 4 70.936 50.345 38.941 1.741 0.682 1.476 1.726
24 147 4 79.883 46.284 38.431 0.685 0.445 0.631 1.238
25 12 3 33.722 52.288 39.221 0.191 0.24 0.916 -1.528
25 27 3 33.677 53.008 39.316 0.456 0.635 0.741 -1.564
25 31 1 34.651 49.249 39.098 2.878 0.728 0.681 1.628
25 92 3 81.552 30.513 39.229 0.318 0.54 0.958 -3.1
25 107 1 50.702 52.27 38.929 3.29 1.614 1.548 -1.509
25 144 5 75.69 38.484 38.432 0.953 0.277 0.507 1.243
25 145 4 72.509 50.689 38.974 1.709 0.561 1.44 1.706
25 147 4 79.688 46.105 38.449 1.296 0.645 0.691 1.685
26 12 3 33.155 52.052 39.271 0.553 0.559 1.131 -1.468
26 27 3 33.067 52.94 39.29 0.358 0.523 0.725 -1.544
26 92 3 81.632 30.489 39.226 0.313 0.426 0.939 3.121
26 107 1 47.302 51.482 38.889 4.133 1.425 1.465 -1.519
26 144 5 75.903 38.454 38.534 0.435 1.302 0.695 3.102
26 145 4 74.19 50.872 38.94 1.678 0.684 1.529 1.567
26 147 4 79.743 46.211 38.441 1.446 0.447 0.658 1.696
27 12 3 32.558 52.001 39.378 0.558 0.664 0.987 -1.528
27 27 3 32.326 52.828 39.37 0.464 0.633 0.942 -1.59
27 92 3 81.584 30.48 39.216 0.299 0.544 0.983 -3.121
27 107 1 44.417 51.027 38.928 4.044 1.121 1.494 -1.508
27 144 5 75.922 38.454 38.552 1.448 0.322 0.697 1.33
27 145 4 75.741 51.232 38.929 1.682 0.51 1.556 1.469
28 12 3 31.985 51.859 39.326 0.547 0.589 0.986 -1.502
28 27 3 31.735 52.651 39.357 0.488 0.595 1.007 -1.502
28 92 3 81.599 30.454 39.213 0.225 0.515 1.005 3.118
28 107 1 42.125 50.212 38.881 3.05 1.789 1.479 -1.486
28 144 5 76.099 40.601 38.433 1.326 0.269 0.764 1.031
28 145 4 77.211 51.302 38.921 1.795 0.668 1.583 1.47
29 12 3 31.409 51.856 39.337 0.521 0.617 0.965 -1.497
29 27 3 31.126 52.499 39.344 0.432 0.54 0.952 -1.482
29 92 3 81.635 30.46 39.239 0.324 0.475 0.967 3.096
29 107 1 40.174 49.72 38.886 1.118 1.485 1.358 -1.571
29 145 4 78.695 51.631 38.938 1.72 0.584 1.561 1.71
30 12 3 30.792 51.828 39.317 0.52 0.478 0.98 -1.562
30 27 3 30.51 52.33 39.467 0.358 0.366 0.681 -1.607
30 92 3 81.584 30.447 39.233 0.446 0.257 0.97 -1.714
30 145 4 80.151 51.935 38.958 1.701 0.605 1.519 1.638
31 12 3 30.149 51.808 39.422 0.555 0.546 0.761 -1.511
31 27 3 29.839 52.479 39.425 0.338 0.318 0.389 -1.511
31 92 3 81.639 30.419 39.245 0.289 0.501 0.971 2.951
31 145 4 81.606 52.231 38.966 1.71 0.684 1.517 1.627
32 12 3 29.545 51.587 39.438 0.469 0.461 0.687 -1.625
32 27 3 29.185 52.241 39.424 0.323 0.519 0.716 -1.413
32 92 3 81.684 30.471 39.258 0.389 0.399 0.951 -1.823
32 145 4 82.985 52.18 38.996 1.717 0.709 1.452 1.33
33 12 3 28.87 51.534 39.308 0.255 0.401 0.478 -1.529
33 27 3 28.61 52.278 39.155 0.312 0.358 0.786 -1.529
33 92 3 81.64 30.448 39.236 0.316 0.388 0.977 2.879
33 145 4 83.922 52.086 38.917 2.153 0.728 1.559 1.5
34 12 3 28.218 51.417 39.482 0.396 0.37 0.562 -1.488
34 27 3 28.061 52.074 39.249 0.367 0.562 1.044 -1.536
34 92 3 81.615 30.479 39.256 0.369 0.298 0.938 -1.502
34 145 4 85.735 52.213 38.963 1.786 0.399 1.458 1.495
35 12 3 27.536 51.431 39.224 0.477 0.474 1.041 -1.559
35 27 3 27.454 52.057 39.371 0.384 0.323 0.697 -1.578
35 92 3 81.534 30.622 39.253 0.229 0.475 0.946 -3.037
35 145 4 87.339 52.477 38.962 1.702 0.674 1.44 1.643
36 12 3 26.891 51.243 39.186 0.453 0.678 1.1 -1.487
36 27 3 26.855 51.966 39.38 0.297 0.442 0.328 -1.487
36 92 3 81.488 30.879 39.257 0.376 0.557 0.958 3.061
36 145 4 88.376 52.53 39.031 1.699 0.675 1.267 1.557
37 12 3 26.233 51.129 39.354 0.463 0.604 0.75 -1.519
37 27 3 26.312 51.888 39.262 0.314 0.363 0.52 -1.519
37 92 3 81.451 31.5 39.272 0.309 0.581 0.954 2.795
37 145 4 89.84 52.49 39.094 0.762 0.311 1.065 -1.535
38 12 3 25.66 50.927 39.33 0.448 0.608 0.753 -1.52
38 27 3 25.698 51.661 39.338 0.357 0.566 0.751 -1.52
38 92 3 81.434 32.074 39.277 0.331 0.536 0.952 3.075
38 145 4 91.781 52.773 39.063 1.294 0.525 1.157 1.679
39 12 3 25.019 50.775 39.38 0.49 0.527 0.631 0
39 92 3 81.404 32.797 39.292 0.322 0.598 0.88 3.142
39 145 4 93.118 53.005 39.056 1.187 0.443 1.145 1.649
40 12 3 24.374 50.56 39.261 0.541 0.669 0.834 -1.562
40 27 3 24.536 51.581 39.179 0.324 0.241 0.602 -1.557
40 92 3 81.314 33.234 39.423 0.599 0.303 0.691 -1.846
40 145 4 94.656 53.265 39.01 0.794 0.298 1.212 1.667
41 12 3 23.786 50.462 39.266 0.518 0.485 0.798 -1.572
41 27 3 23.904 51.408 39.291 0.437 0.521 0.768 -1.572
41 92 3 81.258 33.664 39.333 0.371 0.402 0.886 -2.905
41 145 4 96.372 53.582 39.056 0.591 0.426 1.095 1.45
42 12 3 23.255 50.453 39.154 0.363 0.435 0.581 -1.479
42 27 3 23.321 51.291 39.277 0.469 0.443 0.784 -1.479
42 92 3 81.175 34.095 39.351 0.232 0.452 0.874 2.851
42 145 4 98.079 53.79 39.21 0.562 0.483 0.765 1.551
42 228 4 110.197 66.489 39.312 0.923 0.411 0.621 1.583
43 12 3 22.56 50.459 39.249 0.479 0.292 0.795 -1.514
43 27 3 22.762 51.161 39.15 0.272 0.358 0.575 -1.514
43 92 3 81.102 34.472 39.337 0.366 0.635 0.912 2.962
43 145 4 99.785 54.178 39.052 0.658 0.385 1.108 1.633
43 228 4 108.521 66.131 39.348 0.698 0.442 0.591 -1.504
44 12 3 21.983 50.298 39.21 0.464 0.415 0.849 -1.509
44 92 3 81.382 34.708 39.351 0.64 0.592 0.895 -3.067
44 145 4 101.46 54.602 39.419 0.457 0.268 0.249 1.596
44 228 4 106.91 65.811 39.363 0.714 0.262 0.599 1.555
44 242 4 84.41 49.714 38.805 0.596 0.521 0.541 0.005
45 12 3 21.335 50.279 39.217 0.52 0.565 0.814 -1.548
45 92 3 81.356 35.136 39.468 0.37 0.55 0.697 0.005
45 145 4 103.157 54.985 39.406 0.48 0.317 0.267 1.571
45 228 4 105.305 65.484 39.291 0.712 0.49 0.794 -1.605
45 245 5 75.394 35.167 38.246 0.941 0.118 0.033 1.167
46 92 3 81.362 35.404 39.49 0.34 0.576 0.667 3.036
46 228 4 103.766 65.246 39.429 0.733 0.416 0.562 -1.577
46 242 4 84.411 49.634 38.787 0.618 0.617 0.95 0
46 245 5 75.618 34.903 38.599 0.832 1.047 0.768 -0.103
47 92 3 81.552 35.58 39.502 0.39 0.709 0.648 3.099
47 242 4 84.482 49.565 38.789 0.959 0.586 0.949 -0.001
47 245 5 75.586 34.429 38.429 1.688 0.82 0.599 0.002
48 92 3 81.763 35.791 39.495 0.296 0.546 0.671 3.114
48 242 4 84.482 49.57 38.907 0.98 0.58 0.716 -0.018
48 245 5 75.573 34.293 38.425 2.078 1.263 0.599 -0.113
49 92 3 81.821 36.045 39.499 0.336 0.655 0.691 3.07
49 245 5 76.003 34.285 38.588 0.94 0.388 0.317 0.935
50 92 3 81.917 36.266 39.528 0.34 0.7 0.645 -2.863
50 274 4 97.258 63.905 39.351 0.626 0.297 0.508 1.513
51 92 3 82.094 36.433 39.524 0.355 0.548 0.617 0.282
51 274 4 95.762 63.769 39.383 0.6 0.445 0.479 -1.522
52 92 3 82.245 36.55 39.689 0.248 0.497 0.368 -0
52 274 4 94.059 63.596 39.315 0.844 0.589 0.649 -1.557
53 92 3 82.212 36.79 39.539 0.428 0.662 0.666 -0.222
53 274 4 92.678 63.383 39.457 0.188 0.474 0.434 -1.488
53 284 3 16.692 50.034 39.221 0.396 0.173 0.592 1.606
54 92 3 82.33 36.981 39.534 0.465 0.446 0.683 -0.899
54 274 4 90.834 62.915 39.303 0.796 0.33 0.776 -1.546
54 284 3 16.079 49.879 39.217 0.428 0.376 0.638 -1.538
55 92 3 82.656 37.202 39.695 0.291 0.348 0.367 -0.003
55 274 4 89.303 62.647 39.308 1.01 0.452 0.779 -1.547
55 284 3 15.445 49.493 39.175 0.661 0.851 0.62 -1.563
56 92 3 82.86 37.664 39.424 0.38 0.408 0.927 -0.002
56 274 4 87.666 62.336 39.186 0.888 0.604 1.121 -1.583
56 284 3 14.744 49.027 39.191 0.39 0.453 0.654 -1.592
57 274 4 86.269 61.996 39.139 1.598 0.556 1.245 -1.546
57 284 3 14.266 49.168 39.158 0.695 0.924 0.722 -1.517
58 274 4 84.913 61.559 38.999 1.511 0.647 1.548 -1.566
58 284 3 13.546 49.195 39.167 0.589 1.435 0.687 -1.582
59 274 4 83.139 61.101 39.272 0.93 0.582 0.732 -1.563
59 284 3 12.856 48.667 39.471 0.458 0.317 0.648 -1.561
60 274 4 81.726 60.793 39.308 0.954 0.507 0.705 -1.51
60 284 3 12.347 48.467 39.304 0.362 0.316 0.317 -1.53
61 274 4 80.093 60.37 39.221 1.168 0.624 0.909 -1.421
62 274 4 78.693 60.095 38.964 1.696 0.633 1.472 -1.562
63 274 4 77.198 59.825 38.949 1.861 0.616 1.53 -1.595
64 274 4 75.696 59.612 38.969 1.873 0.615 1.525 -1.671
65 274 4 74.176 59.331 38.966 1.874 0.66 1.554 -1.551
66 274 4 72.661 58.983 38.994 1.886 0.617 1.514 -1.465
67 274 4 71.167 58.691 39.048 1.879 0.652 1.63 -1.644
68 274 4 69.68 58.365 39.074 1.904 0.763 1.574 -1.551
68 331 3 86.416 44.538 39.406 0.408 0.538 0.827 0.923
69 274 4 68.227 58.11 39.052 1.862 0.613 1.59 -1.435
69 331 3 86.814 45.103 39.477 0.351 0.558 1.05 -0.338
70 274 4 66.73 57.84 39.066 1.882 0.714 1.553 -1.649
70 331 3 87.2 45.559 39.492 0.348 0.324 0.681 2.233
71 274 4 65.219 57.719 39.052 1.823 0.645 1.615 -1.554
71 331 3 87.595 46.165 39.463 0.276 0.401 0.739 -0.805
72 274 4 63.719 57.53 39.058 1.885 0.783 1.572 -1.701
72 331 3 87.96 46.632 39.445 0.308 0.399 0.676 0.481
72 382 5 75.867 40.147 38.556 1.413 0.37 0.704 0.909
72 387 1 72.359 21.048 38.683 1.74 1.437 0.82 -3.133
73 274 4 62.238 57.319 39.061 1.852 0.797 1.599 -1.511
73 331 3 88.43 47.148 39.446 0.239 0.341 1.06 0.347
73 382 5 75.531 40.318 38.566 1.256 0.282 0.651 1.34
73 387 1 72.145 23.71 38.322 1.263 1.622 0.656 3.105
74 274 4 60.734 57.039 39.049 1.861 0.786 1.6 -1.437
74 382 5 75.379 40.611 38.6 0.991 0.664 1.006 1.392
74 387 1 71.509 25.731 38.238 1.191 1.224 0.651 0.111
75 274 4 59.144 56.814 39.037 1.85 0.681 1.609 -1.409
75 382 5 75.194 40.489 38.335 0.654 0.142 0.602 1.212
75 387 1 71.36 28.24 38.465 1.014 1.8 0.603 -2.985
76 274 4 57.566 56.468 39.009 1.896 0.625 1.592 -1.292
76 382 5 75.121 40.527 38.566 0.663 0.322 0.732 -1.532
76 387 1 70.968 30.103 38.48 1.392 1.791 0.775 -2.949
77 274 4 55.921 55.991 39.016 2.076 0.817 1.591 -1.223
77 387 1 70.833 31.015 38.445 3.986 1.846 0.723 -2.934
77 415 4 73.927 38.182 38.462 0.242 0.304 0.518 -1.63
77 423 4 68.26 35.963 38.372 0.238 0.364 0.528 1.692
77 431 4 80.909 61.517 38.39 0.276 0.172 0.431 -0.408
77 440 4 47.683 42.192 38.573 1.736 0.473 0.689 0.037
77 444 1 78.105 62.457 38.398 0.241 0.303 0.491 -1.779
78 274 4 54.333 55.72 38.994 1.96 0.641 1.562 -1.275
78 387 1 70.401 33.195 38.681 4.222 1.751 1.141 -2.904
78 415 4 73.893 38.16 38.452 0.23 0.152 0.437 1.221
78 423 4 68.204 36.063 38.405 0.217 0.123 0.462 -1.08
78 431 4 80.896 61.528 38.385 0.204 0.152 0.333 -0.618
78 440 4 47.691 42.263 38.674 1.552 0.444 0.911 -0.01
78 444 1 78.04 62.44 38.372 0.194 0.163 0.428 -0.655
78 452 3 74.687 3.265 38.618 0.269 0.58 1.109 -2.904
79 274 4 52.859 55.378 38.962 1.702 0.621 1.557 -1.395
79 387 1 69.991 35.134 38.762 4.569 1.97 1.33 -2.915
79 415 4 73.867 38.17 38.446 0.266 0.243 0.422 -1.211
79 423 4 68.229 36.045 38.481 0.076 0.147 0.253 -0.987
79 431 4 80.866 61.511 38.353 0.176 0.178 0.395 1.923
79 440 4 47.624 42.223 38.615 1.534 0.452 0.748 0.077
79 444 1 78.032 62.455 38.421 0.136 0.223 0.449 1.923
79 452 3 74.261 3.942 38.873 0.613 0.196 0.787 -1.347
80 274 4 51.208 55.067 38.979 1.766 0.684 1.576 -1.412
80 387 1 69.67 37.393 38.89 4.288 1.835 1.466 -2.98
80 415 4 73.827 38.194 38.435 0.273 0.285 0.615 -2.937
80 423 4 68.156 36.087 38.358 0.153 0.275 0.428 -2.952
80 431 4 80.825 61.509 38.398 0.199 0.27 0.444 -1.843
80 440 4 47.538 42.216 38.666 1.627 0.489 0.861 0.062
80 444 1 78.004 62.444 38.384 0.253 0.199 0.4 -0.174
80 452 3 73.794 4.46 38.681 0.214 0.681 1.429 -2.939
81 274 4 49.679 54.888 38.963 1.458 0.649 1.542 -1.473
81 387 1 69.365 38.926 38.929 5.413 1.825 1.496 -3.063
81 415 4 73.771 38.152 38.46 0.273 0.268 0.511 -0.497
81 423 4 68.136 36.089 38.403 0.146 0.195 0.387 -3.03
81 431 4 80.778 61.495 38.39 0.15 0.068 0.257 -3.05
81 440 4 47.506 42.151 38.631 1.707 0.51 0.838 -0.01
81 444 1 77.965 62.46 38.422 0.253 0.102 0.362 -3.05
81 452 3 73.337 4.976 38.718 0.748 0.286 1.519 1.868
82 274 4 47.82 54.711 38.976 1.814 0.613 1.601 -1.601
82 387 1 68.974 41.235 38.878 4.773 1.956 1.376 3.13
82 415 4 73.764 38.187 38.553 0.196 0.168 0.32 2.164
82 423 4 68.102 36.075 38.384 0.113 0.193 0.465 -3.071
82 431 4 80.784 61.485 38.37 0.167 0.21 0.29 -1.508
82 440 4 47.486 42.297 38.605 1.492 0.609 0.729 -0.355
82 444 1 77.936 62.441 38.405 0.185 0.227 0.373 -1.828
82 452 3 72.638 5.47 38.766 0.324 0.517 1.564 -2.76
83 274 4 46.192 54.508 38.959 1.873 0.612 1.548 -1.594
83 387 1 68.634 43.247 38.912 4.727 1.934 1.392 3.022
83 423 4 68.103 36.047 38.406 0.187 0.253 0.383 -0.05
83 431 4 80.786 61.482 38.401 0.189 0.172 0.437 0.47
83 440 4 47.538 42.339 38.711 1.438 0.383 0.877 -0.42
83 444 1 77.967 62.467 38.463 0.181 0.186 0.382 0.47
83 452 3 72.023 5.888 38.805 0.229 0.555 1.563 -0.115
84 274 4 44.529 54.316 38.936 1.897 0.773 1.613 -1.782
84 387 1 68.29 45.097 38.988 4.817 1.88 1.459 2.921
84 423 4 68.061 36.024 38.461 0.219 0.252 0.492 2.718
84 440 4 47.453 42.306 38.636 1.478 0.413 0.721 -0.454
84 444 1 77.968 62.412 38.456 0.189 0.218 0.397 -2.316
84 452 3 71.424 6.354 38.673 0.389 0.64 1.22 -3.028
84 481 1 71.965 37.011 38.447 0.216 0.251 0.423 2.718
85 274 4 42.943 53.957 38.887 1.807 0.605 1.57 -1.904
85 387 1 68.068 47 38.904 4.71 1.827 1.303 2.807
85 423 4 68.065 36.005 38.473 0.225 0.286 0.431 -0.275
85 440 4 47.45 42.295 38.767 1.438 0.418 1.021 -0.442
85 452 3 70.795 6.824 38.662 0.513 0.706 1.448 -2.904
85 481 1 71.953 37.001 38.399 0.209 0.297 0.455 -0.3
86 274 4 41.238 53.696 38.896 1.791 0.652 1.466 -1.945
86 387 1 67.783 48.822 38.983 4.73 1.974 1.402 2.69
86 423 4 68.032 36.019 38.43 0.123 0.092 0.492 -1.991
86 440 4 47.455 42.24 38.753 1.562 0.279 0.93 -0.63
86 452 3 70.142 7.216 38.74 0.279 0.498 1.376 2.71
86 481 1 71.912 37.006 38.449 0.216 0.167 0.436 -1.991
87 274 4 39.779 53.482 38.96 1.382 0.652 1.571 -2.249
87 387 1 67.509 50.638 39.01 4.61 1.943 1.421 2.564
87 423 4 68.032 36.021 38.499 0.24 0.161 0.379 -2.181
87 481 1 71.885 36.974 38.421 0.255 0.173 0.399 -1.06
87 498 1 14.896 42.092 38.563 0.634 0.842 0.721 0.977
88 274 4 38.122 53.263 38.913 1.235 0.412 1.565 -2.267
88 387 1 67.202 52.517 38.994 4.64 1.818 1.356 2.399
88 423 4 68.036 35.994 38.431 0.178 0.155 0.496 -0
88 481 1 71.868 36.979 38.405 0.197 0.205 0.466 0
88 498 1 18.509 42.936 38.515 0.689 1.168 0.643 0.588
88 506 3 69.058 7.923 38.709 0.637 0.573 1.509 -0.768
89 274 4 36.467 52.913 39.48 0.397 0.423 0.394 -2.501
89 387 1 66.973 54.563 38.998 4.86 2.017 1.338 2.229
89 498 1 22.079 43.748 38.716 0.808 1.506 0.651 0.629
89 506 3 68.805 8.098 38.851 0.312 0.645 1.105 -1.831
89 512 3 67.662 0.471 38.976 0.225 0.356 1.057 -0.875
89 514 4 77.014 42.772 38.7 1.747 0.439 0.989 0.222
90 274 4 34.811 52.466 39.515 0.418 0.429 0.478 -2.799
90 387 1 66.623 56.514 39.297 4.85 1.921 1.963 1.957
90 481 1 71.902 36.985 38.486 0.188 0.203 0.363 -1.135
90 498 1 25.288 44.122 38.682 0.833 1.503 0.807 0.397
90 506 3 68.406 8.327 38.981 0.25 0.555 1.003 -2.201
90 512 3 67.538 0.386 39.097 0.467 0.553 0.909 -1.172
90 514 4 76.987 42.747 38.754 1.235 0.52 1.071 -0.174
90 518 1 68.038 36.018 38.488 0.178 0.259 0.462 -1.16
91 274 4 33.226 52.193 39.438 0.356 0.375 0.39 -3.086
91 387 1 66.321 58.448 39.082 4.734 1.969 1.519 1.696
91 481 1 71.932 36.978 38.465 0.202 0.258 0.517 2.95
91 498 1 28.007 44.461 38.649 0.797 1.179 0.752 0.153
91 506 3 67.844 8.532 39.173 0.202 0.426 0.559 1.702
91 512 3 67.56 0.349 39.041 0.334 0.599 0.956 -1.456
91 514 4 76.979 42.741 38.744 1.242 0.293 0.951 -0.268
91 518 1 68.034 35.994 38.474 0.299 0.23 0.44 0
92 274 4 31.509 51.867 39.455 0.493 0.541 0.447 2.937
92 387 1 66.088 59.904 39.052 3.427 1.894 1.441 1.405
92 481 1 71.929 36.919 38.477 0.223 0.205 0.443 -2.499
92 498 1 30.191 44.562 38.508 0.929 0.83 0.751 -0.156
92 506 3 67.199 8.616 39.048 0.349 0.499 0.874 -1.723
92 512 3 67.7 0.169 39.124 0.303 0.49 0.894 -1.723
92 514 4 76.933 42.71 38.699 1.129 0.379 0.855 -0.584
92 518 1 68.009 35.931 38.469 0.213 0.258 0.469 1.601
93 274 4 29.934 51.554 39.476 0.237 0.3 0.215 -0.498
93 387 1 65.775 61.999 39.06 3.343 1.844 1.456 1.043
93 481 1 71.92 36.907 38.497 0.225 0.209 0.442 -1.9
93 498 1 32.327 44.657 38.549 0.301 0.536 0.783 -1.787
93 506 3 66.742 9.051 39.165 0.216 0.39 0.866 -2.028
93 512 3 67.735 0.103 39.105 0.252 0.317 0.616 -1.986
93 514 4 76.781 42.695 38.758 1.036 0.329 0.955 -0.953
93 518 1 68.071 35.906 38.492 0.137 0.266 0.464 2.9
93 541 4 52.077 63.558 38.531 0.164 0.202 0.398 -1.219
94 387 1 65.226 64.581 39.094 4.381 1.881 1.459 0.856
94 481 1 71.946 36.913 38.449 0.195 0.239 0.369 0.861
94 506 3 66.497 9.579 39.059 0.238 0.379 0.638 0.768
94 512 3 67.717 0.057 39.141 0.279 0.56 0.677 -2.291
94 518 1 68.087 35.95 38.49 0.177 0.19 0.511 0.804
94 541 4 52.088 63.519 38.448 0.216 0.238 0.404 -2.952
94 543 5 127.863 64.157 38.718 0.646 1.767 0.469 2.411
95 387 1 64.899 66.539 39.065 4.336 1.819 1.466 0.569
95 481 1 71.96 36.897 38.463 0.239 0.257 0.467 -2.569
95 506 3 66.219 10.246 39.031 0.266 0.817 0.889 -2.61
95 512 3 67.743 0.013 39.225 0.338 0.498 0.694 -2.428
95 518 1 68.086 35.921 38.45 0.218 0.257 0.47 -2.581
95 541 4 52.127 63.495 38.475 0.263 0.138 0.431 0.033
95 543 5 127.051 67.027 39.17 2.594 1.225 1.405 -0.968
95 548 5 122.952 63.474 38.798 0.659 1.671 0.44 -0.987
96 387 1 64.527 68.498 39.003 4.406 1.871 1.425 0.301
96 481 1 71.981 36.926 38.445 0.166 0.242 0.465 -2.934
96 506 3 66.264 10.994 39.12 0.241 0.675 0.844 0.302
96 518 1 68.127 35.846 38.473 0.272 0.172 0.396 -2.828
96 541 4 52.093 63.481 38.478 0.239 0.146 0.381 -0.952
96 543 5 124.25 66.459 39.205 1.436 1.14 1.347 -1.325
96 548 5 118.134 62.814 38.641 0.152 0.329 0.272 -1.227
96 558 4 78.538 46.8 39 1.038 0.432 0.555 -1.859
96 566 4 75.519 39.376 38.566 1.218 0.361 0.753 -1.575
96 575 5 25.06 50.963 39.168 0.4 0.515 0.612 -1.18
97 387 1 64.184 70.278 38.924 4.407 1.904 1.278 0.075
97 481 1 71.996 36.862 38.454 0.181 0.175 0.397 -1.48
97 506 3 66.053 11.692 39.125 0.326 0.672 0.878 -3.037
97 518 1 68.125 35.855 38.437 0.244 0.223 0.423 0.024
97 541 4 52.124 63.537 38.529 0.249 0.209 0.427 1.862
97 543 5 121.98 66.202 39.191 1.425 1.16 1.557 1.581
97 548 5 114.925 62.506 38.599 3.047 1.606 0.785 1.683
97 558 4 78.563 46.81 38.964 0.971 0.212 0.64 -2.201
97 566 4 75.656 39.493 38.495 1.505 0.378 0.706 -1.663
97 575 5 23.714 50.65 38.816 0.568 0.613 1.213 -1.449
97 584 1 35.738 46.648 38.571 3.35 0.402 0.934 -1.493
98 387 1 63.905 72.17 38.991 4.398 1.933 1.392 -0.085
98 481 1 71.997 36.889 38.488 0.133 0.1 0.353 -1.651
98 506 3 65.886 12.373 39.161 0.296 0.583 0.865 0.022
98 518 1 68.109 35.897 38.467 0.155 0.165 0.384 0.067
98 541 4 52.144 63.502 38.457 0.155 0.202 0.335 -3.14
98 543 5 120.114 66.047 39.159 2.11 1.902 1.971 1.47
98 548 5 109.027 61.733 38.593 0.196 0.604 0.21 1.47
98 558 4 78.612 46.847 38.859 1.229 0.294 0.879 -2.314
98 566 4 75.884 39.543 38.751 1.891 0.401 0.791 -1.59
98 575 5 21.971 50.412 38.763 0.92 0.447 1.474 1.545
98 584 1 36.162 46.657 38.789 3.765 0.697 1.337 -1.715
98 590 3 101.568 50.006 39.588 0.34 0.576 0.782 -1.547
98 597 4 80.436 48.488 38.745 1.652 0.436 1.032 -1.734
99 387 1 63.545 74.055 38.901 4.393 1.911 1.254 -0.178
99 481 1 72.009 36.924 38.462 0.233 0.248 0.435 3.048
99 506 3 65.608 13.08 39.073 0.323 0.695 0.926 2.965
99 518 1 68.132 35.894 38.439 0.256 0.207 0.461 2.991
99 541 4 52.173 63.519 38.469 0.19 0.264 0.492 -2.572
99 543 5 117.999 65.46 39.305 2.051 1.116 1.636 1.405
99 558 4 78.728 46.906 38.729 1.165 0.385 0.975 -2.518
99 566 4 76.067 39.63 38.726 1.75 0.494 1.142 -1.485
99 575 5 20.635 50.152 38.879 0.49 0.434 1.215 1.417
99 584 1 36.684 46.597 38.57 4.084 0.904 0.871 -1.762
99 590 3 102.127 50.191 39.586 0.386 0.581 0.688 -1.723
99 597 4 80.443 48.556 38.612 1.437 0.301 0.777 -1.999
100 387 1 63.213 75.941 39.031 4.255 1.841 1.365 -0.193
100 481 1 72.013 36.929 38.432 0.222 0.181 0.311 -1.69
100 506 3 65.495 13.826 38.974 0.195 0.493 0.579 -0.117
100 518 1 68.151 35.926 38.429 0.14 0.223 0.325 2.948
100 541 4 52.195 63.547 38.495 0.194 0.15 0.415 2.406
100 543 5 116.228 65.031 39.539 2.675 1.146 0.95 -1.733
100 558 4 78.683 46.736 38.73 1.338 0.518 1.041 -2.536
100 575 5 19.066 49.858 38.865 0.789 0.416 0.912 1.463
100 584 1 37.127 46.552 38.725 4.089 1.235 1.186 -1.77
100 590 3 102.703 50.402 39.724 0.709 0.767 1.167 -1.575
100 597 4 80.382 48.594 38.659 1.362 0.362 0.935 -1.876
101 387 1 62.898 77.904 39.029 3.995 1.828 1.472 -0.205
101 481 1 72.03 36.923 38.449 0.137 0.178 0.344 -0.036
101 506 3 65.278 14.509 39.144 0.215 0.32 0.584 3.002
101 518 1 68.152 35.949 38.442 0.053 0.182 0.351 -0.036
101 541 4 52.185 63.549 38.444 0.161 0.196 0.432 -2.898
101 543 5 113.461 64.159 39.509 1.082 0.49 0.833 1.414
101 558 4 78.811 46.753 38.73 1.309 0.416 1.075 -2.601
101 584 1 37.341 46.391 38.542 4.143 1.606 0.819 -1.744
101 590 3 103.355 50.467 39.786 0.667 0.761 1.171 -1.715
101 597 4 80.788 48.407 38.764 1.387 0.371 0.981 -2.368
102 387 1 62.584 79.798 39.038 3.855 1.9 1.512 -0.181
102 481 1 72.085 36.871 38.39 0.288 0.146 0.439 0.832
102 506 3 65.095 15.248 39.171 0.364 0.327 0.762 -3.029
102 541 4 52.215 63.568 38.513 0.269 0.168 0.489 -0.558
102 543 5 111.701 64.27 39.574 2.298 0.96 0.839 1.46
102 558 4 78.95 46.662 38.731 1.788 0.558 0.997 0.654
102 584 1 37.467 46.294 38.715 4.175 1.799 1.206 -1.742
102 597 4 80.475 48.404 38.693 1.414 0.412 0.83 -2.024
103 387 1 62.27 81.567 39.044 3.388 1.806 1.478 -0.136
103 506 3 64.622 15.856 38.85 0.371 0.683 0.587 3.046
103 541 4 52.218 63.583 38.504 0.277 0.189 0.422 0
103 543 5 109.721 63.865 39.642 2.615 1.06 0.756 -1.671
103 558 4 78.933 46.632 38.606 1.808 0.586 0.841 -2.427
103 584 1 37.568 46.283 38.756 3.888 1.83 1.119 -1.7
103 597 4 81.172 48.186 38.762 1.005 0.41 1.034 -1.872
103 615 1 92.227 59.451 39.054 3.1 1.621 1.288 1.503
104 387 1 61.984 83.666 39.032 3.464 1.942 1.474 -0.088
104 541 4 52.252 63.575 38.543 0.168 0.162 0.384 2.507
104 543 5 107.86 63.519 39.515 2.938 0.98 1.033 -1.61
104 558 4 78.616 46.785 38.793 1.726 0.38 0.97 -2.517
104 584 1 37.555 46.25 38.624 4.043 1.904 0.842 -1.66
104 597 4 81.811 48.376 38.724 1.935 0.36 0.98 1.643
104 615 1 90.118 59.291 38.659 4.029 1.722 0.928 -1.664
105 387 1 61.634 85.66 39.077 3.431 1.877 1.423 -0.06
105 541 4 52.273 63.622 38.544 0.117 0.189 0.475 -1.271
105 543 5 105.95 63.216 39.562 2.815 0.979 0.777 1.498
105 558 4 79.373 46.637 38.694 2.658 1.04 1.003 -2.412
105 584 1 37.454 46.705 38.724 3.843 1.308 0.538 -1.528
105 597 4 82.049 47.812 38.787 3.139 0.8 0.953 1.048
105 615 1 88.195 58.94 38.758 4.29 1.861 1.212 1.553
106 387 1 61.382 87.19 39.067 2.423 1.842 1.499 -0.036
106 541 4 52.294 63.644 38.476 0.207 0.177 0.396 -0.286
106 543 5 103.906 62.731 39.636 2.829 0.994 0.79 1.567
106 558 4 78.982 46.657 38.658 1.694 0.443 0.996 -2.334
106 584 1 38.459 47.048 38.771 1.646 0.562 0.968 -1.574
106 615 1 86.604 58.7 38.932 4.19 1.8 1.54 1.567
107 387 1 61.013 89.764 39.081 3.286 1.883 1.516 -0.033
107 541 4 52.316 63.64 38.53 0.213 0.261 0.488 2.376
107 543 5 102.164 62.476 39.648 2.076 0.74 0.966 1.604
107 558 4 80.074 46.084 38.631 1.115 1.712 0.788 -0.091
107 584 1 38.734 46.543 38.717 1.8 1.784 1.077 -1.547
107 615 1 85.582 58.441 38.921 4.258 1.723 1.466 1.595
107 651 4 67.924 83.69 38.71 1.232 0.295 0.852 -0.055
108 387 1 60.649 91.827 39.088 3.272 1.843 1.485 0.015
108 541 4 52.32 63.648 38.493 0.179 0.26 0.475 -0.969
108 543 5 100.271 61.986 39.623 2.657 0.969 1.192 1.586
108 558 4 79.282 46.709 38.732 2.118 3.582 1.015 -2.267
108 584 1 38.665 46.795 38.901 1.701 1.274 0.76 -1.531
108 615 1 84.798 58.335 38.932 4.286 1.686 1.518 1.638
108 651 4 67.96 83.644 38.829 1.781 0.634 1.064 -0.006
109 387 1 60.371 93.947 39.029 3.436 1.954 1.42 0
109 541 4 52.346 63.646 38.56 0.224 0.287 0.451 2.312
109 543 5 98.615 61.683 39.592 3.057 0.982 1 1.594
109 558 4 78.717 46.902 38.69 1.69 0.28 0.989 -2.322
109 584 1 39.354 46.69 38.734 0.981 0.5 0.444 -3.019
109 615 1 84.418 58.273 39.023 4.603 1.593 1.341 1.62
109 651 4 68.06 83.655 38.817 1.775 0.59 1.064 -0.003
109 655 3 44.52 132.042 39.343 0.177 0.383 0.514 3.096
110 387 1 60.017 95.989 39.091 3.503 1.985 1.442 0.004
110 543 5 96.902 61.371 39.475 2.813 0.889 1.383 1.608
110 558 4 78.89 46.873 38.663 1.125 0.224 0.573 -2.268
110 615 1 84.037 58.23 38.808 3.887 1.539 0.935 1.608
110 651 4 68.075 83.596 38.833 1.634 0.85 1.092 0.003
110 655 3 44.623 131.67 39.359 0.189 0.431 0.444 -0.009
111 387 1 59.728 97.943 39.08 3.319 2.02 1.444 0.008
111 543 5 95.961 61.299 39.41 3.077 0.798 1.162 1.563
111 615 1 84.096 58.328 38.68 4.7 1.285 1.121 1.57
111 651 4 68.104 83.619 38.808 1.578 0.565 1.075 0.033
111 655 3 44.805 131.279 39.366 0.22 0.484 0.55 3.082
112 387 1 59.452 99.637 39.076 2.663 1.823 1.458 -0.008
112 543 5 95.116 61.212 39.436 2.538 0.65 1.131 1.526
112 615 1 84.099 58.202 38.998 4.379 1.588 0.95 1.542
112 651 4 68.139 83.747 38.817 1.312 0.424 1.119 -0.031
112 655 3 44.919 131.034 39.156 0.269 0.606 0.234 0.004
113 387 1 59.128 102.034 39.103 3.378 1.807 1.475 -0.078
113 543 5 93.999 60.944 39.45 2.442 0.657 1.275 1.614
113 615 1 83.296 57.996 39.097 0.691 1.337 0.187 1.482
113 651 4 68.111 83.669 38.761 1.271 0.429 0.926 -0.032
113 655 3 44.901 130.816 39.2 0.323 0.565 0.228 0
114 387 1 58.782 103.977 39.131 3.316 2.012 1.487 0
114 543 5 93.2 60.76 39.47 2.79 0.821 1.244 1.565
114 651 4 68.153 83.64 38.843 1.562 0.328 1.08 -0.03
114 655 3 44.96 130.717 39.277 0.382 0.485 0.282 -0.007
115 387 1 58.483 106.027 39.139 3.463 1.908 1.487 -0.022
115 543 5 93.434 60.823 39.777 1.91 0.788 0.394 1.532
115 651 4 68.165 83.709 38.912 1.47 0.338 0.912 -0.054
115 655 3 45.053 130.751 39.264 0.332 0.535 0.229 -3.113
116 387 1 58.262 107.277 39.097 2.411 1.859 1.51 -0.005
116 543 5 92.804 60.569 39.869 1.235 0.618 0.402 1.479
116 651 4 68.262 83.736 38.785 1.161 0.436 1.155 -0.02
116 655 3 45.073 130.765 39.17 0.509 0.455 0.462 -1.733
