0 1 1 210.772 311.273 38.517 4.119 1.929 1.715 3.118
0 2 4 138.259 291.125 38.542 0.563 0.565 0.894 0
1 1 1 204.147 309.732 38.587 4.136 1.878 1.652 3.061
1 2 4 140.751 291.669 38.568 0.535 0.47 0.866 -0.075
2 1 1 197.758 308.372 38.549 5.28 1.911 1.666 2.893
2 2 4 143.195 292.268 38.557 0.589 0.492 1.164 -0.223
3 1 1 191.202 306.915 38.494 4.001 1.934 1.715 2.644
3 2 4 145.48 292.739 38.471 0.522 0.52 1.12 -0.536
4 1 1 185.052 305.52 38.498 3.876 2.034 1.657 2.421
4 2 4 148.058 293.215 38.615 0.637 0.621 1.132 -0.782
5 1 1 179.37 304.16 38.531 2.987 2.031 1.672 2.236
5 2 4 150.633 293.665 38.49 0.681 0.618 1.439 -0.944
6 1 1 174.24 303.173 38.482 0.723 1.867 1.51 2.23
6 2 4 153.081 294.005 38.457 0.695 0.621 1.384 -0.997
7 1 1 169.16 302.08 38.492 1.281 1.809 1.543 2.185
7 2 4 155.296 294.524 38.296 0.818 0.494 1.008 -1.627
8 1 1 163.254 300.866 38.376 0.996 1.692 1.54 2.192
8 2 4 157.581 294.978 38.484 0.76 0.508 1.198 -0.941
9 1 1 156.821 299.53 38.454 1.895 1.736 1.723 2.223
9 2 4 159.96 295.471 38.368 0.671 0.561 1.451 -0.974
10 1 1 151.388 298.395 38.52 1.028 1.544 1.448 2.146
10 2 4 162.467 295.989 38.323 0.919 0.624 1.581 -0.87
11 2 4 164.796 296.57 38.375 1.175 0.544 1.558 -0.937
12 2 4 167.432 297.137 38.522 0.792 0.557 1.395 -0.933
13 2 4 169.836 297.701 38.371 0.86 0.562 1.53 -0.97
14 2 4 172.263 298.275 38.451 1.219 0.566 1.437 -0.982
15 2 4 174.616 298.816 38.447 1.001 0.621 1.555 -1.023
16 2 4 177.084 299.35 38.444 1.003 0.628 1.64 -1.105
16 6 2 260.866 321.556 39.495 2.26 2.488 2.96 2.083
17 2 4 179.324 299.819 38.49 1.066 0.609 1.603 -1.165
17 6 2 256.675 320.727 39.691 1.98 2.37 2.854 2.016
18 2 4 181.466 300.249 38.491 1.139 0.645 1.572 -1.208
18 6 2 252.873 320.01 39.594 2.081 2.366 2.722 1.862
19 2 4 183.529 300.656 38.47 1.145 0.675 1.678 -1.349
19 6 2 249.209 319.19 39.534 2.246 2.393 3.209 1.874
20 2 4 185.497 301.021 38.413 1.124 0.694 1.597 -1.369
20 6 2 245.79 318.52 39.681 1.995 2.378 2.949 1.773
20 7 4 145.218 288.599 38.367 0.89 0.62 1.28 -1.42
21 2 4 187.292 301.357 38.432 1.307 0.648 1.587 -1.484
21 6 2 242.555 317.946 39.618 2.038 2.53 3.125 1.66
21 7 4 147.848 289.253 38.482 0.779 0.46 0.757 -1.495
22 2 4 189.116 301.723 38.442 1.267 0.644 1.707 -1.514
22 6 2 240.942 317.615 39.646 5.139 2.468 3.627 1.638
22 7 4 150.602 289.882 38.228 0.938 0.445 1.423 -1.562
23 2 4 190.598 301.968 38.458 1.721 0.641 1.672 -1.549
23 6 2 238.453 317.102 39.449 6.117 2.44 3.329 1.591
23 7 4 153.311 290.531 38.338 0.758 0.639 1.324 -1.567
24 2 4 192.127 302.199 38.469 1.793 0.655 1.674 -1.557
24 6 2 235.465 316.492 39.472 5.947 2.584 3.118 1.583
24 7 4 155.89 291.181 38.374 0.998 0.5 1.233 -1.554
25 2 4 193.496 302.393 38.46 1.751 0.665 1.714 -1.607
25 6 2 232.857 315.968 39.455 6.094 2.551 3.421 1.565
25 7 4 158.694 291.687 38.33 1.041 0.654 1.419 -1.579
26 2 4 194.714 302.524 38.483 1.783 0.713 1.65 -1.616
26 6 2 230.252 315.368 39.407 6.138 2.517 3.167 1.52
26 7 4 161.344 292.136 38.259 0.977 0.687 1.283 -1.606
27 2 4 195.697 302.654 38.483 1.886 0.688 1.701 -1.631
27 6 2 227.742 314.941 39.287 6.079 2.616 3.148 1.555
27 7 4 163.845 292.5 38.26 1.168 0.528 1.492 -1.656
27 8 1 145.059 293.372 38.348 1.845 1.736 0.82 -1.566
28 2 4 196.611 302.755 38.456 1.902 0.656 1.655 -1.602
28 6 2 225.274 314.39 39.294 6.199 2.514 2.953 1.526
28 7 4 166.505 293.031 38.39 0.971 0.769 1.545 -1.559
28 8 1 148.993 294.157 38.331 1.905 1.584 1.093 -1.592
29 2 4 197.308 302.894 38.469 1.954 0.743 1.621 -1.631
29 6 2 222.844 313.717 39.181 6.33 2.599 2.959 1.463
29 7 4 168.846 293.476 38.274 1.493 0.611 1.377 -1.603
29 8 1 152.894 294.919 38.177 2.077 1.905 1.053 -1.643
30 2 4 197.708 303.048 38.482 2.093 0.845 1.617 -1.607
30 6 2 220.685 313.377 39.152 6.489 2.498 2.836 1.523
30 7 4 171.622 294.142 38.288 1.504 0.744 1.48 -1.617
30 8 1 156.62 295.871 38.343 2.254 1.726 1.379 -1.641
31 2 4 197.918 303.117 38.456 2.082 0.738 1.662 -1.503
31 6 2 218.417 312.87 39.097 6.141 2.505 2.728 1.489
31 7 4 174.107 294.675 38.236 1.265 0.67 1.281 -1.67
31 8 1 160.518 296.632 38.292 1.972 1.717 1.325 -1.702
32 2 4 198.104 303.257 38.457 1.871 0.768 1.673 -1.552
32 6 2 216.536 312.475 39.065 6.233 2.495 2.647 1.374
32 7 4 176.653 295.277 38.228 1.747 0.659 1.467 -1.78
32 8 1 163.514 297.204 38.36 3.401 1.787 1.367 -1.78
33 2 4 198.212 303.288 38.474 1.87 0.756 1.596 -1.797
33 6 2 214.707 312.076 38.939 6.184 2.549 2.515 1.194
33 7 4 179.295 295.858 38.266 1.471 0.589 1.451 -1.968
33 8 1 167.923 298.189 38.208 2.046 1.834 1.353 -1.977
34 2 4 198.324 303.288 38.483 1.881 0.806 1.628 -1.931
34 6 2 211.678 311.355 39.004 3.528 2.581 2.565 1.015
34 7 4 181.838 296.443 38.297 1.785 0.683 1.577 -2.108
34 8 1 170.598 298.725 38.324 3.727 1.932 1.548 -2.151
35 2 4 198.43 303.324 38.482 1.809 0.844 1.623 -1.944
35 6 2 209.259 310.839 38.929 2.157 2.532 2.474 0.912
35 7 4 184.524 297.002 38.287 1.739 0.703 1.569 -2.229
35 8 1 173.933 299.377 38.289 4.09 1.818 1.376 -2.229
36 2 4 198.282 303.34 38.472 1.984 0.659 1.626 -2.077
36 6 2 207.773 310.486 38.927 2.144 2.556 2.357 0.845
36 7 4 186.949 297.532 38.274 2.202 0.69 1.536 -2.315
36 8 1 177.287 299.989 38.299 3.973 1.982 1.472 -2.332
37 2 4 198.344 303.345 38.453 1.817 0.73 1.655 -2.33
37 6 2 206.502 310.231 38.88 2.297 2.495 2.404 0.71
37 7 4 189.829 298.149 38.325 1.827 0.713 1.58 -2.33
37 8 1 180.64 300.709 38.317 3.858 1.917 1.48 -2.429
38 2 4 198.315 303.228 38.497 1.866 0.887 1.625 -2.476
38 6 2 205.397 310.005 38.88 2.652 2.56 2.339 0.636
38 7 4 192.508 298.733 38.352 1.852 0.709 1.53 -2.545
38 8 1 183.613 301.329 38.374 4.076 2.024 1.502 -2.51
39 2 4 198.428 303.376 38.449 1.795 0.843 1.573 -2.658
39 6 2 204.712 309.855 38.848 2.184 2.549 2.344 0.465
39 7 4 195.192 299.28 38.344 1.84 0.798 1.591 -2.658
39 8 1 186.337 301.916 38.378 4.16 1.957 1.505 -2.638
40 2 4 198.889 303.459 38.44 1.82 0.853 1.573 -2.849
40 6 2 203.757 309.676 38.851 2.45 2.63 2.323 0.328
40 7 4 197.804 299.914 38.355 1.841 0.675 1.574 -2.853
40 8 1 188.554 302.388 38.382 4.341 2.032 1.503 -2.857
41 2 4 199.605 303.705 38.471 1.977 0.641 1.634 -2.966
41 6 2 202.84 309.519 38.871 2.23 2.58 2.261 0.163
41 7 4 200.459 300.517 38.388 1.83 0.626 1.582 -2.97
41 8 1 190.231 302.804 38.422 4.423 1.937 1.476 -3.008
42 2 4 200.379 303.847 38.5 1.767 0.654 1.604 -3.065
42 6 2 201.888 309.334 38.867 2.184 2.535 2.279 0.051
42 7 4 203.155 300.968 38.365 1.716 0.668 1.531 -3.065
42 8 1 191.486 303.125 38.418 4.477 1.847 1.479 -3.065
43 2 4 201.305 304.062 38.49 1.802 0.652 1.621 -3.142
43 6 2 201.097 309.162 38.866 2.422 2.529 2.276 0
43 7 4 205.821 301.497 38.367 1.909 0.639 1.497 -3.142
43 8 1 192.436 303.232 38.406 4.512 2.056 1.511 -3.125
44 2 4 202.24 304.233 38.487 1.825 0.611 1.665 -3.142
44 6 2 200.162 308.988 38.861 2.259 2.582 2.376 -0
44 7 4 208.498 301.952 38.37 1.879 0.693 1.553 3.057
44 8 1 193.294 303.433 38.417 4.357 1.983 1.516 3.142
45 2 4 203.16 304.268 38.45 1.374 0.594 1.565 -3.117
45 6 2 199.028 308.798 38.909 2.123 2.565 2.423 0.023
45 7 4 211.176 302.541 38.308 1.725 0.562 1.426 -3.11
45 8 1 194.138 303.608 38.411 4.216 1.831 1.519 -3.132
46 2 4 204.524 304.507 38.6 1.506 0.635 1.492 3.142
46 6 2 197.677 308.482 38.922 2.34 2.542 2.431 0
46 7 4 213.966 303.21 38.456 1.409 0.618 1.479 -3.123
46 8 1 195.09 303.835 38.412 4.247 1.754 1.515 3.142
47 2 4 205.577 304.793 38.824 0.831 0.554 0.819 3.142
47 6 2 196.005 308.133 38.92 2.12 2.533 2.506 -0.004
47 7 4 216.39 303.91 38.749 1.127 0.478 0.564 3.126
47 8 1 196.039 304.038 38.408 4.084 1.873 1.466 -3.124
48 2 4 206.836 305.127 38.897 0.532 0.337 0.442 -3.021
48 6 2 194.188 307.768 38.954 2.157 2.475 2.594 -0.015
48 7 4 218.646 304.771 38.927 0.378 0.609 0.527 -3.121
48 8 1 197.041 304.246 38.337 4.069 1.732 1.444 3.138
49 2 4 208.13 305.438 39.138 0.294 0.241 0.274 0.055
49 6 2 192.165 307.362 38.993 2.203 2.555 2.655 0.014
49 8 1 198.294 304.569 38.387 4.023 1.715 1.495 -3.112
50 6 2 190.171 306.967 38.995 2.751 2.457 2.756 0
50 8 1 199.581 304.806 38.39 3.821 1.713 1.511 3.142
51 6 2 187.806 306.52 39.07 2.675 2.472 2.893 0
51 8 1 201.033 305.1 38.314 3.712 1.727 1.35 3.142
52 6 2 185.14 305.964 39.067 2.565 2.494 2.856 0
52 8 1 202.612 305.424 38.291 3.553 1.731 1.274 -3.138
52 11 5 107.222 286.33 38.311 0.787 1.607 0.42 3.132
53 6 2 182.108 305.408 39.161 2.201 2.466 2.924 0.012
53 8 1 203.475 305.67 38.503 1.702 1.584 1.378 3.1
53 11 5 111.708 287.273 38.1 1.369 1.884 0.779 -3.131
54 6 2 179.186 304.792 39.122 1.971 2.395 3.03 0
54 8 1 204.788 305.941 38.375 0.298 1.531 0.85 -3.125
54 11 5 115.374 288.178 38.21 4.022 1.503 0.981 3.142
55 6 2 176.055 304.164 39.315 2.046 2.375 3.094 0
55 11 5 120.483 289.042 38.535 4.107 1.797 1.537 -3.133
56 6 2 172.795 303.462 39.287 2.001 2.471 3.209 0
56 11 5 125.647 289.975 38.651 4.228 1.945 1.703 -3.136
57 6 2 169.815 302.843 39.3 2.781 2.504 3.151 0.046
57 11 5 130.622 291.084 38.663 4.277 1.939 1.629 -3.095
58 6 2 166.204 302.19 39.39 2.805 2.445 3.45 0
58 11 5 135.361 292.005 38.662 4.065 1.903 1.732 3.142
58 18 1 100.373 290.769 38.105 0.217 0.24 0.517 3.076
59 6 2 162.263 301.326 39.235 2.067 2.388 3.038 0
59 11 5 140.725 293.116 38.644 3.956 1.983 1.606 3.14
59 18 1 100.336 290.789 38.172 0.241 0.249 0.528 0.002
59 20 3 94.538 275.3 38.938 0.341 0.561 0.81 0.075
60 6 2 158.639 300.549 39.322 2.133 2.427 3.256 0.034
60 11 5 146.297 294.307 38.618 3.797 1.848 1.654 3.134
60 18 1 100.313 290.783 38.204 0.183 0.239 0.52 -1.476
60 20 3 95.075 275.395 39.003 0.42 0.466 0.75 3.059
61 6 2 154.842 299.742 39.272 2.1 2.386 2.94 -0.002
61 11 5 150.855 295.189 38.293 1.25 1.857 0.911 -0.002
61 18 1 100.276 290.758 38.239 0.321 0.473 0.689 -1.568
61 20 3 95.522 275.517 39.042 0.59 0.747 1.007 -2.874
61 33 1 101.559 314.757 38.692 3.734 1.626 1.544 -1.762
62 6 2 151.025 298.901 39.33 2.249 2.468 3.15 0.017
62 11 5 156.271 296.304 38.408 0.504 1.596 0.602 -3.124
62 18 1 100.297 290.798 38.321 0.271 0.334 0.531 0.022
62 20 3 96.033 275.664 39.101 0.477 0.495 1.008 0.004
62 33 1 101.526 313.881 38.728 1.928 1.658 1.608 -1.836
63 6 2 147.225 298.134 39.403 2.01 2.464 2.591 -0.004
63 11 5 162.568 297.585 38.298 1.177 1.317 0.786 -3.127
63 20 3 96.526 275.68 39.129 0.406 0.734 1.132 0.424
63 33 1 101.659 313.611 38.695 1.231 1.203 1.326 -1.608
64 6 2 143.406 297.272 39.341 2.066 2.415 2.747 0.005
64 20 3 96.896 275.965 39.124 0.376 0.608 1.12 -0.062
64 33 1 101.53 313.099 38.909 0.19 0.641 0.355 1.425
65 6 2 139.692 296.41 39.541 1.957 2.668 2.878 0.011
65 11 5 115.862 300.347 38.661 0.868 0.813 0.451 3.117
65 20 3 97.521 275.82 39.12 0.618 0.686 1.113 2.483
66 6 2 136.306 295.804 39.694 2.866 2.399 2.977 0
66 11 5 115.824 300.496 38.565 1.004 1.278 0.351 0.022
66 20 3 97.917 275.953 39.028 0.432 0.559 1.099 -0.052
67 6 2 132.166 294.909 39.413 2.164 2.533 2.892 -0.053
67 11 5 115.738 300.496 38.575 1.399 0.839 0.592 1.531
67 20 3 98.501 275.978 39.069 0.589 0.636 0.959 2.934
68 6 2 128.541 294.168 39.474 2.181 2.47 2.662 -0.146
68 11 5 115.697 300.412 38.547 1.178 0.911 0.369 1.507
68 20 3 98.954 276.053 39.012 0.403 0.628 1.129 -0.18
69 6 2 124.871 293.436 39.615 2.151 2.413 2.877 -0.326
69 20 3 99.608 276.246 38.97 0.498 0.562 0.942 2.833
70 6 2 121.321 292.719 39.178 2.131 2.571 3.09 -0.427
70 20 3 99.996 276.348 38.983 0.245 0.669 1.069 -0.406
71 6 2 119.545 292.44 39.537 5.924 2.514 3.294 -0.638
71 20 3 100.599 276.467 38.869 0.342 0.648 0.944 2.489
72 6 2 116.103 291.702 39.397 6.007 2.402 3.058 -0.823
72 61 3 101.161 276.528 38.896 0.359 0.69 0.824 2.25
73 6 2 112.621 291.084 39.38 6.247 2.722 3.143 -0.96
73 61 3 101.522 276.562 38.717 0.449 0.481 1.221 2.167
74 6 2 109.07 290.425 39.423 6.12 2.55 3.065 -1.118
74 11 5 65.18 301.423 38.113 0.82 0.226 0.464 -2.038
74 61 3 102.205 276.756 38.566 0.734 0.516 1.397 2.07
75 6 2 105.639 289.667 39.243 6.086 2.555 3.266 -1.257
75 61 3 102.631 276.878 38.493 0.811 0.731 1.229 -1.341
76 6 2 102.202 289.069 39.386 6.013 2.55 3.34 -1.363
76 61 3 103.072 277.047 38.609 0.522 0.463 1.383 1.731
77 6 2 98.923 288.306 39.37 6.24 2.447 3.114 -1.473
77 61 3 103.618 277.075 38.628 0.359 0.6 1.391 1.67
77 69 3 83.106 221.401 39.432 0.377 0.643 1.284 0
78 6 2 95.799 287.674 39.456 6.059 2.46 3.122 -1.492
78 61 3 104.165 277.344 38.66 0.55 0.39 1.097 0.002
78 69 3 83.069 220.833 39.427 0.278 0.568 1.158 -0.014
79 6 2 92.838 287.015 39.489 6.075 2.408 2.96 -1.527
79 61 3 104.603 277.357 38.692 0.24 0.437 1.177 -1.469
79 69 3 83.188 220.146 39.452 0.427 0.596 1.179 0.031
80 6 2 90.073 286.568 39.57 6.154 2.483 3.124 -1.502
80 61 3 104.997 277.582 38.717 0.38 0.499 1.297 1.607
80 69 3 83.313 219.577 39.467 0.509 0.604 1.211 -0.1
81 6 2 87.545 286.112 39.453 6.004 2.65 3.023 -1.519
81 61 3 105.589 277.689 38.556 0.393 0.414 0.694 1.386
81 69 3 83.365 218.89 39.365 0.406 0.723 1.217 0.023
82 6 2 85.117 285.6 39.571 6.012 2.147 2.845 -1.526
82 69 3 83.486 218.294 39.399 0.489 0.601 1.31 0.012
83 6 2 82.841 285.028 39.521 5.942 1.826 2.99 -1.488
83 69 3 83.641 217.625 39.423 0.698 0.771 1.232 0.082
84 69 3 83.839 217.093 39.389 0.615 0.564 1.417 0.124
85 69 3 84.298 216.66 39.342 0.578 0.785 1.319 0.802
85 73 5 62.787 157.579 39.032 0.433 0.136 0.743 0.021
86 69 3 84.607 216.131 39.294 0.588 0.559 1.41 0.032
86 73 5 62.131 155.755 38.875 0.539 0.553 0.795 -0.041
87 69 3 85.161 215.87 39.131 0.77 0.792 1.647 1.255
87 73 5 61.568 154.022 38.691 0.383 0.528 0.828 -0.33
88 69 3 85.746 215.321 39.307 0.714 0.485 1.49 1.458
88 73 5 60.97 152.294 38.67 0.9 0.578 1.482 -0.234
89 69 3 86.091 214.917 39.104 0.494 0.683 1.701 0.033
89 73 5 60.495 150.34 38.686 1.041 0.639 1.707 -0.224
90 69 3 86.614 214.461 39.285 0.591 0.525 1.415 1.115
90 73 5 60.048 148.605 38.663 0.982 0.544 1.514 -0.225
90 75 3 89.834 142.47 39.612 0.334 0.616 0.663 0.118
90 76 3 89.181 133.694 39.517 0.184 0.538 0.729 0.077
91 69 3 87.173 213.931 39.205 0.353 0.284 1.653 1.201
91 73 5 59.327 146.524 38.665 1.16 0.71 1.6 -0.235
91 75 3 89.697 141.95 39.578 0.395 0.375 0.577 -0.074
91 76 3 89.459 134.119 39.469 0.296 0.902 0.684 -0.074
91 77 3 90.264 141.77 39.575 0.351 0.474 0.579 -0.074
92 73 5 58.652 144.742 38.77 1.185 0.58 1.509 -0.159
92 75 3 89.166 141.639 39.584 0.319 0.305 0.709 -0.193
92 77 3 90.073 141.386 39.454 0.235 0.36 0.573 -0.193
93 73 5 57.923 143.12 38.659 0.941 0.586 1.375 -0.17
93 76 3 89.684 135.226 39.469 0.37 0.69 0.959 -0.024
93 77 3 89.777 140.948 39.575 0.234 0.443 0.805 -0.184
94 73 5 57.14 141.398 38.771 1.283 0.662 1.572 -0.119
94 75 3 88.901 140.81 39.614 0.123 0.359 0.43 -0.202
94 76 3 89.787 135.828 39.72 0.236 0.538 0.877 -0.202
94 77 3 89.479 140.522 39.544 0.307 0.368 0.879 -0.202
95 73 5 56.327 139.589 38.766 1.406 0.622 1.615 -0.056
95 75 3 88.487 140.349 39.533 0.276 0.345 1.04 1.17
95 76 3 89.842 136.364 39.663 0.137 0.445 0.747 0.331
95 77 3 89.046 140.148 39.513 0.239 0.322 1.073 -0.042
96 73 5 55.474 137.686 38.718 1.624 0.626 1.663 -0.069
96 75 3 88.291 139.895 39.586 0.395 0.348 1.094 -0.041
96 76 3 89.906 136.897 39.657 0.313 0.25 0.95 -3.087
96 77 3 88.934 139.764 39.507 0.209 0.509 0.979 -0.069
97 73 5 54.663 135.869 38.744 1.746 0.751 1.705 -0.115
97 75 3 87.992 139.503 39.648 0.333 0.356 0.985 0.11
98 73 5 53.801 134.126 38.756 1.88 0.776 1.775 0.025
98 75 3 87.801 139.016 39.601 0.398 0.396 0.892 0.056
98 80 3 88.322 138.778 39.5 0.268 0.44 0.821 0.051
99 73 5 52.931 132.265 38.751 1.912 0.619 1.717 -0.037
99 75 3 87.559 138.625 39.687 0.357 0.287 0.773 0.029
99 80 3 88.201 138.284 39.572 0.447 0.373 0.621 0.077
100 73 5 52.055 130.543 38.752 2.081 0.634 1.73 -0.004
100 75 3 87.394 138.055 39.618 0.159 0.235 0.685 -0.043
100 80 3 88.077 137.925 39.607 0.216 0.672 0.706 -0.007
100 81 3 90.418 139.1 39.644 0.339 0.352 0.965 3.142
101 73 5 51.127 128.93 38.902 1.604 0.682 1.362 0.018
101 75 3 87.158 137.713 39.62 0.227 0.449 0.75 -0.742
101 80 3 87.85 137.482 39.597 0.358 0.458 0.796 0.123
101 81 3 90.602 139.54 39.466 0.159 0.33 0.562 -3.112
102 73 5 50.382 127.695 38.766 1.974 0.833 1.672 0.105
102 75 3 86.9 137.441 39.758 0.396 0.442 0.705 0.023
102 81 3 90.714 140.203 39.62 0.246 0.373 0.575 3.132
102 82 2 23.946 80.073 38.936 2.146 2.364 2.251 3.022
103 73 5 49.455 125.896 38.758 1.905 0.696 1.691 0.092
103 75 3 86.709 136.88 39.727 0.276 0.506 0.58 -0
103 81 3 90.989 140.702 39.698 0.241 0.482 0.624 3.134
103 82 2 26.975 84.758 39.097 5.115 2.342 2.324 -3.14
104 73 5 48.375 124.134 38.739 1.567 0.672 1.738 0.137
104 75 3 86.464 136.408 39.525 0.156 0.338 0.604 0.464
104 82 2 30.801 90.029 39.055 6.18 2.53 2.345 -3.136
105 73 5 47.32 122.655 38.707 1.632 0.632 1.659 0.089
105 82 2 34.963 95.474 39.111 6.334 2.528 2.342 3.13
106 73 5 46.149 120.935 38.727 1.421 0.618 1.734 0.125
106 82 2 39.133 100.563 39.055 6.033 2.685 2.192 -3.126
107 73 5 44.982 119.33 38.703 1.142 0.627 1.594 0.016
107 82 2 43.236 105.9 39.119 7.214 2.599 2.42 -3.133
108 73 5 44.004 117.913 38.664 1.515 0.605 1.733 0.016
108 82 2 46.898 110.837 39.07 6.034 2.387 2.357 -3.136
109 73 5 42.824 116.307 38.752 0.879 0.692 1.665 0.004
109 82 2 50.658 116.429 39.065 5.951 2.273 2.507 -3.093
110 73 5 41.697 114.801 38.707 0.821 0.625 1.498 0.003
110 82 2 54.103 122.122 39.072 5.694 2.278 2.462 -3.054
111 73 5 40.558 113.22 38.75 1.007 0.688 1.322 -0.011
111 82 2 57.339 127.905 38.972 4.996 2.26 2.191 -3.045
112 73 5 39.562 111.72 38.749 0.767 0.567 1.342 -0.064
113 73 5 38.312 110.171 39.194 1.054 0.738 2.102 -0.046
114 73 5 37.504 108.863 38.844 0.547 0.622 1.309 -0.11
115 73 5 36.181 107.195 38.838 1.116 0.56 1.101 -0.157
116 73 5 35.013 105.908 38.884 0.85 0.54 0.852 -0.272
