0 4 4 71.979 53.935 37.558 2.081 0.878 1.521 1.013
0 6 1 77.025 61.934 37.493 4.221 1.937 1.664 0.004
1 4 4 70.967 53.774 37.576 2.024 1.031 1.488 1.574
1 6 1 77.007 61.962 37.524 4.225 1.874 1.74 0.022
2 4 4 70.151 53.133 37.879 2.081 0.987 2.13 2.183
2 6 1 76.977 61.953 37.532 4.269 1.88 1.737 0.011
3 4 4 69.748 52.047 37.617 2.091 0.816 1.518 2.607
3 6 1 76.957 61.996 37.551 4.293 1.77 1.677 0.004
4 4 4 69.542 50.163 37.575 1.952 0.736 1.487 3.038
4 6 1 76.904 61.976 37.565 4.286 1.637 1.694 0
5 4 4 69.468 48.087 37.607 1.623 0.765 1.478 -3.105
5 6 1 76.933 62.152 37.574 4.589 1.904 1.72 -0.012
6 4 4 69.73 45.509 37.603 1.801 0.677 1.527 3.136
6 6 1 76.895 62.367 37.56 4.444 1.939 1.656 0.057
7 4 4 70.218 42.956 37.524 1.543 0.658 1.346 -3.119
7 6 1 76.928 62.48 37.611 4.47 1.831 1.709 0.017
7 32 4 61.16 60.262 37.167 0.769 0.589 0.798 -3.039
8 4 4 70.856 39.795 37.494 1.812 0.675 1.3 -3.113
8 6 1 77.003 62.413 37.595 4.562 1.89 1.675 -0.007
8 32 4 61.156 59.836 37.199 1.612 0.703 0.801 3.073
9 4 4 71.606 36.758 37.513 1.496 0.773 0.994 -3.112
9 6 1 77.086 62.579 37.576 4.285 2.051 1.647 0.029
9 32 4 61.28 59.555 37.2 2.107 0.858 0.819 -3.015
10 4 4 72.551 33.585 37.552 1.4 0.654 0.952 0
10 6 1 77.008 62.618 37.577 4.286 1.862 1.638 0
10 32 4 61.348 59.346 37.176 2.373 1.08 0.823 2.984
11 4 4 73.275 30.331 37.598 1.402 0.648 0.832 3.142
11 6 1 77.015 62.649 37.562 4.232 1.892 1.661 0.007
11 32 4 61.295 59.481 37.15 2.212 0.897 0.773 -2.93
11 41 3 49.093 108.774 37.609 0.381 0.7 1.38 0.032
12 6 1 77.003 62.66 37.545 4.027 1.94 1.548 -0.018
12 32 4 61.438 59.443 37.16 2.312 1.032 0.726 0.001
12 41 3 49.141 109.215 37.566 0.662 0.628 1.612 -0.018
12 47 3 48.574 109.189 37.508 0.463 0.467 1.722 -0.032
13 6 1 76.984 62.669 37.456 4.212 1.847 1.627 0
13 32 4 61.435 59.588 37.114 1.986 0.96 0.75 -0.002
13 41 3 49.02 109.677 37.59 0.829 0.588 1.675 0.023
13 47 3 48.51 109.659 37.573 0.542 0.462 1.707 0.023
14 6 1 77.102 62.645 37.51 4.091 1.984 1.686 0
14 41 3 48.999 110.128 37.716 0.319 0.395 0.973 -0.001
14 47 3 48.486 110.057 37.529 0.355 0.557 1.331 -0.001
15 6 1 77.032 62.88 37.507 3.542 1.867 1.551 0
15 41 3 49 110.653 37.553 0.337 0.605 1.589 0
15 47 3 48.259 110.702 37.657 0.361 0.475 1.655 -0.045
16 6 1 77.102 63.016 37.476 3.305 1.851 1.374 0.002
16 41 3 49.002 111.146 37.585 0.444 0.574 1.614 -0.043
16 47 3 48.262 111.197 37.691 0.313 0.363 1.598 0.012
16 60 4 74.069 167.317 37.417 1.782 0.302 1.159 -1.439
16 62 4 46.368 161.89 37.178 0.593 2.37 1.447 0.025
17 6 1 76.837 63.907 37.229 1.576 1.817 1.121 0.003
17 41 3 49.048 111.572 37.529 0.609 0.538 1.599 -0.017
17 60 4 77.888 168.176 37.131 1.099 0.501 1.278 -1.563
17 62 4 49.539 162.698 37.168 2.378 1.034 1.253 -1.572
17 63 1 71.818 171.324 37.192 3.007 1.328 1.192 -1.589
18 6 1 77.092 64.02 37.218 1.305 2.206 0.744 -0.029
18 41 3 48.853 112.218 37.577 0.984 0.589 1.679 -0.007
18 60 4 82.272 169.105 37.479 1.314 0.532 0.754 -1.503
18 62 4 52.838 163.223 37.214 2.558 0.963 1.284 -1.595
18 63 1 79.715 172.942 37.419 4.568 1.286 0.829 -1.529
18 65 1 33.947 163.295 37.205 5.058 0.79 1.356 -1.562
18 66 3 48.122 112.182 37.619 0.718 0.669 1.709 -0.007
19 41 3 48.747 112.725 37.637 0.718 0.587 1.648 0.005
19 60 4 86.53 170.07 37.318 1.466 0.569 1.164 -1.598
19 62 4 56.063 163.803 37.301 2.566 1.024 1.39 -1.569
19 63 1 86.433 174.296 37.284 3.269 1.122 0.43 1.515
19 65 1 40.899 164.846 37.172 5.062 1.05 1.268 -1.564
19 66 3 48.175 112.771 37.709 0.533 0.556 1.744 0.005
19 69 5 54.813 142.671 36.753 0.157 0.332 0.465 -1.531
20 41 3 48.585 113.327 37.622 0.454 0.524 1.604 0.009
20 60 4 89.188 167.707 37.284 1.444 0.92 0.334 -1.621
20 62 4 59.282 164.382 37.284 2.526 0.939 1.439 -1.563
20 63 1 92.836 175.834 37.386 1.263 1.28 1.007 -1.562
20 65 1 47.85 166.265 37.28 4.965 0.989 1.406 -1.561
20 66 3 47.975 113.244 37.697 0.528 0.506 1.73 0.009
20 69 5 54.848 142.747 36.714 0.223 0.298 0.375 1.656
20 80 1 54.149 185.643 37.677 2.196 0.331 1.073 1.561
20 82 4 47.607 140.346 36.776 0.43 0.367 0.529 -0.02
20 85 3 47.62 140.815 36.751 0.38 0.315 0.524 -0.02
21 41 3 48.509 113.858 37.496 0.331 0.416 1.409 0.021
21 60 4 89.108 168.044 37.031 1.554 1.7 0.81 -1.574
21 62 4 62.494 164.953 37.322 2.608 1.006 1.514 -1.59
21 65 1 54.855 167.703 37.312 5.202 1.121 1.449 -1.535
21 66 3 47.924 113.785 37.619 0.41 0.473 1.576 0.021
21 69 5 54.849 142.808 36.791 0.212 0.27 0.387 1.557
21 80 1 47.312 184.486 37.637 1.458 0.881 1.375 1.563
21 82 4 47.678 140.466 36.769 0.303 0.36 0.561 -0.072
21 85 3 47.616 140.824 36.812 0.358 0.363 0.578 -0.074
21 86 5 64.245 152.353 36.73 0.169 0.152 0.331 -1.942
21 87 5 63.834 147.941 36.778 0.361 0.182 0.376 -0.021
22 41 3 48.342 114.365 37.691 0.317 0.619 1.642 0.003
22 60 4 88.611 167.805 37.214 0.367 1.158 0.598 -1.6
22 62 4 65.69 165.594 37.384 2.495 1.043 1.599 -1.561
22 65 1 61.863 169.261 37.304 5.167 1.104 1.304 -1.537
22 66 3 47.782 114.189 37.706 0.365 0.538 1.602 0.003
22 69 5 54.851 142.85 36.755 0.242 0.267 0.561 1.742
22 80 1 38.513 182.463 37.712 4.336 0.708 0.957 1.586
22 82 4 47.673 140.521 36.811 0.308 0.32 0.59 -0.013
22 85 3 47.666 140.899 36.795 0.384 0.3 0.572 -0.068
22 86 5 64.267 152.324 36.667 0.193 0.21 0.308 2.859
22 87 5 63.874 147.901 36.816 0.304 0.268 0.384 3.076
23 41 3 48.262 114.875 37.706 0.426 0.445 1.493 -0.011
23 62 4 68.894 166.289 37.331 2.434 0.984 1.55 -1.56
23 65 1 67.756 170.942 37.289 2.805 1.713 1.438 -1.554
23 66 3 47.765 114.718 37.748 0.302 0.547 1.401 -0.011
23 69 5 54.841 142.854 36.835 0.281 0.312 0.452 0
23 80 1 31.404 181.409 37.69 3.431 1.062 0.918 1.62
23 82 4 47.785 140.499 36.877 0.238 0.298 0.564 0.018
23 85 3 47.687 140.872 36.894 0.223 0.403 0.484 -0.04
23 86 5 64.255 152.343 36.723 0.158 0.167 0.322 2.937
23 87 5 63.884 147.965 36.823 0.241 0.203 0.469 2.916
23 102 1 64.656 153.825 36.752 0.13 0.113 0.404 2.879
24 41 3 48.172 115.304 37.731 0.42 0.49 1.269 -0.015
24 62 4 72.098 166.95 37.441 2.375 0.978 1.58 -1.531
24 65 1 75.805 172.782 37.421 4.749 1.706 1.418 -1.585
24 66 3 47.726 115.191 37.822 0.203 0.367 1.087 -0.046
24 80 1 23.396 179.566 37.772 3.491 0.499 0.943 1.596
24 82 4 47.811 140.54 36.871 0.313 0.398 0.598 -0.061
24 85 3 47.745 140.899 36.874 0.276 0.361 0.596 -0.061
24 86 5 64.271 152.395 36.79 0.178 0.213 0.321 2.774
24 87 5 63.869 147.943 36.837 0.367 0.267 0.471 -1.749
24 102 1 64.668 153.82 36.791 0.146 0.199 0.387 2.774
24 107 1 89.094 188.81 37.767 3.521 0.662 0.751 1.586
25 41 3 48.056 115.814 37.741 0.328 0.518 1.214 -3.105
25 62 4 75.04 167.525 37.416 1.921 1.058 1.66 -1.498
25 65 1 82.91 174.17 37.391 4.573 1.537 1.47 -1.515
25 66 3 47.582 115.61 37.898 0.267 0.421 1.204 -3.066
25 80 1 15.527 178.311 37.841 4.289 1.099 1.026 1.634
25 82 4 47.789 140.568 36.844 0.413 0.382 0.709 0.008
25 85 3 47.754 140.959 36.835 0.348 0.419 0.665 -0.089
25 86 5 64.264 152.383 36.708 0.173 0.233 0.333 2.724
25 87 5 63.804 147.962 36.823 0.202 0.274 0.4 3.032
25 102 1 64.66 153.851 36.769 0.162 0.156 0.328 2.649
25 107 1 82.753 187.986 37.618 4.32 1.602 1.052 1.612
25 115 1 77.414 190.616 37.609 3.787 1.54 0.973 1.655
25 121 1 22.88 162.998 37.312 3.991 1.628 1.539 -1.503
26 41 3 48.08 116.286 38.021 0.375 0.393 0.824 0.06
26 62 4 78.355 168.233 37.402 2.081 0.946 1.495 -1.462
26 65 1 90.198 175.517 37.492 4.711 1.023 1.475 -1.478
26 66 3 47.69 116.161 38.021 0.378 0.36 0.828 0.06
26 80 1 9.599 177.738 37.539 0.188 0.975 0.38 1.707
26 82 4 47.755 140.571 36.864 0.208 0.291 0.566 0.044
26 85 3 47.677 140.907 36.89 0.29 0.323 0.59 0.112
26 86 5 64.218 152.428 36.799 0.23 0.214 0.306 3.041
26 87 5 63.839 148.006 36.833 0.225 0.266 0.461 -3.05
26 102 1 64.657 153.869 36.787 0.249 0.251 0.337 2.884
26 107 1 76.958 186.623 37.854 3.738 1.186 0.83 1.713
26 115 1 70.876 189.315 37.636 3.728 1.472 1.115 1.713
26 121 1 28.971 164.301 37.363 4.192 1.626 1.496 -1.476
26 123 5 23.616 160.455 37.064 0.336 0.679 0.42 -1.678
27 41 3 48.03 116.82 38.086 0.336 0.253 0.555 -2.998
27 62 4 81.621 168.92 37.445 2.36 0.977 1.452 -1.403
27 65 1 97.073 177.327 37.293 4.515 1.68 1.277 -1.393
27 80 1 0.219 175.607 37.357 3.192 1.828 0.39 1.642
27 82 4 47.751 140.578 36.845 0.334 0.338 0.688 0.124
27 85 3 47.658 140.93 36.833 0.367 0.404 0.605 0.124
27 86 5 64.213 152.427 36.768 0.178 0.221 0.367 2.729
27 87 5 63.846 148.024 36.85 0.23 0.275 0.504 -3.129
27 102 1 64.648 153.873 36.784 0.219 0.266 0.437 2.803
27 107 1 70.651 185.65 37.679 4.154 1.6 1.018 1.73
27 115 1 64.117 188.032 37.632 4.446 1.739 1.059 1.739
27 121 1 35.217 165.779 37.341 4.242 2.116 1.604 -1.397
27 123 5 27.999 161.275 37.238 4.217 1.82 1.438 -1.406
28 62 4 84.671 169.628 37.462 2.132 0.972 1.51 -1.314
28 65 1 104.2 178.452 37.189 4.505 1.035 0.993 -1.336
28 82 4 47.748 140.626 36.802 0.343 0.362 0.585 1.782
28 85 3 47.702 140.969 36.82 0.363 0.3 0.608 1.782
28 86 5 64.268 152.439 36.788 0.233 0.271 0.403 3.117
28 87 5 63.853 148.049 36.895 0.311 0.328 0.38 -1.318
28 102 1 64.585 153.916 36.822 0.246 0.272 0.343 3.117
28 107 1 64.687 184.423 37.659 4.294 1.603 1.148 1.826
28 115 1 57.425 186.71 37.674 4.463 1.707 1.102 1.812
28 121 1 41.468 166.975 37.479 4.269 1.819 1.577 -1.284
28 123 5 34.288 162.513 37.394 4.35 1.94 1.595 -1.324
28 131 1 16.386 161.465 37.086 4.213 1.813 0.96 -1.265
28 132 1 78.368 188.229 37.616 3.89 0.969 0.984 1.81
29 62 4 87.983 170.332 37.426 2.415 0.978 1.594 -1.226
29 82 4 47.75 140.592 36.884 0.393 0.356 0.543 0.397
29 85 3 47.752 140.95 36.837 0.342 0.269 0.563 0.397
29 86 5 64.286 152.472 36.745 0.197 0.157 0.326 -2.631
29 87 5 63.924 148.059 36.853 0.285 0.217 0.325 0.249
29 102 1 64.643 153.915 36.787 0.173 0.162 0.44 -2.631
29 107 1 58.628 183.304 37.712 4.303 1.586 1.11 1.975
29 115 1 51.527 184.907 37.506 1.451 0.362 1.037 2.048
29 121 1 47.815 168.193 37.476 4.355 1.905 1.587 -1.193
29 123 5 40.624 163.729 37.452 4.297 1.998 1.63 -1.193
29 131 1 22.694 162.929 36.947 4.351 1.838 0.772 -1.161
29 132 1 71.956 187.365 37.667 3.832 1.46 0.757 1.975
29 138 5 86.096 191.816 37.39 0.633 0.877 0.305 1.975
29 141 3 11.451 163.342 37.322 0.371 0.428 1.277 -1.139
30 62 4 90.925 171.065 37.417 2.034 1.015 1.439 -1.012
30 82 4 47.766 140.601 36.774 0.256 0.329 0.561 0.493
30 85 3 47.718 140.928 36.871 0.304 0.303 0.633 0.493
30 86 5 64.288 152.467 36.78 0.153 0.158 0.387 1.837
30 87 5 63.928 148.059 36.836 0.164 0.257 0.518 1.837
30 102 1 64.683 153.913 36.801 0.227 0.172 0.451 1.837
30 107 1 53.307 181.945 37.812 2.982 0.608 0.946 2.093
30 115 1 44.974 184.361 37.417 1.874 1.73 1.307 2.091
30 121 1 54.178 169.614 37.516 4.398 1.979 1.619 -1.05
30 123 5 47.043 165.128 37.481 4.386 2.197 1.731 -1.044
30 131 1 28.968 164.336 37.16 4.524 1.893 1.029 -1.008
30 132 1 65.581 186.388 37.678 4.358 1.314 1.174 2.093
30 138 5 81.074 190.799 37.648 4.471 1.001 1.087 2.093
30 141 3 11.349 163.327 37.502 0.53 0.489 1.483 1.967
31 62 4 93.932 171.698 37.527 1.703 0.948 1.476 -0.916
31 82 4 47.836 140.609 36.808 0.313 0.299 0.588 0.703
31 85 3 47.774 140.941 36.822 0.37 0.292 0.587 0.614
31 86 5 64.288 152.514 36.761 0.145 0.118 0.363 -2.658
31 87 5 63.971 148.046 36.823 0.302 0.144 0.39 0.725
31 102 1 64.714 153.937 36.757 0.173 0.205 0.375 -2.834
31 107 1 46.416 181.321 37.828 2.658 1.856 1.095 2.19
31 115 1 36.822 182.696 37.659 4.295 1.547 1.096 2.239
31 121 1 60.561 170.86 37.513 4.399 1.889 1.564 -0.904
31 123 5 53.533 166.325 37.471 4.496 1.971 1.619 -0.897
31 131 1 35.293 165.745 37.315 4.573 2.014 1.328 -0.897
31 132 1 58.634 185.571 37.7 3.977 1.62 1.228 2.188
31 138 5 74.522 189.528 37.753 4.891 1.228 1.397 2.281
31 141 3 11.302 163.169 37.45 0.535 0.528 1.204 2.261
31 143 1 8.454 158.449 36.971 3.998 1.448 0.946 -0.885
32 62 4 97.318 172.377 37.433 2.106 0.973 1.542 -0.727
32 82 4 47.851 140.671 36.81 0.385 0.324 0.565 0.767
32 85 3 47.802 140.992 36.821 0.243 0.254 0.58 0.767
32 86 5 64.304 152.545 36.804 0.226 0.249 0.371 -0.141
32 87 5 63.982 148.056 36.855 0.312 0.126 0.444 -2.678
32 102 1 64.709 153.985 36.799 0.217 0.292 0.423 -0.141
32 107 1 39.422 179.37 37.625 1.958 0.355 0.915 2.367
32 115 1 30.107 181.426 37.498 4.358 1.482 1.156 2.363
32 121 1 67.077 172.105 37.556 4.19 1.769 1.599 -0.768
32 123 5 60.061 167.499 37.537 4.497 1.645 1.69 -0.735
32 131 1 41.566 167.095 37.378 4.605 1.991 1.478 -0.755
32 132 1 52.835 184.684 37.604 2.666 1.616 1.206 2.392
32 138 5 67.964 188.503 37.694 5.025 1.829 1.734 2.409
32 141 3 11.142 163.109 37.337 0.566 0.78 1.561 2.334
32 143 1 15.358 159.873 36.972 3.747 1.86 0.704 -0.755
32 145 1 0 155.918 37.332 2.58 1.203 1.306 -0.755
33 62 4 100.292 172.816 37.531 1.712 0.963 1.527 -0.654
33 82 4 47.855 140.595 36.823 0.195 0.111 0.613 -2.203
33 85 3 47.799 140.927 36.849 0.32 0.33 0.663 -2.203
33 86 5 64.369 152.562 36.781 0.304 0.227 0.361 -2.908
33 87 5 64.019 148.031 36.784 0.278 0.221 0.343 1.106
33 102 1 64.74 154.015 36.788 0.147 0.183 0.428 -2.908
33 107 1 34.327 179.165 37.674 4.109 1.83 1.026 2.546
33 115 1 25.275 180.616 37.58 0.268 1.182 0.294 2.502
33 121 1 73.805 173.381 37.527 4.11 1.734 1.645 -0.595
33 123 5 66.615 169.046 37.54 4.285 1.764 1.668 -0.595
33 131 1 47.838 168.42 37.39 4.67 2.054 1.484 -0.595
33 138 5 61.379 187.118 37.699 4.92 1.785 1.742 2.571
33 141 3 11.024 163.13 37.462 0.479 0.741 1.227 2.466
33 143 1 21.71 160.902 37.036 4.105 1.858 1.002 -0.579
33 145 1 5.51 157.112 37.444 2.405 1.308 1.039 -0.603
33 151 4 66.98 193.716 37.469 1.661 0.645 1.42 2.497
34 62 4 103.721 173.116 37.572 2.165 0.975 1.314 -0.556
34 82 4 47.92 140.556 36.72 0.286 0.171 0.408 1.21
34 85 3 47.83 140.952 36.833 0.238 0.25 0.569 1.23
34 86 5 64.429 152.504 36.783 0.196 0.156 0.38 2.156
34 87 5 64.041 148.048 36.85 0.217 0.154 0.391 1.095
34 102 1 64.799 154.011 36.844 0.228 0.273 0.338 -2.634
34 107 1 28.941 178.097 37.766 2.186 1.604 1.024 2.701
34 121 1 80.673 174.509 37.817 3.6 1.315 1.173 -0.55
34 123 5 73.293 170.412 37.535 4.09 1.838 1.711 -0.41
34 131 1 54.059 169.688 37.483 4.676 2.042 1.455 -0.41
34 138 5 55.222 185.464 37.834 5.174 0.947 1.65 2.752
34 141 3 10.603 163.109 37.602 0.593 0.641 1.024 -2.655
34 143 1 28.569 162.096 36.96 3.708 1.991 0.72 -0.4
34 145 1 10.678 158.009 37.458 3.464 1.381 1.207 -0.341
34 151 4 63.69 193.2 37.536 1.428 0.732 1.346 2.731
34 154 1 89.276 189.684 37.449 1.022 1.343 0.571 2.798
35 62 4 106.602 173.388 37.379 1.505 1.011 1.323 -0.263
35 82 4 47.86 140.544 36.851 0.272 0.21 0.423 1.425
35 85 3 47.807 140.911 36.824 0.322 0.297 0.502 1.414
35 86 5 64.417 152.506 36.784 0.18 0.196 0.355 1.191
35 87 5 64.054 148.032 36.841 0.191 0.185 0.47 1.228
35 102 1 64.824 153.97 36.765 0.252 0.236 0.339 1.061
35 121 1 86.005 176.012 37.807 1.442 1.256 1.103 -0.259
35 123 5 80.051 171.665 37.569 4.054 1.934 1.685 -0.246
35 131 1 60.288 170.953 37.491 4.846 2.13 1.462 -0.24
35 138 5 49.087 184.67 37.763 4.653 1.678 1.667 2.904
35 143 1 34.729 163.086 37.4 4.378 1.898 1.679 -0.183
35 145 1 16.503 159.268 37.393 2.847 1.445 1.547 -0.247
35 151 4 60.52 192.69 37.53 1.565 0.574 1.279 2.781
35 154 1 83.424 188.48 37.659 3.772 1.315 0.944 2.894
35 157 3 89.174 165.809 37.699 0.402 0.529 1.586 2.382
36 62 4 109.496 173.771 37.415 0.899 1.016 1.147 -0.117
36 82 4 47.848 140.598 36.812 0.353 0.3 0.464 1.343
36 85 3 47.786 140.947 36.81 0.188 0.234 0.491 1.4
36 121 1 93.168 177.248 37.58 2.101 1.554 1.497 -0.117
36 123 5 86.801 172.963 37.599 4.044 1.862 1.663 -0.117
36 131 1 66.534 171.949 37.513 4.847 1.749 1.507 -0.1
36 138 5 43.39 183.563 37.609 3.318 1.734 1.672 3.014
36 143 1 41.092 164.38 37.329 4.261 2.011 1.393 -0.117
36 145 1 21.919 160.354 37.469 3.007 1.51 1.566 -0.117
36 151 4 57.411 192.304 37.562 1.632 0.847 1.462 2.916
36 154 1 76.504 187.192 37.85 3.931 1.495 1.26 3.018
36 157 3 88.986 165.758 37.811 0.38 0.626 1.553 2.153
37 62 4 112.505 174.283 37.519 0.558 0.955 1.414 -0.094
37 82 4 47.815 140.469 36.83 0.199 0.258 0.399 -1.611
37 85 3 47.789 140.893 36.862 0.205 0.138 0.441 1.5
37 121 1 99.465 178.372 37.517 0.804 1.616 1.401 -0.082
37 123 5 93.584 174.205 37.566 3.951 1.902 1.56 -0.073
37 131 1 72.601 173.136 37.522 4.81 1.79 1.452 -0.105
37 138 5 38.062 182.573 37.672 1.384 1.613 1.636 3.072
37 143 1 47.236 165.532 37.446 4.311 2.029 1.598 -0.1
37 145 1 27.378 161.45 37.424 2.842 1.507 1.642 -0.071
37 151 4 54.256 191.695 37.59 1.693 0.678 1.584 3.03
37 154 1 69.706 185.9 37.87 3.987 1.648 1.267 3.06
37 157 3 88.752 165.623 37.739 0.471 0.469 1.826 2.263
38 62 4 116.433 175.265 37.498 2.211 0.89 1.642 0.064
38 121 1 106.641 179.699 37.512 1.159 1.772 1.423 -0.105
38 123 5 100.523 175.495 37.556 3.938 1.85 1.559 -0.112
38 131 1 78.696 174.247 37.533 4.574 1.689 1.431 -0.093
38 143 1 53.682 166.761 37.46 5.234 2.061 1.622 -0.091
38 145 1 33.983 162.725 37.343 2.794 1.676 1.656 -0.192
38 151 4 51.149 191.139 37.439 1.558 0.417 1.36 3.075
38 154 1 63.307 184.648 37.845 3.761 1.723 1.238 3.042
38 157 3 88.728 165.554 37.714 0.465 0.542 1.654 2.59
38 162 1 95.332 194.694 37.243 1.324 1.714 0.549 3.134
39 62 4 119.534 176.08 37.484 2.171 0.996 1.277 -0.027
39 121 1 113.604 181.037 37.544 1.067 1.805 1.448 0.011
39 123 5 107.135 176.901 37.608 3.44 1.976 1.527 -0.052
39 131 1 84.779 175.419 37.552 4.687 1.87 1.496 -0.1
39 143 1 59.462 167.995 37.497 4.359 2.069 1.589 -0.058
39 145 1 39.429 163.673 37.457 2.959 1.431 1.707 -0.082
39 154 1 56.448 183.346 37.751 3.72 1.697 1.396 3.075
39 157 3 88.563 165.605 37.754 0.721 0.419 1.69 3.03
39 162 1 89.218 193.129 37.519 4.487 1.439 1.007 3.115
39 166 5 62.189 168.263 37.242 1.082 1.2 0.388 -0.036
40 62 4 122.624 176.945 37.586 2.183 0.941 1.212 0.077
40 121 1 120.773 182.515 37.619 1.513 1.754 1.278 0.001
40 123 5 113.982 178.371 37.583 3.438 1.977 1.558 -0.017
40 131 1 90.84 176.555 37.595 4.562 1.853 1.432 -0.063
40 143 1 65.303 169.338 37.548 4.516 2.047 1.613 -0.011
40 145 1 44.985 164.754 37.486 2.968 1.674 1.679 -0.096
40 154 1 50.719 182.154 37.742 1.256 1.62 1.096 3.074
40 157 3 88.383 165.642 37.754 0.42 0.688 1.8 1.477
40 162 1 81.661 191.715 37.706 4.863 1.77 1.492 3.077
40 166 5 68.172 169.804 37.183 1.387 1.584 0.816 -0.029
41 62 4 125.708 177.857 37.539 2.184 1.001 1.244 0.035
41 121 1 127.5 183.939 37.611 0.629 1.754 1.062 0
41 123 5 119.76 179.617 37.345 0.879 1.736 1.142 -0.008
41 131 1 96.912 177.687 37.602 4.397 1.861 1.459 -0.057
41 143 1 71.509 170.746 37.529 4.476 2.02 1.637 -0.006
41 145 1 50.511 165.836 37.444 2.936 1.551 1.62 -0.045
41 154 1 43.774 180.959 37.284 0.98 1.237 0.533 3.137
41 157 3 88.341 165.626 37.777 0.465 0.602 1.717 1.496
41 162 1 74.413 189.999 37.588 4.53 1.338 1.285 3.11
41 166 5 74.348 170.96 37.338 0.911 1.023 0.678 -0.04
41 169 1 50.481 168.883 37.472 5.118 0.994 1.205 -0.039
42 62 4 128.231 178.418 37.454 0.924 1.035 1.401 -0.025
42 121 1 134.725 185.415 37.715 0.929 1.707 1.492 -0.039
42 123 5 126.859 181.141 37.326 0.999 1.707 0.963 0.008
42 131 1 103.078 178.776 37.588 4.449 1.728 1.416 -0.023
42 143 1 77.629 172.145 37.588 4.499 2.034 1.553 0.01
42 145 1 55.955 166.91 37.634 3.294 1.56 1.767 -0.019
42 157 3 88.36 165.62 38.125 0.4 0.533 0.984 1.556
42 162 1 66.711 188.62 37.516 3.824 1.683 1.332 -3.119
42 166 5 80.352 172.012 37.473 0.757 0.482 0.549 -0.04
42 169 1 57.978 169.977 37.278 5.564 0.502 0.903 -0.019
43 62 4 131.217 178.972 37.591 0.573 0.987 1.339 0.041
43 121 1 143.052 187.072 37.403 3.354 1.748 1.072 0.001
43 123 5 133.941 182.376 37.322 0.883 1.691 1.063 0.001
43 131 1 109.214 179.971 37.603 4.42 1.87 1.399 -0.027
43 143 1 83.874 173.551 37.625 4.532 2.038 1.606 0.002
43 145 1 61.78 168.041 37.624 2.952 1.566 1.764 0
43 157 3 88.424 165.587 38.237 0.326 0.39 0.776 0.217
43 162 1 58.873 186.742 37.376 4.198 0.985 0.702 3.142
43 169 1 64.378 171.427 37.277 4.251 0.897 1.086 0
43 172 5 67.26 171.95 37.071 1.146 0.637 0.226 0.007
44 62 4 134.917 179.473 37.614 1.52 1.035 1.399 -0.048
44 121 1 148.923 188.242 37.505 0.73 1.814 1.19 -0.008
44 123 5 141.202 183.562 37.412 1.055 1.617 0.797 -0.054
44 131 1 115.39 181.164 37.644 4.418 1.862 1.481 -0.019
44 143 1 90.211 175.028 37.664 4.475 2.14 1.634 0.01
44 145 1 67.136 169.129 37.543 3.917 1.557 1.698 -0.033
44 157 3 88.424 165.578 37.944 0.413 0.464 1.381 -3.134
44 162 1 52.721 185.303 37.507 1.177 0.472 0.747 -3.09
44 169 1 71.353 173.079 37.498 4.355 1.538 1.342 -0.029
44 172 5 74.348 173.41 37.19 1.226 0.934 0.243 0.039
45 62 4 137.779 179.877 37.611 0.777 0.978 1.479 -0.091
45 121 1 156.17 189.761 37.401 0.919 1.658 1.02 -0.002
45 123 5 148.003 184.802 37.5 0.438 1.538 0.582 -0.042
45 131 1 121.662 182.365 37.654 4.473 1.832 1.424 -0.028
45 143 1 96.659 176.398 37.699 4.593 1.99 1.67 -0.002
45 145 1 73.291 170.268 37.671 3.171 1.543 1.935 -0.055
45 157 3 88.379 165.477 37.789 0.536 0.574 1.72 2.999
45 169 1 78.253 174.35 37.301 4.439 1.5 0.743 3.105
45 172 5 81.358 174.821 37.343 0.903 1.18 0.314 3.106
46 62 4 141.005 180.379 37.671 0.923 0.967 1.63 0.002
46 121 1 163.114 191.171 37.524 0.525 1.682 0.623 0.002
46 123 5 155.317 185.997 37.42 1.041 1.735 1.094 0.002
46 131 1 127.92 183.557 37.704 4.408 1.828 1.482 -0.039
46 143 1 103.233 177.882 37.728 4.611 2.179 1.577 0.013
46 145 1 79.381 171.363 37.74 2.6 1.493 1.868 -0.009
46 157 3 88.433 165.499 37.71 0.475 0.46 1.683 -0.028
46 169 1 85.397 175.923 37.406 4.032 2.132 0.947 -0.009
46 172 5 88.319 176.234 37.554 0.596 1.324 0.258 0
47 62 4 144.915 180.977 37.612 2.187 0.945 1.482 -0.042
47 121 1 170.241 192.59 37.431 0.37 1.699 0.61 -0.023
47 123 5 162.204 187.273 37.402 0.785 1.634 1.061 -0.05
47 131 1 134.324 184.782 37.703 4.479 1.813 1.476 -0.036
47 143 1 109.959 179.366 37.76 4.518 1.998 1.572 -0.008
47 145 1 85.274 172.421 37.638 2.572 1.472 1.565 -0.032
47 157 3 88.552 165.499 37.714 0.319 0.442 1.636 -0.001
47 169 1 93.257 177.353 37.444 4.252 2.147 0.981 -0.025
47 174 3 176.313 181.165 37.621 0.249 0.303 1.117 -0.05
48 62 4 148.168 181.596 37.703 2.41 0.948 1.503 0.007
48 121 1 177.52 194.081 37.454 0.585 1.77 0.635 0.02
48 123 5 169.261 188.451 37.392 0.752 1.629 1.078 0
48 131 1 140.675 185.99 37.684 4.368 1.847 1.423 -0.033
48 143 1 116.752 180.86 37.784 4.531 2.047 1.626 -0.007
48 145 1 91.125 173.463 37.795 2.582 1.493 1.845 -0.004
48 157 3 88.519 165.467 37.737 0.268 0.432 1.593 3.132
48 169 1 99.944 178.499 37.48 4.481 2.029 1.084 -0.023
48 174 3 176.817 181.369 37.608 0.451 0.371 1.303 -1.473
49 62 4 151.379 182.146 37.681 2.426 1.003 1.611 -0.024
49 121 1 185.504 195.829 37.597 2.062 1.709 1.433 0.045
49 123 5 176.474 189.985 37.679 1.085 1.674 1.378 0.017
49 131 1 147.07 187.205 37.725 4.392 1.968 1.46 -0.044
49 143 1 123.357 182.347 37.834 4.473 2.143 1.687 -0.004
49 145 1 97.398 174.686 37.716 1.83 1.459 1.671 0.019
49 157 3 88.528 165.409 37.77 0.272 0.408 1.581 -0.025
49 169 1 106.408 179.523 37.542 5.475 2.063 1.156 0.006
49 174 3 177.174 181.368 37.735 0.559 0.436 1.426 0.024
49 176 4 186.929 187.365 37.426 0.841 0.701 1.373 -3.09
49 177 5 126.021 181.94 37.433 0.568 0.058 0.13 3.136
50 62 4 154.651 182.686 37.708 2.511 1.066 1.668 -0.043
50 121 1 191.933 197.08 37.338 0.429 1.804 0.665 -0.02
50 123 5 183.263 191.353 37.448 0.691 1.7 0.798 -0.008
50 131 1 153.419 188.327 37.687 4.339 1.877 1.444 -0.037
50 143 1 129.933 183.66 37.846 4.599 1.992 1.662 -0.01
50 145 1 102.993 175.734 37.788 2.615 1.454 1.985 0.015
50 157 3 88.452 165.326 37.896 0.454 0.396 1.227 -0.009
50 169 1 113.832 180.898 37.66 4.411 2.056 1.422 0.013
50 174 3 177.756 181.69 38.077 0.423 0.525 1.013 3.106
50 176 4 184.582 186.821 37.514 0.706 0.752 1.161 3.108
50 177 5 132.71 183.482 37.318 0.761 0.384 0.591 3.109
51 62 4 158.137 183.289 37.709 3.043 0.986 1.643 -0.037
51 121 1 199.197 198.5 37.479 0.323 1.738 0.837 0.025
51 123 5 190.34 192.841 37.687 0.68 1.733 1.159 0.006
51 143 1 136.441 185.071 37.83 4.499 2.083 1.669 -0.008
51 145 1 109.286 176.985 37.784 1.855 1.492 1.71 0.007
51 169 1 120.562 182.154 37.674 4.364 2.091 1.307 0.016
51 174 3 178.265 181.659 38.105 0.312 0.603 0.863 3.115
51 176 4 181.97 186.342 37.445 1.001 0.814 1.409 3.141
51 177 5 138.996 184.793 37.386 1.175 0.46 0.713 3.111
51 178 1 159.747 189.542 37.698 4.405 1.858 1.498 -0.022
52 62 4 161.088 183.842 37.685 2.382 0.963 1.606 -0.004
52 121 1 206.699 200.047 37.715 0.813 1.681 1.084 0.017
52 123 5 197.459 194.373 37.624 0.961 1.616 1.408 -0.04
52 143 1 142.85 186.292 37.895 4.5 2.116 1.651 0.046
52 145 1 114.885 178.102 37.871 2.54 1.412 1.892 0
52 169 1 127.275 183.469 37.59 4.322 2.084 1.152 -0.003
52 174 3 178.881 181.852 37.95 0.458 0.527 0.99 -0.013
52 176 4 179.463 185.867 37.464 1.185 0.789 1.434 -3.06
52 177 5 145.701 186.212 37.383 1.026 0.56 0.639 0.063
52 178 1 166.029 190.709 37.673 4.341 1.896 1.437 -0.026
53 62 4 164.634 184.492 37.694 2.948 0.989 1.598 0.001
53 121 1 213.876 201.488 37.597 0.559 1.613 1.115 0.034
53 123 5 204.349 195.921 37.669 0.655 1.604 1.204 0
53 143 1 149.144 187.611 37.863 4.571 2.027 1.571 0.001
53 145 1 121.267 179.409 37.794 1.891 1.565 1.688 0.001
53 169 1 133.892 184.708 37.59 4.334 2.063 1.199 0.001
53 174 3 179.352 181.959 37.871 0.836 0.587 1.617 -0.014
53 176 4 177.008 185.339 37.562 1.348 0.752 1.545 -3.14
53 177 5 152.05 187.496 37.357 0.986 0.589 0.595 0.019
53 178 1 172.406 191.922 37.689 4.381 1.875 1.484 0.003
53 181 3 218.722 193.332 37.489 0.643 0.396 0.95 0.041
54 62 4 168.045 185.012 37.721 2.676 1.189 1.621 0.053
54 121 1 221.453 203.123 37.145 1.164 1.74 0.717 -0.033
54 123 5 211.586 197.375 37.332 0.948 1.688 0.829 0.024
54 143 1 155.454 188.886 37.86 4.308 2.026 1.611 0.011
54 145 1 126.937 180.611 37.889 2.518 1.437 1.777 0
54 169 1 140.516 185.913 37.57 4.604 2.073 1.123 0.01
54 174 3 180.112 182.122 37.909 0.86 0.823 1.709 0.052
54 176 4 174.654 184.751 37.628 1.56 0.726 1.542 -3.133
54 177 5 158.289 188.724 37.701 0.978 0.579 0.602 -0.008
54 178 1 178.861 193.145 37.675 4.367 1.873 1.445 -0.006
54 181 3 219.3 193.398 37.335 0.45 0.512 1.653 0.029
55 62 4 171.031 185.614 37.738 2.392 1.106 1.633 0.015
55 121 1 228.439 204.567 37.544 0.448 1.756 1.162 0.017
55 123 5 218.463 198.809 37.633 0.658 1.701 1.224 0.015
55 143 1 161.57 190.109 37.866 4.415 2.124 1.604 0.029
55 145 1 133.007 181.764 37.949 2.592 1.512 1.82 0.026
55 169 1 147.501 187.186 37.743 4.183 2.158 1.424 0.015
55 174 3 180.684 182.295 37.958 0.642 0.66 1.768 -0.007
55 176 4 172.136 184.179 37.659 1.475 0.728 1.501 -3.141
55 177 5 164.397 189.774 37.648 0.314 0.206 0.598 3.142
55 178 1 185.445 194.459 37.652 4.392 1.897 1.414 -0.002
55 181 3 219.843 193.457 37.404 0.493 0.523 1.488 -0.03
55 183 1 225.035 222.255 37.157 4.492 1.89 0.85 3.141
56 62 4 174.368 186.213 37.746 2.71 1.053 1.611 0
56 121 1 236.055 206.089 37.244 1.198 1.58 0.912 0.018
56 123 5 225.639 200.31 37.198 0.906 1.647 0.592 0.018
56 143 1 167.303 191.286 37.829 5.444 2.229 1.682 0.005
56 145 1 139.514 182.985 37.896 1.757 1.506 1.615 0.023
56 169 1 155.035 188.412 37.731 2.712 2.052 1.323 0.005
56 174 3 181.375 182.622 38.017 0.354 0.428 1.684 0.013
56 176 4 169.706 183.619 38.357 0.189 0.15 0.108 -0
56 177 5 170.48 191.297 37.592 0.752 1.11 0.76 1.598
56 178 1 192.161 195.878 37.666 4.436 1.847 1.458 0.005
56 181 3 220.473 193.651 37.441 0.411 0.58 1.375 -0.041
56 183 1 218.545 220.902 37.512 4.472 1.998 1.606 -3.09
57 62 4 177.651 186.737 37.71 2.669 1.051 1.644 -0.022
57 121 1 243.206 207.579 37.487 0.587 1.736 1.18 0.011
57 123 5 232.602 201.721 37.571 0.626 1.677 1.256 0.011
57 143 1 174.015 192.645 37.819 4.49 2.158 1.638 0.029
57 145 1 145.492 184.112 37.8 2.583 1.435 1.564 -0.011
57 169 1 161.432 189.276 37.601 4.087 2.052 1.153 -0.011
57 174 3 181.96 182.781 37.945 0.532 0.68 1.756 0.042
57 176 4 167.207 182.97 37.629 1.37 0.734 1.522 0.002
57 177 5 176.798 192.599 37.485 0.942 0.896 0.872 0
57 178 1 198.919 197.277 37.607 4.413 1.814 1.422 0.029
57 181 3 221.141 193.677 37.613 0.55 0.563 1.376 0.023
57 183 1 212.094 219.442 37.476 4.783 2.033 1.61 -3.118
58 62 4 180.936 187.262 37.685 2.619 1.081 1.59 0.026
58 121 1 250.824 209.294 37.25 1.1 1.715 0.914 0.003
58 123 5 239.772 203.31 37.501 0.715 1.508 1.271 -0.003
58 143 1 180.767 194.043 37.83 5.756 2.178 1.625 0.026
58 145 1 151.96 185.238 37.771 2.543 1.543 1.569 0.051
58 169 1 169.323 190.368 37.647 2.645 2.026 1.285 0.013
58 174 3 182.713 182.814 37.952 0.51 0.695 1.712 0.023
58 176 4 164.817 182.463 37.673 1.006 0.778 1.465 -3.142
58 178 1 205.685 198.747 37.605 4.423 1.862 1.483 0.003
58 181 3 221.746 193.824 37.517 0.658 0.55 1.673 -0.007
58 183 1 205.517 217.89 37.663 4.818 1.85 1.719 -3.093
59 62 4 184.202 187.804 37.656 2.638 1.013 1.612 -0.02
59 123 5 247.017 204.801 37.068 0.821 1.572 0.609 0
59 143 1 187.904 195.42 37.79 4.383 2.072 1.599 0.005
59 145 1 158.561 186.474 37.932 2.6 1.462 1.849 0
59 169 1 176.595 191.367 37.741 2.853 2.032 1.323 -0.03
59 174 3 183.489 182.868 37.881 0.442 0.675 1.591 -0.028
59 176 4 162.318 181.939 37.621 0.979 0.673 1.347 0.006
59 178 1 212.564 200.183 37.592 4.443 1.889 1.445 0.023
59 181 3 222.376 193.832 37.593 0.379 0.577 1.592 0.013
59 183 1 199.036 216.233 37.661 4.829 1.352 1.679 -3.101
60 62 4 187.4 188.342 37.628 2.606 1.028 1.549 -0.019
60 123 5 254.236 206.294 37.003 0.889 1.588 0.623 0
60 143 1 194.359 196.656 37.751 4.487 2.08 1.626 0.023
60 145 1 165.243 187.735 37.943 2.586 1.54 1.822 0.027
60 169 1 183.95 192.553 37.625 2.758 1.925 1.343 -0.104
60 174 3 184.122 182.687 37.882 0.59 0.626 1.634 0.102
60 176 4 159.808 181.414 37.528 0.844 0.679 1.266 -3.102
60 178 1 219.454 201.646 37.509 4.449 1.961 1.456 0.021
60 181 3 222.951 193.902 37.637 0.498 0.535 1.508 -0.008
60 183 1 192.611 215.245 37.65 4.687 2.036 1.702 -3.107
60 185 4 265.227 205.32 37.098 0.977 0.566 1.164 0.012
61 62 4 190.59 188.946 37.598 2.5 1.046 1.399 0.022
61 123 5 261.076 207.909 37.389 0.276 0.781 0.457 0
61 143 1 200.966 198.085 37.68 4.372 2.102 1.585 0.001
61 145 1 172.018 189.028 37.911 2.573 1.391 1.821 0
61 169 1 191.228 193.674 37.634 2.763 2.115 1.295 -0.005
61 174 3 184.93 182.472 37.829 0.335 0.416 1.538 -0
61 176 4 157.355 180.687 37.371 1.828 1.336 1.327 -3.075
61 178 1 226.449 203.13 37.485 4.42 1.949 1.481 -0
61 181 3 223.474 193.932 37.676 0.412 0.591 1.569 -0.169
61 183 1 185.986 213.757 37.696 4.66 1.831 1.721 -3.118
61 185 4 269.664 206.257 37.083 1.034 0.475 1.107 0
62 62 4 193.834 189.574 37.592 2.49 1.057 1.654 0
62 123 5 268.41 209.377 37.358 0.51 1.375 0.51 0.003
62 143 1 207.613 199.425 37.684 4.488 2.15 1.667 -0.021
62 145 1 178.742 190.396 38.032 2.546 1.39 1.565 0
62 169 1 198.599 194.968 37.564 2.731 2.117 1.429 -0.025
62 174 3 185.659 182.511 37.908 0.414 0.609 1.41 -0
62 178 1 233.557 204.653 37.459 4.503 1.841 1.444 0.011
62 181 3 224.076 194.003 37.674 0.626 0.57 1.606 -0.16
62 183 1 179.341 212.29 37.744 4.65 1.797 1.389 3.134
62 185 4 274.09 207.201 37.137 0.983 0.534 1.109 -0
63 62 4 197.015 190.251 37.625 2.487 1.047 1.617 0.028
63 123 5 275.932 210.958 37.367 0.894 1.385 1.381 -0.04
63 143 1 214.33 200.83 37.681 4.392 2.155 1.582 0.025
63 145 1 185.712 191.735 37.846 1.721 1.241 1.57 0.028
63 169 1 205.848 196.284 37.571 2.982 2.049 1.475 -0.033
63 178 1 240.663 206.185 37.451 4.384 1.872 1.429 0.008
63 181 3 224.701 194 37.682 0.6 0.523 1.612 0.025
63 183 1 172.776 210.453 37.81 4.422 0.985 0.741 3.125
63 185 4 278.462 208.212 37.252 0.995 0.637 1.424 -0.026
64 62 4 200.31 190.935 37.518 2.465 1.014 1.57 0
64 123 5 283.357 212.543 37.475 1.159 1.577 1.369 0
64 143 1 221.166 202.174 37.658 4.341 2.012 1.643 0.006
64 145 1 191.945 193.06 38.086 2.479 1.408 1.349 0
64 169 1 213.252 197.676 37.526 2.818 2.093 1.464 0.001
64 178 1 247.888 207.802 37.441 4.494 1.888 1.446 0.014
64 181 3 225.319 194.134 37.67 0.405 0.595 1.592 0.007
64 185 4 283.1 209.192 37.275 1.411 0.693 1.012 -0.021
65 62 4 203.433 191.578 37.554 2.385 0.982 1.661 0.035
65 123 5 290.506 214.097 37.47 0.952 1.606 1.441 -0.024
65 143 1 226.941 203.368 37.654 4.146 2.003 1.602 0.01
65 145 1 198.582 194.579 37.932 2.46 1.375 0.604 -0.023
65 169 1 220.528 199.133 37.519 2.793 2.067 1.455 0.007
65 178 1 254.954 209.302 37.432 4.235 1.844 1.406 0.021
65 181 3 225.781 194.21 37.664 0.458 0.579 1.585 -0.135
65 185 4 287.405 210.12 37.209 1.197 0.629 1.251 -0.028
65 187 5 229.616 203.493 37.371 1.128 1.044 0.875 0.045
66 62 4 206.688 192.247 37.548 2.493 1.024 1.576 0.032
66 123 5 297.772 215.788 37.408 0.846 1.463 1.449 0.01
66 143 1 233.617 204.827 37.602 4.455 2.104 1.533 -0.008
66 145 1 205.392 195.931 38.007 2.397 1.34 0.839 0.032
66 169 1 227.334 200.609 37.505 3.539 2.065 1.489 0.032
66 178 1 262.302 210.895 37.429 4.416 1.901 1.465 0.032
66 181 3 226.354 194.374 37.607 0.617 0.604 1.711 -0.004
66 185 4 291.791 211.163 37.222 1.338 0.596 1.201 0.01
66 187 5 236.389 204.869 37.372 1.335 1.013 0.763 0
67 62 4 209.857 192.881 37.474 2.416 0.991 1.735 -0
67 123 5 304.809 217.309 37.279 0.314 0.663 0.778 0.022
67 143 1 240.357 206.264 37.661 4.493 2.176 1.676 0.037
67 145 1 212.21 197.326 37.71 2.522 1.379 1.518 0.037
67 169 1 234.295 202.108 37.469 3.75 2.107 1.456 0.037
67 178 1 269.606 212.446 37.405 4.409 1.851 1.42 0.037
67 181 3 226.93 194.42 37.452 0.588 0.507 1.697 -3.138
67 185 4 296.184 212.113 37.394 1.432 0.743 1.458 0.022
67 187 5 243.152 206.256 37.403 1.52 0.889 1.251 -0
68 62 4 213.033 193.526 37.512 2.344 0.921 1.211 -0
68 123 5 312.218 219.012 37.264 0.89 1.518 0.859 0
68 143 1 247.145 207.681 37.591 4.459 2.007 1.583 0.015
68 145 1 219.491 198.935 37.73 1.786 1.533 1.517 -0
68 169 1 241.08 203.652 37.494 4.132 2.101 1.46 -0.001
68 178 1 276.908 214.034 37.427 4.341 1.841 1.463 0
68 181 3 227.671 194.524 37.682 0.371 0.634 1.425 0.147
68 185 4 300.563 213.153 37.435 1.43 0.737 1.421 0
68 187 5 249.809 207.746 37.313 1.9 1.057 1.008 0
69 62 4 216.242 194.174 37.513 2.359 0.878 1.251 0
69 123 5 319.182 220.669 37.703 0.758 1.366 1.095 0.04
69 143 1 254.514 209.183 37.571 3.152 2.057 1.595 0.017
69 145 1 225.461 200.1 37.733 3.753 1.509 1.625 0.031
69 169 1 248.026 205.102 37.463 4.131 2.05 1.464 0.023
69 178 1 284.294 215.631 37.416 4.325 1.864 1.341 0.003
69 181 3 228.163 194.519 37.659 0.613 0.463 1.417 0
69 185 4 304.92 213.994 37.41 1.42 0.621 1.369 0.063
69 187 5 256.584 209.239 37.408 1.807 1.219 1.199 -0
70 62 4 219.397 194.663 37.494 2.727 0.928 1.032 0.099
70 123 5 326.088 222.287 37.448 0.448 1.545 0.333 -0.005
70 143 1 261.184 210.575 37.586 3.319 2.047 1.61 0.025
70 145 1 232.285 201.63 37.697 3.781 1.518 1.587 0
70 169 1 254.809 206.562 37.455 4.122 2.12 1.488 0.028
70 178 1 291.706 217.206 37.368 4.304 1.85 1.393 0.026
70 181 3 228.863 194.567 37.621 0.438 0.482 1.339 -0
70 185 4 309.236 214.926 37.515 1.357 0.61 1.311 0.125
70 187 5 263.293 210.423 37.264 1.652 0.778 1.022 -0
71 62 4 222.689 195.486 37.418 2.522 0.948 1.088 0.017
71 123 5 333.04 223.664 37.427 0.327 1.521 0.44 -0.011
71 143 1 268.69 212.065 37.651 4.698 1.938 1.754 0.061
71 145 1 239.777 203.109 37.537 2.457 1.486 1.888 0.061
71 169 1 261.47 208.031 37.461 4.296 2.084 1.524 0.061
71 178 1 299.162 218.828 37.281 4.421 1.893 1.234 -0.011
71 181 3 229.414 194.664 37.606 0.324 0.48 1.275 3.134
71 185 4 313.56 215.877 37.472 1.264 0.727 1.488 -0.011
72 62 4 225.968 196.052 37.398 2.486 0.881 1.114 0.066
72 143 1 275.439 213.471 37.748 4.512 2.002 1.908 -0.003
72 145 1 246.455 204.585 37.647 2.338 1.502 1.74 0.039
72 169 1 267.946 209.564 37.463 4.428 2.186 1.476 0.037
72 178 1 306.608 220.49 37.457 4.317 1.854 1.433 0.02
72 181 3 230.014 194.809 37.546 0.642 0.479 1.382 0.033
72 185 4 317.88 216.823 37.504 1.32 0.695 1.454 0.049
73 62 4 229.134 196.666 37.488 2.423 0.791 1.094 0.026
73 143 1 281.659 214.808 37.559 3.865 2.044 1.54 -0.014
73 145 1 252.739 205.918 37.674 2.983 1.603 1.822 0
73 169 1 274.438 211.148 37.45 4.591 2.137 1.49 0.072
73 178 1 314.11 222.217 37.446 4.222 1.852 1.498 0.043
73 181 3 230.658 195.051 37.458 0.53 0.552 1.178 0.004
73 185 4 322.299 217.972 37.437 1.473 0.807 1.401 0.053
74 62 4 233.045 197.506 37.555 0.878 0.737 1.133 0.078
74 143 1 288.119 216.197 37.668 4.805 1.962 1.727 0.051
74 145 1 258.723 207.236 37.642 3.811 1.518 1.698 0.05
74 169 1 280.697 212.776 37.491 4.715 2.14 1.493 0.114
74 178 1 321.687 223.925 37.504 4.233 1.852 1.456 0.051
74 185 4 326.537 218.97 37.576 1.401 0.618 1.437 0.16
75 143 1 295.223 217.683 37.513 4.747 2.006 1.395 0.052
75 145 1 265.228 208.688 37.665 3.471 1.617 1.935 0.072
75 169 1 286.822 214.53 37.521 4.987 2.116 1.484 0.134
75 178 1 327.895 225.322 37.302 1.398 1.79 1.066 0.086
75 183 1 239.799 202.596 37.446 3.685 1.205 0.775 0.046
75 185 4 330.812 220.08 37.48 1.297 0.642 1.411 0.099
76 143 1 302.307 219.303 37.678 4.589 1.892 1.691 0.122
76 145 1 271.349 210.058 37.663 3.66 1.777 1.868 0.177
76 169 1 292.783 216.193 37.554 4.533 2.253 1.442 0.162
76 178 1 336.866 227.293 37.328 4.24 1.708 1.128 0.077
76 183 1 247.622 204.445 37.373 1.731 1.835 0.61 0.174
76 185 4 335.117 221.179 37.566 1.355 0.637 1.443 0.299
76 206 3 335.717 192.561 37.884 0.484 0.468 1.28 -0.278
77 143 1 309.472 220.888 37.624 4.503 2.067 1.641 0.202
77 145 1 277.457 211.463 37.669 3.78 1.756 1.908 0.202
77 169 1 298.177 217.349 37.564 5.091 1.977 1.421 0.202
77 178 1 342.869 228.725 37.369 1.123 1.895 0.948 0.274
77 183 1 253.583 205.834 37.325 3.441 1.902 0.856 0.202
77 185 4 339.354 222.232 37.588 1.278 0.651 1.451 0.274
77 206 3 335.661 192.906 37.48 0.526 0.363 1.281 -1.45
77 209 1 332.854 212.066 37.118 0.237 0.18 0.44 0.787
77 210 1 333.651 213.372 37.002 0.136 0.24 0.312 0.787
77 213 4 321.718 247.809 37.429 1.489 0.629 0.859 -2.951
77 214 5 335.66 216.049 37.025 0.198 0.248 0.481 -2.026
78 143 1 316.576 222.547 37.654 4.443 1.945 1.654 0.325
78 145 1 283.684 212.786 37.655 3.762 1.84 1.788 0.323
78 169 1 304.725 218.529 37.599 5.262 1.951 1.524 0.267
78 178 1 350.421 230.443 37.579 1.277 1.818 1.226 0.326
78 183 1 260.248 207.061 37.398 3.872 1.569 1.161 0.333
78 185 4 343.612 223.321 37.586 1.243 0.689 1.272 0.321
78 206 3 335.696 193.422 37.75 0.45 0.409 1.337 1.712
78 209 1 332.883 212.029 37.071 0.148 0.125 0.406 -2.87
78 210 1 333.682 213.384 37.052 0.121 0.133 0.404 -2.87
78 213 4 321.888 246.177 37.763 0.846 0.353 0.693 -2.745
78 214 5 335.631 216.029 37.168 0.246 0.224 0.442 -2.815
79 143 1 323.762 224.18 37.655 4.403 2.054 1.576 0.503
79 145 1 289.827 214.05 37.677 3.872 1.792 1.872 0.473
79 169 1 311.31 219.518 37.587 5.059 1.812 1.53 0.403
79 178 1 357.819 232.037 37.478 1.215 1.694 0.807 0.502
79 183 1 266.715 208.435 37.381 3.987 1.836 1.195 0.576
79 185 4 347.929 224.412 37.568 1.351 0.774 1.6 0.508
79 206 3 335.716 193.991 38.035 0.342 0.651 1.022 -1.166
79 209 1 332.879 212.01 37.099 0.14 0.143 0.379 2.052
79 210 1 333.689 213.367 37.052 0.16 0.117 0.351 2.052
79 213 4 318.115 245.179 37.457 0.385 0.731 0.62 -1.097
79 214 5 335.627 216.017 37.114 0.239 0.198 0.524 2.052
79 219 5 326.917 192.611 37.082 0.227 0.169 0.5 0.429
79 224 3 334.645 214.815 37.059 0.169 0.252 0.419 2.052
80 143 1 330.879 225.712 37.622 4.463 1.919 1.465 0.627
80 145 1 296.041 215.355 37.702 3.972 1.863 1.968 0.657
80 169 1 318.145 220.588 37.574 4.978 1.762 1.501 0.604
80 178 1 365.007 233.782 37.463 1.023 1.586 0.821 0.599
80 183 1 273.231 210.001 37.304 3.948 1.793 1.367 0.659
80 185 4 352.131 225.564 37.676 1.358 0.901 1.417 0.63
80 206 3 335.614 194.448 38.083 0.363 0.589 0.937 2.204
80 209 1 332.849 211.997 37.124 0.187 0.251 0.542 -1.766
80 210 1 333.69 213.337 37.078 0.222 0.229 0.399 -1.85
80 213 4 314.449 244.495 37.425 1.373 0.586 0.716 -2.443
80 214 5 335.682 216.01 37.206 0.288 0.242 0.348 -1.518
80 219 5 326.946 192.572 37.155 0.314 0.384 0.623 -0.972
80 224 3 334.618 214.765 37.098 0.164 0.236 0.456 -1.862
81 143 1 337.861 227.328 37.452 4.225 1.977 1.069 0.835
81 145 1 302.199 216.608 37.7 3.956 1.709 1.867 0.835
81 169 1 324.952 221.897 37.571 4.838 2.01 1.472 0.835
81 183 1 279.709 211.277 37.272 3.768 1.723 1.132 0.886
81 185 4 356.288 226.577 37.63 1.225 0.594 1.704 0.769
81 206 3 335.569 194.854 38.044 0.394 0.583 0.84 2.502
81 209 1 332.836 211.95 37.16 0.226 0.205 0.432 0.833
81 210 1 333.664 213.292 37.126 0.199 0.233 0.444 0.833
81 213 4 310.441 243.587 37.718 1.127 0.51 0.898 -2.315
81 214 5 335.621 215.957 37.121 0.191 0.227 0.437 0.833
81 219 5 326.912 192.543 37.188 0.256 0.278 0.602 -0.706
81 224 3 334.614 214.762 37.142 0.198 0.219 0.407 0.833
81 230 5 335.398 167.244 37.282 0.281 0.384 0.366 -0.766
81 233 5 261.69 209.905 37.244 0.179 0.814 0.33 0.851
82 143 1 344.926 228.91 37.668 4.447 1.913 1.622 1.028
82 145 1 308.297 217.896 37.751 4.08 1.713 1.925 1.036
82 169 1 331.904 223.327 37.558 4.778 1.914 1.483 1.006
82 183 1 285.815 212.641 37.426 4.036 1.727 1.337 1.026
82 185 4 360.513 227.648 37.627 1.371 0.582 1.132 0.899
82 206 3 335.463 195.384 38.004 0.304 0.555 1.072 2.637
82 209 1 332.858 211.928 37.135 0.151 0.188 0.493 -1.291
82 210 1 333.676 213.298 37.078 0.19 0.183 0.51 -1.304
82 213 4 306.431 242.704 37.706 2.196 0.475 1.028 -2.144
82 214 5 335.639 215.931 37.104 0.188 0.121 0.356 -1.41
82 219 5 326.886 192.568 37.262 0.307 0.293 0.567 2.701
82 224 3 334.593 214.742 37.087 0.168 0.128 0.439 -1.238
82 230 5 335.385 167.157 37.289 0.385 0.23 0.649 -0.625
82 233 5 268.415 211.561 37.316 0.372 0.712 0.514 1.058
83 143 1 352.185 230.519 37.778 4.218 1.932 1.603 1.241
83 145 1 314.436 219.244 37.759 3.997 1.771 1.882 1.228
83 169 1 338.921 224.94 37.602 4.727 1.974 1.508 1.228
83 183 1 291.771 214.165 37.383 4.303 2.105 1.291 1.187
83 206 3 335.587 195.939 37.941 0.328 0.381 1.288 -0.132
83 209 1 332.873 211.921 37.138 0.18 0.173 0.521 -2.07
83 210 1 333.634 213.268 37.1 0.149 0.1 0.495 -2.07
83 213 4 302.311 241.75 37.393 0.399 0.294 0.683 -1.883
83 214 5 335.628 215.915 37.136 0.221 0.145 0.468 -2.07
83 219 5 326.886 192.529 37.218 0.226 0.255 0.597 -2.254
83 224 3 334.587 214.739 37.115 0.261 0.141 0.503 -2.07
83 230 5 335.384 167.203 37.29 0.27 0.332 0.497 -0.33
83 233 5 273.486 212.542 37.073 4.17 1.674 0.697 1.243
83 238 4 314.784 207.257 37.142 0.142 0.165 0.469 1.498
83 246 5 313.58 208.118 37.059 0.181 0.178 0.507 1.498
84 143 1 359.241 232.063 37.806 4.125 2.025 1.605 1.407
84 145 1 320.685 220.627 37.748 3.91 1.737 1.91 1.377
84 169 1 345.586 226.484 37.562 3.78 1.884 1.312 1.382
84 183 1 297.804 215.375 37.403 4.604 1.983 1.377 1.363
84 206 3 335.544 196.266 37.905 0.613 0.682 1.442 2.984
84 209 1 332.886 211.889 37.184 0.27 0.192 0.547 2.404
84 210 1 333.677 213.237 37.108 0.175 0.159 0.352 -2.288
84 213 4 298.361 240.907 37.461 1.485 0.248 0.359 -1.738
84 214 5 335.612 215.877 37.231 0.301 0.199 0.385 2.146
84 219 5 326.916 192.511 37.233 0.358 0.413 0.646 -0.179
84 224 3 334.622 214.691 37.146 0.17 0.249 0.436 -0.445
84 230 5 335.37 167.142 37.288 0.324 0.359 0.515 2.993
84 233 5 280.64 214.227 37.105 3.918 1.747 0.637 1.362
84 238 4 314.773 207.232 37.111 0.26 0.189 0.563 0.322
84 246 5 313.511 208.121 37.062 0.22 0.298 0.501 -1.191
84 250 1 329.949 141.885 38.055 0.759 1.687 0.923 -0.265
85 145 1 327.102 222.128 37.792 4.059 1.62 1.927 1.516
85 169 1 353.205 228.274 37.419 4.658 1.786 1 1.549
85 183 1 303.8 216.642 37.381 4.664 1.914 1.242 1.501
85 206 3 335.436 196.676 37.763 0.539 0.545 1.613 1.672
85 209 1 332.839 211.872 37.192 0.196 0.195 0.482 1.655
85 214 5 335.621 215.918 37.164 0.381 0.239 0.442 -0.826
85 219 5 326.911 192.509 37.275 0.309 0.351 0.65 3.001
85 224 3 334.56 214.663 37.126 0.259 0.262 0.566 -0.797
85 230 5 335.333 167.132 37.404 0.231 0.281 0.465 -0.061
85 233 5 287.532 215.766 37.177 4.198 1.784 0.882 1.525
85 238 4 314.731 207.25 37.098 0.289 0.225 0.452 0.516
85 246 5 313.5 208.093 37.092 0.306 0.245 0.477 0.572
85 250 1 329.686 142.037 37.757 0.933 1.713 1.321 0.033
86 145 1 333.699 223.629 37.73 3.856 1.553 1.747 1.606
86 183 1 309.754 217.929 37.396 4.496 1.612 1.324 1.57
86 206 3 335.463 197.225 37.967 0.507 0.428 1.318 2.134
86 209 1 332.847 211.849 37.13 0.2 0.166 0.532 2.683
86 210 1 333.713 213.224 37.045 0.144 0.33 0.461 -2.536
86 230 5 335.285 167.156 37.395 0.324 0.18 0.532 -3.126
86 233 5 294.253 217.182 37.541 3.358 1.346 1.779 1.591
86 238 4 314.704 207.222 37.09 0.279 0.161 0.57 -2.69
86 246 5 313.449 208.094 37.054 0.204 0.14 0.39 -2.701
86 250 1 329.703 141.858 37.945 0.786 1.717 1.295 0.051
86 264 4 334.789 170.551 37.336 0.124 0.199 0.315 0.617
86 270 1 337.277 154.123 37.482 0.178 0.223 0.336 0.017
87 145 1 339.603 224.992 37.844 2.261 1.401 1.755 1.69
87 183 1 315.85 218.864 37.509 4.548 0.663 1.181 1.626
87 206 3 335.436 197.842 37.95 0.635 0.676 1.185 -3.132
87 209 1 332.815 211.871 37.206 0.255 0.219 0.406 2.399
87 210 1 333.642 213.212 37.103 0.229 0.201 0.407 2.568
87 224 3 334.491 214.618 37.067 0.341 0.186 0.546 2.492
87 230 5 335.274 167.181 37.479 0.17 0.242 0.561 0.081
87 233 5 301.26 218.768 37.407 3.45 1.353 1.28 1.656
87 238 4 314.667 207.229 37.058 0.223 0.186 0.387 -3.138
87 246 5 313.456 208.118 37.006 0.151 0.205 0.304 -2.344
87 250 1 329.852 141.665 37.932 1.132 1.736 0.863 0.024
87 264 4 334.76 170.51 37.428 0.173 0.197 0.558 0.001
87 270 1 337.258 154.191 37.475 0.187 0.275 0.226 0.003
87 274 5 336.12 162.8 37.434 0.253 0.238 0.313 -0.004
87 275 4 336.923 156.987 37.476 0.358 0.235 0.484 -0.018
87 276 5 339.004 141.883 37.599 0.296 0.356 0.321 0.02
88 145 1 346.765 226.669 37.643 3.105 1.441 1.829 1.631
88 183 1 321.939 220.34 37.492 4.521 0.92 1.424 1.648
88 206 3 335.377 198.367 37.959 0.516 0.532 1.334 3.103
88 209 1 332.762 211.918 37.148 0.355 0.221 0.408 2.805
88 230 5 335.263 167.156 37.489 0.371 0.328 0.65 -0
88 233 5 310.499 220.877 37.39 1.413 1.148 1.104 1.614
88 250 1 329.917 141.685 37.879 1.171 1.801 1.046 -0.013
88 264 4 334.737 170.524 37.452 0.198 0.242 0.579 -0
88 270 1 337.226 154.2 37.579 0.238 0.377 0.471 -0
88 274 5 336.09 162.796 37.467 0.271 0.26 0.496 -0
88 275 4 336.915 157.02 37.537 0.265 0.319 0.42 -0
88 276 5 339.432 141.169 37.813 0.671 0.503 0.628 -0.015
89 145 1 352.307 227.734 37.973 0.315 0.864 1.061 1.63
89 183 1 328.01 221.955 37.432 4.43 1.388 1.178 1.634
89 206 3 335.416 198.769 37.716 0.264 0.492 1.272 3.128
89 230 5 335.219 167.173 37.534 0.413 0.295 0.593 -0.017
89 233 5 316.121 222.079 37.625 4.096 0.894 1.67 1.609
89 250 1 330.007 140.96 38.01 2.656 1.734 1.238 -0.005
89 264 4 334.74 170.511 37.471 0.204 0.187 0.509 -0.017
89 270 1 337.228 154.25 37.589 0.318 0.198 0.403 0.001
89 274 5 336.088 162.81 37.475 0.277 0.271 0.543 -0.017
89 275 4 336.891 157.044 37.53 0.291 0.254 0.519 0.001
89 276 5 340.094 140.562 37.922 2.272 1.74 1.055 3.133
89 284 4 338.242 148.209 37.567 0.271 0.198 0.7 -0.011
90 183 1 333.414 223.07 37.612 2.391 1.114 0.784 1.749
90 206 3 335.287 199.32 37.912 0.485 0.57 1.374 -3.114
90 230 5 335.25 167.151 37.51 0.376 0.36 0.729 0.012
90 233 5 323.325 223.652 37.717 4.078 0.559 1.576 1.675
90 250 1 329.881 141.754 38.112 1.085 2.019 1.565 -0.047
90 264 4 334.727 170.495 37.474 0.254 0.213 0.672 0.012
90 270 1 337.209 154.226 37.514 0.318 0.215 0.58 0.012
90 274 5 336.034 162.802 37.461 0.31 0.243 0.587 0.012
90 275 4 336.899 157.035 37.52 0.397 0.329 0.687 0.012
90 276 5 340.319 139.796 37.839 3.748 2.016 1.371 3.142
90 284 4 338.189 148.259 37.536 0.239 0.261 0.535 -1.556
91 183 1 340.482 224.951 37.473 4.083 1.615 0.799 1.643
91 206 3 335.163 199.703 37.873 0.501 0.601 1.238 -3.114
91 230 5 335.234 167.083 37.537 0.419 0.45 0.747 0.021
91 233 5 330.695 226.015 37.356 4.331 1.734 0.918 1.628
91 250 1 330.17 140.547 38.088 3.547 1.822 1.473 0.114
91 264 4 334.701 170.478 37.481 0.375 0.241 0.648 0.021
91 270 1 337.155 154.176 37.52 0.356 0.362 0.64 0.021
91 274 5 336.012 162.776 37.492 0.378 0.326 0.64 0.021
91 275 4 336.876 157.02 37.489 0.324 0.304 0.538 0.021
91 276 5 340.202 139.804 38.049 4.243 2.129 1.505 -3.113
91 284 4 338.229 148.261 37.552 0.319 0.298 0.493 0.021
92 206 3 335.046 200.115 37.968 0.376 0.507 1.156 0.022
92 230 5 335.18 167.044 37.545 0.458 0.303 0.704 -1.594
92 250 1 330.146 140.51 38.058 3.725 1.839 1.446 0.072
92 264 4 334.732 170.468 37.49 0.287 0.322 0.645 3.106
92 270 1 337.203 154.156 37.61 0.314 0.361 0.677 -1.628
92 274 5 336.041 162.71 37.543 0.328 0.341 0.657 -3.116
92 275 4 336.845 157.012 37.55 0.463 0.446 0.62 1.533
92 276 5 340.306 139.65 38.156 3.98 1.919 1.509 -3.097
92 284 4 338.201 148.191 37.677 0.379 0.278 0.544 3.09
92 293 1 345.436 106.593 38.273 2.039 0.872 1.224 -3.129
92 297 1 343.295 117.275 37.847 3.149 0.458 0.975 -3.14
93 206 3 335.016 200.589 38.045 0.363 0.562 1.092 -3.093
93 230 5 335.188 167.057 37.526 0.327 0.353 0.649 -3.121
93 250 1 330.159 140.482 38.111 3.764 1.822 1.535 0.037
93 264 4 334.706 170.403 37.483 0.173 0.226 0.571 -3.121
93 270 1 337.179 154.171 37.615 0.32 0.319 0.632 -3.127
93 274 5 336.039 162.714 37.542 0.459 0.449 0.598 -3.018
93 275 4 336.843 156.966 37.638 0.316 0.361 0.594 -3.046
93 276 5 340.284 139.62 38.143 4.318 1.934 1.507 -3.109
93 284 4 338.194 148.19 37.648 0.286 0.262 0.636 -3.12
93 293 1 345.279 106.522 38.168 1.898 1.348 1.443 3.137
93 297 1 343.193 116.955 37.893 3.64 0.679 0.747 -3.141
93 301 5 330.262 144.268 37.67 0.41 0.224 0.585 0.037
94 206 3 334.792 201.092 37.926 0.347 0.307 1.002 3.124
94 230 5 335.211 167.003 37.58 0.329 0.275 0.584 -0.161
94 250 1 330.183 140.472 38.146 3.857 1.674 1.502 0.066
94 264 4 334.775 170.422 37.485 0.229 0.427 0.627 -0.1
94 270 1 337.112 154.131 37.683 0.237 0.333 0.591 -0.011
94 274 5 336.047 162.655 37.532 0.289 0.335 0.542 -0.275
94 275 4 336.783 156.929 37.62 0.229 0.308 0.608 -0.034
94 276 5 340.272 139.571 38.198 4.481 1.968 1.606 -3.1
94 284 4 338.131 148.212 37.736 0.315 0.212 0.595 0.092
94 293 1 345.181 105.733 38.062 3.484 0.566 0.826 3.112
94 297 1 343.285 116.909 38.123 3.838 0.492 1.127 3.116
94 301 5 330.243 144.289 37.751 0.256 0.19 0.529 3.014
94 306 1 327.683 160.174 37.591 0.412 0.358 0.669 3.061
95 206 3 334.949 201.542 37.882 0.354 0.341 1.042 3.142
95 230 5 335.179 166.975 37.566 0.288 0.27 0.629 -0.231
95 250 1 330.179 140.429 38.174 3.935 1.701 1.509 0.041
95 264 4 334.703 170.385 37.449 0.172 0.127 0.501 -0.932
95 270 1 337.108 154.066 37.659 0.401 0.278 0.657 -2.544
95 274 5 335.997 162.673 37.536 0.251 0.242 0.555 3.059
95 275 4 336.757 156.913 37.602 0.371 0.344 0.611 0.2
95 276 5 340.291 139.533 38.229 4.534 1.925 1.603 -3.111
95 284 4 338.118 148.151 37.69 0.334 0.359 0.617 -0.037
95 293 1 345.47 106.584 38.278 2.15 1.519 1.428 -3.073
95 297 1 343.255 116.935 38.106 3.906 0.615 1.139 -3.117
95 301 5 330.231 144.264 37.721 0.277 0.291 0.609 2.294
95 306 1 327.704 160.107 37.586 0.332 0.328 0.645 -0.932
96 206 3 334.73 201.91 37.816 0.162 0.614 0.823 -3.093
96 230 5 335.162 166.989 37.583 0.26 0.263 0.562 -0.02
96 250 1 330.116 140.245 38.203 4.043 1.875 1.483 0.039
96 264 4 334.656 170.372 37.443 0.076 0.2 0.342 -0.02
96 270 1 337.147 154.091 37.634 0.442 0.357 0.633 -0.043
96 274 5 335.982 162.657 37.537 0.202 0.297 0.394 -0.021
96 275 4 336.814 156.867 37.592 0.369 0.333 0.59 -0.043
96 276 5 340.256 139.52 38.257 4.431 1.876 1.558 -3.114
96 284 4 338.108 148.113 37.708 0.338 0.371 0.626 0.01
96 293 1 345.342 105.688 38.217 3.654 0.788 1.135 3.128
96 297 1 343.661 116.957 38.443 3.96 1.345 1.614 3.116
96 301 5 330.185 144.215 37.998 0.106 0.114 0.116 -3.127
96 306 1 327.685 160.103 37.576 0.381 0.322 0.647 3.123
96 310 5 337.131 102.279 38.267 0.33 0.334 0.523 0.046
96 311 5 329.371 148.666 37.901 1.665 0.363 1 -3.14
96 313 1 346.033 100.09 37.93 3.598 0.407 0.616 3.121
97 230 5 335.104 167.023 37.564 0.252 0.329 0.518 -0.033
97 250 1 330.158 140.126 38.22 4.552 1.808 1.475 0.065
97 264 4 334.603 170.396 37.43 0.051 0.175 0.422 3.089
97 270 1 337.114 154.082 37.629 0.36 0.281 0.603 -0.033
97 274 5 335.934 162.603 37.512 0.319 0.26 0.566 -0.033
97 275 4 336.776 156.885 37.576 0.405 0.283 0.6 -0.033
97 276 5 340.217 139.304 38.247 4.594 1.79 1.643 -3.114
97 284 4 338.105 148.025 37.707 0.369 0.401 0.671 -0.037
97 293 1 345.305 105.657 38.307 3.773 0.776 1.211 -3.114
97 297 1 343.88 117.096 38.346 4.007 1.957 1.53 -3.138
97 301 5 330.165 144.202 37.734 0.367 0.272 0.64 3.089
97 306 1 327.613 160.075 37.568 0.366 0.298 0.498 -3.123
97 310 5 337.352 100.842 38.119 3.458 0.367 0.897 -0.012
97 311 5 329.436 148.615 37.9 1.815 0.309 1.095 -0.002
97 313 1 346.098 99.861 38.059 3.924 0.461 0.639 3.133
97 315 1 338.273 95.115 38.289 0.598 0.953 0.819 -0.012
98 230 5 335.042 167.018 37.541 0.323 0.277 0.5 0.007
98 250 1 330.207 139.921 38.194 4.011 1.902 1.5 0.066
98 270 1 337.088 154.01 37.665 0.271 0.297 0.562 0.001
98 274 5 335.881 162.59 37.449 0.312 0.216 0.431 0.001
98 275 4 336.745 156.835 37.593 0.276 0.302 0.607 -0
98 276 5 340.184 139.188 38.247 4.389 1.695 1.656 -3.086
98 284 4 338.116 148.061 37.685 0.338 0.31 0.673 0
98 293 1 345.687 105.781 38.391 3.731 1.747 1.539 -3.129
98 297 1 343.857 117.037 38.444 4.151 2.099 1.739 -3.133
98 301 5 330.127 144.191 37.738 0.366 0.257 0.588 -3.115
98 306 1 327.581 160.089 37.489 0.427 0.329 0.566 -0.035
98 310 5 337.383 100.621 38.175 3.667 0.37 1.04 0.01
98 311 5 329.35 148.66 37.85 1.641 0.297 1.012 3.099
98 313 1 345.996 99.752 38.053 4.149 0.416 0.85 3.101
98 315 1 338.341 94.98 38.178 0.925 0.661 0.979 0.021
99 230 5 335.118 166.935 37.566 0.196 0.209 0.515 0
99 250 1 330.139 139.983 38.165 3.837 1.665 1.485 0.074
99 270 1 337.043 154.006 37.526 0.212 0.234 0.461 3.142
99 275 4 336.728 156.809 37.579 0.253 0.286 0.406 -3.142
99 276 5 340.16 139.302 38.226 4.662 1.672 1.666 -3.088
99 284 4 338.043 148.017 37.627 0.25 0.249 0.572 3.142
99 293 1 345.701 105.769 38.374 3.94 1.588 1.519 -3.117
99 297 1 343.881 116.897 38.408 4.494 1.993 1.761 -3.127
99 306 1 327.57 160.055 37.45 0.276 0.238 0.468 3.122
99 310 5 337.298 100.409 38.35 4.24 0.555 1.388 0
99 311 5 329.289 148.728 37.815 1.688 0.288 1.087 0.015
99 313 1 346.122 100.134 38.195 3.97 0.7 1.095 3.142
99 315 1 338.198 95.267 38.132 0.345 0.603 0.976 3.122
99 318 1 340.644 76.106 38.486 5.141 0.841 1.114 0
100 250 1 330.218 140.104 38.166 3.737 1.602 1.483 0.047
100 270 1 336.984 154.039 37.545 0.258 0.158 0.257 0.072
100 275 4 336.621 156.858 37.453 0.207 0.188 0.437 3.138
100 276 5 340.143 139.155 38.233 4.321 2.011 1.62 -3.063
100 284 4 338.037 148.01 37.643 0.221 0.298 0.472 -3.098
100 293 1 345.743 105.804 38.363 4.131 1.933 1.446 -3.124
100 297 1 343.732 116.825 38.471 4.651 1.919 1.715 3.117
100 306 1 327.57 160.017 37.469 0.256 0.31 0.487 0
100 310 5 336.904 100.409 38.429 4.223 1.311 1.565 0.008
100 311 5 329.289 148.717 37.827 1.533 0.423 1.083 0.033
100 313 1 346.52 100.157 38.416 4.274 1.622 1.497 3.117
100 315 1 338.275 93.385 38.41 4.328 1.22 1.444 0.008
100 318 1 340.44 77.046 38.534 3.267 0.724 1.171 0.002
101 230 5 335.53 164.571 37.552 0.175 0.265 0.269 -3.092
101 250 1 330.227 140.087 38.146 3.452 1.44 1.536 0.021
101 276 5 340.127 138.96 38.228 3.968 1.709 1.674 -3.113
101 284 4 337.991 148.024 37.656 0.232 0.291 0.473 0.058
101 293 1 345.765 105.708 38.409 4.405 2.003 1.556 -3.107
101 297 1 343.746 116.839 38.691 4.367 1.96 2.133 3.141
101 310 5 336.862 100.403 38.448 4.282 1.63 1.595 0
101 311 5 329.288 148.74 37.82 1.617 0.257 1.002 0
101 313 1 346.68 99.979 38.617 4.878 1.887 1.752 3.142
101 315 1 338.354 93.61 38.276 3.977 0.965 1.113 0
101 318 1 340.502 76.761 38.469 3.967 0.494 1.361 0.108
101 321 1 341.354 73.223 38.352 1.117 0.205 0.766 0.136
102 250 1 330.796 139.675 38.133 1.595 0.558 1.371 0.123
102 276 5 339.857 139.511 38.191 5.103 1.722 1.576 -3.121
102 293 1 345.688 105.631 38.455 4.419 1.905 1.493 -3.074
102 297 1 343.789 116.602 38.481 4.185 2 1.737 -3.135
102 310 5 336.698 100.39 38.464 4.453 1.706 1.533 -0.003
102 311 5 329.191 149.115 37.897 1.965 0.256 0.959 -0.048
102 313 1 346.865 100.109 38.486 4.726 2.376 1.467 -3.123
102 315 1 337.998 93.328 38.489 4.491 1.662 1.477 -0.032
102 318 1 340.328 76.607 38.526 4.123 1.128 1.39 0.101
102 321 1 341.603 72.048 38.481 3.604 0.276 1.279 0.092
102 322 5 348.341 84.979 38.128 0.261 0.206 0.416 0.018
103 276 5 340.049 138.914 38.19 3.655 1.57 1.522 -3.114
103 293 1 345.697 105.391 38.466 4.743 1.892 1.509 -3.106
103 297 1 343.937 116.574 38.482 4.171 2.08 1.675 3.129
103 310 5 336.651 100.361 38.51 4.491 1.819 1.551 -0.012
103 313 1 346.545 99.925 38.484 4.932 1.827 1.486 -3.124
103 315 1 337.955 93.342 38.489 4.401 1.727 1.492 -0.041
103 318 1 339.96 76.58 38.577 4.081 1.583 1.365 0.101
103 321 1 341.547 72.045 38.522 3.462 0.345 1.264 0.077
103 322 5 348.383 85.028 38.111 0.168 0.202 0.547 0.021
104 276 5 339.927 138.518 38.188 2.938 1.245 1.538 -3.124
104 293 1 345.656 105.298 38.477 4.429 1.735 1.502 -3.11
104 297 1 343.841 116.521 38.477 4.16 1.862 1.737 -3.141
104 310 5 336.579 100.184 38.572 4.909 2.136 1.417 0.01
104 311 5 329.107 149.287 37.808 2.19 0.425 0.741 -0.005
104 313 1 346.662 99.849 38.503 5.012 2.124 1.491 3.129
104 315 1 337.871 93.242 38.538 4.618 1.934 1.455 -0.048
104 318 1 339.954 76.622 38.554 4.087 1.571 1.386 0.091
104 321 1 341.007 71.773 38.726 3.946 1.494 1.601 0.06
104 322 5 348.349 84.964 38.145 0.402 0.286 0.654 -2.884
104 330 1 348.796 84.5 38.209 0.268 0.187 0.425 -2.884
105 276 5 339.748 138.684 38.237 3.36 1.054 1.639 -3.118
105 293 1 345.856 105.232 38.467 4.258 1.969 1.499 -3.121
105 297 1 343.737 116.449 38.44 3.993 1.693 1.607 3.131
105 310 5 336.614 99.874 38.532 5.017 2.107 1.55 -0.014
105 313 1 346.692 99.716 38.495 4.767 2.083 1.457 3.127
105 315 1 337.72 93.163 38.573 4.782 2.266 1.517 -0.088
105 318 1 339.821 76.587 38.632 4.174 1.788 1.466 0.086
105 321 1 341.03 71.643 38.754 4.206 1.522 1.61 0.063
105 322 5 348.323 84.946 38.196 0.258 0.382 0.676 -0.844
105 330 1 348.798 84.469 38.147 0.15 0.257 0.457 -0.844
106 276 5 339.341 139.378 38.085 4.819 0.854 1.015 3.14
106 293 1 345.715 105.112 38.469 4.133 1.724 1.479 -3.136
106 297 1 343.588 116.506 38.462 4.04 1.52 1.687 -3.139
106 310 5 336.636 99.743 38.532 4.817 2.071 1.523 -0.035
106 313 1 346.542 99.546 38.512 4.53 1.72 1.501 3.126
106 315 1 337.856 92.868 38.601 4.87 1.931 1.576 -0.067
106 318 1 339.804 76.558 38.635 4.267 1.814 1.444 0.071
106 321 1 340.949 71.663 38.751 4.21 1.654 1.647 0.03
106 322 5 348.308 84.915 38.165 0.399 0.315 0.623 0.003
106 330 1 348.675 84.368 38.189 0.233 0.213 0.667 0.104
107 276 5 339.724 137.365 38.344 0.545 0.477 0.995 3.111
107 293 1 345.665 105.084 38.442 4.111 1.723 1.439 -3.122
107 297 1 343.521 116.507 38.411 3.984 1.528 1.593 -3.123
107 310 5 336.625 99.712 38.475 4.677 1.995 1.49 -0.063
107 313 1 346.522 99.474 38.497 4.497 1.585 1.499 3.135
107 315 1 337.896 92.882 38.558 5.222 1.815 1.45 -0.072
107 318 1 339.81 76.551 38.656 4.249 1.779 1.396 0.066
107 321 1 340.827 71.661 38.792 4.301 1.768 1.658 0.025
107 322 5 348.296 84.896 38.215 0.582 0.32 0.652 -1.722
107 330 1 348.685 84.36 38.234 0.427 0.301 0.683 -1.957
108 276 5 339.717 137.118 38.238 0.261 0.356 0.742 3.131
108 293 1 345.62 105.07 38.443 3.996 1.702 1.529 3.12
108 297 1 343.479 116.463 38.462 3.999 1.392 1.606 3.091
108 310 5 336.619 99.719 38.524 4.29 1.781 1.53 -0.04
108 313 1 346.355 99.441 38.489 4.242 1.383 1.472 3.1
108 315 1 337.829 92.712 38.488 4.876 1.891 1.417 -0.128
108 318 1 339.702 76.459 38.798 4.395 2.065 1.649 0.046
108 321 1 340.823 71.665 38.785 4.46 1.78 1.735 -0.006
108 322 5 348.214 84.821 38.216 0.324 0.388 0.622 1.987
108 330 1 348.674 84.298 38.234 0.382 0.419 0.696 2.028
109 293 1 345.592 105.124 38.417 3.966 1.648 1.524 3.118
109 297 1 343.386 116.436 38.376 3.933 1.262 1.477 3.046
109 310 5 336.654 99.737 38.517 4.092 1.739 1.437 -0.106
109 313 1 346.262 99.299 38.493 4.208 1.245 1.513 3.076
109 315 1 337.854 92.677 38.531 4.603 1.731 1.461 -0.125
109 318 1 339.742 76.261 38.8 4.421 2.023 1.663 0.031
109 321 1 340.804 71.631 38.817 4.366 1.834 1.667 -0.035
109 322 5 348.219 84.822 38.226 0.38 0.364 0.668 0.125
109 330 1 348.657 84.252 38.234 0.333 0.331 0.631 0.604
110 293 1 345.519 104.967 38.451 3.493 1.711 1.345 3.087
110 297 1 343.194 116.479 38.421 3.921 1.024 1.418 3.111
110 310 5 336.995 99.712 38.241 3.954 0.798 1.069 -0.113
110 313 1 345.851 99.391 38.436 4.111 0.483 1.433 3.059
110 315 1 337.898 92.573 38.51 4.426 1.657 1.35 -0.106
110 318 1 339.796 76.132 38.764 4.397 1.869 1.625 0.012
110 321 1 340.716 71.377 38.833 4.636 2.167 1.66 -0.034
110 322 5 348.231 84.819 38.164 0.241 0.256 0.569 1.948
110 330 1 348.656 84.275 38.231 0.24 0.255 0.679 1.948
110 337 5 362.156 60.162 38.293 0.403 0.234 0.573 0.018
110 339 1 345.182 48.238 38.838 3.527 1.252 1.432 -0.019
111 293 1 345.391 105.062 38.434 3.77 1.365 1.515 3.081
111 297 1 343.413 115.138 38.572 1.21 1.159 1.193 2.886
111 310 5 337.345 98.764 38.313 1.823 0.451 1.142 -0.01
111 313 1 345.834 98.864 38.223 3.14 0.317 0.867 3.081
111 315 1 338.307 92.519 38.457 4.215 0.734 1.471 -0.124
111 318 1 339.715 76.058 38.726 4.268 1.997 1.444 0.032
111 321 1 340.738 71.253 38.842 4.592 1.918 1.642 -0.035
111 322 5 348.227 84.806 38.194 0.379 0.339 0.357 -0.289
111 330 1 348.684 84.224 38.209 0.315 0.301 0.442 -0.289
111 337 5 362.122 60.125 38.26 0.16 0.288 0.435 -1.589
111 339 1 344.967 48.283 38.83 3.678 1.43 1.465 -0.08
112 293 1 345.281 105.101 38.417 3.413 1.157 1.385 -3.136
112 297 1 343.578 114.822 38.487 0.513 1.132 1.411 2.995
112 310 5 336.637 99.89 38.446 3.042 1.363 1.569 -0.044
112 313 1 346.256 99.297 38.247 3.69 1.329 1.092 3.094
112 315 1 338.338 92.662 38.552 4.329 0.614 1.568 -0.113
112 318 1 339.889 76.127 38.672 4.298 1.55 1.428 0.051
112 321 1 340.758 71.163 38.829 4.703 1.961 1.682 0.006
112 322 5 348.192 84.756 38.185 0.235 0.283 0.551 0.389
112 330 1 348.622 84.203 38.209 0.142 0.315 0.582 0.389
112 337 5 362.167 60.144 38.272 0.322 0.3 0.567 1.62
112 339 1 344.867 48.306 38.87 3.769 1.612 1.495 0
113 293 1 345.041 105.09 38.367 3.605 0.998 1.462 -3.105
113 313 1 345.635 99.33 38.044 3.245 0.18 0.533 -3.116
113 315 1 338.047 92.618 38.244 4.296 1.109 1.03 -0.034
113 318 1 339.97 76.16 38.679 4.02 1.238 1.415 0.104
113 321 1 340.714 71.097 38.813 4.426 1.912 1.622 0.056
113 322 5 348.182 84.727 38.167 0.171 0.215 0.47 0.192
113 330 1 348.619 84.185 38.14 0.124 0.195 0.322 0.1
113 337 5 362.101 60.156 38.3 0.341 0.412 0.52 -0.092
113 339 1 344.796 48.311 38.884 3.947 1.788 1.501 0.038
114 293 1 345.013 103.881 38.543 0.995 0.377 1.036 -3.117
114 315 1 338.444 93.023 38.168 3.394 0.139 0.648 0.002
114 318 1 340.126 76.018 38.665 3.632 1.08 1.423 0.125
114 321 1 341.155 71.22 38.657 4.171 0.843 1.437 0.073
114 322 5 348.126 84.703 38.153 0.16 0.229 0.443 0.492
114 330 1 348.579 84.216 38.182 0.303 0.158 0.444 0.733
114 337 5 361.993 60.126 38.285 0.225 0.315 0.563 1.851
114 339 1 344.808 48.207 38.893 3.895 1.948 1.515 0.081
115 293 1 345.015 103.615 38.557 0.727 0.335 0.78 -3.082
115 318 1 340.609 75.366 38.833 0.835 0.251 0.373 0.098
115 322 5 348.134 84.77 38.137 0.268 0.328 0.254 -3.077
115 330 1 348.542 84.223 38.166 0.231 0.349 0.29 -3.077
115 337 5 361.976 60.173 38.302 0.369 0.252 0.511 0.106
115 339 1 344.9 47.982 38.889 4.174 1.868 1.464 0.103
116 339 1 344.922 48.036 38.871 4.507 1.686 1.497 0.104
