0 1 1 157.584 489.847 37.454 0.405 0.286 0.534 0.078
0 2 5 160.419 471.859 37.409 0.169 0.214 0.48 -0.009
0 3 5 155.031 504.375 37.306 0.326 0.32 0.555 0.029
0 5 5 148.165 519.732 37.218 0.377 0.229 0.615 -0.031
0 8 5 150.901 476.998 37.413 0.144 0.231 0.406 -3.141
0 10 5 149.349 486.846 37.407 0.232 0.258 0.529 3.125
0 17 1 158.486 484.045 37.402 0.114 0.144 0.321 -0.068
0 19 5 159.821 476.304 37.389 0.172 0.241 0.436 -0.034
0 20 1 153.656 455.245 37.767 0.904 1.783 1.008 -0.054
0 21 1 150.366 480.262 37.431 0.274 0.195 0.341 -3.102
0 23 5 156.289 497.295 37.338 0.278 0.296 0.524 -1.672
0 28 5 149.294 513.023 37.265 0.47 0.34 0.677 -0.025
0 29 5 158.065 486.987 37.342 0.19 0.226 0.42 -0.138
0 31 5 155.818 500.293 37.329 0.384 0.384 0.62 -0.036
0 34 1 151.1 526.248 37.619 3.176 2.164 1.463 2.82
0 35 1 148.688 516.465 37.235 0.332 0.26 0.598 -0.011
0 36 5 156.997 493.619 37.568 1.646 0.166 0.972 3.109
0 38 5 152.318 468.171 37.475 0.152 0.154 0.543 3.115
0 39 5 149.761 484.127 37.42 0.225 0.273 0.415 3.112
1 1 1 157.527 489.823 37.447 0.444 0.275 0.662 3.125
1 2 5 160.443 471.823 37.444 0.153 0.288 0.442 3.125
1 3 5 154.979 504.315 37.32 0.263 0.359 0.641 -0.02
1 5 5 148.12 519.722 37.123 0.359 0.245 0.615 -0.02
1 8 5 150.912 476.973 37.507 0.252 0.279 0.657 -0.02
1 10 5 149.327 486.836 37.46 0.33 0.307 0.659 -0.02
1 17 1 158.483 484.051 37.423 0.168 0.105 0.535 3.125
1 19 5 159.777 476.333 37.436 0.187 0.153 0.387 3.125
1 20 1 153.494 455.495 38.026 0.374 1.767 0.594 0.011
1 21 1 150.393 480.273 37.56 0.349 0.27 0.636 -2.72
1 23 5 156.244 497.283 37.363 0.387 0.348 0.649 -0.02
1 28 5 149.217 512.996 37.267 0.509 0.365 0.73 0
1 29 5 158.028 486.929 37.468 0.355 0.238 0.648 3.125
1 31 5 155.79 500.286 37.368 0.323 0.363 0.699 -0.02
1 34 1 151.459 528.472 37.477 3.755 2.024 1.476 2.767
1 35 1 148.67 516.524 37.202 0.481 0.331 0.677 0
1 36 5 156.975 493.602 37.594 1.561 0.167 1.017 0.034
1 38 5 152.268 468.179 37.523 0.293 0.356 0.34 3.125
1 39 5 149.746 484.109 37.427 0.336 0.303 0.57 -0.02
2 1 1 157.54 489.832 37.471 0.354 0.299 0.687 3.134
2 2 5 160.385 471.836 37.504 0.25 0.308 0.588 3.134
2 3 5 154.98 504.324 37.362 0.325 0.363 0.565 3.134
2 5 5 148.068 519.681 37.172 0.219 0.201 0.508 0.007
2 8 5 150.864 476.909 37.554 0.366 0.249 0.548 -0.014
2 10 5 149.3 486.8 37.448 0.248 0.228 0.621 -0.014
2 17 1 158.405 484.026 37.422 0.144 0.184 0.466 3.134
2 19 5 159.779 476.356 37.433 0.274 0.368 0.474 3.134
2 20 1 153.702 455.306 38.072 0.86 1.59 0.76 -0.037
2 21 1 150.327 480.284 37.53 0.291 0.201 0.496 0.026
2 23 5 156.219 497.218 37.395 0.298 0.339 0.615 3.134
2 28 5 149.262 512.945 37.215 0.288 0.215 0.532 0.007
2 29 5 158.024 486.903 37.47 0.263 0.276 0.575 3.134
2 31 5 155.725 500.249 37.37 0.286 0.374 0.695 3.134
2 34 1 152.063 530.291 37.517 3.942 1.757 1.568 2.641
2 35 1 148.619 516.519 37.214 0.328 0.266 0.559 0.007
2 36 5 156.925 493.586 37.606 1.611 0.239 0.987 3.134
2 38 5 152.231 468.151 37.614 0.203 0.259 0.581 0.017
2 39 5 149.69 484.049 37.459 0.43 0.319 0.561 -0.014
2 65 5 150.971 502.59 37.49 0.343 0.283 0.368 0.007
2 67 5 150.407 505.9 37.299 0.248 0.251 0.655 0.007
3 1 1 157.441 489.806 37.46 0.359 0.338 0.657 -3.114
3 2 5 160.373 471.834 37.58 0.265 0.239 0.62 3.125
3 3 5 154.994 504.316 37.335 0.279 0.278 0.573 -3.114
3 5 5 148.014 519.658 37.122 0.25 0.264 0.526 -0.021
3 8 5 150.841 476.888 37.52 0.417 0.256 0.596 0.129
3 10 5 149.309 486.806 37.499 0.284 0.297 0.589 0.073
3 17 1 158.377 484.039 37.506 0.165 0.162 0.475 3.076
3 19 5 159.755 476.37 37.569 0.283 0.269 0.569 3.076
3 20 1 153.975 454.03 37.939 3.551 1.941 1.37 -0.001
3 21 1 150.265 480.276 37.518 0.207 0.289 0.617 0.195
3 23 5 156.145 497.193 37.398 0.295 0.348 0.666 -3.114
3 28 5 149.179 512.912 37.227 0.267 0.241 0.607 -0.021
3 29 5 157.961 486.923 37.463 0.349 0.244 0.534 3.076
3 31 5 155.695 500.25 37.388 0.374 0.364 0.726 -3.114
3 34 1 152.773 531.958 37.449 4.086 1.834 1.398 2.508
3 35 1 148.573 516.471 37.192 0.254 0.256 0.543 -0.021
3 36 5 156.935 493.596 37.612 1.675 0.516 1.004 -3.114
3 38 5 152.238 468.137 37.559 0.291 0.298 0.505 0.087
3 39 5 149.683 484.079 37.524 0.337 0.289 0.568 0.057
3 65 5 150.899 502.553 37.405 0.384 0.374 0.795 -0.021
3 67 5 150.369 505.899 37.31 0.266 0.268 0.642 -0.021
3 70 1 152.794 465.34 37.479 0.22 0.212 0.443 -0.107
3 78 5 155.294 450.179 38.138 0.722 0.519 0.783 -0.017
3 79 5 161.125 466.377 37.633 0.318 0.156 0.441 -3.075
3 80 5 153.327 461.462 37.772 1.202 0.261 0.781 0.086
4 1 1 157.399 489.771 37.491 0.297 0.387 0.713 -0.008
4 2 5 160.327 471.795 37.606 0.466 0.272 0.544 -0.008
4 3 5 154.971 504.26 37.273 0.394 0.329 0.557 3.108
4 5 5 148.013 519.702 37.158 0.279 0.338 0.625 0.007
4 8 5 150.825 476.926 37.582 0.327 0.281 0.539 -0.004
4 10 5 149.266 486.729 37.494 0.438 0.458 0.674 -0.004
4 17 1 158.318 484.009 37.493 0.203 0.235 0.57 -0.008
4 19 5 159.674 476.288 37.525 0.298 0.328 0.635 -0.008
4 20 1 153.958 453.931 38.047 3.677 1.791 1.474 0.02
4 21 1 150.273 480.284 37.549 0.365 0.292 0.535 -0.004
4 23 5 156.134 497.155 37.343 0.367 0.308 0.614 3.108
4 28 5 149.155 512.874 37.199 0.341 0.318 0.453 0.007
4 29 5 157.937 486.881 37.455 0.338 0.328 0.611 -0.008
4 31 5 155.722 500.266 37.356 0.415 0.324 0.715 3.108
4 34 1 153.802 533.57 37.488 4.206 1.719 1.61 2.368
4 35 1 148.556 516.419 37.144 0.221 0.186 0.401 0.007
4 36 5 156.903 493.58 37.6 1.684 0.264 1.054 0.015
4 38 5 152.219 468.207 37.585 0.328 0.238 0.591 -0.004
4 39 5 149.68 484.055 37.519 0.372 0.389 0.696 -0.004
4 65 5 150.931 502.489 37.379 0.267 0.3 0.664 0.007
4 67 5 150.359 505.876 37.291 0.294 0.303 0.641 0.007
4 70 1 152.802 465.383 37.558 0.192 0.243 0.317 -0.004
4 78 5 155.317 448.822 38.272 3.441 1.023 1.507 0.057
4 79 5 161.157 466.502 37.603 0.268 0.228 0.501 -0.008
4 80 5 153.23 461.961 37.754 1.834 0.173 0.991 0.011
5 1 1 157.378 489.751 37.475 0.324 0.37 0.736 -3.124
5 2 5 160.271 471.791 37.537 0.321 0.347 0.601 3.136
5 3 5 154.935 504.194 37.268 0.264 0.31 0.511 3.106
5 8 5 150.801 476.893 37.511 0.292 0.321 0.647 0
5 10 5 149.208 486.72 37.643 0.276 0.351 0.32 0.002
5 17 1 158.344 483.98 37.488 0.321 0.314 0.621 -3.118
5 19 5 159.692 476.247 37.554 0.286 0.221 0.613 -3.116
5 20 1 153.872 453.901 38.05 3.649 1.831 1.501 0.047
5 21 1 150.256 480.212 37.523 0.347 0.416 0.676 0
5 23 5 156.136 497.132 37.38 0.298 0.321 0.587 -3.109
5 28 5 149.101 512.881 37.118 0.078 0.168 0.386 -0.002
5 29 5 157.846 486.827 37.499 0.384 0.27 0.712 -3.12
5 31 5 155.731 500.153 37.315 0.204 0.325 0.59 3.106
5 34 1 154.636 534.729 37.609 2.676 1.612 1.343 2.257
5 35 1 148.458 516.493 37.01 0.282 0.256 0.453 -0.002
5 36 5 156.841 493.565 37.608 1.723 0.337 1.016 3.142
5 38 5 152.15 468.14 37.622 0.233 0.238 0.655 0.019
5 39 5 149.525 483.944 37.774 0.097 0.311 0.142 0
5 65 5 150.895 502.497 37.317 0.2 0.259 0.576 -0.049
5 67 5 150.306 505.856 37.269 0.162 0.21 0.51 -0.049
5 70 1 152.742 465.276 37.652 0.235 0.249 0.615 0.019
5 78 5 155.208 448.778 38.167 3.835 1.165 1.661 0.059
5 79 5 161.083 466.462 37.602 0.372 0.278 0.648 3.139
5 80 5 153.146 462.6 37.761 2.436 0.306 1.001 -0.061
5 95 1 161.705 447.555 38.116 3.85 1.834 1.118 3.138
5 98 1 148.65 490.199 37.452 0.385 0.318 0.686 0.002
5 103 5 153.548 459.707 37.819 1.594 0.199 0.91 -0.033
5 105 5 153.346 461.064 37.633 0.17 0.164 0.439 -0.099
6 1 1 157.365 489.706 37.463 0.243 0.412 0.687 -0.109
6 2 5 160.245 471.747 37.597 0.427 0.394 0.728 0.041
6 3 5 154.851 504.228 37.248 0.331 0.276 0.427 -0.04
6 8 5 150.744 476.82 37.566 0.433 0.444 0.63 3.057
6 10 5 149.164 486.695 37.452 0.384 0.234 0.556 -3.124
6 17 1 158.299 483.967 37.481 0.305 0.34 0.608 0.024
6 19 5 159.637 476.252 37.591 0.242 0.24 0.527 0.097
6 20 1 153.887 453.995 38.119 3.705 1.685 1.492 0.103
6 23 5 156.084 497.119 37.306 0.315 0.284 0.563 -0.014
6 28 5 149.013 512.924 37.105 0.168 0.233 0.187 2.075
6 29 5 157.912 486.839 37.471 0.393 0.411 0.672 -0.117
6 31 5 155.669 500.199 37.252 0.294 0.37 0.523 0.202
6 34 1 155.309 536.086 37.716 0.216 0.771 0.309 1.79
6 35 1 148.441 516.473 37.195 0.325 0.109 0.453 -0.367
6 36 5 156.792 493.608 37.558 1.739 0.277 1.005 0.02
6 38 5 152.145 468.106 37.637 0.332 0.383 0.711 -1.481
6 39 5 149.595 483.901 37.511 0.356 0.392 0.636 -3.131
6 65 5 150.832 502.442 37.245 0.184 0.267 0.408 3.116
6 67 5 150.251 505.827 37.155 0.069 0.2 0.328 3.072
6 70 1 152.699 465.279 37.614 0.399 0.323 0.636 3.093
6 78 5 155.2 448.733 38.237 3.884 1.18 1.523 0.042
6 79 5 161.036 466.501 37.626 0.322 0.429 0.675 0.113
6 80 5 152.892 463.89 37.633 0.283 0.279 0.613 -3.048
6 95 1 160.775 452.942 38.088 4.091 1.97 1.232 -3.122
6 98 1 148.58 490.171 37.438 0.254 0.306 0.638 1.786
6 103 5 153.466 459.748 37.85 1.608 0.242 1.066 3.14
6 105 5 153.331 461.057 37.599 0.243 0.174 0.541 -3.059
7 1 1 157.336 489.694 37.489 0.336 0.253 0.563 -3.09
7 2 5 160.211 471.741 37.614 0.432 0.434 0.67 -3.127
7 3 5 154.84 504.196 37.195 0.092 0.225 0.399 3.141
7 8 5 150.731 476.775 37.62 0.274 0.371 0.534 -0.02
7 10 5 149.141 486.646 37.468 0.236 0.231 0.492 0.065
7 17 1 158.238 483.92 37.494 0.229 0.246 0.518 -3.09
7 19 5 159.543 476.208 37.555 0.414 0.358 0.618 -3.127
7 20 1 153.835 453.796 38.097 4.061 1.824 1.491 0.063
7 23 5 156.052 497.037 37.287 0.205 0.298 0.585 3.141
7 29 5 157.825 486.825 37.47 0.345 0.229 0.561 -3.09
7 31 5 155.626 500.138 37.365 0.164 0.229 0.649 3.141
7 35 1 148.414 516.421 37.059 0.289 0.228 0.528 0.011
7 36 5 156.749 493.579 37.565 1.689 0.295 0.923 0.026
7 38 5 152.123 468.097 37.642 0.312 0.335 0.693 -0.016
7 39 5 149.529 483.886 37.484 0.429 0.355 0.611 0.052
7 65 5 150.773 502.48 37.258 0.132 0.229 0.361 0.011
7 67 5 150.172 505.846 37.236 0.107 0.124 0.413 0.011
7 70 1 152.715 465.275 37.637 0.326 0.26 0.613 0.002
7 78 5 155.156 448.753 38.277 3.967 1.189 1.567 0.082
7 79 5 161.016 466.46 37.652 0.371 0.334 0.629 -3.127
7 80 5 152.851 463.884 37.65 0.324 0.298 0.639 0.002
7 95 1 159.92 458.425 38.167 4.073 2.132 1.579 3.093
7 98 1 148.57 490.172 37.402 0.311 0.274 0.612 -3.128
7 103 5 153.415 459.758 37.845 1.643 0.311 0.978 -3.141
7 105 5 153.241 461.032 37.616 0.465 0.383 0.526 -0.003
7 115 1 168.293 425.945 38.266 2.036 1.222 1.287 3.132
7 121 5 150.143 480.116 37.509 0.319 0.396 0.614 0.02
7 122 4 166.839 420.681 38.298 1.412 0.718 1.056 3.098
8 1 1 157.284 489.677 37.427 0.303 0.205 0.673 -3.12
8 2 5 160.099 471.698 37.62 0.203 0.25 0.673 -3.12
8 3 5 154.728 504.288 37.227 0.353 0.198 0.492 0.108
8 8 5 150.674 476.711 37.531 0.241 0.342 0.636 -3.115
8 10 5 149.1 486.66 37.487 0.196 0.179 0.578 -3.115
8 17 1 158.269 483.876 37.453 0.116 0.224 0.583 -3.12
8 19 5 159.54 476.165 37.567 0.295 0.266 0.715 -3.12
8 20 1 153.788 453.99 38.137 3.702 1.785 1.505 0.073
8 23 5 156.017 497.066 37.32 0.234 0.262 0.424 -3.12
8 29 5 157.808 486.802 37.406 0.368 0.187 0.571 -3.12
8 31 5 155.552 500.146 37.355 0.239 0.286 0.68 -3.12
8 36 5 156.679 493.607 37.575 1.698 0.222 1.006 -3.12
8 38 5 152.135 468.086 37.893 0.169 0.21 0.246 -3.115
8 39 5 149.573 483.833 37.46 0.239 0.358 0.608 -3.115
8 65 5 150.729 502.485 37.296 0.235 0.36 0.468 0.108
8 70 1 152.681 465.233 37.674 0.316 0.279 0.666 3.137
8 78 5 154.883 448.775 38.236 3.936 1.633 1.616 0.069
8 79 5 160.929 466.424 37.673 0.412 0.365 0.708 -3.12
8 80 5 152.808 463.924 37.678 0.295 0.335 0.675 3.137
8 95 1 159.055 463.821 38.173 4.047 2.028 1.653 3.133
8 98 1 148.491 490.105 37.409 0.257 0.139 0.663 -3.115
8 103 5 153.394 459.754 37.865 1.673 0.209 1.029 0.019
8 105 5 153.244 461.045 37.677 0.346 0.317 0.655 0.019
8 115 1 168.362 425.134 37.867 3.576 1.089 0.815 -3.135
8 121 5 150.095 480.104 37.53 0.267 0.27 0.65 -3.115
8 122 4 165.854 425.063 38.182 1.68 0.678 1.058 -3.103
9 1 1 157.23 489.688 37.338 0.264 0.246 0.474 0.025
9 3 5 154.715 504.307 37.277 0.147 0.131 0.504 0.083
9 8 5 150.648 476.694 37.516 0.225 0.314 0.6 3.125
9 10 5 149.031 486.6 37.359 0.126 0.208 0.426 -3.111
9 17 1 158.182 483.909 37.467 0.094 0.173 0.488 0.025
9 20 1 153.713 453.949 38.164 3.865 1.826 1.47 0.07
9 23 5 155.995 497.11 37.245 0.153 0.263 0.435 0.083
9 29 5 157.783 486.736 37.441 0.12 0.232 0.405 0.025
9 31 5 155.523 500.138 37.299 0.107 0.224 0.442 0.083
9 36 5 156.718 493.714 37.562 1.865 0.361 1.028 -3.116
9 38 5 152.034 468.001 37.668 0.435 0.382 0.682 3.11
9 39 5 149.444 483.777 37.453 0.19 0.209 0.64 -3.111
9 70 1 152.614 465.154 37.842 0.206 0.375 0.345 -3.14
9 78 5 154.86 448.82 38.267 4.154 1.777 1.668 0.052
9 79 5 160.864 466.355 37.658 0.414 0.328 0.654 0.025
9 80 5 152.793 463.844 37.946 0.144 0.157 0.118 -3.12
9 95 1 158.077 469.466 38.1 3.907 1.913 1.551 -3.129
9 98 1 148.45 490.124 37.37 0.222 0.232 0.538 -3.111
9 103 5 153.317 459.729 37.886 1.774 0.362 0.995 3.103
9 105 5 153.225 460.959 37.694 0.357 0.39 0.646 3.103
9 115 1 168.555 425.194 38.07 3.445 1.573 1.035 -3.093
9 121 5 150.063 480.084 37.497 0.312 0.33 0.561 3.125
9 122 4 164.85 429.259 38.327 1.344 0.839 1.417 3.109
10 8 5 150.562 476.653 37.533 0.232 0.256 0.61 -0.252
10 10 5 149.034 486.624 37.38 0.186 0.149 0.443 3.053
10 20 1 153.724 453.801 38.185 3.92 1.834 1.493 0.082
10 38 5 152.004 467.929 37.642 0.361 0.368 0.752 0.314
10 39 5 149.405 483.815 37.472 0.225 0.237 0.553 -2.922
10 70 1 152.556 465.096 37.697 0.282 0.284 0.649 -3.122
10 78 5 154.761 448.792 38.271 4.215 1.645 1.633 0.065
10 79 5 160.845 466.346 37.679 0.48 0.335 0.716 0.266
10 80 5 152.727 463.788 37.701 0.363 0.349 0.721 3.031
10 95 1 157.174 474.754 38.035 3.854 1.868 1.597 -3.091
10 98 1 148.429 490.115 37.303 0.189 0.19 0.453 -3.137
10 103 5 153.317 459.759 37.935 1.701 0.406 1.017 -3.14
10 105 5 153.21 460.887 37.733 0.419 0.407 0.624 2.825
10 115 1 168.571 425.07 38.167 3.708 1.93 1.266 3.108
10 121 5 150.037 480.025 37.553 0.284 0.165 0.601 -0.119
10 122 4 164.008 433.761 38.295 1.832 0.8 1.368 3.108
11 8 5 150.52 476.711 37.494 0.361 0.314 0.506 -0
11 20 1 153.712 453.538 38.194 4.31 1.953 1.47 0.072
11 38 5 151.946 467.987 37.672 0.379 0.331 0.664 -0
11 39 5 149.362 483.826 37.385 0.252 0.226 0.483 0.016
11 70 1 152.544 465.091 37.671 0.322 0.293 0.699 -0.017
11 78 5 154.694 448.742 38.303 4.198 1.992 1.645 0.056
11 79 5 160.871 466.338 37.636 0.361 0.313 0.66 -3.122
11 80 5 152.711 463.739 37.713 0.339 0.256 0.632 -0.017
11 95 1 156.261 480.006 38.009 3.793 1.961 1.536 -3.122
11 98 1 148.4 490.097 37.432 0.261 0.217 0.562 0.016
11 103 5 153.292 459.69 37.914 1.746 0.248 1.081 0.012
11 105 5 153.125 460.83 37.705 0.519 0.347 0.694 0.012
11 115 1 168.531 425.006 38.336 3.99 1.778 1.25 -3.128
11 121 5 149.987 480.059 37.562 0.366 0.254 0.566 0.02
11 122 4 163.306 438.202 38.328 2.003 0.793 1.606 3.015
11 142 1 169.779 413.588 38.08 3.513 0.53 0.675 -3.121
12 8 5 150.477 476.702 37.541 0.165 0.218 0.385 -3.131
12 20 1 153.763 453.378 38.182 4.049 1.705 1.485 0.077
12 38 5 151.881 467.935 37.568 0.274 0.412 0.559 -1.49
12 39 5 149.351 483.864 37.418 0.161 0.234 0.222 -2.727
12 70 1 152.476 465.086 37.674 0.22 0.25 0.597 -3.051
12 78 5 154.699 448.374 38.253 4.529 1.866 1.532 0.049
12 79 5 160.792 466.302 37.633 0.229 0.345 0.628 -0.764
12 80 5 152.71 463.752 37.67 0.223 0.122 0.669 3.114
12 95 1 155.518 485.02 37.818 3.362 2.016 1.252 -3.094
12 103 5 153.222 459.972 37.887 2.063 0.291 1.038 -3.131
12 115 1 168.538 424.901 38.283 4.236 1.69 1.363 -3.118
12 121 5 149.978 480.061 37.512 0.112 0.207 0.453 -2.001
12 122 4 162.663 442.647 38.282 2.208 0.768 1.509 3.138
12 142 1 169.744 413.625 38.037 3.787 0.495 0.692 -3.132
13 20 1 153.721 453.379 38.177 3.957 1.818 1.51 0.077
13 38 5 151.891 467.955 37.57 0.309 0.27 0.56 0.056
13 39 5 149.373 483.861 37.444 0.114 0.258 0.245 -2.998
13 70 1 152.483 465.057 37.643 0.248 0.177 0.451 0.056
13 78 5 154.757 448.193 38.299 4.242 2.027 1.646 0.068
13 95 1 154.803 488.893 37.928 0.919 1.881 1.265 -0.004
13 103 5 153.245 460.002 37.874 2.103 0.375 1.023 0.024
13 115 1 168.484 424.932 38.351 4.128 1.847 1.513 -3.126
13 122 4 161.854 447.877 38.275 2.141 0.844 1.633 -3.098
13 142 1 169.596 413.368 38.17 4.284 0.555 1.101 3.119
13 146 1 164.416 390.231 38.246 3.889 0.494 0.881 0.116
14 20 1 153.842 453.479 38.225 3.925 1.46 1.461 0.055
14 38 5 151.91 467.898 37.71 0.105 0.179 0.228 0.081
14 70 1 152.438 465.102 37.687 0.368 0.25 0.564 0.018
14 78 5 154.711 448.278 38.331 4.491 2.006 1.665 0.045
14 95 1 154.041 493.769 37.955 0.933 1.676 1.145 3.142
14 103 5 153.229 459.839 37.891 2.257 0.269 1.031 0.037
14 115 1 168.569 424.826 38.393 4.35 1.94 1.488 -3.112
14 122 4 161.11 452.386 38.263 1.973 0.739 1.626 -3.131
14 142 1 170.145 413.701 38.436 4.137 1.412 1.459 -3.136
14 146 1 164.235 390.361 38.364 3.691 0.559 0.829 0.078
15 20 1 153.943 453.372 38.178 3.551 1.207 1.451 0.027
15 38 5 151.802 467.914 37.722 0.273 0.189 0.517 -3.14
15 78 5 154.784 448.156 38.295 3.843 1.761 1.563 0.03
15 103 5 153.298 459.277 37.865 2.113 0.427 1.034 3.109
15 115 1 168.472 424.615 38.405 4.749 1.804 1.47 -3.099
15 122 4 160.193 457.008 38.235 1.902 0.644 1.522 -3.041
15 142 1 170.24 413.693 38.486 4.222 1.691 1.481 3.124
15 146 1 163.933 390.23 38.515 3.88 1.362 1.416 0.068
16 20 1 153.975 452.925 38.176 2.457 1.293 1.338 -0.067
16 78 5 154.727 448.072 38.298 3.695 1.587 1.627 0.023
16 103 5 153.3 458.918 37.9 1.51 0.622 0.722 -0.074
16 115 1 168.475 424.534 38.442 4.666 1.99 1.454 -3.111
16 122 4 159.345 461.398 38.002 1.248 0.549 1.338 -3.102
16 142 1 170.247 413.334 38.456 5.248 1.799 1.504 -3.112
16 146 1 163.796 390.116 38.566 4.02 1.507 1.363 0.06
16 154 5 163.323 394.489 38.142 0.56 0.153 0.455 0.085
17 20 1 154.017 452.72 38.154 2.021 0.995 1.411 0.062
17 78 5 154.715 448.074 38.196 3.552 1.632 1.596 0.062
17 103 5 153.17 459.509 37.821 1.87 0.351 0.971 -0.009
17 115 1 168.466 424.52 38.411 4.465 2.042 1.494 -3.134
17 122 4 158.458 466.195 38.044 1.3 0.568 1.087 3.14
17 142 1 170.139 413.532 38.455 4.781 1.817 1.475 3.142
17 146 1 163.94 390.19 38.592 4.01 0.936 1.504 0.122
17 154 5 163.305 395.07 38.342 1.9 0.584 1.061 0.076
18 20 1 154.237 452.656 38.1 1.719 0.507 1.311 -0.007
18 78 5 154.847 448.058 38.297 3.385 1.26 1.562 -0.007
18 103 5 153.264 458.536 37.831 3.415 0.298 0.975 -3.121
18 115 1 168.447 424.324 38.381 4.289 1.945 1.502 -3.111
18 122 4 157.651 471.003 37.868 1.527 0.523 1.065 -3.122
18 142 1 170.095 413.424 38.459 4.806 1.772 1.519 -3.141
18 146 1 163.643 390.111 38.529 4.006 1.513 1.356 0.109
18 154 5 162.731 395.523 38.557 3.092 0.672 1.506 0.125
19 20 1 154.4 452.578 38.024 1.369 0.11 0.918 -0.001
19 78 5 155.096 448.104 38.091 3.337 0.671 1.019 0.036
19 103 5 153.469 457.585 37.667 1.547 0.15 0.41 -0.011
19 115 1 168.433 424.298 38.381 4.108 1.884 1.465 -3.117
19 142 1 170.099 413.239 38.473 4.936 1.848 1.498 3.13
19 146 1 163.521 390.082 38.583 4.036 1.712 1.445 0.101
19 154 5 162.806 395.738 38.446 3.338 0.723 1.292 -0.008
20 78 5 154.748 447.945 38.378 3.079 1.212 1.416 0.019
20 115 1 168.365 424.232 38.394 4.055 1.751 1.45 -3.119
20 142 1 170.062 413.185 38.487 4.741 1.856 1.495 3.141
20 146 1 163.523 390.039 38.56 4.217 1.648 1.383 0.099
20 154 5 162.27 395.62 38.59 3.492 1.421 1.475 0.106
21 78 5 155.05 448.118 38.034 3.217 0.351 0.902 0.028
21 115 1 168.406 424.244 38.376 4.066 1.843 1.474 -3.103
21 142 1 170.077 413.064 38.489 4.493 1.782 1.488 3.142
21 146 1 163.444 389.939 38.62 4.395 1.881 1.413 0.096
21 154 5 162.127 395.797 38.618 3.99 1.605 1.478 0.109
22 78 5 155.411 447.204 37.958 1.555 0.34 1.059 -0.032
22 115 1 168.277 424.234 38.378 4.049 1.681 1.44 -3.096
22 142 1 170.065 412.981 38.492 4.458 1.688 1.482 -3.128
22 146 1 163.39 389.99 38.714 4.272 1.877 1.6 0.086
22 154 5 162.053 395.84 38.618 4.267 1.727 1.459 0.107
23 78 5 155.425 446.673 37.922 0.374 0.214 0.517 -0.086
23 115 1 168.236 424.245 38.339 4.043 1.578 1.536 -3.113
23 142 1 170.074 412.99 38.477 4.451 1.604 1.445 3.14
23 146 1 163.39 389.992 38.605 4.29 1.926 1.397 0.087
23 154 5 162.051 395.879 38.634 4.234 1.663 1.552 0.11
24 115 1 168.257 424.284 38.379 4.007 1.701 1.439 -3.13
24 142 1 170.05 412.99 38.476 4.388 1.63 1.49 3.133
24 146 1 163.402 390.06 38.667 4.206 1.796 1.451 0.081
24 154 5 161.983 395.834 38.633 4.302 1.86 1.497 0.088
25 115 1 168.207 424.266 38.355 3.996 1.666 1.397 3.104
25 142 1 170.033 412.963 38.467 4.416 1.554 1.442 3.088
25 146 1 163.371 390.052 38.656 4.334 1.864 1.475 0.043
25 154 5 161.967 395.806 38.643 4.309 1.864 1.502 0.035
26 115 1 168.162 424.274 38.342 3.935 1.527 1.369 3.049
26 142 1 170.015 412.947 38.49 4.258 1.596 1.504 3.021
26 146 1 163.367 390.006 38.725 4.193 1.827 1.518 -0.028
26 154 5 162.092 395.714 38.666 4.488 1.827 1.505 -0.018
27 115 1 168.006 424.254 38.398 3.995 1.276 1.413 3.01
27 142 1 169.856 412.939 38.473 4.23 1.336 1.444 2.988
27 146 1 163.328 389.974 38.694 4.5 1.955 1.444 -0.081
27 154 5 162.105 395.659 38.658 4.788 1.88 1.479 -0.057
27 165 1 169.127 362.17 39.193 2.497 0.672 0.624 -0.172
28 115 1 168.092 424.272 38.385 3.83 1.37 1.305 2.942
28 142 1 169.741 412.822 38.452 4.263 1.043 1.436 2.908
28 146 1 163.363 389.828 38.668 4.564 1.963 1.487 -0.141
28 154 5 162.097 395.595 38.648 4.708 1.866 1.521 -0.131
28 165 1 168.989 362.196 39.07 2.488 0.616 0.46 -0.239
28 167 5 228.841 389.606 38.278 3.669 1.351 0.456 -1.756
29 115 1 167.808 424.271 38.229 3.876 0.856 1.263 2.881
29 142 1 169.652 412.888 38.455 4.164 0.889 1.449 2.848
29 146 1 163.373 389.822 38.676 4.508 1.916 1.441 -0.202
29 154 5 162.103 395.456 38.664 4.509 1.719 1.498 -0.18
29 165 1 168.655 361.957 39.006 3.068 1.379 0.881 -0.255
29 167 5 222.919 388.309 38.48 3.711 1.658 1.341 -1.869
30 115 1 168.037 424.364 38.347 3.814 1.498 1.51 2.882
30 142 1 169.508 412.839 38.487 4.094 0.705 1.438 2.795
30 146 1 163.367 389.686 38.691 4.452 1.955 1.458 -0.245
30 154 5 162.123 395.373 38.659 4.4 1.716 1.503 -0.23
30 165 1 168.69 361.795 38.878 3.5 1.528 1.366 -0.358
30 167 5 217.248 387.104 38.477 3.55 1.473 1.328 -1.871
31 115 1 167.767 424.136 38.357 3.479 1.08 1.347 2.744
31 142 1 169.457 412.332 38.443 2.96 0.503 1.393 2.75
31 146 1 163.293 389.677 38.773 4.448 2.062 1.642 -0.265
31 154 5 162.123 395.291 38.656 4.31 1.695 1.494 -0.244
31 165 1 168.669 361.725 38.812 3.784 1.502 1.418 -0.31
31 167 5 212.232 386.085 38.724 4.364 1.597 1.616 -1.891
32 115 1 167.775 423.405 38.316 0.741 0.65 1.409 2.811
32 142 1 169.351 412.566 38.377 3.61 0.477 1.389 2.909
32 146 1 163.345 389.636 38.675 4.471 1.946 1.471 -0.233
32 154 5 162.075 395.35 38.625 4.463 1.76 1.449 -0.233
32 165 1 168.659 361.526 38.82 4.238 1.705 1.497 -0.315
32 167 5 207.145 385.077 38.69 4.049 1.642 1.812 -1.828
33 115 1 167.756 424.614 38.384 2.155 1.114 1.372 2.853
33 142 1 169.373 412.062 38.331 2.221 0.26 1.07 2.926
33 146 1 163.387 389.546 38.663 4.405 1.911 1.44 -0.157
33 154 5 162.102 395.195 38.606 4.206 1.74 1.518 -0.148
33 165 1 168.633 361.776 38.807 3.8 1.488 1.477 -0.211
33 167 5 202.796 384.141 38.737 4.294 1.659 1.709 -1.75
33 172 3 165.769 380.071 38.847 0.732 0.957 1.671 2.56
34 142 1 169.39 411.652 38.243 1.181 0.213 0.944 3.047
34 146 1 163.358 389.541 38.656 4.447 1.846 1.469 -0.011
34 154 5 162.026 395.195 38.603 4.192 1.7 1.494 -0.011
34 165 1 168.624 361.728 38.824 3.864 1.609 1.48 -0.103
34 167 5 198.763 383.292 38.764 4.36 1.787 1.71 -1.616
34 172 3 165.506 380.326 39.433 0.471 0.572 0.555 -2.132
35 142 1 169.363 411.752 37.991 1.296 0.24 0.341 -3.062
35 146 1 163.23 389.605 38.641 4.641 2.045 1.455 0.133
35 154 5 162.015 395.177 38.619 4.173 1.715 1.519 0.164
35 165 1 168.563 361.734 38.831 3.836 1.57 1.518 0.085
35 167 5 195.079 382.498 38.804 4.361 1.921 1.799 -1.475
35 172 3 165.054 380.183 39.454 0.524 0.546 0.476 -1.327
36 142 1 169.137 412.74 38.132 3.587 0.188 0.851 -2.931
36 146 1 163.263 389.837 38.616 3.912 1.731 1.437 0.248
36 154 5 161.966 395.174 38.614 4.147 1.809 1.486 0.261
36 165 1 168.446 361.742 38.826 3.868 1.764 1.494 0.222
36 167 5 191.737 381.785 38.802 4.358 1.758 1.705 -1.356
36 172 3 164.657 379.994 39.423 0.381 0.354 0.512 -1.326
37 142 1 169.377 411.541 38.156 1.389 0.141 0.771 -2.802
37 146 1 163.3 389.988 39.074 3.015 1.57 0.609 0.33
37 154 5 161.962 395.498 38.835 3.669 1.635 0.869 0.287
37 165 1 168.435 361.654 38.837 4.112 1.741 1.501 0.279
37 167 5 188.736 381.214 38.768 4.345 1.768 1.656 -1.322
37 172 3 164.355 379.36 39.349 0.234 0.32 0.357 -2.5
38 142 1 169.406 411.477 38.178 1.074 0.264 1.01 -2.843
38 146 1 163.396 390.043 39.057 2.378 1.351 0.509 0.251
38 165 1 168.372 361.715 38.848 4.003 1.854 1.568 0.257
38 167 5 186.081 380.873 38.792 4.413 1.726 1.707 -1.394
38 172 3 163.768 378.955 38.838 0.752 0.422 1.635 -1.231
39 142 1 169.433 411.484 38.287 1.503 0.261 0.543 -2.878
39 146 1 163.479 390.263 39.052 2.568 0.788 0.368 0.249
39 165 1 168.341 361.655 38.846 3.927 1.926 1.489 0.255
39 167 5 183.527 380.93 38.805 4.27 1.715 1.705 -1.538
39 172 3 163.256 378.777 38.793 0.863 0.611 1.643 -1.475
39 176 5 185.601 373.624 38.221 0.294 0.288 0.471 0
40 142 1 169.389 411.457 38.035 1.168 0.298 0.865 0.192
40 165 1 168.294 361.6 38.849 4.101 2.261 1.517 0.202
40 167 5 181.12 381.379 38.796 4.246 1.81 1.721 -1.771
40 176 5 185.564 373.67 38.256 0.422 0.301 0.492 0
41 165 1 168.428 361.545 38.862 4.455 1.782 1.5 0.18
41 167 5 178.972 382.316 38.842 4.197 1.728 1.721 -1.982
41 176 5 185.569 373.636 38.259 0.391 0.234 0.47 -2.623
42 165 1 168.486 361.426 38.847 4.352 1.651 1.478 0.107
42 167 5 176.809 383.585 38.761 4.1 1.599 1.7 -2.226
42 176 5 185.509 373.658 38.222 0.207 0.331 0.474 1.923
43 165 1 168.426 361.207 38.807 4.114 1.906 1.484 0.077
43 167 5 174.714 385.411 38.717 4.13 1.663 1.635 -2.451
43 176 5 185.524 373.706 38.191 0.34 0.306 0.492 1.654
43 185 1 183.227 297.56 38.632 3.969 1.843 0.928 2.968
44 165 1 168.368 361.202 38.818 4.055 1.908 1.481 0.032
44 167 5 172.955 387.658 38.701 3.994 1.71 1.636 -2.658
44 176 5 185.49 373.717 38.23 0.267 0.343 0.433 1.772
44 185 1 183.155 302.203 38.734 4.082 1.814 1.186 2.983
44 186 2 182.716 287.964 38.989 5.092 2.183 1.629 2.983
45 165 1 168.325 361.307 38.843 4.143 1.873 1.383 0.011
45 167 5 171.425 390.37 38.707 3.873 1.68 1.68 -2.801
45 185 1 182.957 307.024 38.834 3.931 1.99 1.332 3.027
45 186 2 182.872 292.203 39.166 6.28 2.164 2.245 2.962
46 165 1 168.419 361.2 38.833 4.001 1.631 1.462 -0.024
46 167 5 170.729 391.938 38.801 0.501 1.453 1.395 -3.099
46 185 1 182.549 311.796 38.847 4.162 1.834 1.456 3.079
46 186 2 182.989 296.849 39.342 6.934 2.233 2.656 2.994
47 165 1 168.355 360.792 38.796 3.075 1.847 1.391 0.015
47 185 1 182.159 316.38 38.948 4.129 2.032 1.442 3.112
47 186 2 182.908 301.805 39.502 7.088 2.372 2.592 3.03
47 188 2 181.633 273.881 39.456 7.739 2.469 2.807 2.853
48 165 1 168.416 360.529 38.891 2.37 1.732 1.445 0.003
48 185 1 181.586 320.743 39.007 4.289 2.078 1.451 -3.139
48 186 2 182.688 306.771 39.521 6.782 2.45 2.659 3.052
48 188 2 182.407 278.98 39.391 7.746 2.473 2.859 2.876
49 165 1 168.415 360.05 38.609 1.224 1.462 0.951 -3.128
49 185 1 181.047 324.656 39.044 4.349 2.031 1.413 -3.091
49 186 2 182.369 311.416 39.495 7.176 2.465 2.595 3.092
49 188 2 182.949 284.141 39.539 7.698 2.497 3.051 2.904
50 165 1 168.401 359.721 38.422 0.965 1.594 0.634 0.058
50 185 1 180.26 328.615 39.04 4.264 1.93 1.458 -3.099
50 186 2 181.967 315.979 39.414 6.949 2.417 2.302 3.125
50 188 2 183.281 289.152 39.559 7.966 2.53 2.892 2.933
51 165 1 168.448 359.551 38.616 0.502 1.274 0.546 0.093
51 185 1 179.576 332.864 39.016 4.197 1.862 1.41 -3.057
51 186 2 181.278 319.972 39.472 6.922 2.213 2.321 -3.085
51 188 2 183.488 294.187 39.584 7.99 2.656 2.768 2.996
51 190 1 180.28 265.41 38.783 4.225 1.746 1.491 2.831
52 165 1 168.233 359.7 38.514 0.415 1.266 0.676 0
52 185 1 178.469 336.992 38.993 4.114 1.194 1.436 -3.034
52 186 2 180.629 324.169 39.578 6.834 2.127 2.545 -3.048
52 188 2 183.572 299.133 39.498 8.061 2.748 2.511 3.059
52 190 1 181.152 270.552 38.839 4.306 1.722 1.623 2.909
53 165 1 168.163 359.512 38.69 0.514 1.322 0.331 0.115
53 185 1 177.481 340.794 38.834 3.576 0.432 1.248 -3.001
53 186 2 179.892 328.412 39.561 6.834 2.172 2.677 -3.025
53 188 2 183.419 303.741 39.379 7.821 2.567 2.244 3.124
53 190 1 182.013 275.976 38.925 4.306 1.729 1.552 2.962
54 185 1 176.711 344.88 38.76 3.651 0.392 1.199 -2.978
54 186 2 179.129 332.502 39.555 6.697 2.11 2.518 -2.99
54 188 2 183.144 308.348 39.537 8.006 2.619 2.486 -3.103
54 190 1 182.574 281.078 39.024 4.487 1.91 1.718 3.003
55 185 1 176.249 347.73 38.713 1.303 0.308 0.315 -3.034
55 186 2 178.063 337.923 39.489 9.259 2.095 2.352 -2.938
55 188 2 182.554 313.135 39.658 7.926 2.412 2.691 -3.03
55 190 1 182.983 285.683 39.076 5.464 1.893 1.728 3.073
56 186 2 177.676 340.299 39.501 5.675 2.004 2.597 -2.928
56 188 2 181.932 317.762 39.793 7.868 2.437 2.979 -2.981
56 190 1 183.244 290.591 39.13 4.327 2.012 1.765 3.137
57 186 2 177.204 342.876 39.54 2.848 1.969 2.573 -2.88
57 188 2 181.155 322.188 39.725 7.895 2.339 2.827 -2.899
57 190 1 183.458 295.38 39.145 4.323 1.979 1.745 -3.074
58 188 2 180.416 326.007 39.645 6.911 2.337 2.617 -2.83
58 190 1 183.193 300.331 39.13 4.258 1.751 1.697 -2.94
59 188 2 179.923 328.876 39.884 4.355 2.303 2.339 -2.825
59 190 1 183.038 305.299 39.072 4.283 1.873 1.605 -2.942
60 190 1 182.618 310.097 38.976 4.169 1.758 1.59 -2.848
61 190 1 182.081 313.532 39.13 1.349 1.702 1.608 -2.955
62 191 1 141.892 192.445 38.387 0.801 1.486 0.531 2.879
63 191 1 144.785 196.095 38.65 3.724 1.549 1.297 2.861
64 191 1 148.615 200.91 38.682 3.931 1.742 1.284 2.9
65 191 1 152.408 205.693 38.635 4.048 1.792 1.4 2.959
66 191 1 155.891 210.393 38.756 4.395 1.862 1.489 3.037
67 191 1 159.108 215.105 38.771 4.305 1.851 1.46 3.104
68 191 1 161.946 219.714 38.732 4.208 1.864 1.498 -3.087
69 191 1 164.762 225.039 38.695 4.069 1.91 1.395 -3.013
70 191 1 167.509 230.46 38.594 4.02 1.71 1.094 -2.946
71 191 1 169.969 235.894 38.387 3.762 1.838 0.799 -2.902
72 191 1 171.677 240.076 38.846 0.404 1.463 0.375 -2.878
73 193 3 139.648 172.607 38.595 0.142 0.158 0.667 -1.505
74 193 3 139.581 172.604 38.67 0.236 0.269 0.606 -1.385
75 193 3 139.549 172.629 38.644 0.247 0.304 0.679 -1.385
76 193 3 139.569 172.635 38.666 0.318 0.33 0.628 -1.385
77 193 3 139.494 172.647 38.647 0.205 0.253 0.531 -1.385
78 193 3 139.494 172.682 38.679 0.27 0.245 0.604 -1.385
79 193 3 139.438 172.684 38.576 0.111 0.268 0.454 3.013
80 193 3 139.424 172.682 38.587 0.138 0.307 0.622 -0.112
81 195 3 95.569 104.383 38.758 0.75 0.701 1.329 -1.538
82 195 3 95.664 104.244 38.863 0.646 0.573 1.267 0.159
83 195 3 95.594 104.268 38.825 0.477 0.815 1.256 0.146
84 195 3 95.748 104.209 38.875 0.553 0.594 1.037 -1.539
85 195 3 95.583 103.951 38.859 0.797 0.617 1.374 -1.338
86 195 3 95.594 103.961 38.951 0.642 0.729 1.369 -0.077
87 195 3 95.442 103.765 38.915 0.843 0.928 1.505 -0.031
88 195 3 95.436 103.827 38.976 0.609 0.706 1.418 0.036
89 195 3 95.27 103.686 38.962 1.017 0.635 1.436 -0.953
90 196 1 90.407 41.376 38.844 4.371 1.256 1.222 -2.161
90 197 3 95.248 103.458 39.014 1.131 0.724 1.419 -1.557
91 196 1 88.099 43.319 38.747 4.297 1.217 1.616 -2.06
91 197 3 95.364 103.434 38.988 0.959 0.626 1.442 -1.598
92 196 1 85.518 44.974 38.389 4.395 0.427 0.884 -1.888
92 197 3 95.292 103.408 38.954 0.743 0.964 1.403 0.054
92 199 3 129.442 58.086 39.298 0.304 0.614 1.237 0.491
93 196 1 82.495 45.579 38.709 4.291 0.817 1.453 -1.659
93 197 3 95.213 103.354 38.996 1.026 0.612 1.386 -1.517
93 199 3 129.141 58.553 39.397 0.382 0.399 1.344 -2.554
94 196 1 79.403 45.511 38.771 4.326 1.38 1.534 -1.47
94 197 3 95.113 103.4 38.931 0.55 0.708 1.338 -0.064
94 199 3 128.733 58.716 39.163 0.352 0.566 1.488 1.227
94 202 4 64.84 33.748 38.757 1.098 0.414 0.673 2.022
95 196 1 76.206 44.994 38.803 4.225 1.795 1.65 -1.308
95 197 3 94.942 103.321 38.982 0.505 0.856 1.313 -0.134
95 199 3 128.624 59.01 39.293 0.88 0.786 1.457 1.292
95 202 4 66.709 33.984 38.819 1.222 0.553 1.036 1.926
95 205 3 137.931 53.95 39.148 0.329 0.525 1.565 0.773
96 196 1 72.905 44.359 38.806 4.165 1.717 1.511 -1.268
96 197 3 94.972 103.1 38.953 0.47 0.777 1.408 0.086
96 199 3 128.08 59.207 39.331 0.677 0.586 1.614 1.179
96 202 4 69.385 34.703 38.835 1.178 0.548 1.014 1.842
96 205 3 138.255 54.001 39.31 0.282 0.458 1.501 1.613
97 196 1 69.417 43.561 38.795 4.148 1.773 1.576 -1.226
97 197 3 95.011 103.174 38.987 0.506 0.609 1.408 -0.06
97 199 3 127.758 59.469 39.349 0.542 0.653 1.441 -0.001
97 202 4 71.373 35.108 38.606 1.809 0.678 1.347 1.878
97 205 3 138.595 54.096 39.431 0.544 0.392 1.051 -0.001
98 196 1 65.824 42.799 38.483 4.02 1.649 1.024 -1.233
98 197 3 95.018 103.183 38.979 0.632 0.596 1.34 -1.853
98 199 3 127.279 59.778 39.168 0.306 0.575 1.502 1.442
98 202 4 73.782 35.534 38.547 1.687 0.633 1.27 1.853
98 205 3 138.765 54.361 39.488 0.326 0.547 1.218 1.574
98 208 1 81.128 43.404 38.32 0.194 0.309 0.404 -1.156
98 210 4 82.177 36.129 38.171 0.17 0.275 0.416 -1.213
99 196 1 62.121 41.94 38.71 3.919 1.678 1.567 -1.155
99 197 3 94.944 102.991 39.1 0.276 0.522 1.165 0.029
99 199 3 126.91 60.053 39.476 0.53 0.377 1.026 -2.889
99 202 4 75.577 35.897 38.661 1.748 0.625 1.344 1.997
99 205 3 138.86 54.492 39.463 0.683 0.494 1.288 -2.878
99 208 1 81.076 43.419 38.243 0.168 0.285 0.38 -1.166
99 210 4 82.165 36.172 38.2 0.232 0.228 0.493 -1.11
100 196 1 58.417 41.07 38.671 4.036 1.68 1.494 -0.977
100 197 3 94.943 102.991 38.821 0.664 0.598 1.464 0.296
100 199 3 126.635 60.442 39.458 0.415 0.3 1.026 -0.084
100 202 4 77.588 36.241 38.637 1.971 0.681 1.362 2.143
100 205 3 138.726 54.495 39.453 0.597 0.243 0.682 -3.031
100 208 1 81.06 43.451 38.273 0.176 0.206 0.396 -0.966
100 210 4 82.158 36.177 38.187 0.175 0.182 0.38 -0.966
101 196 1 54.876 40.288 38.743 3.741 1.663 1.385 -0.792
101 197 3 94.807 102.885 38.92 0.312 0.706 1.239 0.437
101 199 3 126.518 60.829 39.51 0.364 0.703 0.867 1.731
101 202 4 79.499 36.489 38.742 1.842 0.671 1.491 2.424
101 208 1 81.033 43.413 38.327 0.267 0.211 0.5 1.626
101 210 4 82.13 36.217 38.239 0.248 0.279 0.502 0.34
101 218 1 98.217 64.278 38.464 0.227 0.363 0.503 0.548
102 196 1 52.286 39.651 38.461 1.464 1.639 0.977 -0.62
102 197 3 94.762 102.94 38.705 0.437 0.68 0.897 -2.529
102 199 3 126.305 60.842 39.542 0.26 0.633 0.741 2.644
102 202 4 81.434 36.697 38.779 1.684 0.702 1.512 2.517
102 208 1 81.057 43.451 38.321 0.204 0.177 0.433 0.903
102 210 4 82.104 36.194 38.318 0.182 0.213 0.491 0.903
102 218 1 98.177 64.303 38.421 0.361 0.246 0.584 -0.886
102 224 1 81.932 51.957 38.31 0.281 0.251 0.432 0.903
102 225 1 97.991 63.248 38.35 0.267 0.347 0.327 0.775
102 228 3 98.086 61.202 38.383 0.346 0.263 0.467 0.775
102 229 4 90.162 63.587 38.374 0.128 0.184 0.423 0.903
103 196 1 48.965 38.782 38.422 0.916 1.663 0.95 -0.437
103 197 3 94.789 102.951 38.654 0.486 0.643 0.967 -2.227
103 199 3 126.516 60.802 39.582 0.223 0.375 0.803 -0.883
103 202 4 83.276 36.776 38.778 1.74 0.682 1.445 2.417
103 208 1 81.007 43.455 38.358 0.288 0.246 0.449 1.09
103 210 4 82.049 36.209 38.354 0.272 0.26 0.385 2.479
103 218 1 98.169 64.332 38.456 0.378 0.198 0.448 -0.663
103 224 1 81.855 51.937 38.356 0.244 0.286 0.488 1.267
103 225 1 97.958 63.279 38.387 0.38 0.349 0.488 2.292
103 228 3 98.031 61.166 38.405 0.276 0.389 0.434 0.712
103 229 4 90.133 63.638 38.314 0.206 0.303 0.567 -2.762
104 196 1 44.978 37.99 38.556 1.698 1.626 0.716 -0.144
104 199 3 126.886 60.76 39.555 0.356 0.401 0.813 -0.904
104 202 4 85.037 36.665 38.794 1.837 0.625 1.445 2.617
104 208 1 80.976 43.451 38.542 0.217 0.229 0.165 -1.181
104 210 4 82.044 36.234 38.281 0.211 0.208 0.447 3.04
104 218 1 98.117 64.363 38.455 0.289 0.236 0.536 0.047
104 224 1 81.787 51.956 38.33 0.314 0.322 0.464 1.57
104 225 1 97.883 63.325 38.398 0.193 0.339 0.473 -0.011
104 228 3 97.991 61.203 38.39 0.156 0.275 0.279 -0.011
104 229 4 90.109 63.654 38.327 0.241 0.252 0.406 -2.009
104 230 3 86.473 29.488 38.243 0.18 0.251 0.367 -1.888
104 231 4 81.027 31.271 38.313 0.262 0.267 0.432 -1.826
104 232 4 78.797 31.631 38.316 0.238 0.306 0.483 -1.826
105 196 1 41.835 37.265 38.441 0.836 1.609 0.949 -0.055
105 199 3 127.336 60.686 39.485 0.288 0.511 0.758 0.061
105 202 4 86.713 36.381 38.804 1.692 0.652 1.534 2.727
105 208 1 80.948 43.486 38.378 0.379 0.368 0.501 2.575
105 210 4 81.983 36.248 38.342 0.424 0.418 0.46 2.287
105 218 1 98.17 64.39 38.455 0.361 0.206 0.5 -0.211
105 224 1 81.767 51.994 38.325 0.223 0.297 0.388 0.192
105 225 1 97.915 63.312 38.384 0.229 0.35 0.44 0.144
105 228 3 97.994 61.256 38.345 0.386 0.21 0.296 1.859
105 229 4 90.092 63.683 38.332 0.227 0.311 0.329 -1.912
105 230 3 86.504 29.501 38.229 0.275 0.246 0.469 -0.388
105 231 4 81.032 31.315 38.34 0.287 0.236 0.404 -0.354
105 232 4 78.774 31.68 38.33 0.3 0.202 0.452 -0.295
106 196 1 37.725 36.372 38.771 2.259 1.528 1.431 0.047
106 199 3 127.843 60.441 39.603 0.251 0.505 0.718 2.674
106 202 4 88.426 36.03 38.831 1.796 0.682 1.469 2.887
106 208 1 80.938 43.54 38.343 0.288 0.281 0.511 0.227
106 210 4 82.057 36.258 38.318 0.238 0.338 0.45 1.591
106 218 1 98.115 64.374 38.536 0.294 0.189 0.368 -0.896
106 224 1 81.702 52.01 38.336 0.351 0.267 0.519 0.124
106 225 1 97.941 63.389 38.307 0.372 0.247 0.411 -1.803
106 228 3 98.018 61.263 38.383 0.309 0.208 0.41 -1.812
106 229 4 90.1 63.741 38.318 0.269 0.288 0.393 2.834
106 230 3 86.476 29.503 38.286 0.198 0.312 0.307 -0.814
106 231 4 81.001 31.342 38.339 0.304 0.223 0.413 -0.289
106 232 4 78.759 31.694 38.275 0.292 0.226 0.512 -0.191
107 196 1 34.222 35.681 38.744 2.23 1.667 1.44 0.061
107 202 4 90 35.717 38.865 1.494 0.734 1.385 2.907
107 208 1 80.877 43.576 38.334 0.235 0.25 0.498 -1.344
107 210 4 82 36.287 38.283 0.288 0.23 0.519 0.429
107 218 1 98.113 64.395 38.393 0.326 0.216 0.532 0.092
107 224 1 81.686 52.036 38.297 0.283 0.225 0.407 0.083
107 225 1 97.914 63.384 38.366 0.33 0.238 0.304 1.442
107 228 3 98.065 61.26 38.354 0.214 0.388 0.462 -2.365
107 229 4 90.12 63.711 38.342 0.265 0.261 0.415 -0.224
107 230 3 86.455 29.538 38.243 0.2 0.299 0.376 -0.637
107 231 4 81.007 31.364 38.337 0.232 0.255 0.363 -0.262
107 232 4 78.769 31.717 38.266 0.371 0.216 0.464 -0.014
108 196 1 30.728 34.902 38.692 2.22 1.601 1.555 0.078
108 202 4 91.52 35.454 38.808 1.128 0.466 1.319 3.059
108 208 1 80.895 43.595 38.343 0.219 0.19 0.485 -1.528
108 210 4 82.009 36.32 38.306 0.281 0.225 0.509 0.088
108 218 1 98.129 64.511 38.38 0.167 0.309 0.539 0.059
108 224 1 81.65 52.048 38.297 0.232 0.147 0.342 -2.969
108 225 1 97.893 63.415 38.309 0.37 0.269 0.321 1.5
108 228 3 97.995 61.338 38.402 0.171 0.252 0.258 -3.138
108 230 3 86.395 29.581 38.253 0.304 0.134 0.334 0.924
108 231 4 80.997 31.427 38.301 0.246 0.228 0.342 -0.11
108 232 4 78.734 31.725 38.294 0.27 0.208 0.422 0.048
109 196 1 26.974 34.149 38.409 3.016 1.655 0.815 0.054
109 202 4 93.41 35.226 38.704 1.374 0.582 1.305 3.031
109 208 1 80.921 43.663 38.317 0.3 0.19 0.336 -0.121
109 210 4 81.957 36.356 38.341 0.238 0.219 0.425 1.575
109 224 1 81.536 52.108 38.305 0.366 0.245 0.454 -3.007
109 228 3 97.976 61.359 38.318 0.427 0.174 0.314 -1.223
109 231 4 80.997 31.389 38.283 0.264 0.264 0.338 3.142
109 232 4 78.737 31.781 38.269 0.25 0.252 0.444 -3.001
109 234 2 0 24.058 39.341 8.951 2.897 2.381 -3.089
110 196 1 24.041 33.54 38.602 2.046 1.726 1.413 0.079
110 202 4 94.782 34.917 38.877 0.99 0.6 1.307 2.764
110 210 4 81.926 36.355 38.263 0.254 0.312 0.298 2.717
110 234 2 5.022 25.119 39.394 6.63 3.178 3.684 -3.078
111 196 1 20.047 32.683 38.477 3.497 1.964 1.008 0.043
111 202 4 96.438 34.558 38.884 0.847 0.628 1.294 -3.117
111 210 4 81.949 36.375 38.301 0.22 0.258 0.474 -1.294
111 234 2 7.781 25.99 39.562 9.018 2.764 3.181 -3.099
112 196 1 17.424 32.239 38.595 2.153 1.782 1.443 0.049
112 202 4 97.938 34.196 38.796 0.967 0.653 1.095 -0
112 234 2 11.826 26.864 39.703 9.036 2.955 3.285 -3.101
