0 10 2 60.21 51.169 38.689 6.324 2.653 2.345 1.925
0 11 2 53.907 71.995 38.889 3.838 0.888 2.696 -3.08
0 19 1 63.46 71.592 38.156 3.635 1.94 1.429 -3.065
0 24 1 72.112 23.737 38.057 3.648 1.782 1.149 -2.917
0 38 2 57.611 71.198 38.761 2.466 2.244 2.753 0.076
0 43 2 63.303 42.614 38.8 0.635 1.664 2.394 1.575
0 44 2 69.747 77.987 38.83 3.762 0.873 2.883 -2.957
1 10 2 61.79 51.814 38.658 2.763 2.288 2.409 1.883
1 11 2 53.301 71.404 38.872 3.835 2.283 2.677 -3.078
1 19 1 63.731 69.575 38.145 3.977 1.794 1.366 -3.036
1 24 1 72.43 22.181 37.952 1.233 1.833 0.924 -3.023
1 38 2 57.641 71.023 38.72 2.095 2.242 2.68 0.083
1 43 2 63.431 42.312 38.857 0.474 1.393 2.402 1.662
1 44 2 69.632 77.795 38.767 3.633 0.815 2.77 -2.939
1 50 2 45.353 75.286 39.812 2.365 0.436 1.468 -3.042
2 10 2 62.097 51.978 38.753 2.072 2.27 2.298 1.871
2 11 2 53.427 70.833 38.839 2.548 2.207 2.53 -3.089
2 19 1 63.993 67.666 38.165 4.186 1.974 1.423 -3.088
2 24 1 73.035 19.535 37.883 1.219 1.731 0.808 -3.112
2 38 2 57.681 70.854 38.712 2.029 2.406 2.514 0.017
2 43 2 63.414 42.246 38.882 0.675 1.419 2.595 1.541
2 44 2 69.726 77.717 38.71 3.41 0.931 2.621 -2.998
2 50 2 45.624 73.585 39.529 2.135 0.464 1.798 0.113
2 51 2 59.443 61.651 38.605 1.659 1.791 2.344 1.615
2 54 2 55.929 62.967 38.789 1.683 1.231 2.239 1.486
3 10 2 62.582 52.158 38.838 2.331 1.024 2.215 -2.911
3 11 2 53.506 70.524 38.785 1.94 2.199 2.519 -0.01
3 19 1 63.736 66.109 38.405 2.714 0.893 0.941 3.116
3 24 1 73.529 16.648 38.053 1.512 1.57 0.769 -0.048
3 38 2 57.724 70.605 38.709 2.159 1.303 2.393 1.567
3 43 2 63.574 42.187 38.976 1.212 0.331 2.514 0
3 44 2 70.124 77.616 38.656 3.302 1.564 2.578 -3.091
3 50 2 45.44 71.96 39.196 1.613 2.02 2.336 1.374
3 51 2 59.121 61.235 38.608 2.753 2.439 2.418 -3.095
3 54 2 55.567 62.5 38.719 2.206 2.469 2.43 3.046
4 10 2 62.886 52.273 38.888 2.192 0.285 2.249 0.211
4 11 2 53.563 70.14 38.881 1.174 2.139 2.041 3.115
4 19 1 64.347 64.795 38.197 4.016 2.267 1.488 3.087
4 24 1 74.011 14.102 38.149 0.607 1.467 0.807 -3.134
4 38 2 57.728 70.488 39.223 0.852 2.231 1.078 -0.018
4 43 2 63.671 41.91 38.999 0.846 0.3 2.863 0
4 44 2 70.456 77.362 38.601 2.555 2.272 2.452 -3.063
4 50 2 46.988 69.788 39.105 1.901 1.408 1.985 -1.538
4 51 2 59.265 61.125 38.603 2.803 2.259 2.399 3.101
4 54 2 55.55 61.858 38.722 3.56 2.367 2.303 2.935
4 62 2 74.027 56.38 39.221 1.616 0.337 1.438 1.507
4 63 1 50.09 126.693 38.087 1.029 0.716 0.862 -3.126
5 10 2 63.118 51.806 39.089 0.248 1.763 1.815 1.745
5 19 1 64.811 63.121 38.188 4.135 1.692 1.449 -3.106
5 38 2 58.45 69.816 39.249 1.84 0.781 0.832 3.086
5 44 2 70.488 77.136 38.751 2.087 2.231 1.981 -3.077
5 51 2 59.356 60.643 38.63 3.82 2.115 2.411 3.113
5 54 2 55.657 61.138 38.724 5.082 2.087 2.349 2.941
5 62 2 73.599 56.03 38.708 1.296 0.993 2.521 1.581
5 63 1 50.144 127.059 38.051 1.504 0.8 0.651 3.126
5 66 1 50.81 120.671 38.138 3.935 0.344 1.556 3.087
6 10 2 63.307 51.611 39.41 0.748 0.304 1.631 -3.036
6 19 1 65.231 61.017 38.163 4.271 1.935 1.465 -3.039
6 44 2 70.757 77.396 38.737 6.568 2.05 1.691 1.635
6 51 2 59.34 60.234 38.707 4.672 2.172 2.582 3.1
6 54 2 55.851 60.946 38.816 5.439 1.725 2.471 2.929
6 62 2 73.414 55.967 38.829 1.168 1.055 2.603 1.522
6 63 1 50.059 127.093 38.288 1.938 0.887 0.815 3.074
6 66 1 50.741 120.755 38.305 4.145 0.572 1.446 3.081
6 68 1 61.762 124.951 37.828 3.338 0.413 0.693 -3.098
7 19 1 65.907 58.828 38.122 4.112 1.861 1.289 -3.038
7 51 2 59.456 59.946 38.74 5.21 2.002 2.591 3.108
7 62 2 73.412 55.365 39.307 1.028 2.168 3.227 1.554
7 63 1 49.741 128.013 38.271 4.034 1.249 1.555 3.128
7 66 1 50.392 120.634 38.392 4.259 1.157 2.005 3.043
7 68 1 61.723 125.148 37.953 3.566 0.349 1.131 -3.103
7 76 2 52.979 74.165 38.702 2.906 2.181 2.292 3.106
8 19 1 66.455 56.328 38.118 4.037 1.988 1.383 3.12
8 51 2 60.202 59.858 38.792 5.596 0.658 2.746 3.12
8 62 2 73.345 55.079 38.878 1.242 2.801 2.659 1.575
8 63 1 49.65 127.957 38.236 3.759 1.451 1.695 3.134
8 66 1 50.627 120.794 38.426 4.33 0.825 1.935 3.097
8 68 1 61.843 125.105 37.844 3.687 0.547 0.728 -3.099
8 76 2 53.061 73.486 38.735 4.347 2.208 2.35 3.109
8 79 2 69.775 81.191 38.546 2.087 2.133 2.306 -3.126
9 19 1 67 53.656 38.055 3.638 1.783 1.367 -3.103
9 51 2 60.445 58.245 38.758 5.887 0.645 2.876 3.114
9 62 2 73.189 54.763 38.967 3.387 0.92 2.643 0.046
9 63 1 49.691 128.209 38.288 3.931 1.479 1.494 3.131
9 66 1 50.667 120.824 38.365 4.466 0.733 1.839 3.069
9 68 1 62.006 125.211 38.034 3.716 0.859 1.123 -3.093
9 76 2 53.128 72.773 38.78 5.838 2.161 2.47 3.115
9 79 2 69.37 80.854 38.58 2.642 1.11 2.37 -3.12
9 83 1 49.867 109.647 37.684 0.127 0.19 0.308 -0.089
9 87 2 49.325 101.532 37.718 0.131 0.15 0.38 -0.01
10 19 1 67.626 50.705 38.072 3.195 1.799 1.113 -3.109
10 51 2 60.708 55.622 39.42 0.152 0.331 1.214 0
10 62 2 73.044 54.72 38.942 3.174 1.113 2.416 0
10 63 1 49.576 128.093 38.258 4.128 1.645 1.595 -3.124
10 66 1 50.576 120.988 38.388 4.96 0.845 1.807 3.075
10 68 1 62.212 125.14 38.178 3.655 1.503 1.436 -3.102
10 76 2 53.205 72.739 38.819 5.962 2.113 2.561 3.122
10 79 2 69.409 79.9 38.646 4.564 0.77 2.535 -3.096
10 83 1 49.921 109.62 37.784 0.246 0.179 0.44 3.074
10 87 2 49.339 101.538 37.7 0.214 0.173 0.401 3.074
10 92 2 50.029 97.815 37.759 0.249 0.215 0.447 3.074
11 19 1 68.136 48.234 38.276 1.386 1.581 0.634 -0.026
11 62 2 73.037 54.538 38.983 3.06 0.682 2.587 0.063
11 63 1 49.561 128.13 38.269 4.197 1.853 1.535 3.133
11 66 1 50.225 120.931 38.425 5.062 1.625 1.842 3.076
11 68 1 62.317 125.254 38.253 3.937 1.745 1.508 -3.092
11 76 2 53.748 72.778 38.807 6.003 1.003 2.553 3.107
11 79 2 69.394 79.216 38.681 3.695 0.423 2.628 -3.087
11 83 1 49.942 109.635 37.783 0.118 0.102 0.411 0.112
11 87 2 49.333 101.555 37.802 0.22 0.197 0.357 0.112
11 92 2 50.044 97.808 37.75 0.264 0.196 0.428 0.112
12 19 1 69.169 43.775 38.009 3.138 1.013 0.842 0.187
12 63 1 49.528 128.177 38.351 4.291 1.836 1.686 -3.112
12 66 1 50.312 120.769 38.444 4.919 1.613 1.837 3.091
12 68 1 62.4 125.215 38.247 4.056 1.737 1.458 -3.074
12 76 2 54.248 71.923 38.533 3.911 0.598 1.554 0
12 79 2 69.556 77.989 38.192 2.628 0.853 1.136 0
12 83 1 49.945 109.663 37.803 0.128 0.1 0.321 -2.976
12 87 2 49.338 101.563 37.751 0.235 0.151 0.388 -2.976
12 92 2 50.06 97.806 37.771 0.233 0.159 0.357 -2.81
13 63 1 49.448 128.262 38.4 4.528 2.064 1.662 -3.115
13 66 1 50.168 120.884 38.525 5.322 1.969 1.956 3.097
13 68 1 62.518 125.209 38.283 4.045 2.041 1.481 -3.072
13 83 1 50.008 109.666 37.815 0.179 0.221 0.384 3.054
13 87 2 49.377 101.568 37.813 0.32 0.208 0.388 3.142
13 92 2 50.077 97.825 37.809 0.306 0.259 0.385 3.142
14 63 1 49.457 128.258 38.427 4.509 2.105 1.72 -3.115
14 66 1 50.108 120.854 38.509 5.161 2.068 1.977 3.095
14 68 1 62.513 125.313 38.308 4.161 2.055 1.51 -3.072
14 83 1 49.988 109.696 37.805 0.169 0.175 0.36 -0.084
14 87 2 49.366 101.581 37.785 0.239 0.175 0.474 -0.084
14 92 2 50.095 97.851 37.762 0.159 0.215 0.341 -0.084
14 108 4 43.965 169.863 38.289 0.535 0.561 1.034 -3.119
14 110 4 51.191 172.698 38.273 1.926 1.108 1.024 0.074
15 63 1 49.444 128.331 38.452 4.625 2.146 1.735 -3.105
15 66 1 50.124 120.904 38.548 5.101 2.151 1.922 3.099
15 68 1 62.482 125.423 38.317 4.35 2.063 1.508 -3.08
15 83 1 49.991 109.721 37.909 0.208 0.154 0.314 1.745
15 87 2 49.374 101.573 37.802 0.227 0.214 0.373 1.745
15 92 2 50.115 97.838 37.777 0.166 0.178 0.381 1.745
15 108 4 44.544 167.762 38.403 0.451 0.414 1.347 3.139
15 110 4 50.73 175.741 38.241 1.417 1.281 0.687 -0.003
16 63 1 49.561 128.353 38.481 4.716 1.894 1.737 -3.097
16 66 1 50.095 121.119 38.582 5.036 2.206 1.938 3.069
16 68 1 62.385 125.51 38.37 4.471 1.935 1.52 -3.101
16 87 2 49.414 101.601 37.757 0.199 0.192 0.398 -0.033
16 108 4 45.139 165.81 38.382 0.557 0.494 1.465 -3.09
16 110 4 50.068 179.136 38.369 1.972 1.156 1.191 -0.019
17 63 1 49.508 128.499 38.492 4.865 1.958 1.768 -3.091
17 66 1 50.079 121.232 38.564 4.853 2.037 1.954 3.065
17 68 1 62.37 125.63 38.356 4.437 1.867 1.478 -3.062
17 87 2 49.418 101.621 37.688 0.125 0.125 0.339 0.001
17 108 4 45.71 163.814 38.405 0.596 0.564 1.449 -3.086
17 110 4 49.433 182.203 38.311 1.915 1.126 1.102 0.006
18 63 1 49.506 128.621 38.495 4.542 1.948 1.779 -3.119
18 66 1 50.096 121.252 38.578 4.848 1.974 1.957 3.089
18 68 1 62.401 125.724 38.358 4.414 1.829 1.527 -3.089
18 108 4 46.184 161.777 38.395 0.684 0.604 1.584 -3.12
18 110 4 48.92 185.31 38.36 1.902 1.225 0.861 0
19 63 1 49.549 128.657 38.499 4.464 1.92 1.819 -3.101
19 66 1 50.149 121.284 38.567 4.801 1.914 1.938 3.093
19 68 1 62.416 125.822 38.348 4.278 1.791 1.529 -3.083
19 108 4 46.557 159.442 38.425 1.116 0.627 1.644 -3.1
19 110 4 48.461 188.246 38.141 1.514 1.284 0.959 0.027
20 63 1 49.494 128.779 38.496 4.206 1.827 1.777 -3.089
20 66 1 50.2 121.317 38.542 4.696 1.858 1.892 3.121
20 68 1 62.216 125.929 38.339 4.13 1.318 1.506 -3.09
20 108 4 46.858 157.561 38.47 1.563 0.619 1.627 -3.09
20 110 4 47.925 191.543 38.341 1.996 1.237 1.295 0.038
20 123 3 36.93 171.49 37.772 0.127 0.198 0.467 0.059
20 124 1 36.697 172.796 37.699 0.254 0.237 0.476 0.043
20 127 2 37.36 168.803 37.814 0.232 0.19 0.633 0.013
20 130 5 41.134 200.915 37.814 0.755 1.287 0.384 -3.096
21 63 1 49.568 128.903 38.482 4.058 1.796 1.692 -3.104
21 66 1 50.292 121.405 38.566 4.517 1.64 1.855 3.095
21 68 1 62.238 125.932 38.331 3.932 1.38 1.473 -3.103
21 108 4 47.118 155.712 38.494 1.949 0.684 1.681 -3.017
21 110 4 47.564 194.949 38.233 2.719 1.197 1.551 -0.087
21 123 3 36.907 171.453 37.793 0.116 0.186 0.505 0.105
21 124 1 36.68 172.749 37.785 0.126 0.164 0.381 0.049
21 127 2 37.39 168.76 37.826 0.111 0.116 0.475 -0.018
21 130 5 41.327 198.78 37.785 0.396 1.333 0.318 3.086
21 136 3 45.52 142.456 38.833 0.164 0.383 0.344 -0.005
21 137 3 54.439 199.863 38.441 0.229 0.427 1.563 -3.134
21 138 3 62.183 147.19 38.789 0.199 0.204 0.462 -1.497
21 139 1 37.613 167.424 37.835 0.111 0.137 0.585 0.02
22 63 1 49.735 128.885 38.489 4.06 1.499 1.75 -3.113
22 66 1 50.346 121.352 38.497 4.521 1.652 1.855 3.116
22 68 1 62.101 126.105 38.328 3.478 1.138 1.436 0.068
22 108 4 47.346 153.667 38.505 1.689 1.089 1.581 3.14
22 110 4 47.164 197.587 38.294 1.974 1.219 1.083 0.04
22 123 3 36.937 171.419 37.822 0.164 0.137 0.38 0.747
22 124 1 36.735 172.753 37.802 0.096 0.152 0.573 0.747
22 127 2 37.401 168.778 37.829 0.194 0.142 0.508 0.747
22 130 5 41.35 198.437 37.742 4.064 1.905 0.648 -3.102
22 136 3 45.636 142.508 38.741 0.789 0.507 0.677 0
22 137 3 54.41 199.184 38.5 0.665 0.772 1.081 -3.102
22 138 3 62.25 147.165 39.222 0.47 0.501 0.61 3.075
22 139 1 37.606 167.456 37.849 0.21 0.219 0.622 0.747
23 63 1 49.876 128.889 38.469 4.106 1.154 1.715 -3.086
23 66 1 50.395 121.384 38.529 4.422 1.673 1.884 -3.126
23 68 1 62.061 125.933 38.362 3.801 1.011 1.456 -3.058
23 108 4 48.047 151.692 38.523 1.915 0.514 1.643 -3.084
23 110 4 46.758 200.455 38.148 1.875 1.294 1.255 0.021
23 123 3 36.981 171.469 37.847 0.191 0.132 0.531 -0.052
23 124 1 36.742 172.786 37.873 0.185 0.155 0.548 0.119
23 127 2 37.402 168.81 37.873 0.186 0.234 0.547 0.014
23 130 5 41.441 196.446 38.066 4.069 1.926 1.193 3.079
23 136 3 45.666 142.675 38.295 0.29 0.275 0.824 -3.128
23 137 3 54.568 198.62 38.431 0.604 0.776 1.465 -3.106
23 138 3 62.229 147.171 39.013 0.48 0.52 1.079 -1.619
23 139 1 37.636 167.495 37.894 0.277 0.284 0.652 0.056
24 63 1 49.975 128.836 38.453 4.262 1.023 1.718 -3.095
24 66 1 51.021 121.474 38.317 4.177 0.388 1.354 -3.12
24 68 1 61.828 127.242 38.252 1.074 0.724 1.293 -3.093
24 108 4 48.396 149.694 38.509 1.886 0.594 1.627 -3.122
24 110 4 46.415 203.354 38.319 1.861 1.356 1.447 -0.029
24 123 3 37.008 171.497 37.855 0.181 0.139 0.504 3.142
24 124 1 36.741 172.814 37.859 0.139 0.152 0.578 -3.142
24 127 2 37.428 168.834 37.909 0.162 0.129 0.566 3.142
24 130 5 41.627 194.48 38.085 4.169 1.855 1.14 3.058
24 136 3 45.813 142.697 38.285 0.625 0.441 0.739 -0.047
24 137 3 54.61 197.842 38.439 0.784 0.776 1.633 -3.124
24 138 3 62.24 147.109 38.734 0.534 0.575 1.604 -1.558
24 139 1 37.695 167.501 37.884 0.192 0.162 0.59 3.142
24 146 1 37.819 175.142 37.784 0.164 0.14 0.311 -3.118
25 63 1 50.165 128.854 38.421 4.08 0.665 1.758 -3.088
25 66 1 50.394 122.88 38.78 1.358 1.177 1.322 3.136
25 68 1 61.762 127.633 38.357 0.445 0.578 0.791 -0.007
25 108 4 48.749 147.853 38.495 1.241 0.493 1.644 -3.116
25 110 4 46.12 206.568 38.147 2.826 1.229 1.482 -0.114
25 123 3 36.998 171.529 37.873 0.213 0.153 0.52 -0.167
25 124 1 36.772 172.851 37.922 0.198 0.219 0.472 -0.233
25 127 2 37.44 168.837 37.937 0.184 0.16 0.518 -0.073
25 130 5 41.809 192.52 38.181 4.207 1.942 1.289 3.056
25 136 3 45.854 142.839 38.066 0.306 0.529 0.111 0.005
25 137 3 54.736 197.247 38.52 0.813 0.967 1.685 -3.125
25 138 3 62.262 147.091 38.626 0.306 0.727 1.636 2.357
25 139 1 37.692 167.523 37.934 0.198 0.129 0.506 0.067
25 146 1 37.835 175.178 37.812 0.111 0.128 0.399 -0.793
25 148 3 38.439 175.857 37.811 0.097 0.105 0.32 -0.651
26 63 1 50.084 129.075 38.433 3.581 0.844 1.704 -3.098
26 66 1 50.423 123.263 38.951 0.34 0.944 1.008 0.029
26 68 1 61.936 127.669 38.389 0.306 0.297 0.591 -0.051
26 108 4 49.019 145.633 38.446 0.962 0.58 1.51 -2.842
26 110 4 45.866 208.948 38.232 1.93 1.303 1.282 -0.082
26 123 3 36.983 171.549 37.949 0.313 0.286 0.546 0.046
26 124 1 36.731 172.858 37.944 0.25 0.269 0.531 0.032
26 127 2 37.425 168.866 37.916 0.251 0.282 0.63 0.032
26 130 5 42.023 190.648 38.277 4.265 1.83 1.555 3.088
26 137 3 55.113 196.48 38.499 0.93 1.191 1.769 3.116
26 138 3 62.302 147.095 38.652 0.309 0.724 1.563 2.54
26 139 1 37.681 167.559 37.942 0.254 0.213 0.515 0.087
26 146 1 37.869 175.177 37.825 0.204 0.263 0.366 -0.71
26 148 3 38.459 175.837 37.841 0.211 0.234 0.344 -0.714
27 63 1 50.42 128.988 38.162 3.495 0.259 1.209 -3.082
27 108 4 49.434 143.508 38.357 0.465 1.115 1.341 1.878
27 110 4 45.679 211.823 38.219 1.854 1.229 1.389 -0.085
27 123 3 36.952 171.559 37.926 0.198 0.224 0.535 -3.06
27 124 1 36.761 172.877 37.868 0.178 0.203 0.6 2.769
27 127 2 37.473 168.895 37.877 0.15 0.142 0.588 -3.06
27 130 5 42.172 188.83 38.34 4.366 1.761 1.446 3.106
27 137 3 55.022 195.787 38.551 0.638 0.996 1.588 3.136
27 138 3 62.327 147.087 38.609 0.257 0.545 1.484 2.473
27 139 1 37.679 167.559 37.939 0.168 0.19 0.528 -3.06
27 146 1 37.856 175.222 37.828 0.131 0.211 0.369 2.588
27 148 3 38.457 175.875 37.828 0.189 0.232 0.331 2.723
28 108 4 49.937 141.418 38.542 0.813 0.534 1.463 -3.112
28 110 4 45.594 214.793 38.205 2.045 1.346 1.526 -0.105
28 123 3 36.996 171.559 37.924 0.248 0.257 0.581 3.142
28 124 1 36.785 172.889 37.915 0.257 0.245 0.547 3.142
28 127 2 37.45 168.875 37.891 0.283 0.238 0.511 3.142
28 130 5 42.366 187.299 38.386 4.665 1.895 1.485 3.08
28 137 3 55.177 195.197 38.526 1.005 1.011 1.658 3.14
28 139 1 37.708 167.544 37.928 0.263 0.178 0.566 3.142
28 146 1 37.867 175.225 37.917 0.185 0.241 0.333 -3.005
28 148 3 38.461 175.878 37.875 0.188 0.179 0.301 -3.005
29 108 4 50.382 139.362 38.55 0.789 0.473 0.994 -3.036
29 110 4 45.489 217.797 38.127 2.008 1.234 1.243 -0.169
29 123 3 37.017 171.561 37.878 0.171 0.127 0.521 0.009
29 124 1 36.779 172.921 37.85 0.165 0.122 0.461 0.009
29 127 2 37.469 168.891 37.925 0.196 0.223 0.549 0.009
29 130 5 42.444 185.635 38.369 4.379 2.119 1.505 3.075
29 137 3 55.223 194.385 38.785 0.611 0.976 1.035 0.02
29 139 1 37.693 167.57 37.904 0.144 0.1 0.464 0.009
29 146 1 37.895 175.306 37.863 0.129 0.203 0.307 0.009
29 148 3 38.464 175.914 37.869 0.099 0.11 0.303 0.009
30 108 4 50.74 136.998 38.51 0.892 0.522 1.429 -3.036
30 110 4 45.421 220.873 38.198 2.069 1.282 1.408 -0.133
30 127 2 37.512 168.913 37.929 0.177 0.169 0.437 0.009
30 130 5 42.696 184.085 38.412 4.18 1.782 1.491 -3.132
30 137 3 55.266 193.615 38.686 0.805 0.663 1.377 -2.947
30 139 1 37.703 167.538 37.841 0.179 0.164 0.472 0.009
30 161 3 47.921 207.928 37.819 0.117 0.161 0.645 -0.489
31 110 4 45.239 224.008 38.184 2.016 1.208 1.46 -0.145
31 130 5 42.767 182.344 38.375 4.262 2.107 1.477 -3.123
31 137 3 55.514 192.984 38.654 0.887 1.085 1.507 -3.136
31 161 3 47.943 207.938 37.872 0.225 0.238 0.67 3.097
32 110 4 45.009 227.16 38.181 1.929 1.315 1.365 -0.055
32 130 5 43.132 180.72 38.369 4.01 1.802 1.482 -3.113
32 137 3 55.699 192.371 38.562 0.874 1.04 1.573 -3.141
32 161 3 47.928 207.944 37.859 0.21 0.216 0.659 2.96
33 110 4 44.622 230.45 38.15 2.084 1.266 1.357 -0.051
33 130 5 43.318 178.924 38.369 4.097 1.861 1.378 -3.133
33 137 3 55.531 191.754 38.547 0.993 1.053 1.576 -2.684
33 161 3 47.884 207.988 37.891 0.259 0.265 0.656 2.774
34 110 4 44.153 233.951 38.116 2.559 1.278 1.512 -0.042
34 130 5 43.725 176.972 38.406 4.084 1.656 1.445 -3.091
34 137 3 55.704 190.947 38.589 0.974 0.892 1.683 3.134
34 161 3 47.887 208.044 38.179 0.254 0.269 0.277 -3.049
35 110 4 43.729 236.888 38.121 2 1.263 1.284 0
35 130 5 43.936 175.179 38.319 3.614 1.713 1.141 -3.122
35 137 3 55.814 190.36 38.524 0.63 1.004 1.563 -0.059
36 110 4 43.236 240.178 38.104 2.018 1.167 1.387 -0.07
36 130 5 44.307 173.096 38.306 3.145 1.697 1.258 3.107
36 137 3 56.006 189.678 38.558 1.023 0.829 1.553 1.521
37 110 4 42.76 243.338 38.153 1.97 1.236 1.559 -0.058
37 130 5 44.775 170.786 38.244 3.662 1.777 0.906 3.102
37 137 3 56.131 188.988 38.713 0.635 1.04 1.388 3.113
38 110 4 42.231 246.63 38.083 2.151 1.275 1.321 -0.04
38 130 5 45.149 168.752 38.357 3.239 1.703 1.085 3.142
38 137 3 56.267 188.191 38.969 0.738 0.901 1.955 0.166
38 178 3 48.67 267.628 38.154 0.316 0.362 1.203 0.045
39 110 4 41.691 249.869 38.09 2.26 1.261 1.333 -0.051
39 130 5 45.145 168.021 38.346 0.411 1.367 0.803 -3.019
39 178 3 48.72 268.315 38.042 0.541 0.597 1.224 -0.029
40 110 4 41.077 252.882 38.074 2.035 1.15 1.478 -0.014
40 130 5 45.996 165.279 38.435 2.193 1.324 0.858 3.136
40 178 3 48.74 268.731 38.241 0.397 0.391 1.144 -0.019
41 110 4 40.497 256.181 38.074 2.47 1.2 1.328 0
41 178 3 48.57 269.433 37.937 0.209 0.174 0.973 -3.076
41 181 3 12.394 268.888 38.55 0.201 0.43 0.596 0.002
42 110 4 40.01 258.933 38.041 1.992 1.25 1.36 -0
42 178 3 48.67 270.105 38.17 0.607 0.508 1.338 0.086
42 181 3 12.258 269.161 38.545 0.15 0.455 0.336 0
42 182 3 38.324 290.474 37.792 0.305 0.577 1.562 -0.007
43 110 4 39.514 261.903 38.073 1.903 1.266 1.444 0
43 178 3 48.849 270.637 38.141 0.299 0.476 1.468 0.064
43 181 3 12.19 269.583 38.341 0.297 0.648 0.836 3.135
43 182 3 37.679 290.44 37.911 0.424 0.381 1.522 2.312
44 110 4 38.952 264.835 38.106 2.043 1.257 1.476 0
44 178 3 48.821 271.388 38.105 0.485 0.675 1.429 -0.003
44 181 3 12.024 269.973 38.711 0.374 0.5 0.544 -0.015
44 182 3 37.11 290.317 37.847 0.594 0.284 1.454 1.579
45 110 4 38.401 267.643 38.107 1.99 1.244 1.51 0
45 178 3 48.784 272.024 38.209 0.644 0.557 1.378 0.214
45 181 3 11.929 270.305 38.422 0.172 0.291 0.739 0.016
45 182 3 36.393 290.299 37.84 0.654 0.778 1.702 2.108
46 110 4 37.839 270.612 38.044 2.507 1.287 1.502 0
46 178 3 48.772 272.647 38.177 0.567 0.429 1.321 -0.221
46 181 3 11.819 270.754 38.584 0.182 0.396 0.74 -3.095
46 182 3 35.784 290.159 37.913 0.568 0.303 1.256 1.6
47 110 4 37.26 273.299 38.086 2.724 1.236 1.548 0
47 178 3 48.858 273.211 38.08 0.433 0.667 1.271 -0.825
47 181 3 11.708 271.119 38.561 0.192 0.527 0.553 0.042
47 182 3 35.13 290.175 37.966 0.757 0.313 1.559 1.535
48 110 4 36.851 275.367 37.967 1.892 1.218 1.215 -0.002
48 178 3 48.979 273.879 38.138 0.428 0.682 1.251 -0.811
48 181 3 11.607 271.577 38.579 0.229 0.416 0.489 0.094
48 182 3 34.402 290.264 38.049 0.888 0.473 1.497 1.656
49 110 4 36.338 277.692 37.894 1.707 1.136 1.251 -0.009
49 178 3 49.122 274.511 38.144 0.439 0.736 1.223 -0.824
49 181 3 11.739 272.001 38.128 0.293 0.667 1.443 -0.096
49 182 3 33.702 290.329 37.939 0.809 0.565 1.267 1.626
50 110 4 35.698 280.33 38.046 2.596 1.273 1.464 -0.04
50 178 3 49.334 275.045 38.053 0.516 0.551 1.095 -0.704
50 181 3 11.506 272.418 38.363 0.216 0.433 1.041 -3.115
50 182 3 32.926 290.287 38.022 0.764 0.437 1.547 1.478
51 110 4 35.233 282.213 37.995 2.108 1.195 1.452 0
51 178 3 49.526 275.654 38.11 0.446 0.685 1.289 -0.669
51 181 3 11.595 272.861 38.41 0.325 0.548 0.826 0.282
51 182 3 32.332 290.342 38.028 0.655 0.365 1.477 1.288
52 110 4 34.713 284.184 37.997 2.091 1.172 1.394 0.022
52 178 3 49.798 276.237 38.15 0.498 0.537 0.894 -0.891
52 181 3 11.523 273.211 38.172 0.435 0.38 1.356 0.002
52 182 3 31.584 290.338 38.04 0.7 0.448 1.469 1.636
53 110 4 34.219 285.933 37.884 1.923 1.202 1.035 0
53 178 3 49.996 276.871 38.049 0.533 0.523 1.131 -0.688
53 182 3 31.081 290.348 38.379 0.602 0.202 0.896 1.435
54 110 4 33.734 287.704 37.8 1.93 1.163 1.093 0.072
54 178 3 50.185 277.363 38.027 0.435 0.682 1.196 -0.755
55 110 4 33.231 289.576 37.91 2.265 1.403 1.492 0.082
55 178 3 50.412 277.99 38.011 0.399 0.471 1.191 -0.925
55 186 3 11.219 274.552 38.626 0.23 0.329 0.52 0.008
56 110 4 32.404 291.414 37.842 2.477 1.181 1.547 0.255
56 178 3 50.571 278.585 38.065 0.595 0.632 1.417 -0.706
56 186 3 11.13 275.014 38.453 0.292 0.516 0.867 0.119
57 110 4 31.659 293.095 37.912 2.113 1.043 1.345 0.308
57 178 3 50.791 279.054 37.968 0.67 0.644 1.244 -0.931
57 186 3 10.96 275.359 38.363 0.315 0.55 1.092 -0.028
58 110 4 30.863 294.736 37.851 1.999 0.946 1.29 0.35
58 178 3 51.092 279.577 37.954 0.529 0.634 1.218 -0.668
58 186 3 10.778 275.768 38.22 0.394 0.496 1.358 0.014
59 110 4 30.419 296.347 37.959 1.836 1.441 1.07 -0.06
59 178 3 51.459 280.126 38.02 0.508 0.619 1.437 -0.771
59 186 3 10.76 276.165 38.424 0.253 0.589 0.897 -3.007
60 110 4 29.722 297.65 38.179 1.884 1.249 0.576 -0.017
60 178 3 51.767 280.51 38.004 0.399 0.401 1.45 -0.788
60 186 3 10.592 276.536 38.429 0.287 0.507 0.935 0.016
60 190 3 26.218 289.613 38.018 0.429 0.301 1.544 1.605
61 186 3 10.556 276.958 38.588 0.165 0.432 0.532 -0.011
61 190 3 25.738 289.525 38.029 0.54 0.27 1.431 1.493
61 191 3 49.528 273.904 38.259 0.408 0.415 1.15 -0.9
62 186 3 10.537 277.29 38.252 0.209 0.493 0.616 0.051
62 190 3 25.112 289.372 38.034 0.875 0.46 1.462 1.497
62 191 3 49.451 272.212 38.445 0.534 0.463 1.754 -0.271
63 186 3 10.51 277.678 38.581 0.203 0.479 0.547 -3.084
63 190 3 24.428 289.26 37.903 0.697 0.418 1.215 1.901
63 191 3 48.683 272.832 38.353 0.295 0.524 1.587 -0.124
64 186 3 10.569 278.036 38.564 0.328 0.477 0.531 0.216
64 190 3 23.809 289.11 37.994 0.849 0.531 1.476 1.646
64 191 3 48.147 273.596 38.306 0.491 0.56 1.633 -0.043
64 194 5 12.877 297.578 37.443 2.348 0.301 0.382 1.472
65 186 3 10.567 278.366 38.417 0.192 0.355 0.233 -0.018
65 190 3 23.243 288.855 37.981 0.829 0.49 1.498 1.589
65 191 3 47.539 274.35 38.477 0.446 0.39 1.257 0.009
65 194 5 14.821 297.78 37.855 3.888 0.472 1.222 -1.671
66 190 3 22.645 288.712 37.962 0.695 0.307 1.461 1.734
66 191 3 47.327 275.192 38.437 0.32 0.505 1.248 -0.183
66 194 5 18.239 298.418 37.923 4.278 1.091 1.119 -1.66
67 190 3 21.953 288.541 37.976 0.747 0.357 1.484 1.55
67 191 3 46.969 276.008 38.521 0.258 0.605 1.091 -0.376
67 194 5 21.663 298.816 37.852 4.282 1.195 1.484 -1.648
67 199 1 13.177 297.961 37.704 3.198 0.4 0.876 -1.609
67 200 3 10.555 279.148 38.415 0.15 0.486 0.304 3.127
68 190 3 21.363 288.419 37.968 0.554 0.291 1.44 1.594
68 191 3 46.884 276.88 38.491 0.258 0.537 1.102 -0.413
68 194 5 23.809 298.7 37.768 0.83 0.404 1.099 -1.505
68 199 1 16.254 298.489 37.52 4.19 0.559 0.336 -1.649
68 200 3 10.376 279.507 38.227 0.155 0.454 0.621 0.07
69 190 3 20.724 288.356 37.934 0.482 0.401 1.539 1.57
69 191 3 46.732 277.752 38.465 0.42 0.634 1.177 -0.015
69 194 5 29.359 299.619 37.824 3.795 0.511 1.227 -1.68
69 199 1 19.991 299.213 37.662 4.298 1.324 1.218 -1.655
69 200 3 10.254 279.976 37.963 0.375 0.556 1.218 0.013
70 190 3 20.164 288.258 37.927 0.668 0.357 1.526 1.578
70 191 3 46.71 278.536 38.29 0.184 0.466 0.911 -3.059
70 194 5 33.309 300.088 37.885 3.856 0.5 1.223 -1.605
70 199 1 23.082 299.026 37.73 2.406 0.37 1.199 -1.664
70 200 3 10.225 280.275 38.111 0.248 0.561 0.906 0.021
71 190 3 19.615 288.159 37.917 0.45 0.362 1.517 1.415
71 191 3 46.281 279.439 38.546 0.351 0.549 0.952 -0.142
71 194 5 37.766 300.813 37.813 4.071 0.775 1.469 -1.606
71 200 3 10.065 280.66 38.108 0.279 0.535 1.499 -3.098
72 190 3 18.969 288.208 37.897 0.425 0.335 1.516 1.506
72 191 3 46.039 280.413 38.135 0.635 0.401 1.728 -0.102
72 194 5 42.958 301.304 37.609 3.301 0.283 0.978 -1.586
72 200 3 10.04 281.023 37.949 0.433 0.416 1.185 -3.056
73 190 3 18.369 288.281 37.883 0.485 0.317 1.466 1.762
73 191 3 45.775 281.328 38.227 0.662 0.801 1.461 -0.247
73 194 5 47.57 301.911 37.65 3.836 0.281 0.956 -1.603
73 200 3 9.89 281.474 38.059 0.126 0.302 0.871 -0.076
73 206 1 12.205 298.692 37.818 2.866 1.578 1.149 -1.61
74 190 3 17.673 288.342 37.856 0.646 0.462 1.523 1.598
74 191 3 45.549 282.038 38.195 0.729 0.437 1.518 0.073
74 206 1 16.01 299.345 37.864 3.961 1.788 1.205 -1.61
74 207 3 56.753 287.781 38.259 0.267 0.349 0.593 -0.727
75 190 3 17.139 288.351 37.832 0.655 0.276 1.557 1.318
75 206 1 20.151 299.71 37.785 3.832 1.297 1.517 -1.616
75 207 3 57.094 288.269 38.138 0.202 0.309 0.823 1.566
75 209 3 9.872 282.395 38.037 0.244 0.333 0.967 0.374
75 211 4 55.321 292.626 37.801 0.903 0.663 1.272 1.97
75 213 1 28.424 303.161 37.863 4.194 0.617 1.562 -1.691
76 190 3 16.567 288.396 37.816 0.684 0.361 1.582 1.092
76 206 1 24.128 300.173 37.884 2.89 1.249 1.472 -1.552
76 207 3 57.395 288.855 38.245 0.342 0.397 0.599 -0.883
76 209 3 9.723 282.771 37.902 0.472 0.34 1.235 -0.061
76 211 4 54.679 292.481 37.816 0.454 0.311 1.266 0.029
76 213 1 32.317 303.511 37.934 3.987 0.572 1.553 -1.66
77 190 3 15.95 288.393 38.052 0.495 0.664 1.068 0
77 206 1 14.065 298.968 37.798 4.664 1.388 1.251 -1.657
77 207 3 57.797 289.343 38.093 0.184 0.27 0.871 -0.764
77 209 3 9.658 283.237 38.327 0.194 0.522 0.358 -0.054
77 211 4 53.191 292.442 37.949 0.423 0.811 0.445 0
77 213 1 29.916 300.82 37.815 3.306 1.261 1.187 -1.647
77 217 3 44.401 284.478 38.47 0.527 0.332 0.864 0.65
78 206 1 18.856 299.501 37.738 4.69 1.083 1.544 -1.613
78 209 3 9.633 283.674 38.323 0.216 0.574 0.355 -0.126
78 211 4 52.231 292.514 37.938 0.636 1.053 0.969 0
78 213 1 34.971 300.882 37.896 4.082 0.43 1.172 -1.639
78 217 3 44.036 285.193 38.301 0.442 0.434 1.168 0.388
79 206 1 23.012 299.636 37.858 2.6 0.488 1.484 -1.649
79 209 3 9.495 284.003 38.335 0.158 0.504 0.33 -0
79 211 4 51.605 292.748 37.798 0.544 0.481 1.258 -0.165
79 213 1 40.682 301.998 37.569 4.062 1.691 1.049 -1.651
79 217 3 43.576 285.821 38.29 0.418 0.526 1.177 0
80 206 1 29.258 300.5 37.956 4.464 0.964 1.474 -1.621
80 209 3 9.453 284.487 38.264 0.255 0.623 0.45 -0
80 211 4 50.62 292.897 37.765 0.557 0.41 1.289 2.136
80 213 1 46.288 302.62 37.755 4.192 1.595 0.77 -1.605
80 217 3 42.947 286.539 38.106 0.405 0.459 1.499 -0.002
81 206 1 34.681 301.047 38.053 4.079 1.058 1.439 -1.663
81 209 3 9.266 284.931 38.262 0.274 0.846 1.018 -0.002
81 211 4 49.391 293.194 38.047 0.624 0.427 0.699 0.018
81 217 3 42.323 287.089 38.104 0.867 0.718 1.475 1.572
82 206 1 40.321 301.591 37.799 3.893 0.979 1.482 -1.649
82 209 3 9.086 285.317 38.29 0.122 0.49 0.302 -3.11
82 211 4 48.138 293.292 37.751 1.027 0.301 1.232 1.268
82 217 3 41.568 287.602 38.077 0.32 0.35 1.449 0.812
83 190 3 16.798 285.614 39.803 0.219 0.357 2 -0.003
83 206 1 46.473 301.891 38.047 3.756 0.648 1.185 -1.568
83 209 3 9.067 285.682 38.299 0.243 0.456 0.313 0.006
83 211 4 47.528 293.718 37.587 1.781 0.759 1.027 2.06
83 217 3 40.72 287.968 38.218 0.498 0.28 1.177 1.656
84 190 3 16.884 285.764 39.754 0.436 0.583 2.345 0.131
84 209 3 8.916 286.007 38.296 0.172 0.432 0.3 -0.067
84 211 4 45.749 293.475 37.926 0.666 0.526 0.344 1.517
85 209 3 8.932 286.348 38.302 0.094 0.465 0.303 0.043
85 211 4 45.054 293.421 37.916 0.854 0.566 0.899 1.557
85 217 3 39.124 288.562 38.039 0.411 0.375 1.502 1.618
86 209 3 8.868 286.613 38.305 0.089 0.461 0.304 0.022
86 211 4 44.162 293.103 37.924 0.944 0.448 0.852 1.591
86 217 3 38.32 288.844 37.935 0.347 0.301 1.697 1.555
87 209 3 8.796 286.878 38.292 0.163 0.53 0.309 0.027
87 211 4 43.377 292.905 37.747 0.9 0.532 1.237 1.702
87 217 3 37.458 289.053 38.013 0.385 0.366 1.495 1.615
88 211 4 42.469 292.414 37.752 1.11 0.574 1.212 1.818
88 217 3 36.611 289.282 37.976 0.511 0.34 1.525 0.008
89 211 4 41.643 291.9 37.775 1.074 0.634 1.183 1.749
89 217 3 35.744 289.382 37.973 0.438 0.272 1.514 1.777
89 225 3 8.71 287.308 38.293 0.196 0.476 0.312 0.052
89 226 1 30.904 300.547 37.621 2.428 0.262 0.667 -1.644
90 211 4 40.722 291.386 37.929 1.017 0.468 0.821 1.96
90 217 3 34.911 289.532 37.932 0.299 0.453 1.519 1.382
90 226 1 34.342 301.004 37.921 4.304 0.419 1.19 -1.637
90 227 4 0.641 288.417 38.569 0.719 0.304 1.367 -0.489
91 217 3 34.112 289.61 38.052 0.368 0.281 1.738 1.622
91 225 3 8.578 287.781 38.272 0.111 0.484 0.332 0.039
91 226 1 38.185 301.279 37.695 3.431 0.459 0.72 -1.662
91 227 4 0.542 288.491 38.552 0.792 0.421 1.457 0
92 217 3 33.189 289.711 38.029 0.426 0.381 1.764 1.582
92 225 3 8.575 288.144 38.283 0.112 0.47 0.323 0.056
92 226 1 43.011 301.897 37.611 4.166 0.691 1.035 -1.626
92 227 4 0.323 288.463 38.71 0.936 1.153 1.174 0.002
92 229 4 38.664 290.582 37.774 1.078 0.468 1.156 1.579
93 217 3 32.307 289.698 38.023 0.517 0.307 1.742 1.53
93 226 1 47.561 302.102 37.658 4.127 0.296 0.974 -1.648
93 227 4 0 288.42 38.396 1.045 1.297 1.085 -0.008
93 229 4 37.592 290.139 37.939 0.968 0.424 0.783 1.863
94 217 3 31.56 289.679 38.165 0.446 0.271 1.42 1.651
94 225 3 8.312 288.633 38.268 0.083 0.388 0.31 -0.002
94 226 1 52.097 302.642 37.788 0.83 3.953 0.829 -0
94 229 4 36.392 289.808 37.772 0.946 0.417 1.113 1.618
94 230 1 31.741 300.408 37.642 2.325 0.376 0.651 -1.628
94 231 1 13.622 298.153 37.864 4.196 1.291 1.219 -1.596
95 225 3 8.325 288.928 38.255 0.142 0.569 0.296 -0.018
95 229 4 35.252 289.385 37.947 0.925 0.525 1.483 2.161
95 230 1 35.41 300.869 37.682 4.565 0.538 0.653 -1.619
95 231 1 16.93 298.558 37.917 4.716 1.11 1.131 -1.596
96 230 1 40.677 301.189 37.59 3.702 0.352 1.012 -1.572
96 231 1 20.986 299.054 37.686 4.878 1.009 1.21 -1.604
97 230 1 44.429 302.444 37.444 4.156 1.7 0.783 -1.614
97 231 1 23.893 299.336 37.731 3.018 0.735 1.167 -1.608
98 231 1 28.704 299.761 37.823 4.808 0.219 1.184 -1.623
98 240 5 12.625 298.63 37.424 2.409 1.234 0.372 -1.624
99 231 1 32.736 300.376 37.898 4.748 0.646 1.175 -1.612
99 240 5 15.35 298.632 37.728 3.979 0.397 0.887 -1.567
100 231 1 36.679 300.98 38.085 4.941 0.964 1.432 -1.658
100 240 5 19.306 299.224 37.639 4.053 0.596 1.224 -1.656
100 241 3 26.197 289.124 38.066 0.342 0.684 1.461 2.344
101 231 1 40.505 301.589 37.582 4.745 1.168 1.036 -1.575
101 240 5 21.912 299.467 37.667 4.497 0.5 1.249 -1.641
101 241 3 25.537 289.001 37.892 0.507 0.775 1.294 2.908
101 243 1 14.382 298.667 37.865 4.099 0.576 1.177 1.533
102 231 1 44.557 302.132 37.617 4.824 1.31 1.061 -1.583
102 241 3 24.73 288.799 37.914 0.754 0.387 1.235 1.575
102 243 1 18.427 299.229 37.776 4.083 0.617 1.507 -1.628
102 244 4 26.214 287.702 37.948 1.294 0.426 1.265 1.621
103 231 1 48.543 302.645 37.612 4.592 1.313 1.048 -1.623
103 241 3 23.932 288.64 38.017 0.866 0.382 1.45 1.812
103 243 1 22.387 299.759 37.846 3.255 0.529 1.445 -1.607
103 244 4 25.018 287.426 37.942 1.226 0.406 1.209 1.661
103 245 1 31.71 300.56 37.601 3.984 0.182 0.649 -1.602
104 241 3 23.102 288.569 37.983 0.565 0.713 1.49 0.091
104 243 1 26.191 300.395 38.449 2.351 0.31 0.343 1.532
104 244 4 23.928 287.244 37.926 1.484 0.432 1.212 1.611
104 245 1 36.032 301.195 37.663 4.412 0.534 0.713 -1.631
104 246 5 13.638 298.496 37.442 1.184 1.11 0.322 1.445
105 241 3 22.292 288.323 37.98 0.713 0.257 1.426 1.637
105 243 1 31.39 300.759 37.863 3.857 0.414 1.166 -1.625
105 244 4 22.834 286.99 38.045 1.41 0.428 1.419 1.645
105 245 1 40.548 301.658 37.575 4.342 0.414 0.971 -1.6
105 246 5 16.389 298.477 37.511 3.795 0.633 0.337 -1.698
106 241 3 21.474 288.334 38.133 0.367 0.477 1.222 1.541
106 243 1 35.786 301.279 37.789 4.131 0.605 1.511 -1.614
106 244 4 21.565 286.806 37.891 1.153 0.353 1.276 1.534
106 245 1 44.852 302.585 37.514 4.268 1.29 0.748 -1.607
106 246 5 21.404 299.369 37.48 3.787 1.024 0.745 -1.588
106 248 4 49.564 187.639 38.479 0.986 0.665 1.466 3.139
107 241 3 20.756 288.092 37.989 0.791 0.403 1.473 1.556
107 243 1 40.299 301.853 37.871 4.056 0.93 1.502 -1.636
107 244 4 20.712 286.709 37.918 1.342 0.369 1.214 1.446
107 245 1 49.512 302.703 37.554 4.109 0.409 0.747 -1.673
107 246 5 23.886 299.357 37.731 0.601 0.343 0.35 -1.617
107 248 4 49.395 190.878 38.331 1.277 0.574 1.056 -0.13
108 241 3 19.966 288.096 38.079 0.429 0.543 1.219 1.579
108 244 4 19.508 286.751 37.964 1.226 0.332 1 1.265
108 245 1 44.814 302.187 37.638 3.966 0.564 1.031 -1.627
108 246 5 31.089 300.188 37.643 2.175 0.384 0.696 1.657
108 248 4 49.149 195.014 38.465 1.304 0.781 1.012 0.12
109 241 3 19.23 288.013 37.914 0.8 0.305 1.472 1.595
109 244 4 18.841 286.805 37.935 0.972 0.488 1.442 1.528
109 245 1 49.301 302.894 37.618 3.921 1.008 1.02 -1.649
109 246 5 34.318 300.647 37.9 3.643 0.611 1.118 -1.603
109 248 4 49.362 198.412 38.415 1.24 0.635 1.213 -0.074
110 241 3 18.471 288.1 37.829 0.596 0.553 1.49 1.561
110 244 4 18.203 286.761 37.87 1.011 0.662 1.43 1.567
110 246 5 39.118 301.079 37.679 3.565 0.288 0.686 -1.602
110 248 4 49.501 201.76 38.348 1.241 0.479 1.155 2.933
110 253 3 51.481 190.303 38.303 0.259 0.332 1.469 3.13
111 241 3 17.477 288.272 38.263 0.343 0.521 0.987 0.836
111 244 4 17.654 286.744 37.898 1.377 0.601 1.179 1.49
111 246 5 43.267 301.639 37.638 2.187 0.318 0.67 1.568
111 248 4 49.746 205.163 38.608 1.235 0.509 0.813 -0.004
111 253 3 51.084 190.365 38.555 0.299 0.44 1.085 -0.004
112 241 3 16.839 288.213 38.108 0.544 0.357 1.28 1.676
112 244 4 17.361 286.682 37.825 1.215 0.742 1.283 1.567
112 246 5 48.586 302.581 37.357 3.655 0.977 0.775 -1.564
112 248 4 49.855 208.64 38.458 1.093 0.575 0.626 3.003
112 253 3 50.926 190.416 38.419 0.409 0.399 1.456 -0.072
113 244 4 17.175 286.648 37.827 0.811 0.695 1.272 1.591
113 246 5 52.206 303.267 37.373 1.397 1.2 0.752 -1.606
113 248 4 49.695 211.794 38.438 1.306 0.662 0.865 -0.167
113 253 3 50.794 190.519 38.26 0.354 0.407 1.187 3.067
114 248 4 49.699 215.003 38.441 1.362 0.497 0.93 -0.232
114 253 3 50.757 190.581 38.389 0.277 0.295 1.419 2.962
115 244 4 14.29 288.323 38.511 0.364 0.342 0.353 1.563
115 248 4 49.539 218.112 38.525 1.512 0.564 0.869 -0.171
115 253 3 50.723 190.515 38.349 0.427 0.386 1.399 -0.104
