0 12 1 109.862 24.914 38.063 2.605 1.565 1.197 1.559
0 17 1 93.737 49.934 38.157 4.429 1.688 1.67 -3.141
0 18 3 120.559 70.21 38.915 0.512 0.598 0.839 3.107
0 26 1 98.662 30.106 37.962 4.037 1.863 1.386 3.138
0 71 3 76.337 37.592 38.832 0.211 0.188 0.98 -1.538
1 12 1 109.545 24.917 38.092 2.933 1.56 1.272 1.598
1 17 1 93.641 49.965 38.155 4.381 1.844 1.682 -3.122
1 18 3 120.458 69.785 38.881 0.412 0.376 0.865 0.032
1 26 1 98.705 30.132 37.962 3.955 1.673 1.392 -3.123
1 71 3 76.378 37.728 38.81 0.265 0.408 0.997 2.29
1 76 3 126.788 70.865 38.734 0.376 0.441 1.077 -1.478
2 12 1 109.292 25.113 37.817 2.393 1.128 0.983 -1.577
2 17 1 93.565 49.99 38.179 4.312 1.99 1.672 -3.116
2 18 3 120.535 69.339 38.961 0.374 0.323 0.952 3.133
2 26 1 98.663 30.195 38.027 3.831 1.717 1.463 -3.134
2 71 3 76.408 37.927 38.842 0.391 0.423 0.946 3.142
2 76 3 126.9 70.259 38.725 0.401 0.62 1.124 1.694
3 12 1 109.06 25.423 37.821 2.2 0.528 0.73 1.698
3 17 1 93.548 50.034 38.157 4.306 1.953 1.676 -3.13
3 18 3 120.564 68.864 38.949 0.566 0.407 0.925 -3.133
3 26 1 98.71 30.195 37.887 3.811 1.749 1.608 3.129
3 71 3 76.486 38.129 39.083 0.377 0.39 0.508 3.142
3 76 3 127.052 70.008 38.864 0.213 0.321 0.782 3.088
3 87 4 93.987 123.332 38.031 2.344 0.543 1.186 -2.695
4 12 1 109.002 25.38 37.786 1.628 0.43 0.502 1.632
4 17 1 93.601 50.057 38.112 4.217 2.017 1.549 3.126
4 18 3 120.71 68.618 38.961 0.294 0.492 0.92 -1.48
4 26 1 98.767 30.152 37.937 3.875 1.606 1.318 -3.102
4 76 3 127.101 69.729 38.761 0.404 0.43 1.09 0.042
4 87 4 94.223 123.189 38.035 2.219 0.775 1.39 -2.857
4 98 3 115.032 106.353 38.708 0.226 0.479 0.74 -0.281
5 12 1 108.633 25.176 37.574 0.899 1.471 0.648 -3.092
5 17 1 93.536 50.025 38.176 4.267 2.024 1.67 -3.133
5 18 3 120.706 68.607 38.926 0.351 0.389 0.972 -1.757
5 26 1 98.815 29.974 37.78 3.804 1.652 1.049 -3.033
5 76 3 127.124 69.515 38.749 0.483 0.409 0.929 0.149
5 87 4 94.615 122.605 37.972 2.166 0.607 1.34 -2.405
5 98 3 114.955 107.15 38.863 0.387 0.671 0.971 -0
6 12 1 108.718 25.975 37.273 2.106 1.388 1.349 0
6 17 1 93.609 50.05 38.2 4.206 1.865 1.562 -3.137
6 18 3 120.764 68.463 38.931 0.474 0.518 1.009 1.603
6 26 1 98.981 29.675 37.975 3.736 1.821 1.459 -2.99
6 76 3 127.208 69.526 38.754 0.521 0.412 0.971 -0.014
6 87 4 95.369 122.353 38.001 2.427 1.051 1.511 -2.371
6 98 3 114.853 107.95 38.952 0.51 0.321 0.918 1.745
7 12 1 108.658 26.116 37.549 1.83 1.518 0.983 -0.004
7 17 1 93.588 50.069 38.068 4.112 1.826 1.553 -3.13
7 18 3 120.749 68.517 38.935 0.474 0.509 0.905 3.142
7 26 1 99.254 29.362 38.035 3.701 1.727 1.471 -2.903
7 76 3 127.247 69.57 38.825 0.369 0.553 0.81 0.002
7 87 4 96.194 121.961 38.021 2.957 1.371 1.442 -2.238
7 98 3 114.822 108.726 38.856 0.344 0.559 0.831 0
7 107 1 100.815 91.737 38.157 4.406 1.791 1.439 0.078
7 111 1 85.773 130.368 37.662 0.81 1.765 0.625 0.005
8 17 1 93.641 50.021 38.046 4.195 1.874 1.657 -3.135
8 18 3 120.83 68.566 38.905 0.312 0.45 0.908 3.142
8 26 1 99.656 28.903 37.883 3.884 1.592 1.212 -2.72
8 87 4 97.042 121.731 38.055 3.074 1.328 1.586 -2.19
8 98 3 114.792 109.543 38.889 0.322 0.468 0.939 0
8 107 1 100.832 91.84 38.17 4.531 1.904 1.471 0.026
8 111 1 86.444 127.231 37.695 3.712 1.707 0.753 3.116
8 113 1 95.306 126.738 38.109 3.997 1.628 1.774 0.061
9 17 1 93.528 50.081 38.07 4.005 2.149 1.691 3.13
9 18 3 120.828 68.575 38.896 0.35 0.425 0.858 0.051
9 87 4 97.353 121.649 38.088 2.322 1.18 1.467 -2.028
9 98 3 114.684 110.396 38.876 0.541 0.496 0.998 0.069
9 107 1 100.786 92.089 38.167 4.701 1.777 1.505 0.05
9 111 1 87.149 122.583 37.737 4.307 1.734 0.792 3.115
9 113 1 95.322 126.787 38.222 4.114 1.578 1.905 0.044
9 116 3 90.901 145.578 37.979 0.546 0.432 1.391 -0.066
9 118 3 91.091 147.116 38.076 0.404 0.314 1.147 -0.122
10 17 1 93.635 50.134 37.759 3.936 1.869 1.071 -3.105
10 87 4 97.973 121.3 38.139 2.561 0.945 1.467 -2.042
10 98 3 114.563 111.1 38.966 0.448 0.348 1.052 0.003
10 107 1 100.844 92.127 38.16 4.799 1.83 1.437 0.033
10 111 1 87.82 117.952 38.078 4.335 1.766 1.377 -3.123
10 113 1 95.431 126.737 38.301 4.024 1.66 1.842 -0.005
10 116 3 90.715 146.201 38.109 0.449 0.407 1.313 -0.042
10 118 3 90.969 147.778 38.074 0.478 0.61 1.338 -0.009
11 17 1 93.582 50.563 38.138 3.139 1.94 1.65 3.136
11 87 4 97.974 121.317 38.078 2.582 0.948 1.418 -2.057
11 98 3 114.564 111.903 38.925 0.517 0.554 1.113 0
11 107 1 100.82 92.154 38.151 4.839 1.759 1.479 0.039
11 111 1 88.556 113.609 38.149 4.678 1.775 1.439 -3.132
11 113 1 95.41 126.916 38.262 4.34 1.657 1.883 0.006
11 116 3 90.566 146.994 38.007 0.728 0.566 1.441 0.015
11 118 3 90.86 148.419 38.076 0.569 0.485 1.714 0.015
12 17 1 93.356 51.048 37.867 2.035 1.901 1.299 3.124
12 87 4 98.096 121.307 38.133 2.806 0.985 1.516 -2.029
12 98 3 114.51 112.634 38.949 0.548 0.62 0.995 -0
12 107 1 100.879 92.34 38.139 4.502 1.794 1.511 0.033
12 111 1 89.187 109.422 38.233 4.977 1.941 1.641 -3.111
12 113 1 95.458 126.931 38.292 4.453 1.725 1.947 -0.022
12 116 3 90.572 147.66 38.007 0.613 0.68 1.472 0
12 118 3 90.823 149.025 38.147 0.561 0.426 1.567 -0
12 123 2 84.514 122.596 37.634 0.332 0.232 0.45 0.023
13 87 4 97.825 121.325 38.137 2.381 1.105 1.508 -2.066
13 98 3 114.286 113.447 38.971 0.504 0.397 1.004 -3.039
13 107 1 100.814 92.436 38.153 4.311 1.747 1.513 0.051
13 111 1 90.033 105.226 38.177 4.578 1.713 1.485 -3.095
13 113 1 95.491 126.908 38.326 4.369 1.795 1.943 -0.036
13 116 3 90.325 148.307 37.887 0.791 0.504 1.376 -0.098
13 118 3 90.719 149.681 38.131 0.632 0.516 1.45 -0.097
13 123 2 84.51 122.637 37.665 0.343 0.272 0.395 3.142
13 125 3 86.809 171.239 37.802 0.785 0.646 1.309 -0.007
14 87 4 97.858 121.324 38.183 2.443 1.195 1.45 -2.078
14 98 3 114.239 114.205 38.924 0.681 0.628 1.164 0.033
14 107 1 100.777 92.443 37.982 4.276 1.637 1.163 -0.027
14 111 1 90.779 100.569 38.171 5.138 1.835 1.476 -3.116
14 113 1 95.446 126.947 38.375 4.473 1.731 1.907 -0.013
14 116 3 90.271 149.069 37.926 0.706 0.675 1.344 -0.004
14 118 3 90.647 150.304 38.07 0.642 0.577 1.531 -0.004
14 123 2 84.502 122.687 37.652 0.233 0.331 0.477 0.064
14 125 3 86.227 171.539 37.804 0.535 0.667 1.182 -0.082
14 127 3 86.826 171.938 37.766 0.32 0.632 1.242 -0.082
15 87 4 97.654 121.489 38.183 1.939 0.918 1.443 -2.056
15 98 3 114.025 115.025 38.876 0.405 0.535 1.187 -3.089
15 107 1 100.743 92.413 38.014 4.325 1.597 1.234 -0.038
15 111 1 91.476 96.55 38.171 4.21 1.702 1.412 -3.086
15 113 1 95.441 126.975 38.348 4.445 1.711 1.927 -0.013
15 116 3 90.04 149.701 38.04 0.716 0.466 1.604 0.203
15 118 3 90.48 150.969 38.124 0.686 0.398 1.623 0.333
15 123 2 84.498 122.738 37.707 0.291 0.221 0.406 0
15 125 3 86.054 172.17 37.89 0.278 0.508 1.287 0.052
15 127 3 86.722 172.567 37.898 0.327 0.36 1.312 0.052
15 128 3 98.864 137.564 38.168 0.9 0.65 1.016 0.031
15 129 3 95.993 141.715 38.548 0.207 0.429 0.941 2.305
15 130 3 97.602 139.701 38.427 0.715 0.552 0.947 -0.143
16 87 4 97.85 121.582 38.149 2.295 1.153 1.393 -1.982
16 98 3 113.872 115.774 38.922 0.491 0.698 0.995 3.142
16 111 1 92.199 92.161 38.015 4.282 1.707 1.099 3.136
16 113 1 95.375 127.051 38.394 4.568 1.965 1.913 0.001
16 116 3 89.911 150.442 38.044 0.66 0.517 1.576 0.02
16 118 3 90.383 151.597 38.148 0.598 0.595 1.721 0.02
16 123 2 84.462 122.762 37.698 0.294 0.306 0.434 -3.135
16 125 3 85.877 172.774 37.971 0.367 0.65 1.236 0.117
16 127 3 86.67 173.189 37.817 0.373 0.6 1.532 0.117
16 128 3 98.688 137.423 38.084 0.589 0.563 1.319 0.747
16 129 3 95.99 141.697 38.592 0.462 0.489 0.918 2.795
16 130 3 97.502 140.094 38.414 0.526 0.603 1.168 -0.173
17 87 4 97.37 121.668 38.057 1.296 0.961 1.143 -2.008
17 98 3 113.698 116.63 38.998 0.207 0.55 0.925 -0.034
17 111 1 92.552 89.106 37.96 1.152 1.61 0.892 0.153
17 113 1 95.384 127.16 38.38 4.47 1.773 1.898 0.017
17 116 3 89.719 151.216 38.082 0.699 0.632 1.622 0.044
17 118 3 90.288 152.238 38.137 0.666 0.568 1.794 -0.025
17 123 2 84.469 122.757 37.712 0.289 0.236 0.351 3.142
17 125 3 85.93 173.332 37.944 0.497 0.814 1.667 0
17 127 3 86.74 173.781 37.857 0.359 0.848 1.397 0.004
17 128 3 98.711 137.607 38.414 0.61 0.79 1.305 1.444
17 129 3 95.975 141.754 38.618 0.327 0.605 0.916 2.428
17 130 3 97.349 140.906 38.38 0.729 0.418 1.249 0.112
18 87 4 96.871 121.465 38.06 0.295 0.344 0.308 -1.53
18 98 3 113.518 117.413 39.047 0.276 0.61 0.979 0.188
18 111 1 93.376 84.822 38.003 1.249 1.476 0.656 -3.091
18 113 1 95.37 127.198 38.371 4.529 1.765 1.871 -0.007
18 116 3 89.651 151.891 38.089 0.727 0.576 1.576 0.005
18 118 3 90.249 152.87 38.096 0.576 0.59 1.604 0.005
18 123 2 84.44 122.808 37.694 0.2 0.215 0.348 3.142
18 125 3 85.845 174.091 37.979 0.666 0.714 1.432 0.004
18 127 3 86.633 174.297 37.877 0.387 0.504 1.241 0.004
18 128 3 98.594 137.676 38.489 0.498 0.68 1.371 1.414
18 129 3 95.976 141.755 38.557 0.303 0.517 0.986 2.333
18 130 3 97.345 141.292 38.494 0.481 0.453 1.058 -0.564
18 139 5 85.561 176.186 38.232 0.42 0.799 0.777 0.042
18 140 5 86.906 180.051 37.898 1.023 0.685 0.839 0.033
18 141 3 69.484 168.585 38.461 0.304 0.48 0.981 -2.928
19 98 3 113.367 118.062 38.947 0.186 0.506 1.085 3.053
19 113 1 95.44 127.283 38.4 4.455 1.85 1.873 0.002
19 116 3 89.519 152.688 38.112 0.761 0.642 1.579 0.07
19 118 3 90.196 153.545 38.188 0.672 0.547 1.729 -0.033
19 123 2 84.456 122.738 37.737 0.434 0.256 0.375 -0.005
19 125 3 85.901 174.523 37.863 0.722 0.836 1.569 0.026
19 127 3 86.633 174.858 37.863 0.505 0.672 1.553 -0.071
19 128 3 98.624 137.6 38.389 0.802 0.625 1.549 1.023
19 129 3 95.998 141.773 38.564 0.44 0.38 0.999 3.111
19 130 3 97.308 142.013 38.496 0.803 0.493 1.106 -3.073
19 139 5 85.277 176.619 37.968 0.24 0.22 0.629 0.082
19 140 5 86.763 180.158 37.744 1.251 1.215 1.501 0.056
19 141 3 69.645 168.054 38.397 0.606 0.444 1.016 -0.328
20 98 3 113.296 118.765 38.965 0.315 0.658 1.026 0.029
20 113 1 95.425 127.245 38.354 4.531 1.828 1.872 -0
20 116 3 89.494 153.424 38.138 0.736 0.577 1.587 0.041
20 118 3 90.083 154.223 38.151 0.676 0.587 1.757 0.041
20 125 3 85.886 175.083 37.965 0.681 0.693 1.511 -0
20 127 3 86.714 175.424 37.96 0.742 0.664 1.499 -0
20 128 3 98.442 137.554 38.493 0.362 0.889 1.233 1.105
20 129 3 95.999 141.815 38.609 0.423 0.4 0.926 3.133
20 139 5 85.269 177.149 37.812 0.39 0.287 1.135 -0
20 140 5 86.769 180.401 37.805 1.738 1.496 1.535 -0
20 141 3 69.699 167.327 38.379 0.401 0.525 1.222 3.13
21 98 3 113.112 119.59 38.842 0.213 0.693 0.863 -0.01
21 113 1 95.427 127.249 38.404 4.521 1.83 1.885 -0.015
21 116 3 89.427 154.179 38.145 0.89 0.596 1.581 0.188
21 118 3 90.031 154.894 38.192 0.838 0.737 1.738 0.122
21 125 3 85.91 175.655 37.959 0.491 0.76 1.524 0.328
21 127 3 86.631 175.948 37.99 0.491 0.603 1.496 -0.226
21 128 3 98.307 137.76 38.63 0.566 0.514 0.987 -3.103
21 129 3 97.328 143.055 38.505 0.313 0.438 1.084 0.017
21 139 5 85.326 177.753 37.803 0.311 0.502 1.323 0.021
21 140 5 86.927 180.502 37.936 1.883 1.402 1.336 0.045
21 141 3 69.88 166.536 38.476 0.329 0.458 1.183 -3.123
22 113 1 95.451 127.256 38.375 4.498 1.667 1.895 -0.032
22 116 3 89.531 154.72 38.123 0.802 0.653 1.557 -2.251
22 118 3 90.053 155.578 38.182 0.679 0.782 1.701 -2.311
22 125 3 85.885 176.176 38.007 0.517 0.772 1.649 0.04
22 127 3 86.548 176.518 37.917 0.607 0.568 1.48 -0.046
22 128 3 98.221 137.738 38.625 0.105 0.201 0.799 3.075
22 129 3 97.285 143.82 38.355 0.489 0.398 0.387 0.05
22 139 5 85.399 178.347 37.961 0.593 0.798 1.609 -0.045
22 140 5 86.636 181.379 37.793 3.747 1.83 1.422 0.013
22 141 3 70.074 165.924 38.442 0.699 0.437 1.079 -3.124
23 113 1 95.47 127.402 38.325 4.255 1.662 1.834 -0.013
23 116 3 89.51 155.444 38.154 0.791 0.62 1.604 0.183
23 118 3 90.045 156.24 38.176 0.894 0.706 1.72 -0.016
23 125 3 85.83 176.757 38.067 0.535 0.734 1.632 0.19
23 127 3 86.44 177.163 37.989 0.675 0.661 1.604 0.245
23 129 3 96.114 141.989 38.561 0.178 0.315 0.307 -0.016
23 139 5 85.216 178.793 37.956 0.623 0.533 1.497 0.359
23 140 5 86.593 181.183 37.912 3.428 1.589 1.471 0.153
23 141 3 70.152 165.256 38.372 0.475 0.683 1.547 -2.557
23 155 3 85.522 179.249 38.076 0.507 0.403 1.297 0.312
24 113 1 95.467 127.456 38.352 3.992 1.8 1.9 0
24 116 3 89.446 156.17 38.105 0.737 0.577 1.525 0.13
24 118 3 89.9 156.901 38.188 0.701 0.654 1.679 0.263
24 125 3 85.763 177.372 38.044 0.862 0.814 1.62 0.092
24 127 3 86.359 177.736 38.024 0.543 0.509 1.492 0.105
24 129 3 97.143 144.956 38.43 0.513 0.365 1.111 -3.09
24 139 5 85.111 179.31 37.956 0.522 0.534 1.479 0.18
24 140 5 86.752 180.968 37.901 2.847 1.653 1.546 0.054
24 155 3 85.512 179.628 37.953 0.539 0.423 1.605 0.215
25 113 1 95.475 127.714 38.404 3.552 1.651 1.749 0.018
25 116 3 89.414 156.796 38.109 0.774 0.609 1.551 0.118
25 118 3 89.958 157.478 38.167 0.977 0.672 1.733 0.145
25 125 3 85.588 177.783 38.067 0.673 0.829 1.644 0.069
25 127 3 86.25 178.285 38.014 0.52 0.732 1.564 0.085
25 129 3 96.985 145.322 38.24 0.329 0.295 0.875 0
25 139 5 84.999 179.859 38.026 0.636 0.61 1.471 0.288
25 140 5 86.686 181.152 37.964 3.226 1.651 1.491 0.057
25 155 3 85.388 180.268 38.02 0.582 0.594 1.564 0.186
26 113 1 95.481 127.9 37.978 3.169 1.621 1.106 0.015
26 116 3 89.326 157.543 38.125 0.78 0.506 1.566 -0.122
26 118 3 89.786 158.277 38.154 0.589 0.524 1.681 -0.038
26 125 3 85.311 178.369 38.086 0.657 0.72 1.627 -0.332
26 127 3 86.061 178.746 38.037 0.427 0.617 1.59 -0.029
26 129 3 97.056 146.008 38.326 0.677 0.521 1.25 0.047
26 139 5 84.847 180.342 37.992 0.525 0.708 1.454 -0.125
26 140 5 86.664 181.566 37.965 3.996 1.818 1.513 0.089
26 155 3 85.274 180.852 38.019 0.437 0.55 1.585 -0.079
26 174 1 72.029 214.545 37.646 4.064 1.605 1.296 3.127
27 113 1 95.406 128.904 37.918 1.54 1.278 0.667 1.557
27 116 3 89.263 158.179 38.139 0.576 0.621 1.436 1.425
27 118 3 89.797 158.784 38.198 0.543 0.744 1.684 -0.233
27 125 3 85.189 178.951 38.098 0.387 0.876 1.631 -3.038
27 127 3 85.952 179.386 38.067 0.427 0.543 1.573 -2.767
27 129 3 96.965 146.452 38.433 0.378 0.632 1.143 0.015
27 139 5 85.03 181.217 38.165 0.817 0.824 1.342 -1.759
27 140 5 86.561 181.648 37.98 4.236 1.871 1.508 0.026
27 174 1 72.711 210.471 37.784 3.789 1.832 1.48 -3.045
28 113 1 95.181 129.384 37.924 0.154 1.281 0.342 -0.017
28 116 3 89.091 158.841 38.028 0.641 0.624 1.444 0.028
28 118 3 89.684 159.428 38.122 0.518 0.62 1.697 0.161
28 125 3 85.078 179.405 38.086 0.526 0.841 1.681 -0.113
28 127 3 85.808 179.878 38.024 0.326 0.678 1.618 0.302
28 129 3 96.754 147.051 38.436 0.415 0.349 1.036 -0.001
28 139 5 85.01 181.925 38.009 0.533 0.551 1.514 0.375
28 140 5 86.559 181.753 38.028 4.393 1.811 1.568 0.067
28 174 1 73.409 206.721 37.838 4.072 1.89 1.459 -3.132
28 175 4 76.749 239.069 37.645 0.638 0.537 1.087 0.05
28 177 4 75.701 243.916 37.501 0.496 0.537 1.185 0.041
28 179 3 84.563 181.523 38.017 0.335 0.542 1.525 0.469
29 116 3 88.967 159.35 37.982 0.721 0.578 1.358 -2.93
29 118 3 89.534 159.963 38.211 0.363 0.674 1.715 -3.047
29 125 3 84.974 179.828 38.106 0.5 0.867 1.646 -3.087
29 127 3 85.773 180.278 38.043 0.673 0.382 1.511 -3.055
29 129 3 96.756 147.483 38.348 0.294 0.383 1.142 3.138
29 139 5 84.846 182.307 38.05 0.484 0.655 1.608 0.381
29 140 5 86.468 181.908 37.999 4.111 1.783 1.489 0.044
29 174 1 74.022 202.805 37.936 4.224 1.915 1.494 3.141
29 175 4 76.512 240.05 37.563 0.532 0.423 1.381 0.035
29 177 4 75.535 244.589 37.578 0.306 0.535 1.17 -0.036
29 179 3 84.475 181.962 38.028 0.58 0.588 1.476 0.468
29 183 3 111.437 214.951 38.605 0.472 0.312 1.175 -2.539
30 116 3 88.844 159.885 38.075 0.493 0.557 1.562 0.032
30 118 3 89.365 160.431 38.156 0.466 0.543 1.744 0.003
30 125 3 84.744 180.238 38.102 0.642 0.831 1.651 0.025
30 127 3 85.473 180.798 38.035 0.346 0.277 1.612 0.038
30 129 3 96.526 147.946 38.512 0.174 0.548 0.743 0
30 139 5 84.784 182.629 38.068 0.748 0.55 1.572 0.025
30 140 5 86.444 182.092 37.994 3.631 1.866 1.519 0.009
30 174 1 74.647 198.995 38.013 4.426 1.885 1.543 -3.134
30 175 4 76.308 240.807 37.733 0.847 0.35 1.223 0.029
30 177 4 75.318 245.539 37.59 0.591 0.496 1.328 0.017
30 179 3 84.409 182.373 38.022 0.617 0.569 1.504 -0.029
30 183 3 111.83 215.075 38.72 0.281 0.311 1.168 1.252
31 116 3 88.746 160.535 38.017 0.625 0.432 1.579 0.371
31 118 3 89.119 161.041 38.167 0.363 0.581 1.672 0.044
31 125 3 84.664 180.818 38.094 0.81 0.691 1.634 0.027
31 127 3 85.278 181.153 38.035 0.453 0.287 1.574 0.015
31 139 5 84.702 183.3 38.075 0.503 0.598 1.604 0.184
31 140 5 86.49 182.022 37.97 3.659 1.937 1.489 0.04
31 174 1 75.218 195.495 38.062 4.278 1.96 1.604 -3.137
31 175 4 76.096 241.924 37.601 0.449 0.582 1.175 0.047
31 177 4 75.206 246.352 37.686 0.468 0.525 1.263 0.008
31 179 3 84.339 182.959 38.026 0.47 0.606 1.522 0.321
31 183 3 111.394 214.763 38.636 0.47 0.584 1.623 1.061
31 187 3 111.001 213.698 38.488 0.28 0.577 1.165 -0.741
31 188 3 52.387 210.475 38.783 0.62 0.472 1.455 1.467
31 189 3 60.605 205.739 38.221 0.552 0.6 1.582 1.279
32 116 3 88.571 161.134 38.105 0.494 0.429 1.194 -0.021
32 118 3 89.012 161.65 38.103 0.535 0.557 1.635 -0.009
32 125 3 84.506 181.345 38.03 0.63 0.655 1.513 0.001
32 127 3 85.086 181.714 37.924 0.359 0.273 1.249 0.013
32 139 5 84.631 183.862 38.027 0.361 0.578 1.613 0
32 140 5 86.502 181.97 38.026 3.777 1.937 1.458 0.004
32 174 1 75.87 191.774 38.045 4.079 1.713 1.535 -3.141
32 175 4 75.784 242.821 37.641 0.575 0.522 1.324 0.012
32 177 4 75.032 247.388 37.607 1.05 0.502 1.176 0.019
32 179 3 84.258 183.503 38.018 0.406 0.726 1.438 0
32 183 3 111.002 214.374 38.62 0.45 0.492 1.4 2.074
32 187 3 110.671 213.253 38.571 0.688 0.643 1.501 2.074
32 188 3 52.371 210.132 38.707 0.548 0.427 1.79 1.489
32 189 3 60.211 205.908 38.302 0.899 0.671 1.616 0.967
33 116 3 88.426 161.757 38.176 0.393 0.475 1.455 -0.84
33 118 3 88.957 162.259 38.157 0.486 0.645 1.479 -0.897
33 125 3 84.481 181.788 38.133 0.467 0.606 1.565 -2.985
33 127 3 85.113 182.185 37.982 0.265 0.468 1.419 -2.983
33 139 5 84.616 184.39 38.012 0.394 0.501 1.447 -2.982
33 140 5 86.419 181.949 37.945 3.765 1.649 1.439 0.035
33 174 1 76.524 187.858 38.051 4.033 1.7 1.493 3.13
33 175 4 75.612 243.735 37.753 0.848 0.511 1.211 -0.027
33 177 4 74.906 248.343 37.586 0.691 0.43 1.328 -0.027
33 179 3 84.176 184.018 38.011 0.47 0.537 1.461 -2.982
33 183 3 110.496 214.048 38.75 0.58 0.647 1.562 -1.51
33 187 3 110.158 212.81 38.569 0.603 0.568 1.418 -0.923
33 188 3 52.203 209.916 38.884 0.519 0.58 1.544 1.623
33 189 3 59.724 206.154 38.334 0.827 0.592 1.673 0.988
34 116 3 88.257 162.352 38.065 0.381 0.593 1.37 0
34 118 3 88.826 162.82 38.24 0.472 0.499 1.687 0.007
34 125 3 84.355 182.339 38.078 0.287 0.487 1.432 0.109
34 139 5 84.46 184.857 38.106 0.46 0.355 1.436 1.657
34 140 5 86.078 181.941 38.02 3.702 2.263 1.475 -0
34 174 1 77.15 183.891 38.152 4.045 1.678 1.463 0.006
34 175 4 75.502 244.563 37.618 0.785 0.526 1.248 0.06
34 177 4 74.842 249.235 37.799 0.608 0.511 1.22 0.06
34 179 3 84.068 184.55 37.982 0.271 0.424 1.211 -2.994
34 183 3 110.147 213.618 38.836 0.506 0.576 0.925 -2.763
34 187 3 109.57 212.202 38.683 0.522 0.673 0.916 1.304
34 188 3 51.945 209.663 38.697 0.443 0.568 1.717 1.61
34 189 3 59.319 206.413 38.374 0.505 0.644 1.612 1.497
34 201 1 70.57 272.241 37.426 0.933 1.756 1.552 0.031
35 116 3 88.657 163.577 38.21 0.178 0.467 1.436 0.06
35 118 3 88.165 162.92 38.005 0.366 0.594 1.128 0.06
35 125 3 84.321 182.862 38.154 0.234 0.546 1.325 -0.044
35 139 5 84.453 185.501 38.112 0.501 0.497 1.371 0.115
35 140 5 86.224 182.05 38.023 3.567 1.313 1.494 0.039
35 174 1 77.822 180.007 38.138 3.941 1.7 1.489 -3.128
35 175 4 75.392 245.518 37.729 0.84 0.547 1.399 0.025
35 177 4 74.772 249.971 37.6 0.795 0.498 1.41 3.077
35 179 3 84.077 185.133 38.033 0.288 0.381 1.292 0.116
35 187 3 109.059 211.971 38.983 0.174 0.406 0.844 1.3
35 188 3 51.637 209.412 38.907 0.399 0.54 1.302 1.602
35 189 3 58.832 206.51 38.351 0.294 0.555 1.615 1.602
35 201 1 70.501 273.042 37.395 2.464 1.694 1.515 0.023
36 116 3 88.473 164.218 38.194 0.31 0.477 1.263 -3.138
36 118 3 87.9 163.54 38.065 0.312 0.351 1.538 -3.138
36 125 3 84.134 183.351 38.046 0.187 0.328 1.109 0.084
36 139 5 84.256 185.941 37.97 0.308 0.52 1.403 0.209
36 140 5 85.922 182.492 37.982 2.54 0.822 1.168 0.034
36 174 1 78.267 177.373 37.991 1.242 1.629 0.884 -3.1
36 175 4 75.263 246.631 37.739 1.217 0.558 1.429 0.021
36 177 4 74.603 251.097 37.61 1.235 0.617 1.373 0.021
36 179 3 83.841 185.578 37.989 0.465 0.545 1.337 0.209
36 188 3 51.308 209.331 38.989 0.367 0.569 1.364 1.628
36 189 3 58.377 206.681 38.44 0.528 0.951 1.643 1.583
36 201 1 70.552 272.284 37.596 1.065 1.733 1.356 0.042
36 211 3 85.037 183.746 38.039 0.265 0.476 1.106 0.084
37 125 3 84.131 183.851 38.323 0.148 0.372 0.939 0.024
37 140 5 86.149 181.904 38.022 3.759 1.078 1.431 0.047
37 174 1 78.863 173.611 37.781 0.977 1.513 0.677 -3.139
37 175 4 75.141 247.723 37.741 1.513 0.561 1.519 0.02
37 177 4 74.435 252.056 37.652 1.285 0.571 1.417 0.036
37 179 3 83.748 186.197 37.921 0.217 0.535 1.372 0.04
37 189 3 57.843 206.543 38.787 0.602 0.443 0.703 0
37 201 1 70.397 273.336 37.595 3.15 1.761 1.457 0.059
37 211 3 85.07 184.276 38.103 0.435 0.377 1.353 -0.006
37 212 3 106.944 211.87 38.776 0.458 0.703 1.364 -1.621
38 125 3 84.287 184.411 37.983 0.227 0.331 1.738 -0.037
38 140 5 85.95 182.366 37.892 2.382 0.492 1.301 0.032
38 175 4 75.054 248.668 37.74 1.56 0.557 1.534 0.047
38 177 4 74.296 252.79 37.686 1.08 0.588 1.532 0.047
38 179 3 83.82 186.833 37.94 0.459 0.797 1.793 0.005
38 201 1 70.365 273.624 37.545 3.707 1.768 1.629 0.024
38 211 3 84.931 184.75 37.957 0.564 0.46 1.771 0.072
38 212 3 106.311 211.811 38.983 0.257 0.619 1.248 1.107
39 140 5 85.822 183.392 37.757 0.906 0.79 1.174 0.001
39 175 4 74.881 249.639 37.755 1.616 0.525 1.502 0.034
39 177 4 74.139 253.775 37.746 1.16 0.514 1.474 0.039
39 179 3 83.832 187.368 38.09 1.06 0.712 1.346 -1.081
39 201 1 70.383 273.648 37.586 3.715 1.823 1.441 0.01
39 211 3 84.911 185.346 38.062 0.348 0.45 1.337 0
39 212 3 105.774 211.591 38.984 0.393 0.565 1.059 0.406
39 219 1 67.85 293.692 37.406 3.174 1.279 1.563 0.033
39 220 3 53.689 249.141 38.024 0.217 0.426 1.58 -2.97
39 222 3 55.026 248.595 38.117 0.416 0.457 1.577 -1.657
40 175 4 74.731 250.579 37.769 1.44 0.611 1.513 0.015
40 177 4 73.862 254.919 37.724 1.632 0.585 1.479 0.015
40 179 3 83.379 187.805 38.017 0.507 0.505 1.117 -0.107
40 201 1 70.344 273.794 37.634 4.037 1.833 1.665 -0.001
40 211 3 84.843 185.759 38.112 0.572 0.43 1.422 -0.014
40 212 3 105.164 211.469 38.91 0.304 0.438 0.921 1.546
40 219 1 68.047 292.296 37.526 0.762 1.051 1.025 0.015
40 220 3 53.82 248.556 38.143 0.674 0.666 1.49 -2.724
40 222 3 55.037 248.605 38.175 0.424 0.574 1.634 -1.966
41 175 4 74.455 251.798 37.792 2.013 0.63 1.535 -0.034
41 177 4 73.592 255.963 37.772 1.708 0.686 1.536 -0.034
41 179 3 83.279 188.294 37.819 0.375 0.589 1.227 -0.003
41 201 1 70.345 273.829 37.68 4.088 1.908 1.625 -0.021
41 219 1 67.907 293.49 37.578 3.168 1.365 1.336 -0.021
41 220 3 53.999 247.892 38.105 0.414 0.566 1.473 -2.527
41 222 3 55.05 248.639 38.158 0.415 0.641 1.652 -1.697
42 175 4 74.316 252.649 37.835 1.709 0.819 1.527 0.1
42 177 4 73.298 256.758 37.811 1.653 0.649 1.497 0.1
42 201 1 70.329 273.779 37.711 4.195 1.836 1.654 0.019
42 219 1 68.061 293.467 37.554 3.133 1.751 1.361 -0.001
42 220 3 54.099 247.228 38.109 0.748 0.504 1.562 3.142
42 222 3 54.983 248.628 38.14 0.72 0.392 1.761 3.142
42 229 1 51.6 306.304 37.233 1.698 2.099 0.93 -3.126
43 175 4 74.092 253.446 37.808 1.818 0.677 1.466 -0.01
43 177 4 72.985 257.81 37.804 1.808 0.748 1.47 -0.033
43 201 1 70.351 273.793 37.735 4.12 1.945 1.638 -0.027
43 219 1 68.103 293.5 37.48 3.192 1.91 1.507 -0.023
43 220 3 54.312 246.714 38.091 0.416 0.515 1.509 1.452
43 222 3 55.019 248.595 38.234 0.32 0.603 1.681 -1.567
43 229 1 52.4 304.642 37.208 0.654 1.68 0.644 3.071
44 175 4 73.988 254.23 37.858 1.831 0.757 1.492 -0.015
44 177 4 72.721 258.571 37.852 1.822 0.703 1.518 0
44 201 1 70.364 273.826 37.802 4.227 1.921 1.748 0.021
44 219 1 67.999 293.867 37.549 3.9 1.819 1.608 -0.001
44 220 3 54.391 246.005 38.097 0.684 0.724 1.471 3.113
44 222 3 54.918 248.634 38.212 0.616 0.505 1.748 -0.084
44 229 1 52.885 303.907 37.478 2.461 1.769 1.289 -2.907
45 175 4 73.716 255.205 37.843 1.761 0.697 1.534 0.068
45 177 4 72.48 259.405 37.836 1.709 0.735 1.496 0.068
45 201 1 70.299 273.833 37.839 4.148 1.918 1.677 -0.009
45 219 1 68.046 293.655 37.611 3.528 1.916 1.537 -0.053
45 220 3 54.658 245.429 38.088 0.577 0.584 1.44 -3.075
45 222 3 54.738 248.783 38.191 0.383 0.671 1.648 -0.657
45 229 1 53.601 302.733 37.5 3.729 1.891 1.396 -2.836
46 175 4 73.396 256.369 37.84 1.204 0.662 1.535 0.041
46 177 4 72.144 260.33 37.827 1.661 0.575 1.529 0.191
46 201 1 70.252 273.869 37.838 4.26 1.789 1.72 -0
46 219 1 67.998 293.881 37.622 3.972 1.841 1.61 0.002
46 220 3 54.824 244.738 38.066 0.7 0.656 1.433 -3.115
46 222 3 54.681 248.925 38.181 0.438 0.618 1.691 -0.007
46 229 1 54.519 300.64 37.541 3.538 1.862 1.491 -2.907
47 175 4 73.183 257.145 37.821 1.5 0.665 1.49 0.029
47 177 4 71.738 261.336 37.799 1.35 0.554 1.508 0.122
47 201 1 70.218 273.999 37.896 4.474 1.821 1.748 -0.013
47 219 1 67.985 293.916 37.691 4.084 1.976 1.643 0.015
47 220 3 54.997 244.073 38.156 0.572 0.562 1.566 -3.095
47 222 3 54.788 249.121 38.253 0.371 0.685 1.705 3.114
47 229 1 55.477 298.033 37.49 2.699 2.036 1.45 -3.138
48 175 4 72.961 258.107 37.873 1.171 0.442 1.445 0.003
48 177 4 71.596 262.205 37.793 1.542 0.546 1.429 0.003
48 201 1 70.196 274.189 37.874 4.494 1.808 1.701 0.001
48 219 1 67.988 293.894 37.715 4.039 1.872 1.651 0.001
48 220 3 55.318 243.336 38.476 0.305 0.193 0.844 3.096
48 222 3 54.803 249.292 38.164 0.642 0.576 1.592 3.066
48 229 1 55.895 296.376 37.644 4.101 1.897 1.461 -3.045
49 175 4 72.743 258.916 37.857 0.99 0.512 1.433 0.008
49 177 4 71.455 263.156 37.819 1.581 0.6 1.511 0.008
49 201 1 70.31 274.322 37.877 4.418 1.981 1.707 0.007
49 219 1 67.946 293.951 37.713 4.146 1.928 1.682 0.01
49 220 3 55.403 242.839 38.223 0.392 0.499 1.292 3.026
49 222 3 54.898 249.151 37.952 0.7 0.212 1.043 -3.142
49 229 1 56.359 294.182 37.671 4.287 2.016 1.473 -3.088
50 175 4 72.548 259.587 38.013 0.53 0.383 1.122 0
50 177 4 71.139 264.299 37.825 1.121 0.594 1.431 0.032
50 201 1 70.283 274.369 37.884 4.327 1.954 1.713 0.032
50 219 1 67.938 293.964 37.754 4.23 1.947 1.693 0.032
50 220 3 55.582 242.157 38.111 0.698 0.489 1.144 3.114
50 222 3 54.822 249.489 38.237 0.482 0.377 1.421 3.047
50 229 1 56.658 292.112 37.711 4.542 1.926 1.498 3.127
50 234 4 45.016 341.307 37.52 0.952 1.625 1.268 -3.105
51 175 4 72.277 260.448 37.931 0.449 0.281 0.996 0
51 177 4 70.936 265.223 37.789 0.936 0.62 1.465 -0.175
51 201 1 70.284 274.338 37.849 4.408 1.97 1.685 -0.004
51 219 1 67.837 294.053 37.771 4.341 1.945 1.694 -0.049
51 220 3 55.82 241.438 38.156 0.3 0.399 1.279 -0.076
51 222 3 54.808 249.503 38.193 0.52 0.421 1.297 0.041
51 229 1 56.775 290.138 37.742 4.568 1.98 1.508 3.073
51 234 4 45.528 341.148 37.393 1.824 0.827 1.366 -3.117
52 175 4 72.03 261.301 37.896 0.333 0.311 1.056 -0.006
52 177 4 70.783 266.124 37.78 1.085 0.524 1.458 -0.074
52 201 1 70.248 274.422 37.847 4.276 1.851 1.619 0.006
52 219 1 67.826 294.203 37.788 4.551 1.938 1.695 -0.018
52 220 3 56.091 240.803 38.235 0.352 0.496 1.062 3.141
52 222 3 54.924 249.285 38.217 0.841 0.356 1.185 3.142
52 229 1 56.836 288.342 37.76 4.365 1.738 1.483 3.019
52 234 4 45.625 340.602 37.593 1.765 0.778 1.552 3.14
53 175 4 71.682 262.21 37.866 0.502 0.315 1.316 0.004
53 177 4 70.62 267.05 37.819 0.828 0.562 1.535 0.004
53 201 1 70.248 274.471 37.854 4.162 1.802 1.656 0.005
53 219 1 67.897 294.368 37.792 4.318 2.03 1.663 0.032
53 222 3 55.022 249.312 39.592 0.868 0.905 2.734 3.136
53 229 1 56.847 286.508 37.759 4.181 1.879 1.457 3.002
53 234 4 45.627 340.283 37.587 2.36 0.778 1.409 3.065
54 175 4 71.517 263.028 37.999 0.455 0.39 1.202 0.002
54 177 4 70.395 267.938 37.767 0.629 0.568 1.391 -0.068
54 201 1 70.28 274.444 37.897 4.122 1.915 1.624 0.004
54 219 1 67.856 294.413 37.815 4.261 1.961 1.683 0.025
54 222 3 54.848 249.56 38.128 0.211 0.356 1.51 3.14
54 229 1 56.931 284.683 37.794 4.253 1.791 1.458 3.061
54 234 4 45.723 339.506 37.665 1.934 1.008 1.605 -3.078
55 177 4 70.015 268.952 37.736 0.66 0.456 1.374 0.102
55 201 1 70.261 274.546 37.86 4.063 1.973 1.646 -0.002
55 219 1 67.854 294.485 37.788 4.221 2.014 1.711 0.006
55 229 1 56.99 283.034 37.77 4.126 1.74 1.418 3.061
55 234 4 45.726 339.029 37.631 2.059 0.941 1.518 -0
56 177 4 69.652 269.949 37.905 0.923 0.595 1.474 0
56 201 1 70.818 274.744 37.831 3.834 3.124 1.701 0
56 219 1 67.869 294.489 37.785 4.219 2.042 1.675 0.002
56 229 1 57.194 281.466 37.724 4.075 1.799 1.428 3.087
56 234 4 45.807 338.771 37.484 1.587 0.817 1.283 2.982
56 244 3 45.828 337.685 37.691 0.47 0.719 1.526 2.889
57 177 4 69.318 270.669 37.956 0.73 0.644 1.288 0.007
57 201 1 70.191 274.643 37.871 3.731 1.845 1.516 0.005
57 219 1 67.866 294.451 37.807 4.133 1.842 1.66 -0.028
57 229 1 57.308 280.119 37.8 3.799 1.819 1.404 0
57 234 4 45.74 338.822 37.565 1.099 0.642 1.248 -3.129
57 244 3 45.888 337.791 37.345 0.886 0.753 0.625 -3.135
57 247 3 45.858 337.025 37.712 0.35 0.693 1.533 3.136
57 252 3 45.698 299.256 37.668 0.526 0.797 1.23 1.525
57 254 5 41.176 351.552 37.445 2.609 0.431 1.223 -0.002
58 177 4 69.148 271.645 37.801 0.462 0.656 1.192 -2.66
58 201 1 70.093 275.562 37.757 1.89 1.741 1.349 -0.001
58 219 1 67.868 294.493 37.688 4.075 1.977 1.599 0.002
58 229 1 57.505 278.718 37.657 3.774 1.725 1.279 -3.136
58 244 3 45.798 338.083 37.57 1.264 0.872 1.29 2.975
58 247 3 45.871 336.843 37.782 1.202 1.033 1.608 -3.131
58 252 3 45.689 299.312 37.721 0.759 0.487 0.765 -0.015
58 254 5 41.149 351.546 37.367 2.6 0.536 1.208 3.093
59 177 4 68.903 272.596 37.84 0.464 0.506 1.157 -3.096
59 201 1 69.906 276.213 37.57 0.461 1.597 0.286 -0.015
59 219 1 67.89 294.516 37.783 4.026 1.888 1.471 0.016
59 229 1 57.445 278.739 37.658 1.316 1.641 1.288 -3.035
59 244 3 45.722 337.659 37.644 0.924 0.671 1.337 3.003
59 247 3 45.837 336.433 37.8 1.586 0.755 1.674 2.977
59 252 3 45.632 299.609 37.714 0.658 0.421 0.837 -0.005
59 254 5 41.121 351.678 37.402 2.396 0.392 1.123 3.07
60 201 1 69.946 276.051 37.656 0.549 1.67 0.623 -0.044
60 219 1 67.91 294.678 37.677 3.8 1.967 1.398 -0.013
60 229 1 57.588 277.596 37.996 1.437 1.659 1.052 3.078
60 244 3 45.764 337.017 37.676 0.794 0.93 1.318 3.054
60 247 3 45.877 335.865 37.816 1.516 0.927 1.595 3.054
60 252 3 45.563 299.746 38.131 0.363 0.428 0.511 -0.006
60 254 5 41.031 352.258 37.463 1.205 0.395 1.14 -0.125
61 219 1 67.85 294.774 37.681 3.435 2.044 1.328 0.049
61 229 1 57.614 277.162 37.777 0.467 1.673 0.696 3.092
61 244 3 45.709 336.516 37.853 1.009 0.889 1.613 -3.117
61 247 3 45.974 335.302 37.86 1.611 0.806 1.625 3.107
61 252 3 45.653 299.628 37.934 0.871 0.714 0.817 -0.013
61 254 5 41.023 352.391 37.33 1.384 0.297 0.997 3.138
61 260 3 76.173 374.746 38.151 0.621 0.44 1.474 -1.566
62 219 1 67.891 294.781 37.665 3.459 1.859 1.281 0
62 244 3 45.659 336.006 37.658 1.138 1.025 1.37 -3.037
62 247 3 46.015 334.798 37.838 1.478 0.921 1.63 -3.129
62 252 3 45.509 299.782 37.97 0.498 0.63 0.592 -0.009
62 254 5 41.078 352.32 37.289 1.291 0.31 0.79 -0.089
62 260 3 76.406 374.841 38.103 0.447 0.562 1.445 -0.008
62 263 1 66.461 398.017 38.201 3.53 0.735 1.461 1.641
62 265 1 48.992 398.819 38.004 3.034 0.731 1.321 1.612
63 219 1 67.625 295.758 37.482 1.634 1.595 0.717 0.027
63 244 3 45.919 335.598 37.461 1.122 0.52 1.346 -3.099
63 247 3 46.085 334.366 37.615 1.594 0.941 1.644 3.123
63 254 5 41.092 352.442 36.986 0.369 0.39 0.536 1.55
63 260 3 76.762 374.921 38.089 0.408 0.316 0.957 -2.039
63 263 1 59.087 397.168 38.19 3.784 1.652 1.341 1.576
63 265 1 41.022 397.39 37.773 2.271 0.735 1.283 1.578
64 219 1 67.585 295.548 37.361 2.183 1.639 1.559 0.024
64 244 3 46.031 334.992 37.343 1.144 0.514 1.32 -3.097
64 247 3 46.293 333.834 37.464 1.499 0.991 1.595 -3.106
64 254 5 41.145 352.461 36.891 0.348 0.364 0.615 -3.119
64 260 3 76.845 375.144 37.687 0.479 0.489 1.252 -0.014
64 263 1 51.678 395.839 37.942 4.04 1.701 1.498 1.605
64 265 1 34.308 396.543 37.682 4.062 1.008 1.208 1.541
65 219 1 67.076 295.794 37.074 1.214 2.035 1.167 -0.04
65 244 3 46.141 334.443 37.32 1.086 0.499 1.329 -2.947
65 247 3 46.466 333.229 37.433 1.355 0.924 1.502 0.171
65 254 5 41.169 352.48 36.92 0.292 0.323 0.671 -3.126
65 263 1 44.363 393.954 37.912 3.887 0.554 1.584 1.506
65 265 1 27.551 395.489 37.629 3.783 0.875 0.993 1.545
65 273 1 59.785 369.812 36.797 0.155 0.189 0.386 0.025
65 274 1 58.11 365.702 36.808 0.193 0.169 0.408 0
65 276 4 58.413 366.79 36.822 0.168 0.226 0.376 0.025
65 279 4 58.934 368.159 36.765 0.137 0.188 0.401 0.025
65 280 1 8.981 374.198 36.976 3.761 0.409 0.721 -1.559
66 244 3 46.317 333.943 37.187 0.656 0.4 1.141 -3.023
66 247 3 46.637 332.792 37.452 1.751 0.867 1.545 0.036
66 254 5 41.171 352.46 36.862 0.303 0.396 0.577 0.012
66 263 1 36.543 393.105 37.864 2.788 1.665 1.529 1.615
66 265 1 21.951 394.925 37.673 0.974 1.212 0.923 1.615
66 273 1 59.774 369.807 36.788 0.2 0.179 0.395 1.155
66 274 1 58.081 365.718 36.805 0.23 0.179 0.408 1.155
66 276 4 58.399 366.805 36.836 0.21 0.224 0.391 1.155
66 279 4 58.902 368.161 36.838 0.198 0.242 0.414 1.155
66 280 1 16.348 376.315 36.95 4.194 1.83 0.803 -1.534
66 283 3 77.42 375.296 37.752 0.549 0.563 1.457 -1.399
67 244 3 46.546 333.216 37.348 0.815 0.606 1.153 0.004
67 247 3 46.789 332.148 37.421 1.231 0.915 1.497 0.004
67 263 1 29.76 391.916 37.838 3.708 1.733 1.47 1.6
67 265 1 13.81 393.456 37.591 3.512 0.872 0.912 1.587
67 273 1 59.781 369.814 36.812 0.228 0.192 0.341 -2.378
67 274 1 58.073 365.703 36.807 0.234 0.19 0.442 1.022
67 276 4 58.378 366.833 36.803 0.176 0.212 0.457 2.793
67 279 4 58.931 368.208 36.814 0.238 0.192 0.396 2.793
67 280 1 23.372 377.709 37.192 4.548 1.921 1.391 -1.531
67 283 3 77.727 375.443 37.641 0.324 0.494 1.493 -1.661
67 287 3 101.921 379.974 37.687 0.227 0.575 1.225 1.473
67 290 1 33.221 401.854 37.18 2.195 0.429 0.68 2.638
68 244 3 46.614 332.965 37.221 0.743 0.48 0.962 0.001
68 247 3 46.882 331.804 37.35 1.619 0.967 1.288 0.006
68 263 1 23.455 390.817 38.023 1.473 1.67 0.976 1.645
68 273 1 59.746 369.837 36.788 0.228 0.222 0.317 2.497
68 274 1 58.045 365.715 36.81 0.179 0.252 0.339 -0.469
68 276 4 58.37 366.852 36.807 0.216 0.25 0.448 -0.469
68 279 4 58.904 368.223 36.796 0.234 0.205 0.43 0.732
68 280 1 30.593 378.849 37.358 4.452 1.805 1.465 -1.5
68 283 3 78.039 375.549 37.689 0.582 0.472 1.648 -1.472
68 287 3 101.222 379.899 37.561 0.327 0.455 1.092 -1.437
68 290 1 32.257 401.257 37.18 4.287 1.347 0.734 2.57
69 244 3 47.006 332.068 37.28 1.147 0.839 1.069 0.098
69 247 3 47.202 330.957 37.366 1.047 0.724 1.683 -2.989
69 263 1 15.208 389.375 38.076 3.218 1.705 1.071 1.707
69 273 1 59.723 369.839 36.825 0.147 0.222 0.318 -0.606
69 274 1 58.072 365.776 36.809 0.245 0.257 0.421 -0.587
69 276 4 58.335 366.904 36.794 0.292 0.222 0.434 -0.484
69 279 4 58.878 368.25 36.849 0.193 0.252 0.37 -0.612
69 280 1 37.63 380.146 37.466 4.608 1.733 1.635 -1.431
69 283 3 78.276 375.565 37.754 0.416 0.495 1.597 -1.218
69 287 3 100.685 379.69 37.62 0.323 0.534 1.07 -1.209
69 290 1 31.264 399.702 37.336 4.342 1.208 0.869 2.528
69 299 1 48.26 354.84 36.827 0.297 0.28 0.487 0.183
70 244 3 46.96 331.885 37.176 0.666 0.388 0.912 0.277
70 247 3 47.371 330.76 37.286 1.548 0.565 1.231 0.28
70 263 1 7.712 388.004 38.026 3.563 2.351 0.917 1.616
70 273 1 59.715 369.876 36.777 0.204 0.203 0.45 0.224
70 274 1 57.995 365.788 36.816 0.216 0.222 0.436 2.024
70 276 4 58.303 366.901 36.826 0.234 0.332 0.426 -2.924
70 279 4 58.859 368.251 36.792 0.214 0.224 0.436 -1.154
70 280 1 44.718 381.325 37.424 4.589 1.716 1.589 -1.329
70 283 3 78.486 375.669 37.665 0.491 0.447 1.341 -1.146
70 287 3 100.035 379.64 37.637 0.302 0.596 1.124 -1.409
70 290 1 29.858 398.398 37.517 4.511 1.207 1.206 2.397
70 299 1 48.266 354.865 36.829 0.163 0.207 0.38 -2.894
71 247 3 47.32 330.465 37.321 2.293 0.933 1.045 0.3
71 273 1 59.697 369.907 36.771 0.283 0.296 0.417 1.248
71 274 1 58.039 365.803 36.828 0.206 0.227 0.424 -0.022
71 276 4 58.308 366.941 36.83 0.24 0.273 0.496 -0.023
71 279 4 58.871 368.273 36.797 0.266 0.203 0.481 1.248
71 280 1 51.566 382.662 37.517 4.475 2.029 1.585 -1.235
71 283 3 78.803 375.738 37.666 0.408 0.588 1.537 -1.203
71 287 3 99.436 379.402 37.641 0.325 0.596 1.311 -1.243
71 290 1 28.367 397.068 37.512 4.268 0.678 1.155 2.404
71 299 1 48.266 354.886 36.833 0.296 0.197 0.394 1.85
71 304 5 89.147 408.468 37.555 1.187 0.498 0.879 1.917
72 247 3 47.556 329.885 37.255 2.406 0.731 1.507 -2.664
72 273 1 59.703 369.915 36.771 0.216 0.235 0.421 0.443
72 274 1 58.04 365.832 36.773 0.266 0.195 0.415 0.443
72 276 4 58.363 366.952 36.79 0.242 0.267 0.432 0.443
72 279 4 58.898 368.301 36.755 0.175 0.264 0.435 0.443
72 280 1 58.475 383.915 37.564 4.253 1.917 1.661 -1.045
72 283 3 79.013 375.807 37.675 0.551 0.6 1.654 -0.712
72 287 3 98.847 379.28 38.049 0.241 0.492 0.742 -1.027
72 290 1 26.383 396.028 37.559 4.342 1.05 1.399 2.432
72 299 1 48.309 354.91 36.838 0.273 0.159 0.318 1.85
72 304 5 83.831 407.703 37.412 1.215 0.431 1.11 2.074
73 247 3 47.569 329.306 37.278 2.144 0.893 1.736 -2.566
73 273 1 59.735 369.922 36.749 0.185 0.238 0.381 0.063
73 274 1 58.059 365.862 36.814 0.224 0.242 0.427 0.063
73 276 4 58.377 366.954 36.821 0.239 0.298 0.437 0.063
73 279 4 58.894 368.328 36.78 0.213 0.22 0.43 0.063
73 280 1 65.425 385.186 37.511 4.359 1.895 1.582 -0.89
73 283 3 79.303 375.662 37.543 0.499 0.314 1.517 0.993
73 287 3 98.311 379.039 37.883 0.335 0.219 0.388 0.705
73 290 1 24.074 395.468 37.449 3.893 1.965 1.326 2.453
73 299 1 48.295 354.878 36.841 0.228 0.163 0.245 1.985
73 304 5 79.17 406.968 37.507 0.802 0.699 1.147 2.39
73 307 5 2.895 367.749 37.292 0.925 0.646 1.327 2.19
74 247 3 47.664 328.708 37.247 2.077 0.756 1.53 -2.246
74 273 1 59.784 369.934 36.762 0.196 0.19 0.443 0.414
74 274 1 58.109 365.888 36.795 0.24 0.32 0.417 -0.65
74 276 4 58.423 366.961 36.796 0.307 0.291 0.509 0.353
74 279 4 58.902 368.353 36.776 0.2 0.192 0.417 0.156
74 280 1 72.407 386.365 37.547 4.164 1.973 1.715 -0.708
74 283 3 79.592 375.914 37.6 0.339 0.322 1.318 2.429
74 287 3 97.722 379.175 37.575 0.375 0.369 0.992 -2.374
74 290 1 21.406 394.298 37.443 4.086 1.772 1.215 2.632
74 299 1 48.32 354.883 36.799 0.234 0.128 0.417 2.371
74 304 5 74.119 406.212 37.512 1.583 0.662 1.477 2.42
74 307 5 6.194 368.422 37.222 0.942 0.638 1.153 -0.728
75 247 3 47.63 328.104 37.326 2.045 0.894 1.335 -2.069
75 273 1 59.834 369.918 36.787 0.25 0.257 0.456 -1.074
75 274 1 58.15 365.824 36.793 0.275 0.217 0.428 1.078
75 276 4 58.437 367.009 36.842 0.226 0.367 0.418 2.453
75 279 4 58.933 368.352 36.781 0.255 0.239 0.455 -2.734
75 280 1 79.285 387.721 37.54 4.273 1.905 1.584 -0.497
75 283 3 79.761 375.892 37.65 0.488 0.512 1.628 -0.656
75 287 3 97.224 379.084 37.674 0.573 0.449 1.258 2.628
75 290 1 18.579 393.252 37.407 3.444 1.69 1.138 2.795
75 299 1 48.342 354.857 36.799 0.233 0.157 0.343 2.552
75 304 5 69.235 405.306 37.498 2.082 0.717 1.3 2.823
75 307 5 9.475 368.928 37.266 0.869 0.647 1.257 -0.605
75 309 5 101 404.524 37.465 0.293 0.901 0.041 2.639
76 247 3 47.776 327.612 37.275 2.302 0.719 1.047 -1.884
76 273 1 59.876 369.947 36.782 0.235 0.184 0.435 -2.551
76 274 1 58.192 365.798 36.783 0.171 0.178 0.33 -2.5
76 276 4 58.483 366.965 36.799 0.211 0.176 0.49 -2.5
76 279 4 58.993 368.299 36.759 0.147 0.179 0.422 -2.5
76 280 1 86.252 389.042 37.509 4.166 1.829 1.481 -0.28
76 283 3 80.075 376.087 37.642 0.58 0.35 1.607 -0.218
76 287 3 96.531 378.927 37.686 0.284 0.436 1.128 2.889
76 304 5 65.272 404.702 37.422 1.207 0.768 1.25 2.88
76 307 5 12.688 369.373 37.28 0.916 0.651 0.99 -0.249
76 309 5 95.127 403.265 37.486 0.219 0.652 0.257 2.851
76 313 5 0 369.125 37.28 0.638 1.785 0.464 -0.249
77 247 3 47.803 327.149 37.175 2.491 0.787 1.061 1.483
77 273 1 59.876 369.921 36.797 0.191 0.202 0.404 3.142
77 276 4 58.495 366.915 36.84 0.133 0.173 0.387 -3.142
77 279 4 59.03 368.315 36.783 0.222 0.139 0.437 3.142
77 280 1 92.793 390.308 37.466 3.439 1.823 1.192 -0.131
77 283 3 80.329 376.007 37.719 0.724 0.589 1.692 -0.097
77 287 3 95.853 378.775 37.619 0.412 0.334 0.983 3.039
77 304 5 60.425 403.729 37.536 1.88 0.759 1.351 2.952
77 307 5 15.77 369.83 37.233 0.588 0.569 1.526 -0.118
77 309 5 90.976 402.667 37.65 4.453 1.473 0.738 3.005
77 313 5 3.512 369.874 37.412 1.901 1.999 0.768 -0.225
78 273 1 59.868 369.908 36.854 0.074 0.151 0.303 1.043
78 276 4 58.517 366.905 36.797 0.164 0.13 0.392 1.09
78 279 4 59.055 368.283 36.89 0.219 0.244 0.307 -0.821
78 280 1 100.068 391.756 37.342 3.978 1.812 0.919 -0.035
78 283 3 80.643 376.094 37.698 0.695 0.555 1.663 -0.104
78 287 3 95.18 378.659 37.783 0.483 0.48 1.172 3.049
78 304 5 56.187 402.74 37.579 1.576 0.612 1.454 3.102
78 307 5 19.212 370.321 37.21 0.861 0.593 1.174 -0.351
78 309 5 84.664 401.293 37.956 4.069 1.478 1.604 3.123
78 313 5 8.012 370.496 37.331 1.039 1.905 0.592 -0.085
79 276 4 58.538 366.894 36.855 0.164 0.13 0.384 0.836
79 279 4 59.068 368.285 36.818 0.118 0.11 0.334 0.836
79 280 1 106.869 393.135 37.488 3.698 1.716 1.214 -0.017
79 283 3 80.839 376.26 37.777 0.702 0.536 1.678 -0.013
79 287 3 94.549 378.513 37.661 0.633 0.386 1.351 3.141
79 304 5 51.766 401.821 37.452 1.902 0.569 1.093 3.133
79 307 5 22.385 370.786 37.265 0.871 0.632 1.27 -0.01
79 309 5 78.849 400.311 38.041 5.005 1.851 1.528 3.126
79 313 5 11.379 371.023 37.322 1.947 2.268 0.8 -0.01
79 323 1 88.913 404.735 37.381 4.503 1.707 0.904 3.091
80 276 4 58.565 366.859 36.797 0.163 0.148 0.419 -2.325
80 280 1 113.823 394.518 37.468 3.638 1.718 1.027 -0.018
80 283 3 81.179 376.381 37.772 0.631 0.569 1.738 0.043
80 287 3 93.856 378.355 37.939 0.568 0.323 0.79 0
80 304 5 47.735 400.893 37.508 1.185 0.462 1.233 3.121
80 307 5 25.69 371.083 37.137 1.043 0.453 1.268 0.003
80 309 5 72.83 398.636 38.002 5.083 0.906 1.549 3.115
80 323 1 81.776 403.621 37.696 4.844 1.801 1.377 3.104
81 280 1 119.597 395.831 37.768 1.111 1.767 1.394 0.008
81 283 3 81.405 376.41 37.808 0.598 0.5 1.679 -0.03
81 287 3 93.474 378.63 37.632 0.573 0.248 1.263 2.08
81 304 5 43.397 400.058 37.382 1.027 0.32 1.19 -3.105
81 307 5 28.792 371.145 37.217 0.685 0.718 0.995 -0.009
81 309 5 66.786 397.959 38.001 4.493 1.679 1.501 3.125
81 323 1 74.306 402.458 37.695 4.956 1.747 1.379 3.087
82 280 1 127.918 397.381 37.342 3.464 1.63 0.894 -0.033
82 283 3 81.678 376.444 37.803 0.59 0.533 1.72 0.029
82 287 3 92.804 378.423 37.776 0.598 0.517 1.586 3.133
82 304 5 38.827 399.171 37.439 1.175 0.297 0.895 -3.082
82 307 5 32.141 371.142 37.285 0.966 0.474 1.122 -0.021
82 309 5 60.294 396.623 38.049 4.64 1.572 1.442 3.136
82 323 1 66.766 401.129 37.753 4.743 1.616 1.424 3.09
82 326 1 105.314 406.667 37.643 1.434 0.714 0.784 3.046
83 280 1 133.784 398.604 37.523 0.968 1.74 0.82 0.016
83 283 3 81.965 376.6 37.782 0.423 0.512 1.67 0.045
83 287 3 92.159 378.396 37.756 0.496 0.605 1.245 -3.074
83 307 5 35.097 371.027 37.277 0.589 0.457 1.043 -0.003
83 309 5 53.944 395.477 37.617 4.447 1.815 1.124 3.123
83 323 1 59.127 399.907 37.571 4.068 1.74 0.829 -3.129
83 326 1 100.425 405.933 37.623 2.474 1.387 0.615 -3.1
84 280 1 141.002 400.018 37.408 1.105 1.826 0.676 -0
84 283 3 82.17 376.508 37.806 0.555 0.773 1.727 0.091
84 287 3 91.635 378.257 37.802 0.481 0.511 1.568 -3.044
84 307 5 38.235 371.141 37.313 0.696 0.578 0.847 2.693
84 309 5 49.361 394.61 37.692 0.568 1.538 1.007 3.142
84 326 1 94.712 404.37 37.584 1.652 0.796 0.698 -3.123
85 280 1 148.428 401.402 37.441 1.499 1.518 1 -0.026
85 283 3 82.358 376.391 37.796 0.473 0.59 1.694 -0.006
85 287 3 91.037 378.07 37.758 0.36 0.687 1.581 3.136
85 309 5 43.2 392.989 37.621 0.198 0.308 0.83 -3.142
85 326 1 91.317 403.384 37.709 1.96 0.278 0.906 3.142
86 280 1 155.484 402.697 37.918 0.908 1.405 1.029 0.076
86 283 3 82.532 376.27 37.718 0.698 0.548 1.656 3.032
86 287 3 90.346 377.797 37.744 0.396 0.684 1.5 3.032
86 326 1 85.422 402.648 37.54 2.922 1.584 0.665 -3.142
87 280 1 162.393 404.084 37.604 0.209 1.457 0.3 0.014
87 283 3 82.943 376.19 37.835 0.418 0.39 1.566 0.003
87 287 3 89.768 377.699 37.755 0.421 0.712 1.547 -3.129
87 326 1 80.503 401.11 37.403 1.128 0.694 0.186 3.142
88 283 3 83.127 376.086 37.814 0.387 0.554 1.524 0
88 287 3 89.113 377.469 37.727 0.242 0.593 1.473 3.142
89 283 3 83.38 375.942 37.875 0.355 0.464 1.592 -0.048
89 287 3 88.504 377.306 37.677 0.437 0.638 1.206 0.052
90 287 3 87.868 377.071 37.832 0.39 0.575 1.389 0.025
91 287 3 87.221 376.993 37.62 0.13 0.507 1.266 -0.042
91 333 1 165.252 422.846 37.971 1.675 0.674 0.502 -3.103
92 287 3 86.579 376.822 37.767 0.202 0.376 1.125 0
92 333 1 160.867 422.245 37.868 3.077 1.657 0.611 3.106
93 333 1 156.41 421.207 37.918 3.937 1.721 0.658 3.019
93 337 1 186.519 427.854 38.702 3.212 1.603 0.723 2.895
94 333 1 151.966 420.14 37.931 4.341 1.782 0.95 2.976
94 337 1 182.544 427.123 38.615 7.865 2.513 1.216 2.958
95 333 1 147.376 419.075 37.916 4.658 1.724 1.101 2.965
95 337 1 176.443 425.591 38.619 8.208 2.135 1.337 2.956
95 339 5 161.157 417.8 38.651 1.417 0.315 0.152 2.965
96 333 1 142.776 417.959 37.869 4.109 1.622 1.105 2.945
96 337 1 170.696 424.382 38.685 8.745 2.576 1.491 2.899
96 339 5 153.444 416.387 38.46 2.77 1.468 0.633 3.017
96 341 5 189.859 432.106 38.022 0.308 0.421 0.627 1.387
97 333 1 138.547 416.883 37.821 2.172 1.516 1.109 3.022
97 337 1 164.316 422.92 38.737 8.442 2.602 1.299 2.948
97 339 5 145.976 414.551 38.279 4.609 1.928 1.109 2.942
97 341 5 187.694 431.604 38.101 0.137 0.298 0.59 2.944
97 342 5 185.827 424.601 38.146 0.095 1.079 0.062 2.977
98 333 1 134.425 416.322 37.983 0.078 0.668 0.049 -3.084
98 337 1 158.584 421.446 38.615 8.289 2.649 1.631 3.032
98 339 5 140.819 413.641 38.044 0.21 0.917 0.446 -3.084
98 341 5 185.321 431.291 38.096 0.545 0.599 0.677 3.016
98 342 5 179.099 422.955 38.197 1.731 1.29 0.284 2.974
98 344 5 209.488 428.772 38.171 0.761 1.13 0.41 3.051
99 337 1 152.863 420.075 38.697 8.235 2.491 1.63 3.076
99 341 5 183.068 430.932 37.92 0.84 0.484 0.852 2.115
99 342 5 171.35 421.061 38.032 2.984 1.804 0.779 3.115
99 344 5 202.468 427.282 37.739 2.8 1.575 1.506 3.054
99 347 4 209.686 436.506 37.403 1.147 0.687 1.313 3.063
100 337 1 147.157 418.837 38.619 8.235 2.648 1.639 3.094
100 341 5 180.719 430.49 37.766 1.434 0.935 1.297 3.142
100 342 5 163.678 419.352 37.897 3.926 2.271 1.148 3.042
100 344 5 195.892 425.922 37.663 3.946 1.755 1.942 3.095
100 347 4 208.078 436.178 37.974 0.098 0.397 0.311 3.005
101 337 1 141.775 417.558 38.7 7.544 2.553 1.246 3.086
101 341 5 178.677 429.83 37.839 1.12 0.695 1.224 3.091
101 342 5 157.265 417.659 37.911 3.049 1.602 1.071 3.085
101 344 5 188.836 424.363 37.739 3.997 1.744 1.891 3.121
101 347 4 206.186 435.67 37.452 0.801 0.582 1.107 3.09
102 337 1 135.691 416.179 38.866 8.37 2.583 0.978 3.099
102 341 5 176.302 429.185 37.592 1.568 0.745 1.62 -3.131
102 344 5 181.757 422.805 37.811 4.03 1.678 1.882 3.099
102 347 4 203.969 435.353 37.33 1.199 0.605 1.142 3.136
102 350 1 187.836 427.1 37.534 2.625 0.909 1.545 3.118
102 351 1 211.923 428.226 37.202 3.925 1.699 0.814 3.106
103 337 1 130.748 415.037 38.834 6.67 2.333 0.787 3.095
103 341 5 174.128 428.528 37.714 0.776 0.322 0.471 3.016
103 344 5 174.741 421.281 38.081 3.799 1.734 1.425 3.086
103 347 4 202.216 434.895 37.431 0.7 0.584 1.332 3.114
103 350 1 179.715 425.74 37.607 4.375 1.702 1.586 3.096
103 351 1 205.211 426.789 37.644 3.977 1.637 1.195 3.062
103 353 1 226.514 435.185 37.31 3.677 0.928 1.163 3.058
103 354 3 224.518 444.131 37.673 0.393 0.645 1.573 -0.027
104 337 1 125.123 413.794 38.891 6.785 2.334 0.661 3.081
104 341 5 172.022 428.166 38.291 0.298 0.179 0.276 2.967
104 344 5 167.953 419.886 38.373 3.267 1.637 0.953 3.03
104 347 4 200.446 434.519 37.481 1.634 0.731 1.337 3.026
104 350 1 172.71 423.98 37.659 4.279 1.246 1.528 3.085
104 351 1 198.615 425.422 37.728 3.209 1.841 0.779 3.121
104 353 1 218.812 433.924 37.371 3.697 1.701 1.433 3.042
104 354 3 223.847 443.962 38.032 0.232 0.468 0.785 3.018
105 344 5 160.78 418.236 38.44 3.474 1.494 0.871 3.068
105 347 4 198.554 434.071 37.422 1.309 0.765 1.622 3.018
105 350 1 165.689 422.67 37.893 3.873 1.643 1.071 3.123
105 351 1 191.267 424.045 37.691 3.847 1.497 1.238 2.967
105 353 1 211.374 432.463 37.35 3.905 1.826 1.514 3.026
105 354 3 223.262 443.922 37.706 0.69 0.611 1.505 2.995
105 358 4 169.687 427.731 37.653 1.603 0.751 1.716 3.129
106 344 5 153.687 416.721 38.33 3.435 1.526 1.03 2.998
106 347 4 196.712 433.683 37.416 1.595 0.743 1.561 3.008
106 350 1 159.159 421.36 38.143 2.161 1.666 0.854 2.998
106 351 1 184.944 422.596 37.608 4.504 1.699 1.501 3.007
106 353 1 203.827 430.824 37.457 4.257 1.744 1.314 3.012
106 354 3 222.491 443.687 38.006 0.129 0.343 0.35 3.008
106 358 4 167.376 427.297 37.656 1.5 0.72 1.682 3.001
106 359 3 222.875 442.833 37.754 0.23 0.467 0.82 3.008
107 344 5 147.055 415.3 38.504 2.243 1.351 0.468 3.081
107 347 4 194.784 433.146 37.384 1.802 0.815 1.465 3.048
107 350 1 151.81 419.675 38.075 2.136 1.626 0.683 3.043
107 351 1 178.457 421.235 37.667 4.522 1.85 1.499 3.019
107 353 1 196.184 429.318 37.569 4.339 1.823 1.111 3.025
107 354 3 222.049 443.431 37.493 0.716 0.645 1.423 -0.03
107 358 4 165.315 426.941 37.778 1.49 0.787 1.403 2.922
107 359 3 222.171 442.774 37.476 0.797 0.505 1.434 -0.109
108 344 5 140.782 413.937 38.791 0.133 0.878 0.117 3.036
108 350 1 145.352 418.19 37.966 1.749 1.569 1.053 3.13
108 351 1 172.535 420.101 37.933 3.704 1.688 1.029 2.941
108 353 1 188.671 427.586 37.493 4.459 1.772 1.458 3.019
108 354 3 221.147 443.276 37.68 0.249 0.405 1.36 3.029
108 358 4 162.996 426.514 37.824 1.297 0.679 1.502 2.889
108 359 3 221.506 442.505 37.663 0.381 0.476 1.361 3.029
109 351 1 165.696 418.683 38.289 2.538 1.427 0.348 -0.05
109 353 1 181.203 425.923 37.537 4.429 1.678 1.452 3.028
109 354 3 220.701 443.026 37.538 0.467 0.192 1.116 2.979
109 358 4 161.095 426.085 37.884 1.143 0.704 1.266 3.001
109 359 3 220.9 442.474 37.66 0.552 0.53 1.351 3.005
109 362 1 232.989 433.571 37.38 1.829 2.028 1.194 -3.105
109 363 4 190.856 431.955 37.498 0.984 0.757 1.381 3.066
110 351 1 159.734 417.436 38.267 1.201 1.196 0.281 3.006
110 353 1 173.88 424.321 37.6 4.512 1.735 1.455 3.023
110 354 3 219.809 443.098 37.833 0.335 0.458 1.121 3.002
110 358 4 158.77 425.405 37.841 0.965 0.522 1.301 2.972
110 359 3 220.179 442.394 37.673 0.483 0.767 1.412 3.002
110 362 1 227.889 432.544 37.286 4.047 1.984 1.117 3.007
110 363 4 189.091 431.522 37.493 1.413 0.789 1.539 3.028
111 351 1 153.079 416.149 38.087 3.232 1.329 0.745 2.893
111 353 1 167.332 422.832 37.815 3.016 1.606 1.039 3.004
111 354 3 219.267 442.924 37.599 0.57 0.584 1.623 3.017
111 358 4 156.624 424.838 37.943 0.964 0.628 0.999 2.962
111 359 3 219.581 442.193 37.465 0.32 0.372 1.335 3.008
111 362 1 221.847 431.257 37.501 4.174 1.885 1.466 2.987
111 363 4 187.318 431.187 37.538 1.373 0.837 1.583 3.001
111 364 4 126.76 388.342 37.622 0.771 0.652 1.151 -0.148
112 353 1 160.01 421.324 38.012 2.92 1.872 0.632 3.016
112 354 3 218.484 442.818 37.622 0.393 0.418 1.599 3.142
112 358 4 154.717 424.294 38.344 0.272 0.429 0.368 3.082
112 359 3 218.777 442.054 37.487 0.376 0.528 1.32 -3.139
112 362 1 215.941 430.041 37.579 4.396 1.969 1.557 2.986
112 363 4 185.361 430.768 37.496 1.568 0.853 1.503 2.982
112 364 4 130.141 388.932 37.699 0.779 0.483 1.067 -0.088
113 353 1 152.736 419.604 37.847 2.913 1.806 1.032 3.02
113 354 3 217.85 442.648 37.638 0.525 0.485 1.578 3.086
113 358 4 152.36 423.74 38.004 0.87 0.583 0.966 3.08
113 359 3 218.072 441.942 37.62 0.692 0.508 1.592 3.06
113 362 1 209.954 428.694 37.597 4.265 1.953 1.747 2.99
113 363 4 183.509 430.405 37.523 1.59 0.769 1.576 3.03
113 364 4 133.339 389.628 37.609 1.252 0.637 1.329 -0.056
114 353 1 145.68 417.878 37.884 2.755 1.563 0.831 3.031
114 354 3 217.269 442.653 37.654 0.798 0.532 1.595 -3.112
114 358 4 150.343 423.148 38.016 0.672 0.495 0.823 2.952
114 359 3 217.548 441.821 37.64 0.497 0.438 1.591 3.109
114 362 1 203.119 427.258 37.581 3.357 1.956 1.761 3.008
114 363 4 181.668 429.955 37.518 1.509 0.821 1.494 3.055
114 364 4 136.96 390.393 37.489 0.961 0.626 0.875 -0.254
115 353 1 138.737 416.91 38.156 0.624 0.508 0.328 3.082
115 358 4 148.222 422.45 38.044 0.757 0.532 1.039 3.009
115 362 1 197.541 426.125 37.779 4.254 2.158 1.261 3.012
115 363 4 179.768 429.475 37.533 1.718 0.841 1.575 -3.141
115 364 4 140.015 391.214 37.445 1.582 0.656 1.107 0
116 358 4 146.23 421.791 38.059 0.524 0.492 0.9 3.084
116 362 1 191.371 424.723 37.808 4.581 2.146 1.411 2.949
116 363 4 177.962 428.996 37.566 1.79 0.901 1.589 3.046
116 364 4 143.676 392.104 37.471 0.892 0.596 1.156 -0.13
