0 1 3 44.412 328.859 37.714 0.774 0.617 1.469 2.43
0 3 1 0 333.232 37.611 4.219 2.079 1.412 0.07
0 4 3 49.751 367.723 37.466 0.534 0.584 1.458 0.739
0 11 1 73.834 362.537 37.156 4.076 1.726 0.81 -3.114
0 12 3 50.448 368.502 37.431 0.497 0.27 1.485 0.739
0 14 3 51.219 369.768 37.334 0.462 0.507 1.609 0.739
0 19 2 6.003 328.347 38.268 11.76 3.045 2.985 0.206
0 21 1 59.852 336.211 37.358 4.231 1.951 1.487 -0.007
1 1 3 43.11 328.71 37.682 1.01 0.564 1.616 -3.083
1 3 1 12.996 335.724 37.581 4.119 2.075 1.38 -0.018
1 4 3 51.193 367.763 37.581 0.439 0.573 1.644 0.853
1 11 1 60.202 359.956 37.362 4.944 1.827 1.503 -3.123
1 12 3 51.957 368.696 37.419 0.271 0.414 1.303 0.853
1 14 3 52.644 369.74 37.247 0.552 0.537 1.177 1.004
1 19 2 7.435 328.902 38.439 11.62 3.113 3.241 0.27
1 21 1 59.899 336.194 37.454 4.32 1.91 1.684 0.01
2 1 3 42.665 328.526 38.085 0.467 0.506 0.702 -0.025
2 3 1 18.981 336.831 37.585 3.856 1.995 1.458 0.018
2 4 3 51.906 367.754 37.899 0.449 0.347 1.064 -1.331
2 11 1 54.105 358.728 37.484 4.877 1.644 1.501 -3.125
2 12 3 52.659 368.713 38.056 0.204 0.364 0.723 -1.331
2 14 3 53.108 369.766 38.013 0.304 0.291 0.428 -1.331
2 19 2 8.194 329.341 38.365 11.48 2.785 3.237 0.279
2 21 1 59.999 336.203 37.491 4.467 1.855 1.634 0.012
2 24 3 71.645 370.92 37.36 0.799 0.347 1.122 3.104
2 26 4 115.038 345.379 37.035 0.506 0.508 1.177 0.045
2 29 4 61.76 364.678 37.203 1.565 0.723 1.215 -3.126
3 1 3 42.106 328.353 37.915 0.573 0.637 0.913 -3.112
3 3 1 25.162 337.926 37.573 3.875 2.034 1.5 0.02
3 4 3 52.592 367.941 37.518 0.295 0.462 1.532 1.609
3 11 1 48.225 357.8 37.537 4.842 1.766 1.532 -3.132
3 12 3 53.354 368.803 37.564 0.342 0.44 1.736 1.392
3 14 3 53.609 369.74 37.465 0.514 0.581 1.572 1.392
3 19 2 8.54 329.576 38.408 11.535 2.752 3.051 0.328
3 21 1 60.224 336.191 37.457 4.596 1.913 1.658 0
3 24 3 72.26 370.904 37.588 0.698 0.484 1.566 0.052
3 26 4 112.649 344.85 37.06 1.198 0.488 1.343 0.044
3 29 4 58.509 363.995 37.45 1.684 0.709 1.569 3.119
3 31 3 69.54 370.604 37.586 0.488 0.661 1.672 1.855
4 1 3 41.627 328.071 37.628 0.342 0.636 1.698 0.064
4 3 1 31.486 338.976 37.647 3.598 1.865 1.294 0.028
4 4 3 53.249 367.927 38.072 0.339 0.37 0.659 1.052
4 11 1 42.541 356.817 37.357 4.426 1.692 1.087 -3.136
4 12 3 54.096 368.809 37.533 0.351 0.36 1.734 -1.907
4 14 3 54.185 369.78 37.68 0.431 0.554 1.068 -1.669
4 19 2 10.955 331.022 38.38 8.06 2.764 3.307 0.368
4 21 1 60.347 336.174 37.493 4.53 1.795 1.644 0.012
4 24 3 72.833 370.878 37.621 0.443 0.474 1.642 0.021
4 26 4 110.451 344.499 37.146 1.213 0.533 1.423 3.139
4 29 4 55.219 363.361 37.442 1.702 0.613 1.52 -3.137
4 31 3 69.12 370.763 37.447 0.638 0.54 1.474 0.047
5 1 3 41.03 327.964 37.721 0.337 0.661 1.327 -0.005
5 3 1 37.501 339.993 37.534 3.968 1.985 1.428 0.007
5 4 3 53.749 368.034 37.513 0.662 0.648 1.743 -1.046
5 14 3 54.841 369.933 37.494 0.184 0.464 1.054 -0.736
5 19 2 11.396 331.276 38.404 9.75 2.771 3.159 0.386
5 21 1 60.427 336.079 37.463 4.419 1.925 1.656 0.01
5 24 3 73.379 370.871 37.625 0.457 0.51 1.55 0.088
5 26 4 108.564 344.043 37.068 1.341 0.609 1.447 -3.09
5 29 4 51.922 362.73 37.333 1.674 0.481 1.117 -3.117
5 31 3 68.619 370.87 37.809 0.449 0.584 1.237 -3.084
6 1 3 40.248 327.653 38.125 0.219 0.511 0.298 -3.103
6 3 1 44.926 341.265 37.508 4.195 2.1 1.444 0.025
6 4 3 54.66 368.146 38.154 0.157 0.318 0.62 3.035
6 14 3 55.374 369.989 37.514 0.568 0.485 1.586 3.035
6 21 1 60.547 335.977 37.468 4.364 1.98 1.605 -0.002
6 24 3 74.172 370.895 37.591 0.617 0.595 1.712 0.06
6 26 4 105.771 343.451 37.174 1.307 0.571 1.602 0.021
6 29 4 47.757 361.903 37.447 1.658 0.473 1.415 -3.049
6 31 3 67.873 371.071 38.048 0.405 0.461 0.772 1.654
6 46 1 138.056 352.52 37.002 0.424 1.179 0.542 0.052
7 3 1 60.311 343.944 37.381 3.988 2.063 1.292 0.038
7 21 1 60.56 335.884 37.406 4.177 1.928 1.701 0.046
7 24 3 75.753 370.744 37.56 0.32 0.633 1.624 2.5
7 26 4 100.889 342.299 37.286 1.788 0.714 1.667 -3.083
7 29 4 39.835 360.419 37.465 1.148 0.317 0.968 -2.787
7 46 1 138.642 349.239 36.981 0.353 0.68 1.375 -3.113
7 48 1 145.384 353.287 36.924 0.951 1.677 0.818 0.071
8 3 1 66.949 345.06 37.364 4.03 2.106 1.307 0.062
8 21 1 60.666 335.898 37.489 3.877 1.906 1.464 -0
8 26 4 98.699 341.875 37.317 1.811 0.817 1.621 -3.127
8 46 1 138.073 349.203 37.031 0.674 0.827 1.48 -3.13
8 48 1 148.141 353.572 36.859 1.11 1.738 1.044 -0.104
9 3 1 73.659 346.207 37.388 3.932 2.009 1.425 0.12
9 21 1 60.547 335.797 37.47 4.13 1.986 1.682 0.017
9 26 4 96.83 341.581 37.338 2.07 0.702 1.613 -3.1
9 46 1 137.354 349.198 37.101 0.748 0.748 1.489 -3.082
9 48 1 151.901 353.427 36.902 3.888 1.789 1.106 -0.22
10 3 1 80.237 347.424 37.409 4.308 2.031 1.432 0.055
10 21 1 61.533 335.827 37.512 2.257 1.859 1.293 0.101
10 26 4 94.907 341.284 37.29 1.501 0.614 1.573 -2.974
10 46 1 136.501 348.977 37.149 0.465 0.702 1.554 3.128
10 48 1 154.469 352.851 36.843 3.934 1.642 1.056 -0.398
11 3 1 86.996 348.806 37.392 4.233 2.151 1.499 -0
11 21 1 61.771 335.865 37.282 1.816 1.886 1.097 0
11 26 4 92.841 340.905 37.244 1.349 0.628 1.512 -3.1
11 46 1 135.994 348.887 37.161 0.772 0.732 1.581 -3.102
11 48 1 156.823 352.291 36.9 4.032 1.649 1.086 -0.433
12 3 1 96.422 350.461 37.419 4.278 1.995 1.495 0.028
12 26 4 89.939 340.256 37.411 0.966 0.637 1.304 3.136
12 46 1 134.983 348.508 37.233 0.377 0.827 1.572 -3.082
12 48 1 159.889 351.079 37.03 3.973 1.769 1.276 -0.577
12 56 2 177.525 333.44 38.514 11.092 3.03 3.356 1.595
12 59 5 163.426 378.513 37.505 3.206 0.929 0.732 -3.125
12 60 5 168.182 377.328 37.586 2.253 0.804 0.798 0.258
13 3 1 103.184 351.698 37.385 4.323 1.969 1.536 0.028
13 26 4 87.746 339.798 37.225 0.6 0.652 1.297 -3.121
13 46 1 134.348 348.316 37.266 0.569 0.732 1.665 2.879
13 48 1 161.84 349.915 36.938 3.872 1.753 1.193 -0.69
13 56 2 176.95 336.163 38.053 11.164 3.059 2.835 1.586
13 59 5 156.375 376.928 37.37 4.088 0.717 0.922 -3.102
13 60 5 162.798 375.397 37.436 0.559 1.022 0.287 -3.06
14 3 1 112.65 353.588 37.362 4.242 2.08 1.46 0.022
14 26 4 84.81 339.077 37.336 0.671 0.53 1.09 0.088
14 46 1 133.388 348.208 37.286 0.783 0.766 1.619 -1.415
14 48 1 164.415 347.95 37.092 4.051 1.718 1.318 -0.864
14 56 2 176.049 341.551 38.128 7.407 3.245 3.123 1.596
14 59 5 146.339 375.386 37.404 4.346 1.774 1.346 3.128
14 60 5 157.493 374.852 37.808 4.041 1.866 1.119 -3.139
15 3 1 120.69 355.082 37.373 4.339 1.971 1.535 0.054
15 26 4 82.351 338.641 37.393 0.771 0.499 1.154 -3.111
15 46 1 132.765 347.983 37.299 0.684 0.695 1.647 -2.987
15 48 1 165.945 346.303 37.147 3.333 1.813 1.45 -0.994
15 56 2 175.992 342.503 37.906 11.225 3.286 3.338 1.598
15 59 5 137.902 373.618 37.51 4.232 1.889 1.32 -3.094
15 60 5 151.558 373.694 37.727 4.444 1.722 1.076 -3.111
15 68 3 159.556 344.698 36.82 0.188 0.215 0.504 -1.751
15 71 1 188.014 383.296 37.506 3.466 0.572 1.153 -3.123
15 77 3 186.032 321.478 37.281 0.388 0.512 1.123 -1.491
15 78 3 159.521 346.692 36.673 0.144 0.176 0.323 -1.475
16 3 1 137.448 358.377 37.414 4.725 2.05 1.522 0.141
16 46 1 131.081 347.59 37.251 0.453 0.753 1.648 -3.041
16 48 1 168.79 341.052 37.17 4.145 1.649 1.382 -1.203
16 56 2 175.456 347.166 37.903 11.082 3.214 2.937 1.637
16 59 5 151.857 376.673 37.691 4.199 1.876 1.464 -3.013
16 60 5 138.973 371.438 37.779 4.305 1.658 1.292 -3.005
16 68 3 161.234 345.109 36.721 0.187 0.216 0.398 2.251
16 71 1 171.651 380.117 37.537 3.613 0.677 1.247 -3.046
16 77 3 186.254 323.101 37.539 0.348 1.464 0.925 -1.694
16 78 3 159.573 346.645 36.71 0.142 0.165 0.418 2.251
16 80 1 156.557 348.837 36.816 0.225 0.187 0.329 0.033
16 82 4 192.705 389.15 37.461 0.676 0.792 0.764 -2.979
17 3 1 143.715 359.514 37.386 4.771 1.919 1.555 0.201
17 46 1 130.372 347.476 37.337 0.419 0.694 1.555 -2.891
17 48 1 169.503 338.921 37.195 4.063 1.563 1.516 1.901
17 56 2 175.351 348.588 37.919 11.242 3.253 2.947 1.656
17 59 5 145.391 375.385 37.768 4.495 1.898 1.316 -2.974
17 60 5 134.615 370.491 37.821 2.978 1.391 1.06 -2.893
17 68 3 162.092 343.892 36.876 0.196 0.212 0.331 -0.615
17 71 1 165.663 379.308 37.586 4.262 1.539 1.27 -3.003
17 77 3 186.583 323.732 37.614 0.234 0.606 0.619 1.725
17 78 3 159.574 346.572 36.723 0.252 0.227 0.454 -0.577
17 80 1 156.589 348.801 36.757 0.16 0.184 0.472 -0.07
17 82 4 188.946 388.368 37.502 1.287 0.573 1.378 -2.894
18 3 1 149.963 360.757 37.42 4.877 2.184 1.554 0.31
18 46 1 129.694 347.357 37.213 0.615 0.767 1.53 -2.844
18 48 1 170.243 336.856 37.213 3.686 1.733 1.508 -1.167
18 56 2 175.323 349.908 37.901 11.104 3.229 2.735 1.727
18 59 5 139.043 374.275 37.791 3.984 1.756 1.3 -2.832
18 60 5 129.35 369.631 37.757 3.16 1.644 0.758 -2.832
18 68 3 162.127 343.869 36.822 0.157 0.165 0.367 0.32
18 71 1 159.182 378.224 37.625 2.992 1.586 1.068 -2.832
18 77 3 186.36 324.438 37.406 0.217 0.629 1.203 -1.299
18 78 3 159.594 346.581 36.689 0.242 0.203 0.465 0.32
18 80 1 156.607 348.798 36.742 0.157 0.148 0.451 0.32
18 82 4 185.503 387.721 37.56 1.505 0.706 1.22 -2.87
18 93 3 185.409 324.504 37.488 0.189 0.429 0.564 -1.299
18 94 5 179.404 341.386 36.891 1.736 0.309 0.641 -2.832
18 97 1 180.821 317.444 37.533 0.935 0.523 0.84 1.89
18 100 3 186.097 315.938 37.438 0.323 0.623 0.933 -1.317
19 3 1 156.129 361.672 37.395 4.749 1.649 1.49 0.403
19 46 1 128.911 347.238 37.217 0.544 0.739 1.638 -2.852
19 48 1 170.955 334.311 37.205 3.887 1.709 1.446 -1.094
19 56 2 175.353 351.134 37.875 11.081 3.201 2.747 1.804
19 59 5 132.773 373.225 37.788 2.72 1.64 1.312 -2.842
19 60 5 124.707 368.078 37.875 2.077 0.416 0.887 0.428
19 68 3 162.135 343.894 36.867 0.153 0.167 0.417 0
19 71 1 153.54 376.657 37.435 3.642 0.421 0.799 -2.756
19 77 3 186.158 325.094 37.466 0.32 0.815 1.381 1.906
19 78 3 159.621 346.598 36.745 0.193 0.21 0.498 0
19 80 1 156.65 348.765 36.787 0.202 0.248 0.468 0
19 82 4 181.578 386.812 37.355 0.359 0.873 0.765 -1.506
19 93 3 185.299 325.172 37.38 0.248 0.608 1.14 1.955
19 94 5 179.155 341.286 36.792 1.451 0.412 0.615 0.337
19 97 1 180.172 320.678 37.721 0.516 0.569 0.736 1.971
19 100 3 185.751 317.413 37.74 0.522 0.608 0.615 1.936
20 3 1 162.234 362.939 37.451 4.564 1.747 1.517 0.498
20 46 1 128.278 347.23 37.152 0.511 0.66 1.243 -2.457
20 48 1 171.594 331.603 37.2 4.176 1.599 1.294 -1.01
20 56 2 175.164 352.336 37.865 11.087 3.106 2.651 1.871
20 68 3 162.131 343.909 36.834 0.283 0.237 0.457 2.807
20 77 3 185.95 325.74 37.217 0.337 0.732 1.469 -1.18
20 78 3 159.616 346.538 36.722 0.216 0.227 0.502 -0.349
20 80 1 156.661 348.769 36.808 0.201 0.23 0.497 -0.271
20 93 3 185.19 325.768 37.336 0.504 0.436 1.166 -1.183
20 94 5 179.188 341.37 36.837 1.27 0.237 0.752 -2.655
20 97 1 179.634 324.002 37.539 1.603 0.618 1.3 1.991
20 100 3 185.307 318.626 37.415 0.296 0.512 0.833 -0.939
20 112 5 175.028 304.402 37.731 0.338 0.515 0.66 2.091
20 113 3 159.743 344.588 36.846 0.31 0.203 0.597 -3.114
21 3 1 168.311 364.1 37.434 4.603 1.832 1.517 0.611
21 46 1 127.573 347.158 37.192 0.389 0.787 1.532 -2.653
21 48 1 172.143 329.2 37.238 3.518 2.059 1.461 -0.846
21 56 2 175.355 353.652 37.83 11.411 3.1 2.553 1.98
21 68 3 162.185 343.853 36.823 0.189 0.312 0.615 3.107
21 77 3 185.913 326.409 37.33 0.398 0.697 1.656 2.243
21 78 3 159.608 346.549 36.772 0.164 0.199 0.488 3.098
21 80 1 156.624 348.714 36.794 0.174 0.289 0.532 2.582
21 93 3 185.142 326.451 37.249 0.373 0.59 1.366 2.243
21 94 5 179.195 341.274 36.85 0.433 1.375 0.751 2.199
21 97 1 179.054 327.262 37.425 1.928 0.753 1.551 -0.909
21 100 3 186.467 315.914 37.4 0.8 0.613 1.262 2.327
21 112 5 174.498 304.736 37.275 0.457 1.135 1.298 -0.771
21 113 3 159.707 344.525 36.874 0.298 0.264 0.67 -2.696
21 116 4 184.838 320.395 37.781 1.298 0.565 0.617 2.205
22 3 1 174.325 365.288 37.443 4.538 1.868 1.449 0.767
22 46 1 126.916 347.011 37.135 0.531 0.762 1.447 -2.44
22 48 1 172.853 326.269 37.273 4.079 1.713 1.481 -0.782
22 56 2 175.375 354.723 37.845 11.361 2.88 2.497 2.072
22 68 3 162.17 343.782 36.823 0.274 0.283 0.606 2.749
22 77 3 185.706 327.128 37.315 0.468 0.583 1.465 2.886
22 78 3 159.636 346.506 36.753 0.148 0.17 0.437 2.979
22 80 1 156.641 348.68 36.77 0.139 0.148 0.313 -3.064
22 93 3 185.046 327.092 37.268 0.483 0.664 1.252 -2.93
22 94 5 179.095 341.263 36.856 1.543 0.346 0.727 -2.446
22 97 1 178.504 330.272 37.385 2.016 0.732 1.54 2.235
22 100 3 184.459 321.317 37.366 1.078 0.557 1.221 2.473
22 112 5 174.32 305.569 37.316 1.223 1.292 1.537 2.328
22 113 3 159.686 344.553 36.9 0.3 0.364 0.629 2.863
22 116 4 186.278 317.397 37.26 1.465 0.618 1.285 2.244
22 121 5 166.912 338.067 37.102 1.783 0.199 1.288 2.32
22 122 3 180.807 347.938 37.308 0.614 0.592 1.569 2.332
22 129 3 173.256 299.466 37.305 0.283 0.509 1.442 -0.909
23 46 1 125.419 346.735 37.078 0.313 0.624 1.241 1.067
23 48 1 173.883 321.807 37.268 1.96 1.794 1.398 -0.565
23 56 2 176.027 357.424 37.953 11.203 2.906 2.628 2.214
23 68 3 162.19 343.728 36.8 0.243 0.324 0.489 -0.634
23 77 3 185.437 328.443 37.496 0.388 0.645 1.386 2.312
23 78 3 159.573 346.407 36.712 0.214 0.228 0.445 0.324
23 80 1 156.642 348.619 36.724 0.222 0.167 0.399 0.526
23 93 3 184.864 328.488 37.353 0.218 0.522 1.275 2.2
23 94 5 179.145 341.296 36.899 0.278 1.358 0.719 -0.544
23 97 1 177.721 335.666 37.347 2.105 0.707 1.62 2.623
23 100 3 183.497 324.525 37.247 1.181 0.638 1.434 2.743
23 112 5 173.89 306.428 37.459 1.248 1.628 1.337 -0.436
23 113 3 159.741 344.403 36.911 0.26 0.263 0.547 2.537
23 116 4 185.785 320.09 37.372 0.911 0.599 1.526 -0.902
23 121 5 166.889 338.089 37.137 1.662 0.206 1.24 -0.526
23 122 3 180.426 348.831 37.342 0.431 0.655 1.602 -3.002
23 129 3 172.921 300.746 37.07 0.351 0.483 1.35 -0.536
23 133 3 179.811 351.753 37.437 0.531 0.768 1.716 3.048
23 135 3 188.582 353.658 37.453 0.859 0.692 1.605 1.439
24 48 1 174.772 316.928 37.288 2.955 1.985 1.41 -0.339
24 56 2 177.205 360.566 38.119 12.283 2.849 2.829 2.303
24 68 3 163.563 340.963 36.89 0.324 0.229 0.603 1.482
24 77 3 185.175 329.617 37.33 0.79 0.834 1.6 2.825
24 80 1 156.603 348.595 36.76 0.209 0.22 0.411 -0.978
24 94 5 179.198 341.184 36.91 1.592 0.422 0.781 -1.933
24 97 1 177.462 339.534 37.356 2.136 1.005 1.585 2.759
24 100 3 182.958 326.6 37.297 1.756 0.631 1.637 2.838
24 112 5 174.272 306.88 37.33 0.472 0.425 1.435 2.791
24 113 3 159.718 344.37 36.886 0.364 0.345 0.654 -3.073
24 116 4 185.329 321.946 37.239 1.905 0.593 1.52 2.87
24 121 5 166.749 337.955 37.421 1.804 0.578 1.753 2.772
24 122 3 180.145 349.519 37.307 0.893 0.625 1.57 2.627
24 129 3 172.589 301.786 37.274 0.649 0.63 1.395 -0.176
24 133 3 179.391 352.429 37.402 0.639 0.711 1.693 2.112
24 135 3 190.571 354.13 37.452 1.608 0.701 1.507 1.396
24 146 3 184.512 329.533 37.272 0.271 0.587 1.542 2.883
24 150 1 167.4 335.74 36.86 0.365 0.3 0.692 2.761
24 151 4 173.632 307.125 37.34 1.34 0.782 1.415 2.759
25 48 1 175.367 313.66 37.294 3.033 2.025 1.399 -0.18
25 56 2 178.714 361.832 38.057 11.76 2.891 2.846 2.212
25 68 3 162.103 343.659 36.874 0.195 0.161 0.474 0.744
25 77 3 184.959 330.342 37.333 0.63 0.543 1.623 2.923
25 80 1 159.541 346.373 36.72 0.194 0.122 0.339 0.949
25 94 5 179.184 341.175 36.95 1.534 0.384 0.709 1.347
25 97 1 177.422 341.978 37.381 2.104 0.769 1.638 2.558
25 100 3 182.702 328.36 37.359 1.749 0.626 1.597 2.958
25 112 5 174.214 307.338 37.373 0.567 0.507 1.472 3.013
25 113 3 159.633 344.34 36.853 0.263 0.309 0.61 -1.21
25 116 4 184.744 323.464 37.333 1.719 0.682 1.579 2.958
25 121 5 166.818 337.93 37.171 1.626 0.47 1.316 2.977
25 122 3 179.933 349.993 37.322 0.692 0.396 1.555 2.936
25 129 3 172.438 302.642 37.311 0.528 0.474 1.434 2.965
25 133 3 179.029 353.029 37.441 0.631 0.765 1.739 3.008
25 135 3 191.95 354.547 37.533 1.389 0.684 1.508 1.641
25 146 3 184.379 330.278 37.289 0.355 0.578 1.546 2.895
25 150 1 167.399 335.755 36.814 0.315 0.303 0.589 2.865
25 151 4 173.411 307.775 37.17 1.271 0.794 1.326 3.013
25 159 3 176.92 285.043 37.34 0.071 0.369 0.761 2.924
26 48 1 176.018 308.896 37.326 3.03 1.848 1.455 -0.207
26 56 2 181.429 364.123 38.083 11.214 2.674 2.864 1.999
26 68 3 162.07 343.62 36.869 0.226 0.184 0.354 -3.002
26 77 3 184.636 331.519 37.379 0.462 0.557 1.661 2.984
26 80 1 159.515 346.363 36.692 0.099 0.143 0.384 1.739
26 94 5 179.062 341.113 36.92 1.352 0.34 0.798 1.393
26 97 1 178.108 345.154 37.35 1.897 0.631 1.628 2.747
26 100 3 182.432 330.989 37.357 1.753 0.696 1.593 3.022
26 112 5 174.053 308.418 37.32 0.366 0.513 1.442 2.974
26 113 3 159.572 344.277 36.867 0.196 0.216 0.518 -1.283
26 116 4 183.836 325.56 37.36 1.728 0.684 1.59 3.074
26 121 5 166.839 337.92 37.146 1.672 0.35 1.264 3.014
26 122 3 179.63 350.869 37.341 0.44 0.531 1.509 2.513
26 129 3 172.126 303.788 37.27 0.456 0.635 1.329 3.07
26 133 3 178.573 353.85 37.372 0.45 0.765 1.664 3.088
26 135 3 193.797 355.461 37.566 1.247 0.745 1.312 1.934
26 146 3 184.055 331.291 37.314 0.433 0.532 1.547 2.984
26 150 1 167.38 335.619 36.846 0.315 0.32 0.677 3.034
26 151 4 173.281 308.348 37.297 1.294 0.724 1.47 2.974
26 159 3 175.993 285.911 36.985 0.313 0.852 0.591 -3.13
26 163 1 177.907 381.835 37.819 3.103 1.556 0.639 -1.722
26 164 1 187.263 281.911 37.097 0.767 1.48 0.67 3.052
27 48 1 176.277 304.327 37.338 2.919 1.875 1.387 -0.114
27 56 2 185.713 366.221 38.255 11.195 2.783 3.138 1.803
27 77 3 184.403 332.587 37.325 0.692 0.661 1.779 -2.126
27 80 1 162.738 342.33 36.77 0.237 0.154 0.347 -2.705
27 94 5 179.059 341.091 36.908 1.714 0.395 0.804 1.514
27 97 1 179.448 348.074 37.305 1.694 0.58 1.479 2.318
27 100 3 182.289 333.593 37.321 1.78 0.656 1.673 2.824
27 112 5 173.801 309.1 37.382 0.709 0.606 1.522 3.131
27 116 4 183.11 327.794 37.348 1.768 0.63 1.566 -3.081
27 121 5 166.764 337.878 37.107 0.277 1.708 1.293 1.531
27 122 3 179.196 351.892 37.303 0.568 0.515 1.619 -3.093
27 129 3 171.937 304.902 37.387 0.501 0.586 1.505 3.101
27 133 3 178.023 354.644 37.333 0.719 0.701 1.692 -3.1
27 146 3 183.617 332.37 37.275 0.559 0.815 1.572 -1.87
27 150 1 167.295 335.542 36.832 0.321 0.389 0.67 -3.083
27 151 4 173.096 309.019 37.333 1.701 0.953 1.592 3.087
27 163 1 168.45 379.602 37.757 1.401 0.608 0.944 -1.609
27 164 1 186.368 286.622 37.12 3.326 1.806 1.345 -0.04
27 169 1 194.235 275.672 37.174 2.657 0.371 0.768 3.106
27 172 4 148.443 355.768 37.352 1.226 0.538 1.466 1.287
28 48 1 176.607 300.488 37.31 3.137 1.728 1.472 0.012
28 56 2 190.303 367.981 38.403 10.773 2.86 3.451 1.694
28 77 3 184.342 333.642 37.335 0.744 0.69 1.639 2.994
28 94 5 179.048 341.057 36.925 1.487 0.33 0.705 -1.615
28 97 1 181.174 351.062 37.313 1.68 0.572 1.575 2.279
28 100 3 182.43 335.914 37.297 1.78 0.535 1.619 2.877
28 112 5 173.694 309.944 37.39 0.732 0.532 1.608 -3.067
28 116 4 182.461 329.801 37.352 1.748 0.642 1.593 -3.035
28 121 5 166.653 337.762 37.137 1.808 0.546 1.238 -3.078
28 122 3 178.684 352.742 37.317 0.655 0.617 1.47 2.918
28 129 3 171.689 306.118 37.37 0.749 0.631 1.564 -3.102
28 133 3 177.39 355.145 37.358 0.504 0.696 1.575 -2.79
28 146 3 183.272 333.426 37.271 0.819 0.627 1.542 2.84
28 151 4 172.864 309.968 37.379 1.304 0.749 1.596 -3.073
28 163 1 159.079 378.376 37.664 4.564 1.633 1.08 -1.579
28 164 1 185.417 291.729 37.267 3.855 1.932 1.442 3.109
28 169 1 194.279 275.434 37.17 3.439 0.499 0.856 3.128
28 172 4 157.809 358.031 37.412 1.335 0.635 1.437 1.591
28 175 3 175.971 285.821 36.94 0.223 0.333 0.512 -0.052
28 176 2 128.953 355.857 38.071 11.945 2.792 3.464 1.524
29 48 1 176.636 298.43 37.315 2.548 1.809 1.405 -0.1
29 56 2 194.256 368.793 38.619 11.328 3.029 3.545 1.652
29 77 3 184.176 334.31 37.329 0.584 0.586 1.73 -3.093
29 94 5 179.01 341.01 36.887 1.48 0.335 0.715 1.528
29 97 1 182.505 352.779 37.307 1.757 0.504 1.659 2.214
29 100 3 182.581 337.421 37.305 1.898 0.587 1.6 2.977
29 112 5 173.48 310.392 37.409 0.399 0.54 1.644 0.034
29 116 4 182.121 331.156 37.333 1.77 0.744 1.574 -3.127
29 121 5 166.733 337.859 37.123 1.664 0.544 1.28 -0.027
29 122 3 178.368 353.232 37.223 0.583 0.521 1.222 -1.658
29 129 3 171.532 306.854 37.465 0.553 0.565 1.312 -3.123
29 133 3 177.032 355.531 37.438 0.548 0.674 1.55 -2.728
29 146 3 183.213 333.913 37.275 0.763 0.535 1.526 -3.093
29 151 4 172.836 310.342 37.398 1.641 0.76 1.65 -0.007
29 159 3 175.191 289.837 37.316 0.511 0.54 1.158 -2.98
29 163 1 153.759 376.814 37.578 4.065 0.458 0.791 -1.575
29 164 1 184.823 295.002 37.341 3.995 1.991 1.466 3.125
29 169 1 194.32 275.253 37.194 3.75 0.439 0.908 3.131
29 172 4 164.412 359.645 37.486 1.786 0.588 1.531 1.699
29 175 3 175.706 286.212 36.975 1.4 0.657 0.875 -3.124
29 176 2 134.044 356.654 38.219 11.591 2.831 3.221 1.517
30 48 1 177.28 293.123 37.281 3.943 1.718 1.461 -0.009
30 56 2 203.118 370.87 38.737 11.338 3.015 3.628 1.595
30 77 3 183.92 335.627 37.322 0.74 0.798 1.693 -3.105
30 94 5 178.974 341.126 36.912 0.338 1.406 0.636 3.081
30 97 1 186.125 356.384 37.529 0.367 0.357 0.875 3.089
30 100 3 182.377 340.526 37.257 0.96 0.437 1.539 -3.124
30 112 5 173.426 311.486 37.444 0.445 0.486 1.648 -3.128
30 116 4 181.445 334.258 37.348 1.822 0.548 1.5 -3.105
30 121 5 166.676 337.87 37.108 1.746 0.457 1.293 3.088
30 122 3 177.712 354.196 37.27 0.507 0.554 1.329 -3.139
30 129 3 171.333 308.321 37.381 0.827 0.705 1.569 3.118
30 133 3 176.062 356.384 37.403 0.48 0.738 1.363 -3.094
30 146 3 182.698 335.293 37.245 0.507 0.51 1.386 -3.105
30 151 4 172.713 311.199 37.302 1.86 0.84 1.371 -0.022
30 159 3 174.793 291.562 37.469 0.478 0.678 1.321 3.126
30 164 1 183.454 302.106 37.402 4.14 1.991 1.46 3.124
30 169 1 194.348 275.301 37.208 3.87 0.592 0.978 3.141
30 172 4 178.894 362.41 37.505 1.293 0.412 1.044 -1.624
30 175 3 175.806 285.884 37.085 0.165 0.681 0.537 -0.18
30 176 2 144.503 357.975 38.085 12.015 2.285 3.05 1.54
30 186 3 175.812 269.225 37.178 0.48 0.587 0.763 -3.132
30 190 3 198.767 262.294 37.423 0.278 0.361 1.157 -3.142
31 48 1 177.554 291.184 37.298 4.039 1.753 1.461 -0
31 77 3 183.736 336.304 37.3 0.834 0.703 1.609 -3.114
31 94 5 178.882 341.11 37.018 0.354 1.246 0.46 0.017
31 112 5 173.328 311.804 37.466 0.718 0.687 1.572 3.142
31 116 4 181.259 335.693 37.34 1.698 0.609 1.531 -3.098
31 121 5 166.629 337.824 37.285 1.611 0.284 0.871 -3.117
31 122 3 177.222 354.552 37.219 0.525 0.429 1.429 -3.078
31 129 3 171.113 309.033 37.42 0.846 0.74 1.547 3.142
31 133 3 175.473 356.8 37.367 0.562 0.632 1.484 -3.136
31 146 3 182.611 335.965 37.275 0.749 0.528 1.407 -3.114
31 151 4 172.659 311.462 37.339 1.621 0.719 1.382 3.142
31 159 3 174.584 292.438 37.355 0.438 0.758 1.553 3.127
31 164 1 182.81 305.169 37.447 4.457 1.966 1.469 3.142
31 169 1 194.62 275.304 37.204 3.852 1.249 1.297 3.134
31 172 4 184.935 363.407 37.44 1.51 0.48 1.349 1.55
31 175 3 175.805 285.61 37.03 0.757 0.788 0.692 -0.025
31 176 2 149.777 359.055 38.172 12.021 2.741 3.183 1.541
31 186 3 175.415 269.763 37.514 0.354 0.336 1.24 3.128
31 190 3 198.57 262.931 37.391 0.232 0.678 1.134 0.063
31 191 1 189.301 269.849 37.164 1.701 2.118 1.028 -3.136
32 48 1 177.783 289.456 37.302 4.045 1.77 1.474 -0.01
32 77 3 183.576 336.866 37.285 0.746 0.797 1.562 3.117
32 94 5 178.93 341.124 36.883 1.342 0.291 0.578 1.554
32 100 3 182.342 343.408 37.427 0.528 0.285 0.973 3.083
32 112 5 173.315 312.18 37.449 0.476 0.589 1.632 -2.754
32 116 4 181.346 337.058 37.396 0.733 0.526 1.319 3.091
32 121 5 166.619 337.866 36.972 1.611 0.185 0.78 -0.045
32 122 3 176.905 354.778 37.365 0.499 0.4 1.287 -2.773
32 129 3 171.045 309.545 37.405 0.674 0.646 1.622 3.132
32 133 3 174.971 357.193 37.42 0.766 0.449 1.582 -2.773
32 146 3 182.519 336.665 37.232 0.623 0.528 1.389 3.091
32 151 4 172.596 311.865 37.391 1.895 0.65 1.551 -3.114
32 159 3 174.379 293.17 37.323 0.451 0.759 1.648 3.013
32 164 1 182.204 307.973 37.455 4.528 1.882 1.545 -3.139
32 169 1 194.804 275.295 37.166 3.898 1.667 1.296 3.13
32 172 4 190.831 364.294 37.343 0.799 0.407 1.232 1.522
32 175 3 175.814 285.478 36.992 0.841 1.078 0.933 -1.66
32 176 2 155.102 359.86 38.107 12.059 2.708 3.229 1.546
32 186 3 175.172 270.4 37.391 0.32 0.505 1.39 3.114
32 190 3 198.427 263.499 37.344 0.298 0.685 1.502 3.14
32 191 1 188.557 273.796 37.17 3.937 2.077 1.225 -3.125
32 194 1 169.775 261.718 37.409 3.083 0.429 0.929 1.583
33 48 1 178.053 287.93 37.269 4.075 1.884 1.478 -0.01
33 77 3 183.401 337.545 37.351 0.478 0.592 1.461 3.005
33 94 5 178.904 341.142 36.983 1.341 0.241 0.231 1.545
33 100 3 182.517 344.818 37.406 0.474 0.54 1.059 3.031
33 112 5 173.091 312.58 37.45 0.466 0.606 1.68 -3.071
33 116 4 181.493 338.582 37.319 1.071 0.551 1.473 3.077
33 121 5 166.603 337.864 37.358 1.529 0.233 0.743 0
33 122 3 176.495 354.936 37.354 0.43 0.394 0.709 -2.882
33 129 3 170.914 310.198 37.394 0.587 0.61 1.62 3.119
33 133 3 174.597 357.588 37.372 0.66 0.358 1.45 -1.473
33 146 3 182.508 337.288 37.363 0.384 0.461 1.112 3.035
33 151 4 172.483 312.157 37.376 1.489 0.651 1.563 -3.137
33 159 3 174.177 293.948 37.359 0.514 0.806 1.71 -3.136
33 164 1 181.666 310.774 37.478 4.205 1.779 1.488 3.142
33 169 1 194.76 275.28 37.257 4.012 1.591 1.548 3.134
33 175 3 175.828 285.046 36.988 1.916 0.858 0.958 -0.097
33 176 2 160.277 360.633 38.203 11.768 2.704 3.093 -1.558
33 186 3 174.954 271.064 37.537 0.359 0.355 1.449 3.045
33 190 3 198.261 264.078 37.3 0.304 0.621 1.367 -3.07
33 191 1 187.581 278.866 37.268 4.072 2.047 1.318 3.142
33 194 1 172.336 261.966 37.461 2.677 0.797 1.309 1.546
34 48 1 178.307 286.41 37.295 4.319 1.92 1.454 -0.008
34 77 3 183.21 338.154 37.652 0.297 0.539 0.513 3.116
34 94 5 178.842 341.091 36.983 0.401 1.346 0.378 -3.139
34 112 5 173.038 312.956 37.451 0.4 0.594 1.658 -3.014
34 116 4 181.63 339.79 37.313 0.817 0.507 1.106 3.116
34 121 5 166.58 337.858 37.174 1.63 0.162 0.375 3.112
34 122 3 176.065 355.134 37.254 0.271 0.316 1.433 -3.134
34 129 3 170.755 310.85 37.418 0.556 0.59 1.539 -3.014
34 133 3 174.022 358.081 37.318 0.479 0.694 1.201 -3.134
34 146 3 182.432 337.874 37.573 0.223 0.621 0.681 3.116
34 151 4 172.337 312.546 37.393 1.274 0.764 1.591 3.083
34 159 3 174.036 294.749 37.377 0.776 0.647 1.681 -3.13
34 164 1 181.12 313.855 37.461 4.166 1.868 1.491 -3.132
34 169 1 194.805 275.335 37.228 4.125 1.705 1.367 3.128
34 175 3 175.892 284.897 36.993 2.179 0.88 0.977 -0.053
34 186 3 174.813 271.805 37.686 0.336 0.437 1.255 3.128
34 190 3 198.102 264.591 37.333 0.559 0.704 1.529 3.139
34 191 1 186.637 283.776 37.328 4.075 2.076 1.388 3.14
34 194 1 173.778 261.997 37.365 4.656 1.144 1.181 1.549
35 48 1 178.529 285.041 37.279 4.185 1.841 1.483 -0.011
35 77 3 182.991 338.845 37.271 0.389 0.543 1.272 -2.968
35 112 5 172.876 313.425 37.372 0.479 0.545 1.578 -3.053
35 116 4 181.759 341.765 37.249 0.559 0.341 1.196 -2.982
35 129 3 170.633 311.629 37.343 0.552 0.575 1.581 3.142
35 146 3 182.299 338.72 37.272 0.365 0.447 1.266 -3.14
35 151 4 172.202 313.132 37.383 1.212 0.724 1.549 3.142
35 159 3 173.845 295.538 37.332 0.758 0.765 1.571 3.137
35 169 1 194.815 275.232 37.33 4.194 1.842 1.32 3.129
35 175 3 175.898 284.779 37.027 2.44 0.925 0.926 -0.071
35 186 3 174.416 272.649 37.718 0.364 0.306 1.168 -0.093
35 190 3 197.789 265.203 37.371 0.415 0.681 1.492 -2.823
35 191 1 185.534 289.479 37.359 4.014 2.009 1.415 3.142
35 194 1 175.952 262.143 37.276 4.593 1.75 1.317 1.578
35 203 1 180.329 317.509 37.44 4.056 1.913 1.489 -3.119
35 206 4 180.356 257.144 37.372 1.282 0.649 1.425 2.469
36 48 1 178.681 283.951 37.294 4.184 1.861 1.514 0.024
36 77 3 182.828 339.446 37.294 0.403 0.736 1.527 3.02
36 112 5 172.733 313.818 37.313 0.574 0.523 1.556 -3.115
36 116 4 181.782 343.07 37.119 0.398 0.326 0.915 0.089
36 129 3 170.481 312.354 37.434 0.518 0.632 1.279 -3.023
36 146 3 182.185 339.371 37.086 0.24 0.483 1.147 3.02
36 151 4 172.092 313.57 37.34 0.96 0.749 1.477 -3.115
36 159 3 173.672 296.288 37.344 0.953 0.691 1.658 -3.115
36 169 1 194.811 275.276 37.306 4.547 1.875 1.459 3.132
36 190 3 197.513 265.716 37.41 0.609 0.746 1.421 -3.125
36 191 1 184.604 293.863 37.384 4.26 2.014 1.411 -3.127
36 194 1 177.51 262.587 37.303 4.625 1.785 1.323 1.643
36 203 1 179.616 320.602 37.353 4.156 1.804 1.425 -3.092
36 206 4 180.506 257.852 37.307 1.424 0.693 1.47 -0.778
37 48 1 178.817 283.11 37.304 4.256 1.821 1.477 0.044
37 77 3 182.706 340.049 37.027 0.368 0.526 1.364 0.123
37 112 5 172.43 314.418 37.294 0.682 0.703 1.516 0.472
37 129 3 170.353 313.038 37.262 0.492 0.493 1.533 3.001
37 146 3 182.08 340.037 37.049 0.478 0.452 1.306 0.123
37 151 4 171.905 314.064 37.293 0.934 0.471 1.497 0.491
37 159 3 173.581 297.021 37.345 0.654 0.721 1.633 -3.099
37 169 1 194.894 275.25 37.291 4.445 2.053 1.447 -3.131
37 190 3 197.098 266.408 37.377 0.614 0.738 1.559 -2.847
37 191 1 183.736 298.155 37.377 3.912 1.777 1.447 -3.116
37 194 1 178.706 262.956 37.293 4.599 1.761 1.345 1.647
37 203 1 178.984 323.576 37.299 4.02 1.742 1.406 -3.125
37 206 4 180.909 258.742 37.408 1.454 0.666 1.616 2.266
38 48 1 179.023 281.91 37.322 4.482 1.866 1.479 0.023
38 112 5 172.29 315.441 37.373 0.431 0.455 1.586 3.101
38 129 3 170.05 314.678 37.469 0.542 0.682 1.353 3.128
38 146 3 182.104 341.505 37.309 0.288 0.945 1.228 2.856
38 151 4 171.703 315.086 37.209 0.962 0.814 1.328 -0.043
38 159 3 173.138 299.006 37.486 0.702 0.637 1.428 -3.08
38 169 1 194.741 275.171 37.316 4.509 1.818 1.461 3.142
38 190 3 196.224 267.379 37.374 0.546 0.811 1.574 -2.637
38 191 1 181.601 309.088 37.343 3.724 1.811 1.332 -3.121
38 194 1 179.853 263.33 37.33 4.726 1.812 1.449 1.677
38 203 1 177.458 330.525 37.051 4.073 1.762 1.221 -3.121
38 206 4 181.469 259.831 37.629 1.362 0.688 1.016 2.233
38 216 4 174.085 276.068 37.536 1.722 1.094 1.705 -3.059
38 217 3 178.548 240.549 38.085 0.3 0.489 0.998 0.23
38 223 1 169.094 261.045 37.157 1.667 1.645 0.802 1.592
39 48 1 179.047 281.747 37.329 4.634 1.792 1.488 0.025
39 112 5 172.228 315.949 37.366 0.368 0.486 1.464 -3.115
39 129 3 169.929 315.366 37.483 0.567 0.604 1.19 0.011
39 151 4 171.653 315.308 37.272 1.043 0.877 1.271 0.012
39 159 3 173.044 299.713 37.389 0.591 0.728 1.261 0.007
39 169 1 194.693 275.135 37.33 4.603 1.781 1.506 3.133
39 190 3 195.859 267.905 37.375 0.523 0.767 1.519 -2.778
39 191 1 180.791 313.368 37.326 3.271 1.817 1.468 -3.12
39 194 1 180.163 263.428 37.347 4.723 1.788 1.403 1.68
39 203 1 177.172 332.057 37.403 1.578 1.545 1.037 -3.121
39 206 4 181.519 259.744 37.697 1.33 0.797 0.868 2.409
39 216 4 173.913 276.855 37.518 1.705 0.821 1.676 3.1
39 217 3 178.876 239.938 38.051 0.443 0.615 1.092 -3.065
39 223 1 168.389 260.854 37.304 4.789 1.767 1.08 1.589
39 227 3 177.504 256.29 38.051 0.227 0.379 0.55 0.058
40 48 1 179.091 281.731 37.326 4.613 1.811 1.462 0.023
40 112 5 172.201 316.467 37.248 0.473 0.535 1.549 -3.111
40 129 3 169.758 316.045 37.367 0.534 0.541 1.293 0.031
40 151 4 171.581 315.681 37.289 1 0.807 1.492 -3.111
40 159 3 172.809 300.651 37.488 0.71 0.601 1.303 -3.135
40 169 1 194.679 275.135 37.334 4.574 1.718 1.496 3.138
40 190 3 195.458 268.464 37.377 0.776 0.776 1.542 -2.554
40 191 1 180.043 317.025 37.233 1.83 1.801 1.311 -3.112
40 194 1 180.455 263.537 37.358 4.672 1.825 1.445 1.699
40 203 1 176.563 334.267 37.229 0.861 1.189 0.574 -3.112
40 206 4 181.39 259.782 37.732 1.234 0.754 0.979 2.318
40 216 4 173.791 277.582 37.578 1.712 0.788 1.715 -3.102
40 217 3 178.796 239.349 37.929 0.335 0.7 1.099 -0.022
40 223 1 169.307 261.085 37.293 4.628 1.62 1.098 1.591
40 227 3 177.522 256.298 38.024 0.278 0.399 0.487 2.25
40 229 3 182.676 229.877 37.776 0.35 0.466 0.726 3.129
40 231 1 192.981 262.208 36.955 0.215 0.304 0.387 0.302
41 48 1 179.024 281.555 37.315 4.572 1.903 1.434 0.008
41 112 5 171.871 317.239 37.362 0.418 0.785 1.246 -3.073
41 129 3 169.497 317.609 37.314 0.571 0.559 1.293 2.965
41 151 4 171.22 316.564 37.256 1.189 0.6 1.463 3.138
41 159 3 172.44 302.278 37.496 0.605 0.715 1.42 3.123
41 169 1 194.618 275.07 37.365 4.678 1.827 1.483 3.131
41 190 3 194.782 269.652 37.413 0.87 0.798 1.533 3.113
41 191 1 177.981 326.757 37.312 2.72 1.713 1.165 -3.089
41 194 1 181.03 263.776 37.386 4.669 1.761 1.415 1.692
41 206 4 181.415 259.852 37.634 1.381 0.698 1.19 2.513
41 216 4 173.491 278.934 37.592 1.634 0.868 1.701 -2.939
41 217 3 179.338 237.922 37.824 0.336 0.437 1.347 -0.536
41 223 1 171.685 261.422 37.428 4.381 1.869 1.35 1.569
41 227 3 177.457 256.229 37.975 0.319 0.373 0.648 0.028
41 229 3 182.385 231.277 37.837 0.285 0.433 0.828 3.065
41 231 1 192.991 262.186 36.977 0.29 0.357 0.435 3.096
41 233 4 179.545 250.544 37.688 1.151 0.687 1.153 -3.125
41 237 3 181.129 233.628 37.649 0.406 0.422 1.264 -0.194
42 48 1 178.982 281.413 37.319 4.19 1.961 1.452 0.015
42 112 5 171.523 318.337 37.327 0.698 0.508 1.151 -0.003
42 129 3 169.139 319.276 37.501 0.383 0.534 0.715 -0.003
42 151 4 170.816 317.5 37.204 0.907 0.944 1.395 -0.003
42 159 3 171.88 304.295 37.416 0.389 0.538 1.354 3.074
42 169 1 194.767 274.868 37.381 4.4 1.846 1.502 3.137
42 190 3 194.006 270.974 37.464 0.725 0.49 1.565 2.532
42 194 1 181.949 263.894 37.532 3.262 2.157 1.237 1.689
42 206 4 181.413 259.857 37.51 1.684 0.87 1.574 2.485
42 216 4 173.015 280.798 37.551 0.884 0.769 1.712 -3.092
42 217 3 179.716 236.288 37.762 0.336 0.387 1.508 0.02
42 223 1 173.779 261.73 37.902 2.582 1.817 0.591 1.552
42 227 3 177.409 256.255 37.626 0.542 0.516 1.589 -0.07
42 229 3 182.275 232.839 37.718 0.322 0.454 1.285 -3.131
42 231 1 192.907 262.181 36.98 0.301 0.309 0.458 -1.59
42 233 4 179.104 254.724 37.532 1.812 0.747 1.553 3.088
42 237 3 181.294 235.474 37.565 0.44 0.521 1.126 -3.127
42 242 4 177.819 246.719 37.602 1.894 0.931 1.364 1.814
42 243 3 166.584 268.506 37.899 0.57 0.54 1.669 -1.471
42 245 4 190.33 220.169 37.53 1.045 0.587 1.542 -3.051
43 48 1 178.962 281.339 37.289 4.247 1.699 1.574 0.019
43 159 3 171.524 306.676 37.419 0.311 0.776 1.184 -3.098
43 169 1 194.697 274.781 37.338 4.241 1.878 1.455 -3.127
43 190 3 193.679 272.784 37.419 0.731 0.785 1.604 -3.13
43 194 1 182.13 263.896 37.415 4.701 1.813 1.397 1.734
43 206 4 181.353 259.8 37.495 1.761 0.851 1.571 2.501
43 216 4 172.727 282.668 37.606 0.792 0.76 1.408 3.039
43 217 3 179.891 234.33 37.874 0.38 0.468 1.675 0.022
43 223 1 175.914 262.007 37.426 4.467 1.829 1.532 1.656
43 227 3 177.408 256.119 37.715 0.4 0.65 1.419 -2.191
43 229 3 181.643 234.701 37.8 0.442 0.543 1.373 -3.13
43 231 1 192.841 262.118 36.977 0.337 0.268 0.493 -2.606
43 233 4 178.585 257.266 37.485 1.608 0.876 1.516 2.884
43 237 3 181.243 237.649 37.661 0.369 0.613 1.403 -3.126
43 242 4 179.706 250.204 37.569 1.638 0.628 1.434 2.862
43 243 3 166.409 268.49 38.086 0.379 0.463 1.348 -0.099
43 245 4 189.303 225.916 37.489 0.511 0.615 1.48 -3.099
43 250 3 184.672 220.899 37.991 0.341 0.498 1.074 0.094
44 48 1 178.9 281.194 37.299 3.727 1.918 1.456 0.029
44 159 3 171.407 307.422 37.617 0.182 0.45 0.789 3.131
44 169 1 194.647 274.717 37.337 4.209 1.742 1.515 3.141
44 190 3 193.447 273.349 37.362 0.735 0.673 1.518 3.139
44 194 1 182.771 264.493 37.395 4.771 2.236 1.49 1.818
44 206 4 181.539 259.853 37.479 1.809 0.808 1.602 2.25
44 216 4 172.394 283.544 37.673 0.417 0.803 1.212 -3.125
44 217 3 180.031 233.685 37.878 0.355 0.652 1.623 2.896
44 223 1 175.96 262.049 37.347 4.451 1.834 1.413 1.618
44 227 3 177.325 256.111 37.565 0.478 0.632 1.595 -2.532
44 229 3 181.544 235.338 37.762 0.357 0.609 1.496 3.065
44 231 1 192.835 262.118 37.005 0.316 0.301 0.388 -1.65
44 233 4 178.823 257.719 37.875 1.391 0.721 0.778 2.25
44 237 3 181.143 238.498 37.661 0.54 0.598 1.515 3.125
44 242 4 179.492 251.575 37.57 1.733 0.835 1.546 -3.139
44 243 3 166.385 268.456 38.225 0.384 0.483 1.068 0
44 245 4 188.995 227.898 37.54 1.278 0.651 1.571 3.12
44 250 3 184.466 221.615 37.945 0.483 0.605 1.161 -3.135
44 254 1 161.744 259.042 37.718 4.026 1.68 1.448 1.8
45 48 1 179.035 281.304 37.405 3.709 1.54 1.107 0.011
45 169 1 194.665 274.243 37.374 3.138 1.706 1.462 -3.131
45 190 3 193.278 274.047 37.354 0.882 0.821 1.504 -3.087
45 194 1 183.703 265.055 37.377 4.755 1.763 1.414 1.988
45 206 4 181.835 260.103 37.5 1.69 0.822 1.566 2.258
45 216 4 172.213 284.196 37.463 0.401 0.514 1.539 3.126
45 217 3 179.987 232.96 37.879 0.572 0.7 1.644 -0.561
45 223 1 176.421 262.164 37.375 4.929 1.854 1.168 1.638
45 227 3 177.347 256.096 37.679 0.367 0.712 1.468 -2.469
45 229 3 181.421 235.851 37.688 0.564 0.721 1.749 2.961
45 231 1 192.793 262.067 36.939 0.277 0.266 0.526 -0.054
45 233 4 178.972 258.044 37.686 1.445 0.625 1.13 -0.737
45 237 3 180.816 239.153 37.903 0.494 0.765 1.16 -3.015
45 242 4 179.274 252.921 37.543 1.598 0.892 1.505 -0.111
45 243 3 166.342 268.457 37.979 0.374 0.442 1.591 -0.097
45 245 4 188.694 230.041 37.605 1.238 0.723 1.53 3.135
45 250 3 184.497 222.342 37.912 0.559 0.783 1.324 -3.111
45 254 1 163.092 259.212 37.577 4.057 1.212 0.726 1.683
45 256 1 147.228 243.372 38.631 3.649 1.202 1.346 1.834
45 257 1 190.615 215.641 37.11 0.285 0.252 0.648 -1.698
45 258 4 163.775 243.244 38.637 1.751 0.884 1.626 1.487
45 259 4 205.338 198.424 37.777 0.839 0.488 1.085 -3.124
45 260 1 203.223 192.721 37.407 0.748 1.757 0.698 3.133
45 261 4 205.985 194.368 37.866 0.624 0.55 0.811 3.036
45 263 4 175.883 245.863 37.963 1.598 0.881 1.745 1.386
46 169 1 194.573 274.483 37.345 3.635 1.718 1.456 3.141
46 190 3 192.972 274.798 37.37 0.935 0.68 1.353 -3.136
46 194 1 184.699 266.327 37.392 4.578 1.833 1.405 2.208
46 206 4 182.182 260.45 37.486 1.647 0.757 1.616 2.045
46 216 4 171.949 284.931 37.582 0.333 0.348 1.45 3.075
46 217 3 180.231 232.392 37.904 0.36 0.588 1.745 -3.117
46 223 1 176.416 262.383 37.405 3.467 2.108 1.381 1.663
46 227 3 177.305 256.093 37.861 0.323 0.507 1.097 0.754
46 229 3 181.377 236.477 37.745 0.706 0.607 1.521 2.408
46 231 1 192.752 262.114 36.935 0.25 0.153 0.333 0.1
46 233 4 179.105 258.535 37.406 1.516 0.762 1.54 2.755
46 237 3 180.731 239.829 37.733 0.559 0.759 1.587 -3.034
46 242 4 179.402 254.12 37.737 1.382 0.534 1.094 -0.288
46 243 3 166.255 268.477 37.878 0.495 0.573 1.673 -0.011
46 245 4 188.479 231.707 37.58 1.705 0.701 1.571 3.137
46 250 3 184.211 223.016 37.858 0.485 0.617 1.421 3.087
46 254 1 164.214 259.493 37.686 3.885 1.288 1.406 1.616
46 256 1 149.54 244.491 38.386 2.651 0.495 1.512 2.012
46 257 1 190.616 215.615 37.146 0.398 0.253 0.444 -0.005
46 258 4 165.802 243.557 38.598 1.712 0.607 1.723 1.485
46 259 4 204.801 200.534 37.907 0.895 0.696 1.184 3.11
46 260 1 202.514 196.697 37.47 0.722 1.638 0.633 3.102
46 261 4 205.627 196.603 37.819 0.59 0.493 1.284 3.102
46 263 4 176.972 246.068 37.869 1.858 0.752 1.716 1.599
47 169 1 194.555 274.724 37.346 4.183 1.757 1.473 3.141
47 190 3 192.773 275.169 37.318 0.398 0.788 1.313 -3.055
47 194 1 185.671 268.181 37.42 4.512 1.744 1.436 2.437
47 206 4 182.766 260.767 37.462 1.666 0.729 1.592 2.055
47 217 3 180.349 231.665 37.938 0.49 0.511 1.6 -0.014
47 223 1 177.439 262.156 37.486 3.053 1.113 1.241 1.701
47 227 3 177.277 256.065 37.681 0.664 0.358 1.482 2.332
47 229 3 181.545 237.154 37.88 0.517 0.434 1.297 -3.02
47 231 1 192.701 262.057 36.942 0.319 0.258 0.535 0.024
47 233 4 179.343 259.151 37.412 1.282 0.614 1.483 2.568
47 237 3 180.728 240.532 37.794 0.443 0.389 1.421 2.965
47 242 4 179.398 255.285 37.752 1.218 0.547 0.95 2.83
47 243 3 166.292 268.399 38.097 0.353 0.414 1.131 0.182
47 245 4 188.155 233.628 37.589 1.688 0.761 1.558 -3.12
47 250 3 184.087 223.683 38.039 0.392 0.611 1.103 -0.002
47 254 1 165.012 259.575 37.414 4.188 1.295 0.83 1.546
47 256 1 149.964 245.231 38.622 2.38 0.784 1.382 2.135
47 257 1 190.531 215.646 37.143 0.281 0.301 0.474 1.571
47 258 4 167.826 243.821 38.657 1.869 0.774 1.759 1.587
47 259 4 204.325 202.736 37.841 0.928 0.636 1.233 -3.055
47 260 1 201.867 200.008 37.543 2.452 1.654 1.307 -0.028
47 261 4 205.148 198.821 37.838 0.858 0.502 1.143 -3.139
47 263 4 178.142 246.621 37.744 1.461 0.784 1.595 1.587
47 270 5 199.033 256.409 37.202 0.63 0.697 0.889 -3.054
48 169 1 194.525 274.705 37.289 4.036 1.756 1.382 3.127
48 190 3 192.533 275.911 37.309 0.614 0.607 1.161 3.111
48 194 1 186.463 270.613 37.38 4.505 1.677 1.29 2.617
48 206 4 183.404 261.167 37.454 1.775 0.769 1.449 1.881
48 217 3 180.548 231.005 37.942 0.414 0.454 1.657 -0.029
48 223 1 178.548 262.655 37.508 2.713 0.841 1.049 -1.338
48 227 3 177.253 256.079 37.666 0.693 0.311 1.414 -0.983
48 229 3 181.446 237.832 37.822 0.596 0.707 1.313 3.128
48 231 1 192.711 261.971 36.952 0.141 0.525 0.271 1.857
48 233 4 179.474 259.743 37.433 1.413 0.631 1.457 2.661
48 237 3 180.556 241.233 37.742 0.435 0.511 1.438 -2.989
48 242 4 179.456 256.313 37.769 1.047 0.494 0.852 2.501
48 243 3 166.273 268.466 38.105 0.487 0.535 1.716 0.162
48 250 3 183.901 224.469 38.067 0.43 0.554 1.136 3.125
48 254 1 166.624 259.931 37.538 2.291 1.242 0.593 -1.572
48 256 1 151.334 246.584 38.577 2.228 0.621 0.692 2.167
48 257 1 190.524 215.637 37.214 0.227 0.214 0.506 3.113
48 258 4 169.554 244.072 38.87 1.448 0.779 1.075 1.528
48 259 4 204.136 204.948 37.864 1.041 0.61 1.273 -3.129
48 260 1 201.23 203.369 37.677 3.674 1.76 1.3 3.129
48 261 4 204.742 201.071 37.886 0.878 0.603 1.185 3.111
48 263 4 178.825 247.268 37.742 1.563 0.796 1.284 1.806
48 270 5 198.946 256.627 37.217 1.128 0.993 0.888 -3.137
48 273 3 189.007 207.239 38.097 0.664 0.375 0.765 0.625
48 274 3 190.198 206.795 37.725 0.647 0.465 1.525 1.086
48 277 3 183.887 250.273 36.936 0.133 0.228 0.382 -3.138
48 278 4 187.703 235.606 37.571 1.846 0.936 1.495 -3.136
48 279 5 181.331 263.5 37.151 0.279 0.475 0.556 3.132
49 169 1 194.53 274.665 37.302 3.984 1.791 1.442 3.14
49 190 3 192.447 276.378 37.474 0.708 0.532 1.406 2.195
49 194 1 186.891 273.466 37.336 4.37 1.822 1.33 2.782
49 206 4 184.209 261.588 37.488 1.712 0.695 1.459 1.813
49 217 3 180.642 230.343 37.919 0.5 0.494 1.722 -0.007
49 227 3 177.15 256.064 37.652 0.458 0.52 1.439 3.086
49 229 3 181.411 238.401 37.73 0.83 0.636 1.544 -3.124
49 231 1 192.671 262.06 36.898 0.246 0.208 0.195 -0.294
49 233 4 179.605 260.287 37.405 1.248 0.699 1.561 2.604
49 237 3 180.419 241.685 37.788 0.597 0.58 1.498 -3.116
49 242 4 179.832 257.425 37.396 1.483 0.521 1.246 2.496
49 243 3 166.176 268.474 37.934 0.467 0.466 1.742 0.008
49 250 3 183.782 225.132 38.124 0.362 0.647 1.137 3.115
49 254 1 166.494 260.076 37.639 3.331 1.686 1.024 1.557
49 257 1 190.479 215.655 37.197 0.298 0.307 0.703 -1.566
49 258 4 171.545 244.488 38.437 2.021 0.771 1.701 1.634
49 259 4 203.892 207.156 37.851 1.04 0.698 1.45 3.139
49 260 1 200.594 207.268 37.663 3.947 1.89 1.402 3.122
49 261 4 204.315 203.074 37.881 0.564 0.663 1.287 3.141
49 270 5 198.784 256.69 37.245 1.287 0.919 0.825 -3.101
49 273 3 189.081 207.032 38.088 0.503 0.548 0.871 0.042
49 274 3 190.654 206.731 37.778 0.564 0.484 1.515 1.093
49 277 3 183.839 250.259 36.958 0.156 0.249 0.436 0
49 278 4 187.441 237.116 37.518 1.676 0.692 1.376 -3.117
49 279 5 181.636 264.198 37.345 0.831 1.441 1.02 -2.751
49 281 4 179.29 248.227 37.615 1.642 0.678 1.266 2.253
50 169 1 194.43 274.581 37.271 3.911 1.628 1.49 -3.11
50 190 3 192.31 277.122 37.309 0.478 0.691 1.258 -3.11
50 194 1 186.988 276.334 37.177 3.496 1.853 0.76 2.969
50 206 4 185.16 262.041 37.522 1.615 0.674 1.348 1.717
50 217 3 180.798 229.694 37.943 0.517 0.61 1.695 0.013
50 227 3 177.194 256.036 37.652 0.297 0.542 1.428 -2.476
50 229 3 181.398 238.9 37.659 0.621 0.623 1.58 3.14
50 231 1 192.628 262.061 36.916 0.263 0.168 0.291 0.22
50 233 4 179.756 261.137 37.566 0.896 0.705 1.169 -3.114
50 237 3 180.348 242.281 37.785 0.561 0.642 1.433 3.14
50 242 4 180.252 258.243 37.322 1.358 0.616 1.246 2.426
50 250 3 183.651 225.841 38.027 0.449 0.418 1.382 -3.075
50 257 1 190.468 215.594 37.182 0.303 0.265 0.6 0.032
50 259 4 203.641 209.004 37.788 1.625 0.681 1.376 -3.094
50 260 1 199.821 211.215 37.715 3.925 1.945 1.449 -3.125
50 261 4 203.809 205.546 37.927 1.162 0.633 1.355 -3.094
50 270 5 198.586 256.549 37.168 1.847 1.096 1.045 3.036
50 273 3 189.285 206.777 38.127 0.433 0.502 0.894 0.053
50 274 3 191.052 206.812 37.68 0.528 0.402 1.464 1.724
50 277 3 183.792 250.236 36.963 0.08 0.226 0.258 -0
50 278 4 186.9 238.881 37.553 1.544 0.701 1.543 -3.079
50 279 5 182.451 264.692 37.125 2.748 0.268 0.54 -1.053
50 281 4 179.647 249.014 37.734 1.319 0.535 1.274 2.709
50 283 4 210.542 173.515 37.696 0.788 0.478 1.462 -3.123
51 169 1 194.527 273.847 37.166 2.431 1.715 1.203 -3.053
51 190 3 192.512 278.419 37.394 1.494 1.642 1.357 -3.082
51 194 1 186.785 279.022 37.45 1.268 1.746 1.142 -3.118
51 206 4 186.37 262.618 37.513 0.817 1.699 1.504 -3.136
51 217 3 180.934 229.006 38.185 0.473 0.629 1.202 -3.085
51 227 3 177.128 255.978 37.857 0.277 0.448 0.742 0.535
51 229 3 181.3 239.608 37.654 0.703 0.732 1.459 -3.053
51 237 3 180.187 242.89 37.815 0.516 0.627 1.312 -3.048
51 242 4 180.234 260.406 37.403 3.388 0.826 1.068 0.171
51 250 3 183.463 226.5 37.915 0.358 0.588 1.566 -2.841
51 257 1 190.509 215.589 37.214 0.471 0.36 0.68 0.014
51 259 4 203.063 211.567 37.835 1.088 0.705 1.486 -3.131
51 260 1 199.148 214.966 37.703 4.269 1.95 1.457 -3.134
51 261 4 203.44 207.411 38.362 0.351 0.642 0.613 -3.056
51 270 5 198.505 256.551 37.143 1.687 1.434 1.084 3.092
51 273 3 189.603 206.589 37.758 0.756 0.533 1.766 1.6
51 274 3 191.58 206.726 37.647 0.631 0.487 1.545 1.588
51 277 3 183.753 250.262 36.911 0.211 0.312 0.432 0.08
51 278 4 186.344 240.572 37.559 1.261 0.694 1.482 -3.103
51 279 5 182.196 265.171 37.089 1.145 2.07 0.62 0.054
51 281 4 179.761 250.226 37.785 0.908 0.669 1.146 -3.099
51 283 4 210.722 174.227 37.567 1.482 1.052 1.411 -3.138
52 169 1 194.567 273.386 37.425 1.427 1.552 1.219 3.128
52 206 4 185.137 269.221 37.233 0.853 2.21 0.672 3.142
52 217 3 181.275 227.615 37.929 0.497 0.566 1.676 -3.056
52 227 3 177.037 255.97 37.621 0.272 0.471 1.356 0.047
52 229 3 181.04 241.081 37.834 0.436 0.742 1.389 3.142
52 237 3 179.861 244.597 37.982 0.228 0.526 0.663 -3.113
52 250 3 182.971 228.071 37.902 0.506 0.648 1.416 3.07
52 257 1 190.498 215.545 37.245 0.306 0.303 0.688 1.808
52 259 4 202.049 216.498 37.793 1.738 0.777 1.738 3.142
52 260 1 197.677 223.616 37.671 4.103 1.929 1.525 3.142
52 261 4 202.463 212.801 37.794 1.692 0.694 1.732 3.142
52 270 5 198.237 256.489 37.157 1.64 0.972 0.959 3.103
52 273 3 190.797 206.835 37.769 0.691 0.633 1.786 1.574
52 274 3 192.662 206.652 37.74 0.658 0.535 1.671 1.6
52 277 3 183.678 250.285 36.867 0.142 0.222 0.299 -0.035
52 278 4 184.891 244.939 37.443 0.801 0.633 1.445 3.142
52 279 5 183.202 262.722 37.272 0.812 1.153 0.842 0.01
52 281 4 179.58 254.045 37.757 0.545 0.414 0.812 -2.666
52 283 4 210.458 175.584 37.563 4.254 1.142 1.427 3.142
52 291 4 202.58 164.75 37.794 0.669 0.98 1.754 -3.113
52 293 1 189.589 264.314 37.494 0.706 1.68 1.304 -3.142
52 294 3 178.925 247.353 37.552 0.365 0.494 0.848 0.098
53 169 1 194.394 274.499 37.092 3.752 1.762 1.171 -3.112
53 206 4 185.965 271.758 37.22 1.342 1.537 0.742 2.465
53 217 3 181.344 226.989 37.938 0.556 0.508 1.705 0.065
53 227 3 177.137 256.045 37.56 0.299 0.209 1.152 3.084
53 229 3 181.005 241.774 37.696 0.701 0.796 1.412 -3.133
53 237 3 179.743 245.374 37.815 0.215 0.63 0.46 -3.007
53 250 3 182.783 228.738 37.949 0.393 0.698 1.293 -3.137
53 257 1 190.508 215.521 37.233 0.495 0.274 0.629 1.549
53 259 4 201.633 218.696 37.785 1.665 0.785 1.744 -3.134
53 260 1 197.024 227.431 37.651 4.094 1.925 1.455 3.115
53 261 4 202.087 214.963 37.788 1.673 0.665 1.71 -3.13
53 273 3 191.521 206.774 37.749 0.896 0.593 1.681 1.566
53 274 3 192.992 206.608 37.778 0.655 0.592 1.688 1.58
53 278 4 184.483 246.051 37.446 1.11 0.628 1.384 3.021
53 279 5 184.185 264.697 37.254 1.564 0.546 0.925 2.503
53 281 4 179.498 255.439 37.555 0.582 0.405 0.531 3.032
53 283 4 210.558 176.097 37.453 3.582 0.755 1.02 2.992
53 291 4 202.401 166.569 37.934 0.867 0.431 1.356 -3.112
53 293 1 190.83 265.698 37.513 2.257 1.439 1.432 2.94
53 294 3 179.347 248.298 37.659 1.283 0.925 1.234 3.082
54 169 1 194.618 273.143 37.364 1.043 1.489 0.731 -3.062
54 217 3 181.321 226.367 37.939 0.723 0.6 1.519 -3.123
54 229 3 180.811 242.434 37.794 0.46 0.615 1.292 3.03
54 237 3 179.63 246.237 37.935 0.235 0.516 0.259 3.134
54 250 3 182.698 229.577 37.921 0.593 0.623 1.371 3.091
54 257 1 190.393 215.525 37.293 0.285 0.328 0.561 0.005
54 259 4 201.092 220.875 37.755 1.674 0.541 1.649 -3.138
54 260 1 196.409 231.227 37.649 4.009 1.846 1.476 3.125
54 261 4 201.641 217.135 37.786 1.614 0.785 1.688 3.131
54 273 3 191.953 206.691 37.74 0.756 0.617 1.628 1.653
54 274 3 193.196 206.476 37.789 0.655 0.61 1.662 1.113
54 278 4 184.034 247.351 37.388 0.931 0.654 1.158 3.013
54 279 5 185.141 266.671 37.275 1.438 0.386 0.994 2.548
54 281 4 180.14 257.485 37.44 0.263 0.343 0.841 2.661
54 283 4 210.532 176.124 37.618 3.473 0.898 1.307 -3.124
54 291 4 202.181 168.202 37.81 1 0.614 1.468 3.125
54 293 1 191.872 266.08 37.405 1.68 0.425 0.958 2.062
54 294 3 179.76 249.797 37.8 1.594 0.612 1.061 2.497
54 299 5 204.279 156.747 37.817 0.798 0.31 1.196 -0.024
55 217 3 181.441 225.654 37.977 0.494 0.633 1.634 -3.112
55 229 3 180.792 242.98 37.754 0.31 0.618 1.166 3.132
55 250 3 182.518 230.186 37.931 0.368 0.694 1.199 3.124
55 257 1 190.372 215.51 37.261 0.329 0.365 0.706 -2.992
55 259 4 200.688 223.14 37.816 1.689 0.689 1.588 3.131
55 260 1 195.853 234.798 37.555 3.629 1.738 1.436 3.11
55 261 4 201.257 219.232 37.774 1.799 0.554 1.7 3.096
55 273 3 192.38 206.535 37.798 0.736 0.62 1.693 -1.589
55 274 3 193.29 206.51 38.099 0.83 0.528 1.065 -1.589
55 278 4 183.643 248.612 37.496 0.68 0.711 0.981 0.001
55 279 5 185.813 268.698 37.212 0.836 0.773 0.719 0.034
55 283 4 210.524 176.6 37.565 2.488 0.696 1.061 3.067
55 291 4 201.808 170.036 37.798 0.813 0.549 1.301 3.126
55 293 1 191.943 267.169 37.198 0.958 1.798 1.008 3.134
55 294 3 179.902 251.159 37.859 1.03 0.563 1.137 -3.107
55 299 5 203.951 158.334 38.059 0.44 0.535 1.151 -3.044
55 303 1 192.681 215.256 37.269 0.414 0.395 0.664 1.637
56 206 4 192.563 268.674 37.686 0.3 0.349 0.647 3.054
56 217 3 181.416 225.066 37.947 0.432 0.533 1.602 -0.074
56 229 3 180.76 243.615 37.914 0.282 0.488 0.997 3.089
56 250 3 182.473 230.982 38.006 0.364 0.661 1.136 -3.141
56 257 1 190.346 215.499 37.226 0.268 0.268 0.614 0.049
56 259 4 200.272 225.311 37.774 1.652 0.637 1.51 -3.124
56 260 1 195.198 238.398 37.578 3.681 1.769 1.484 -3.097
56 261 4 200.89 221.533 37.757 1.595 0.57 1.673 -3.124
56 273 3 192.477 206.553 38.097 0.504 0.564 1.117 1.496
56 274 3 193.177 206.613 38.222 0.639 0.38 0.74 1.382
56 278 4 183.375 249.93 37.469 0.766 0.816 1.415 -3.106
56 291 4 201.496 171.831 37.825 0.757 0.56 1.439 3.141
56 299 5 203.469 160.288 37.767 0.9 0.531 1.248 3.141
56 303 1 192.634 215.225 37.31 0.373 0.292 0.616 3.125
57 217 3 181.682 224.551 37.931 0.448 0.459 1.609 -2.465
57 229 3 180.584 244.266 37.835 0.314 0.487 1.043 3.092
57 250 3 182.315 231.635 37.804 0.502 0.689 1.449 3.11
57 257 1 190.266 215.517 37.234 0.389 0.43 0.659 -3.124
57 259 4 199.837 227.575 37.796 1.618 0.625 1.394 -3.11
57 260 1 194.65 241.681 37.517 3.558 1.77 1.31 -3.137
57 261 4 200.576 223.671 37.712 1.694 0.659 1.619 3.132
57 273 3 192.499 206.667 38.2 0.431 0.505 0.883 1.612
57 274 3 193.387 206.852 38.232 1.175 0.853 0.73 1.543
57 278 4 183.26 250.779 37.498 1.162 0.845 1.192 0.029
57 291 4 201.095 173.724 37.879 1.062 0.585 1.525 -3.092
57 299 5 203.142 162.016 37.906 0.555 0.433 1.196 2.725
57 303 1 192.598 215.219 37.268 0.401 0.352 0.676 -3.062
58 217 3 181.701 223.86 37.952 0.59 0.645 1.664 0.075
58 229 3 180.414 244.901 37.783 0.227 0.492 0.861 3.142
58 250 3 182.291 232.435 37.934 0.543 0.591 1.365 0.037
58 257 1 190.282 215.518 37.278 0.291 0.292 0.556 0.045
58 259 4 199.423 229.728 37.778 1.255 0.719 1.328 -3.052
58 260 1 193.93 244.808 37.544 3.575 1.798 1.448 -3.079
58 261 4 200.092 226.072 37.803 1.549 0.579 1.504 -3.09
58 273 3 192.454 206.474 38.38 0.417 0.519 0.547 1.266
58 274 3 193.217 206.649 38.395 0.374 0.304 0.417 1.214
58 278 4 182.586 252.182 37.419 0.712 0.635 0.986 -0.01
58 291 4 200.767 175.438 37.783 1.109 0.617 1.61 -3.12
58 299 5 202.771 163.928 37.984 0.686 0.546 1.293 -3.12
58 303 1 192.634 215.235 37.261 0.37 0.213 0.636 -0.045
59 217 3 182.015 223.007 37.979 0.594 0.532 1.413 0.083
59 229 3 180.171 245.771 37.831 0.312 0.441 0.963 0.029
59 250 3 182.107 233.553 37.827 0.586 0.726 1.263 -3.118
59 257 1 190.261 215.526 37.242 0.221 0.309 0.517 -1.592
59 259 4 198.673 233.035 37.867 1.034 0.615 1.152 -3.106
59 260 1 193.155 248.547 37.48 3.282 1.723 1.539 -3.106
59 261 4 199.514 229.063 37.806 1.437 0.547 1.472 -3.106
59 273 3 192.492 206.428 38.303 0.465 0.639 0.629 -1.535
59 274 3 193.192 206.659 38.388 0.377 0.339 0.356 -1.535
59 278 4 182.028 253.822 37.398 0.62 0.681 1.08 0.094
59 291 4 200.174 178.211 37.909 1.663 0.667 1.643 -3.135
59 299 5 202.252 166.292 37.855 0.529 0.634 1.438 -3.112
59 303 1 192.592 215.207 37.294 0.29 0.253 0.527 3.142
60 217 3 182.539 221.535 38.058 0.23 0.268 0.763 0.038
60 229 3 179.747 247.309 38.008 0.207 0.423 0.678 -0.027
60 250 3 182.126 235.109 37.949 0.305 0.656 1.095 -0.004
60 259 4 197.69 238.38 37.668 0.986 0.456 1.504 -3.121
60 260 1 192.163 252.663 37.426 0.418 1.578 0.809 -3.122
60 261 4 198.365 234.378 37.763 0.98 0.527 1.462 -3.109
60 273 3 192.517 206.163 38.029 0.365 0.53 1.287 0.527
60 274 3 192.836 206.649 38.166 0.379 0.529 0.899 0.552
60 291 4 199.367 182.262 37.869 1.163 0.683 1.696 -3.13
60 299 5 201.422 170.702 37.87 1.013 0.571 1.653 -3.116
60 303 1 192.524 215.195 37.227 0.254 0.343 0.613 0.003
61 217 3 182.453 220.83 38.006 0.4 0.598 1.368 0.015
61 229 3 179.596 247.999 37.88 0.198 0.459 0.354 0.252
61 250 3 181.937 235.907 38.071 0.141 0.357 0.969 -0.134
61 259 4 197.336 240.558 37.678 0.786 0.553 1.38 0.007
61 260 1 191.877 254.585 37.502 0.428 1.582 0.585 -3.082
61 261 4 197.951 236.426 37.788 0.638 0.543 1.299 0.007
61 273 3 192.353 206.322 37.826 0.566 0.409 1.689 2.031
61 274 3 192.777 206.684 37.79 0.5 0.474 1.507 0.472
61 291 4 199.054 184.002 37.895 1.259 0.704 1.712 -3.135
61 299 5 201.105 172.469 37.917 1.127 0.681 1.631 -3.135
62 229 3 179.513 248.673 38.002 0.145 0.221 0.74 -0.133
62 250 3 181.843 236.624 37.893 0.24 0.503 1.222 -3.087
62 259 4 196.87 242.538 37.723 0.47 0.543 0.962 3.105
62 261 4 197.516 238.552 37.674 0.45 0.418 1.181 3.077
62 273 3 192.48 206.506 37.833 0.47 0.237 1.499 3.033
62 291 4 198.725 185.485 37.896 1.653 0.679 1.655 -3.129
62 299 5 200.798 174.169 37.961 1.088 0.712 1.727 3.142
62 321 3 216.744 161.442 38.09 0.2 0.557 0.403 0.27
63 250 3 181.67 237.33 38.063 0.222 0.391 0.632 -0.013
63 259 4 196.373 244.627 37.624 0.407 0.416 0.813 -3.092
63 261 4 197.101 240.656 37.59 0.295 0.556 1.039 -3.092
63 291 4 198.353 186.753 37.863 1.197 0.747 1.307 -3.131
63 299 5 200.487 175.889 37.899 1.206 0.675 1.678 -3.12
63 321 3 216.734 162.16 37.778 0.535 0.552 1.378 -0.005
64 250 3 181.482 238.045 37.991 0.274 0.403 0.728 0.042
64 261 4 196.633 242.772 37.749 0.416 0.599 1.234 -3.129
64 291 4 197.976 189.16 37.68 0.651 0.369 0.395 0.035
64 299 5 200.133 177.5 37.929 1.2 0.697 1.758 3.137
64 321 3 216.674 162.818 37.955 0.322 0.691 1.169 -3.139
65 291 4 197.898 190.354 37.919 1.803 0.687 1.709 -3.135
65 299 5 199.841 178.854 37.933 1.743 0.695 1.637 -3.098
65 321 3 216.626 163.58 38.05 0.368 0.738 1.158 -3.122
65 328 3 190.558 137.871 38.864 0.291 0.43 0.87 1.998
66 291 4 197.703 191.987 37.843 1.411 0.697 1.712 -3.14
66 328 3 191.119 138.286 38.92 0.296 0.331 0.817 -1.159
67 291 4 197.564 194.035 37.839 1.65 0.668 1.658 3.032
67 328 3 191.474 138.909 38.906 0.392 0.645 0.727 -1.027
67 330 4 199.334 181.963 37.926 1.756 0.618 1.719 3.138
68 291 4 197.461 195.609 37.863 1.199 0.654 1.704 3.133
68 328 3 191.868 139.402 38.823 0.305 0.677 1.155 2.474
68 330 4 199.051 183.736 37.932 1.511 0.662 1.721 -3.14
69 291 4 196.88 202.441 37.799 0.616 0.727 1.132 3.132
69 330 4 198.086 191.019 37.797 1.011 0.557 1.568 -3.042
69 336 3 215.753 167.635 38.026 0.553 0.789 1.632 3.081
70 291 4 196.658 204.222 37.709 0.875 0.619 1.338 -0.037
70 330 4 197.893 193.028 37.73 0.725 0.627 1.289 -0.037
70 336 3 215.721 168.358 38.015 0.441 0.861 1.533 3.04
71 291 4 196.462 206.249 37.728 0.482 0.489 1.095 -3.129
71 330 4 197.769 195.142 37.762 0.572 0.592 1.404 -3.129
71 336 3 215.699 169.09 38.187 0.461 0.721 1.13 -3.141
72 330 4 197.555 197.237 37.691 0.598 0.496 1.128 0.003
72 336 3 215.608 169.762 38.303 0.368 0.633 0.761 -3.116
73 330 4 197.264 199.295 37.632 0.656 0.489 1.136 -0.029
73 336 3 215.594 170.416 38.56 0.216 0.45 0.415 2.76
73 345 1 207.315 108.201 37.505 0.293 0.292 0.48 0.094
73 346 5 210.827 106.304 37.488 0.172 0.044 0.303 -1.572
74 336 3 215.563 171.143 38.459 0.293 0.515 0.512 3.142
74 345 1 207.334 108.223 37.491 0.249 0.216 0.386 -0.055
74 347 1 205.296 142.899 37.521 0.306 0.285 0.634 3.142
75 336 3 215.585 171.807 38.413 0.419 0.246 0.287 1.47
75 347 1 205.353 142.79 37.55 0.313 0.333 0.557 -1.083
76 336 3 215.725 172.459 38.009 0.271 0.756 0.86 2.985
76 345 1 207.289 108.272 37.487 0.31 0.189 0.472 1.502
76 347 1 205.276 142.806 37.535 0.286 0.266 0.578 -3.105
76 351 3 200.074 119.289 38.183 0.543 0.607 1.012 3.104
76 352 3 199.397 118.241 38.207 0.702 0.538 1.121 3.104
76 353 3 196.758 120.329 38.756 0.755 0.845 0.926 2.462
76 354 3 200.383 118.245 38.119 0.477 0.758 0.989 3.104
77 336 3 215.656 173.157 37.941 0.361 0.702 0.721 3.117
77 345 1 207.266 108.261 37.501 0.374 0.419 0.523 -1.56
77 346 5 210.77 106.303 37.562 0.169 0.198 0.3 0
77 347 1 205.249 142.834 37.508 0.425 0.367 0.678 -3.083
77 351 3 199.937 119.126 38.15 0.799 0.829 1.264 2.41
77 352 3 199.359 118.354 38.201 0.909 0.738 1.11 2.378
77 353 3 196.867 120.326 38.481 0.693 0.7 1.463 -3.13
77 354 3 200.336 118.182 38.14 0.558 0.738 1.125 2.86
77 355 3 203.905 126.726 38.137 0.775 0.602 1.706 -2.054
77 356 3 231.497 79.345 38.317 0.212 0.422 0.78 -3.137
77 358 3 181.263 124.908 38.601 0.463 0.675 1.466 1.452
77 360 3 176.332 127.137 38.46 0.58 0.506 1.33 1.725
78 345 1 207.238 108.221 37.584 0.431 0.329 0.621 0.088
78 346 5 210.758 106.245 37.558 0.288 0.307 0.411 -3.045
78 347 1 205.167 142.785 37.532 0.291 0.277 0.586 -3.134
78 351 3 199.855 119.169 38.169 0.821 0.746 1.29 0.654
78 352 3 199.341 118.447 38.189 0.63 0.761 1.195 2.609
78 353 3 196.801 120.158 38.812 0.328 0.338 0.75 -1.886
78 354 3 200.264 118.222 38.236 0.7 0.588 0.921 -2.237
78 355 3 203.746 126.977 38.104 0.475 0.629 1.767 3.128
78 356 3 231.384 80.12 38.279 0.262 0.393 0.926 3.131
78 358 3 182.085 124.93 38.554 0.767 0.634 1.521 -1.569
78 360 3 177.225 127.097 38.393 0.599 0.52 1.421 1.622
78 369 3 198.52 133.345 38.114 0.511 0.551 1.606 0.082
78 371 1 227.164 76.209 37.548 3.728 1.253 0.656 -3.125
79 345 1 207.278 108.3 37.614 0.249 0.267 0.603 0
79 346 5 210.747 106.262 37.54 0.27 0.23 0.395 -3.081
79 347 1 205.107 142.808 37.535 0.259 0.228 0.387 0
79 351 3 199.797 119.165 38.181 0.829 0.702 1.249 0.587
79 352 3 199.131 118.284 38.294 0.948 0.633 0.868 2.588
79 353 3 196.725 120.131 38.736 0.309 0.324 0.621 3.099
79 354 3 200.33 118.273 38.207 0.656 0.584 0.971 -2.56
79 355 3 203.772 127.164 38.07 0.648 0.625 1.719 3.126
79 356 3 231.311 80.685 38.369 0.233 0.39 1.036 3.128
79 369 3 198.276 133.731 38.195 0.419 0.527 1.503 0.112
79 371 1 227.24 76.126 37.76 3.852 1.595 1.053 3.054
79 372 4 216.792 58.483 37.95 2.01 0.491 1.241 -3.113
79 374 3 209.531 67.359 38.278 0.366 0.442 1.228 0.059
79 375 3 234.187 61.957 38.354 0.361 0.671 0.545 -0.036
79 376 3 216.265 57.273 37.913 0.574 0.443 1.241 -3.076
79 378 3 215.744 58.414 37.977 0.883 0.605 1.154 -2.952
80 345 1 207.27 108.284 37.63 0.331 0.356 0.665 -3.096
80 346 5 210.734 106.271 37.577 0.292 0.334 0.488 -1.547
80 351 3 199.813 119.181 38.316 0.485 0.644 0.863 0.504
80 352 3 199.212 118.108 38.159 0.723 0.689 1.161 0.931
80 353 3 196.77 120.261 38.453 0.586 0.682 1.392 1.239
80 354 3 200.256 118.186 38.07 0.592 0.727 1.093 -2.422
80 355 3 203.775 127.286 38.014 0.644 0.726 1.654 1.56
80 356 3 231.154 81.202 38.181 0.346 0.587 1.388 3.126
80 358 3 183.01 125.063 38.551 0.482 0.679 1.493 1.226
80 360 3 178.334 127.604 38.107 0.479 0.774 1.047 2.905
80 369 3 198.243 134.475 38.152 0.484 0.604 1.534 -3.091
80 371 1 227.346 76.191 37.826 4.136 1.782 0.963 -3.108
80 372 4 216.544 59.862 38.08 0.424 0.688 1.335 -3.107
80 374 3 209.364 67.909 38.099 0.784 0.556 1.414 0.004
80 375 3 234.399 62.48 38.409 0.145 0.338 0.867 -3.126
80 376 3 216.212 57.815 38.027 0.701 0.532 1.393 -3.096
80 378 3 215.597 59.197 38.046 0.541 0.471 1.378 -3.107
81 345 1 207.178 108.198 37.636 0.379 0.368 0.698 3.098
81 351 3 199.874 119.102 38.134 0.752 0.861 1.189 0.457
81 352 3 199.078 118.22 38.149 0.685 0.654 1.029 -2.511
81 353 3 196.699 120.343 38.358 0.758 0.595 1.606 2.931
81 354 3 200.255 118.196 38.065 0.591 0.75 1.096 -2.822
81 355 3 203.754 127.5 38.092 0.494 0.617 1.639 2.495
81 356 3 231.027 81.93 38.158 0.66 0.721 1.575 -3.13
81 358 3 183.521 125.067 38.536 0.39 0.564 1.678 -1.912
81 360 3 178.819 127.24 38.502 0.455 0.463 1.288 -2.296
81 369 3 198.106 134.968 38.164 0.331 0.738 1.402 0.117
81 371 1 227.162 76.079 37.883 4.297 1.474 1.085 3.103
81 372 4 216.456 60.277 37.979 0.696 0.591 1.306 0.336
81 374 3 209.167 68.757 38.185 0.384 0.517 1.498 -3.075
81 375 3 234.353 62.92 38.545 0.338 0.464 0.736 3.064
81 376 3 216.412 57.994 37.948 1.945 1.146 1.322 -2.931
81 378 3 215.37 59.754 38.108 0.291 0.612 1.503 0.176
81 383 3 240.137 98.378 38.841 0.473 0.405 0.983 -0.097
82 345 1 207.141 108.202 37.63 0.296 0.298 0.641 -2.892
82 351 3 199.703 119.245 38.283 0.482 0.612 0.921 -3.045
82 352 3 199.05 118.203 38.137 0.509 0.748 1.217 -3.045
82 353 3 196.511 120.162 38.71 0.359 0.608 0.822 -3.026
82 354 3 200.24 118.118 38.168 0.445 0.636 1.013 -3.108
82 355 3 203.913 127.633 37.922 0.338 0.59 1.433 1.951
82 356 3 230.914 82.29 38.471 0.311 0.631 1.066 -3.094
82 358 3 184.066 125.01 38.546 0.479 0.309 0.805 3.142
82 360 3 179.466 127.216 38.707 0.353 0.28 0.775 -3.035
82 369 3 197.996 135.517 38.14 0.454 0.567 1.367 -3.095
82 371 1 227.185 76.137 37.866 4.305 1.507 1.19 -3.138
82 372 4 216.146 60.986 38.048 0.466 0.528 1.524 -3.106
82 374 3 208.993 69.441 38.304 0.432 0.458 1.598 -3.065
82 375 3 234.152 63.408 38.754 0.163 0.301 0.31 3.142
82 376 3 216.773 57.805 38.063 0.238 0.568 1.415 -3.081
82 378 3 215.207 60.325 38.096 0.453 0.775 1.38 -3.067
82 383 3 240.263 97.737 38.887 0.624 0.688 1.019 0.024
83 345 1 207.111 108.151 37.631 0.26 0.301 0.592 1.554
83 351 3 199.625 119.407 38.378 0.227 0.52 0.618 -1.685
83 352 3 199.127 118.259 38.143 0.633 0.596 1.1 3.137
83 353 3 196.527 120.369 38.408 0.501 0.812 1.478 -3.057
83 354 3 200.13 118.147 38.059 0.542 0.604 1.082 -3.098
83 356 3 230.9 82.686 38.463 0.539 0.781 1.09 -3.092
83 358 3 184.613 125.178 38.677 0.621 0.516 1.068 2.885
83 369 3 197.933 136.059 38.201 0.322 0.629 1.253 0.012
83 371 1 227.252 76.033 37.887 4.562 1.746 1.268 -3.115
83 372 4 216.125 61.478 38.06 0.719 0.845 1.522 -3.11
83 374 3 209.098 70.175 38.434 0.299 0.369 1.356 -3.13
83 375 3 233.82 63.756 38.71 1.018 0.47 0.315 1.596
83 376 3 216.68 58.315 37.968 0.639 0.529 1.614 -3.139
83 378 3 215.135 60.668 38.051 0.619 0.619 1.513 -3.098
83 383 3 240.211 97.158 38.789 0.549 0.514 1.075 1.057
84 351 3 199.715 119.539 38.534 0.49 0.834 1.74 -1.55
84 352 3 198.944 118.395 38.039 0.577 0.842 1.213 0.61
84 353 3 196.405 120.498 38.27 1.378 0.852 1.48 -3.124
84 354 3 200.059 118.185 37.954 0.449 0.615 0.858 -0.103
84 356 3 230.4 83.974 38.397 0.545 0.496 1.234 3.13
84 371 1 227.13 75.984 38.035 4.732 1.704 1.526 -3.125
84 372 4 216.006 61.336 38.031 0.342 0.322 1.406 2.864
84 374 3 208.655 71.792 38.356 0.574 0.613 1.437 -3.044
84 378 3 215.208 61.028 38.019 0.591 0.604 1.414 2.697
84 383 3 240.429 95.509 38.859 0.502 0.494 0.974 1.49
84 393 3 245.82 96.422 38.753 0.749 0.351 0.864 1.653
84 394 3 233.219 64.754 38.322 0.249 0.553 0.747 0.09
84 396 5 224.784 30.713 37.815 0.362 1.499 0.392 -3.115
84 397 3 214.925 62.192 38.001 0.534 0.933 1.498 2.968
84 398 3 233.828 64.931 38.519 0.288 0.416 0.836 0.01
85 351 3 199.551 119.833 38.952 0.196 0.276 1.226 2.799
85 352 3 198.869 118.333 38.22 0.623 0.501 0.737 2.799
85 356 3 230.253 85.326 38.418 0.72 0.97 1.255 -3.097
85 371 1 227.044 75.924 38.059 4.788 1.726 1.557 -3.119
85 372 4 216.062 61.175 38.051 0.659 0.783 1.521 3.128
85 374 3 208.143 73.407 38.304 0.905 0.659 1.595 -3.086
85 378 3 215.358 62.027 38.114 0.396 0.493 1.641 3.141
85 383 3 240.555 93.92 38.84 0.533 0.414 1.077 -1.739
85 393 3 246.288 94.86 38.9 0.212 0.412 0.971 -0.954
85 394 3 233.455 66.016 38.341 0.393 0.486 1.254 -3.119
85 396 5 225.308 26.78 37.944 2.29 1.643 1.419 -0.011
85 397 3 214.774 62.485 38.066 0.406 0.544 1.557 3.141
85 398 3 233.007 65.884 38.304 0.321 0.465 1.143 -3.119
85 403 3 215.53 64.498 38.054 0.624 0.75 1.565 3.14
85 404 4 228.408 68.236 37.908 1.617 0.784 1.093 1.691
85 407 3 214.589 63.811 38.092 0.883 0.753 1.589 3.141
86 351 3 199.479 119.872 39.092 0.272 0.347 1.247 -3.04
86 356 3 230.005 85.837 38.431 0.638 0.662 1.211 3.142
86 371 1 227.042 75.874 38.083 4.837 1.832 1.518 -3.136
86 372 4 215.99 61.668 38.064 0.606 0.719 1.59 -3.127
86 374 3 208.08 74.15 38.322 0.976 0.744 1.561 -3.115
86 378 3 215.196 62.652 38.129 0.398 0.528 1.528 -3.127
86 383 3 240.69 93.242 38.903 0.531 0.616 1.141 0.021
86 393 3 246.367 94.17 38.743 0.282 0.385 1.133 0
86 394 3 233.4 66.556 38.35 0.347 0.677 1.197 -3.101
86 396 5 225.433 25.871 37.586 1.564 1.677 0.665 0.022
86 397 3 214.76 62.998 38.293 0.287 0.471 1.091 -3.127
86 398 3 232.839 66.339 38.289 0.297 0.5 1.167 -2.997
86 403 3 215.46 64.955 38.071 0.419 0.854 1.588 -3.127
86 404 4 228.397 68.322 37.895 1.904 0.546 1.107 1.735
86 407 3 214.471 64.409 38.114 0.753 0.622 1.671 -3.127
86 413 3 238.255 28.75 38.422 0.183 0.318 0.337 -3.126
86 414 4 228.877 64.415 37.846 1.35 0.405 0.913 1.597
86 415 4 228.456 66.653 37.846 1.55 0.495 1.029 1.555
87 356 3 229.81 86.362 38.355 0.528 0.666 1.146 3.106
87 371 1 227.035 75.72 38.065 4.494 1.732 1.499 -3.136
87 372 4 215.864 62.278 38.066 0.826 0.708 1.531 -3.09
87 374 3 208.076 74.728 38.152 0.676 0.753 1.541 -2.797
87 378 3 215.049 63.128 38.133 0.54 0.678 1.655 2.819
87 383 3 240.582 92.554 38.887 0.198 0.467 0.841 -0.339
87 393 3 246.517 93.493 38.71 0.297 0.397 1.175 0.054
87 394 3 233.296 67.016 38.399 0.351 0.687 1.299 -2.874
87 396 5 225.679 24.377 37.944 2.3 1.644 1.434 0.035
87 397 3 214.649 63.638 38.085 0.374 0.578 1.577 2.928
87 398 3 232.655 66.723 38.128 0.3 0.607 1.557 -2.874
87 403 3 215.341 65.48 38.122 0.414 0.838 1.598 3.102
87 404 4 228.344 68.303 37.892 1.759 0.57 1.155 1.795
87 407 3 214.251 64.906 38.127 0.516 0.547 1.609 2.922
87 413 3 238.756 29.365 38.271 0.269 0.227 0.919 2.631
87 414 4 228.962 64.379 37.796 1.506 0.485 0.966 1.585
87 415 4 228.418 66.65 37.842 1.548 0.476 1.042 1.597
87 422 3 232.559 14.271 37.782 0.584 0.522 1.482 1.553
87 423 3 239.943 24.517 38.289 0.272 0.246 0.732 3.129
87 425 3 238.208 29.25 38.404 0.241 0.463 0.661 3.106
87 426 3 240.78 16.253 38.332 0.218 0.361 0.383 3.038
88 356 3 229.61 86.903 38.356 0.416 0.675 1.027 2.854
88 371 1 227.116 75.667 38.056 4.369 1.921 1.463 -3.13
88 372 4 215.767 62.767 38.084 0.696 0.847 1.557 -0.417
88 374 3 207.998 75.417 38.242 0.84 0.778 1.586 2.996
88 378 3 214.972 63.655 38.135 0.561 0.696 1.648 -2.663
88 383 3 240.724 91.937 38.871 0.443 0.425 0.812 -1.217
88 393 3 246.656 92.927 38.748 0.353 0.535 1.001 -0.003
88 394 3 233.043 67.527 38.414 0.34 0.442 1.214 0.576
88 396 5 225.669 23.865 37.638 0.921 1.642 0.797 0.084
88 397 3 214.653 64.222 38.12 0.322 0.55 1.52 -2.837
88 398 3 232.457 67.182 38.226 0.661 0.43 1.352 2.085
88 403 3 215.295 66.06 38.125 0.839 0.53 1.571 -1.185
88 404 4 228.312 68.377 37.904 1.961 0.523 1.186 1.792
88 407 3 214.242 65.554 38.184 0.698 0.741 1.588 -3.017
88 413 3 238.638 29.856 38.345 0.189 0.423 0.605 -2.98
88 414 4 228.996 64.417 37.815 1.745 0.503 0.99 1.608
88 415 4 228.4 66.706 37.856 1.624 0.581 1.078 1.551
88 422 3 232.71 14.306 38.057 0.531 0.304 1.413 1.436
88 423 3 239.759 25.16 38.23 0.414 0.774 0.667 2.85
88 425 3 238.011 29.762 38.343 0.143 0.473 0.616 -2.954
88 426 3 240.692 16.888 38.399 0.186 0.474 0.747 3.098
89 356 3 229.376 87.444 38.335 0.545 0.595 1.064 -3.094
89 371 1 226.964 75.686 38.048 4.356 1.72 1.512 -3.128
89 372 4 215.629 63.314 38.097 0.688 0.74 1.574 3.132
89 374 3 207.996 75.996 38.362 0.57 0.603 1.427 -3.111
89 378 3 214.717 64.158 38.102 0.538 0.743 1.606 3.132
89 383 3 240.664 91.227 38.895 0.417 0.395 0.743 -2.217
89 393 3 246.635 92.234 38.699 0.394 0.303 1.084 -3.105
89 394 3 233.013 67.868 38.278 0.578 0.439 1.37 -3.081
89 396 5 225.885 22.622 37.648 1.127 1.719 0.842 0.014
89 397 3 214.548 64.722 38.077 0.538 0.614 1.539 3.132
89 398 3 232.377 67.765 38.195 0.476 0.785 1.44 -3.081
89 403 3 215.137 66.385 38.07 0.663 0.901 1.538 3.132
89 404 4 228.203 68.41 37.901 1.781 0.592 1.143 1.695
89 407 3 214.116 65.99 38.125 0.576 0.744 1.665 3.132
89 413 3 238.608 30.37 38.305 0.324 0.474 0.978 -3.12
89 414 4 228.879 64.465 37.812 1.739 0.413 1.01 1.543
89 415 4 228.287 66.71 37.848 1.509 0.564 1.067 1.616
89 422 3 232.794 13.99 37.857 0.533 0.405 1.535 0.395
89 423 3 239.569 25.863 38.304 0.31 0.61 0.85 -3.135
89 425 3 237.896 30.259 38.424 0.265 0.545 0.751 -3.12
89 426 3 240.505 17.466 38.251 0.319 0.519 0.726 3.127
90 356 3 229.128 88.153 38.294 0.817 0.721 1.044 -3.088
90 371 1 226.895 75.67 38.026 4.261 1.553 1.474 -3.126
90 372 4 215.486 63.789 38.091 0.491 0.82 1.545 3.07
90 374 3 207.8 76.704 38.344 0.292 0.533 1.327 -3.133
90 394 3 232.918 68.416 38.228 0.56 0.555 1.408 -3.121
90 396 5 226.062 21.45 37.724 1.106 1.596 1.122 0.064
90 397 3 214.567 64.643 38.116 0.524 0.746 1.584 3.081
90 398 3 232.227 68.285 38.429 0.374 0.629 1.038 -3.121
90 403 3 215.055 67.026 38.059 0.537 0.662 1.522 -2.903
90 404 4 228.283 68.47 37.916 1.94 0.406 1.233 1.755
90 407 3 214.146 66.542 38.12 0.321 0.432 1.637 -3.04
90 413 3 238.456 30.857 38.408 0.21 0.435 0.821 -3.133
90 414 4 228.76 64.47 37.819 1.427 0.447 1.019 1.599
90 415 4 228.221 66.753 37.827 1.368 0.32 0.941 1.602
90 422 3 232.866 13.439 37.906 0.405 0.206 1.468 -0.77
90 423 3 239.507 26.553 38.284 0.391 0.487 0.919 -3.133
90 425 3 237.667 30.734 38.33 0.242 0.506 0.658 0.009
90 426 3 240.277 18.122 38.207 0.156 0.411 0.884 -3.133
