0 1 1 691.749 163.296 38.025 2.597 1.892 1.549 0.062
0 3 1 708.908 171.179 37.998 4.35 1.839 1.488 0.022
0 4 1 669.872 161.718 37.85 1.389 1.686 0.819 0.062
1 1 1 685.056 161.743 38.138 1.618 1.798 1.545 0.034
1 3 1 700.469 169.201 37.995 4.406 1.952 1.485 0.007
1 4 1 662.599 160.246 37.732 1.41 1.657 0.833 0.032
2 1 1 678.132 160.179 38.039 1.07 1.859 1.444 0.056
2 3 1 692.168 167.183 38.023 4.497 1.828 1.473 0.016
2 4 1 655.484 158.617 37.929 1.395 1.547 1.261 0.047
2 7 1 658.936 135.206 38.152 4.185 1.62 1.605 3.071
3 1 1 669.956 158.314 38.004 2.879 1.974 1.302 0
3 3 1 683.805 165.371 38.022 4.313 1.869 1.427 0.013
3 4 1 648.409 157.062 37.919 1.511 1.657 0.982 0
3 7 1 664.672 136.486 38.291 4.984 1.833 1.566 3.142
4 1 1 662.673 156.683 38.08 2.983 1.821 1.637 0.068
4 3 1 675.605 163.42 38.039 4.446 1.875 1.396 0.068
4 4 1 641.845 155.523 37.903 1.303 1.519 1.047 0.055
4 7 1 670.554 137.961 38.138 4.921 1.842 1.868 -3.08
5 1 1 656.398 155.317 38.086 1.146 1.832 1.563 0.033
5 3 1 667.555 161.623 38.042 4.418 1.861 1.439 -0.005
5 4 1 635.009 153.988 37.689 1.41 1.746 0.649 0.026
5 7 1 676.358 139.371 38.285 4.995 1.866 1.807 -3.136
6 1 1 648.917 153.709 38.051 1.963 1.765 1.682 -0.028
6 3 1 659.581 159.742 37.995 4.324 1.956 1.455 0.018
6 4 1 628.495 152.457 37.65 1.306 1.687 0.86 -0.043
6 7 1 682.013 140.779 38.273 4.909 1.868 1.729 -3.123
7 1 1 641.509 152.035 37.955 2.977 1.905 1.355 -0.002
7 3 1 651.652 157.906 37.999 4.319 1.99 1.461 0.005
7 4 1 621.779 151.015 37.83 1.379 1.771 1.249 -0.002
7 7 1 687.822 142.26 38.442 4.76 1.777 1.513 -3.127
8 1 1 634.676 150.445 38.011 2.922 1.901 1.639 0
8 3 1 643.853 156.161 37.958 4.35 2.042 1.439 0
8 4 1 614.923 149.397 37.875 1.428 1.713 0.998 0
8 7 1 693.607 143.725 38.464 4.527 1.792 1.486 -3.101
8 10 5 622.485 125.557 37.448 2.047 0.621 0.297 3.107
9 1 1 627.869 148.914 38.006 2.976 1.892 1.598 0.035
9 3 1 636.153 154.333 37.903 4.385 1.887 1.45 0.035
9 4 1 608.167 147.807 37.815 1.117 1.539 1.053 0.017
9 7 1 699.218 145.192 38.585 3.821 1.67 0.996 -3.106
9 10 5 628.958 127.501 37.822 3.711 0.491 0.576 -3.078
10 1 1 621.217 147.322 37.981 2.911 2.002 1.618 0.002
10 3 1 628.573 152.644 37.914 4.368 1.922 1.515 0.021
10 4 1 600.959 146.195 37.396 1.488 1.662 1.044 0.061
10 7 1 704.777 147.175 39.253 3.254 2.911 2.159 3.087
10 10 5 636.332 128.971 37.89 4.76 1.704 1.307 3.139
11 1 1 614.485 145.713 37.95 2.954 2.048 1.618 0.007
11 3 1 620.981 150.912 37.893 4.372 1.95 1.47 0.007
11 4 1 593.977 144.629 37.57 1.359 1.758 0.602 0.007
11 10 5 643.657 131.344 37.941 4.819 0.893 1.213 -3.085
12 1 1 608.7 144.364 37.932 1.079 1.846 1.571 0.019
12 3 1 613.527 149.189 37.865 4.405 1.746 1.415 0.019
12 4 1 586.993 143.021 37.728 1.39 1.805 1.332 0.019
12 10 5 650.828 132.73 37.971 4.537 1.757 1.256 3.135
13 1 1 601.741 142.684 37.946 1.704 1.903 1.667 -0.021
13 3 1 606.193 147.565 37.802 4.382 1.966 1.429 -0.021
13 4 1 580.11 141.375 37.682 1.296 1.763 1.279 -0.021
13 10 5 657.908 134.534 38.007 3.685 1.757 1.116 3.142
13 13 4 572.549 143.489 37.592 1.077 0.846 1.137 0.109
14 1 1 594.416 140.866 37.916 2.943 2.041 1.597 0
14 3 1 599.014 145.889 37.82 4.324 1.946 1.443 0.01
14 4 1 573.23 139.787 37.514 1.315 1.703 0.612 0
14 13 4 569.404 142.669 37.738 0.643 0.52 0.742 0
15 1 1 588.277 139.45 37.92 1.723 1.863 1.694 0.005
15 3 1 591.84 144.284 37.765 4.397 1.843 1.432 0.019
15 4 1 566.222 138.278 37.698 1.492 1.818 1.249 0.005
15 13 4 566.549 142.094 37.854 0.204 0.472 0.475 -0.131
16 1 1 580.991 137.687 37.909 2.958 1.999 1.568 0.009
16 3 1 584.815 142.667 37.751 4.411 1.869 1.47 0.017
16 4 1 559.639 136.751 37.711 1.091 1.645 0.941 0.039
16 13 4 563.336 141.36 38.096 0.531 0.479 0.265 0.068
16 26 3 550.156 142.412 38.063 0.181 0.53 0.977 0.038
17 1 1 575.124 136.46 37.839 1.163 1.854 1.556 -0.006
17 3 1 577.963 140.951 37.784 4.414 1.876 1.432 0.033
17 4 1 552.676 135.229 37.641 1.458 1.766 1.253 -0.073
17 13 4 560.251 140.815 37.996 0.72 0.599 0.404 0.006
17 26 3 551.032 142.578 37.937 0.28 0.381 1.137 0.013
18 1 1 567.496 134.658 37.832 2.899 2.189 1.554 -0.059
18 3 1 571.137 139.324 37.708 4.308 1.988 1.379 0.067
18 4 1 545.895 133.803 37.625 1.396 1.693 1.323 0.025
18 13 4 557.314 140.308 37.599 1.205 0.838 1.405 0.042
18 26 3 551.799 142.792 37.825 0.404 0.415 1.606 -3.04
19 1 1 560.589 133.14 37.754 2.9 2.048 1.588 -0.007
19 3 1 564.362 137.634 37.658 4.259 1.905 1.362 -0.007
19 4 1 539.075 132.352 37.593 1.476 1.834 1.268 0.029
19 13 4 554.234 139.673 37.593 1.227 0.947 1.477 -0.004
19 26 3 552.322 142.928 37.851 0.738 0.63 1.624 0.087
20 1 1 554.514 131.882 37.714 1.065 1.858 1.566 0.029
20 3 1 557.653 136.108 37.669 4.266 1.859 1.551 0.029
20 4 1 532.429 130.799 37.55 1.351 1.716 1.243 0.029
20 13 4 551.101 139.043 37.615 1.318 0.92 1.516 0.029
20 26 3 553.22 143.139 37.899 0.368 0.432 1.624 -0.192
21 1 1 547.516 130.361 37.673 1.088 1.873 1.63 0
21 3 1 551.127 134.594 37.592 4.362 1.984 1.413 0
21 4 1 525.8 129.319 37.561 1.338 1.683 1.272 0
21 13 4 547.906 138.379 37.654 1.5 0.833 1.62 -0
21 26 3 553.843 143.329 37.89 0.752 0.704 1.55 -3.103
22 1 1 540.258 128.825 37.761 1.408 1.853 1.526 0.055
22 3 1 544.836 133.219 37.648 4.228 1.895 1.407 0.005
22 4 1 519.281 127.779 37.465 1.316 1.618 1.229 0.096
22 13 4 544.961 137.734 37.564 1.67 0.842 1.452 -0.011
22 26 3 554.624 143.412 37.902 0.932 0.496 1.629 -3.137
23 1 1 531.547 126.908 37.774 1.64 1.878 1.562 0.014
23 3 1 538.611 131.822 37.601 4.332 1.929 1.373 0.012
23 4 1 512.085 126.231 37.535 2.751 1.718 1.321 0.036
23 13 4 541.78 137.04 37.636 1.728 0.858 1.601 0.017
23 26 3 555.317 143.645 37.954 0.842 0.572 1.582 -3.047
24 1 1 525.119 125.537 37.74 3.061 1.911 1.611 0.093
24 3 1 531.771 130.248 37.598 5.774 1.836 1.425 0.026
24 4 1 505.695 124.81 37.552 2.663 1.814 1.247 0.093
24 13 4 538.774 136.347 37.654 1.729 0.891 1.633 0.093
24 26 3 556.09 143.819 37.975 0.864 0.616 1.706 0.006
24 38 5 502.483 97.441 37.953 0.716 0.557 0.407 2.989
24 39 5 533.948 99.675 37.61 0.498 0.464 1.106 1.493
25 1 1 517.002 123.607 37.769 1.705 1.76 1.617 0
25 3 1 526.121 128.942 37.601 4.62 1.925 1.443 0
25 4 1 499.26 123.383 37.591 2.827 1.747 1.348 0
25 13 4 535.691 135.558 37.699 1.668 0.949 1.605 0
25 26 3 556.809 144.024 37.931 0.923 0.605 1.666 -3.135
25 38 5 507.879 98.354 37.701 0.869 0.506 1.039 2.867
25 39 5 537.097 100.205 37.614 1.211 0.587 1.599 3.127
25 40 4 512.51 97.258 37.333 0.988 0.585 1.161 3.084
26 1 1 509.945 122.039 37.666 1.047 1.847 1.554 0.023
26 3 1 519.328 127.292 37.625 5.54 2.052 1.439 -0.017
26 4 1 492.564 121.835 37.568 3.718 1.756 0.992 0.078
26 13 4 532.634 134.786 37.674 1.703 0.967 1.598 -0.013
26 26 3 557.526 144.228 37.924 0.811 0.587 1.686 0.041
26 38 5 512.363 99.11 37.76 1.155 0.609 1.038 3.039
26 39 5 540.011 100.687 37.588 1.516 0.663 1.81 3.063
26 40 4 515.856 97.598 37.424 1.621 0.601 1.181 3.037
26 42 5 516.683 96 37.177 0.471 1.035 0.434 3.034
27 1 1 502.274 120.291 37.736 1.7 1.883 1.709 0.029
27 3 1 512.951 125.718 37.637 5.624 2.029 1.501 0.019
27 4 1 486.808 120.424 37.722 2.75 1.672 1.206 0.007
27 13 4 529.578 134.057 37.704 1.71 1.139 1.611 0.004
27 26 3 558.331 144.445 37.969 0.945 0.69 1.572 -3.1
27 38 5 517.167 99.785 37.55 1.294 0.636 1.421 3.072
27 39 5 542.862 101.17 37.914 0.813 0.523 1.039 3.053
27 40 4 519.552 98.037 37.486 1.736 0.425 1.554 3.072
27 42 5 516.603 96.17 37.124 0.498 0.609 0.525 3.038
28 1 1 494.798 118.538 37.83 1.874 1.828 1.431 0.078
28 3 1 506.505 124.059 37.648 5.529 1.993 1.507 0
28 4 1 480.269 118.719 37.667 3.626 1.875 1.231 -0.015
28 13 4 526.556 133.18 37.718 1.71 0.869 1.647 0.03
28 26 3 559.036 144.603 38.094 0.391 0.568 1.429 0.032
28 38 5 522.136 100.408 37.685 1.148 0.824 1.38 3.1
28 39 5 545.716 101.539 37.586 0.915 0.597 1.667 2.557
28 40 4 523.569 98.234 37.55 1.086 0.615 1.487 3.009
28 42 5 514.795 95.853 37.339 4.081 1.395 0.982 3.142
29 1 1 487.487 116.893 37.836 1.941 1.827 1.467 0.016
29 3 1 499.98 122.303 37.675 5.637 1.923 1.439 0.046
29 4 1 474.714 117.254 37.69 2.592 1.706 1.3 0.023
29 13 4 523.511 132.498 37.705 1.704 0.845 1.611 0.055
29 26 3 559.754 144.855 38.023 0.574 0.521 1.467 3.107
29 38 5 526.898 101.101 37.528 1.527 0.513 1.592 3.034
29 39 5 548.7 101.894 37.624 0.848 0.483 1.373 3.051
29 40 4 526.443 98.664 37.523 0.901 0.313 1.464 -0.119
29 42 5 514.588 96.012 37.488 4.458 0.988 1.322 3.13
29 45 1 467.849 95.855 37.713 3.658 1.58 1.142 3.045
29 46 5 489.496 99.486 37.183 1.336 0.946 0.115 3.022
29 47 3 489.544 90.224 37.996 0.234 0.487 1.16 -1.706
30 1 1 481.412 115.515 37.864 2.578 1.849 1.331 0.048
30 3 1 493.784 120.66 37.689 4.862 1.929 1.502 0.049
30 4 1 468.18 115.563 37.63 3.762 1.682 1.336 0.048
30 13 4 520.528 131.835 37.717 1.684 0.878 1.607 0.048
30 26 3 560.373 145.016 37.759 0.473 0.506 1.34 -0.009
30 38 5 531.805 101.676 37.635 1.723 0.567 1.573 3.076
30 39 5 551.455 102.285 37.7 0.668 0.436 1.081 3.098
30 40 4 530.691 99.191 37.44 1.627 0.426 1.276 3.076
30 42 5 514.254 95.896 37.528 4.241 1.175 1.464 3.084
30 45 1 473.339 96.735 37.719 3.247 1.643 1.11 3.034
30 46 5 494.845 99.56 37.659 3.946 1.859 1.395 3.034
30 47 3 489.445 90.329 38.026 0.278 0.548 1.269 -2.15
31 1 1 474.373 113.915 37.718 2.47 1.806 1.696 -0.014
31 3 1 487.179 118.861 37.725 4.971 2.079 1.402 -0.014
31 4 1 462.722 114.042 37.653 3.337 1.661 1.487 -0.041
31 13 4 517.499 131.239 37.762 1.687 0.957 1.624 -0.014
31 26 3 561.243 145.114 38.035 0.577 0.459 1.293 -0.017
31 38 5 536.5 102.066 37.572 1.253 0.598 1.489 2.881
31 40 4 534.368 99.593 37.558 1.584 0.567 1.56 2.901
31 42 5 513.998 95.847 37.558 3.825 1.195 1.392 3.042
31 45 1 477.955 97.392 37.624 4.362 1.726 1.048 3.042
31 46 5 500.987 100.191 37.659 4.625 2.023 1.442 3.042
31 47 3 489.064 90.647 37.965 0.264 0.232 1.159 -0
31 48 1 487.704 97.462 37.454 2.974 1.467 1.063 3.008
32 1 1 467.444 112.264 37.887 2.418 1.841 1.327 -0.014
32 3 1 480.608 117.019 37.761 5.326 1.967 1.489 0.061
32 4 1 457.278 112.603 37.808 2.735 1.535 1.15 -0.097
32 13 4 514.552 130.624 37.709 1.659 0.872 1.638 0.01
32 38 5 541.155 102.592 37.892 0.77 0.528 0.26 3.036
32 40 4 537.974 100.067 37.717 0.583 0.274 0.717 3.002
32 42 5 514.254 95.626 37.544 4.17 1.561 1.525 3.055
32 45 1 483.316 98.229 37.732 4.238 1.675 1.279 3.078
32 46 5 507.286 100.691 37.665 4.453 1.774 1.497 3.019
32 47 3 488.7 90.919 38.381 0.333 0.176 0.338 0
32 48 1 491.899 98.016 37.704 4.402 1.372 1.351 3.033
32 50 1 470.711 96.857 37.89 3.439 1.573 1.324 3.064
32 53 1 463.281 96.58 38.037 2.476 0.615 1.35 2.999
33 1 1 460.809 110.783 37.891 2.14 1.859 1.365 0.085
33 3 1 474.371 115.211 37.763 5.502 1.875 1.52 0.085
33 4 1 451.392 111.206 37.921 3.185 1.46 1.002 0.085
33 13 4 511.524 130.039 37.645 1.513 0.88 1.586 0.06
33 38 5 545.956 103.199 37.685 0.766 0.493 0.741 3.109
33 42 5 514.001 95.548 37.499 3.765 1.635 1.493 3.072
33 45 1 488.677 98.906 37.65 4.507 2.041 1.513 3.088
33 46 5 513.965 101.573 37.615 4.129 1.382 1.495 3.029
33 47 3 488.318 91.202 38.023 0.503 0.41 1.041 3.142
33 48 1 496.634 98.481 37.631 4.555 1.413 1.452 3.028
33 50 1 475.303 97.333 37.705 4.105 1.652 1.638 3.033
33 53 1 468.153 97.99 37.804 2.49 1.022 1.708 3.033
33 54 2 440.154 94.784 38.335 3.707 2.037 1.831 3.033
34 1 1 453.581 108.973 37.859 1.034 1.747 1.404 0.065
34 3 1 467.853 113.262 37.756 4.393 1.723 1.404 0.095
34 4 1 446.24 110.045 37.851 2.717 1.498 1.15 0.047
34 13 4 508.489 129.46 37.736 1.167 0.887 1.544 -0.008
34 42 5 512.658 95.394 37.284 1.038 1.341 0.774 2.974
34 45 1 494.183 100.001 37.728 4.575 1.773 1.443 3.077
34 48 1 501.443 99.025 37.681 4.285 1.302 1.403 3.028
34 50 1 480.037 97.79 37.733 4.032 1.679 1.738 3.06
34 53 1 472.102 98.439 37.992 4.937 1.872 1.928 3.114
34 54 2 443.128 95.27 38.337 4.87 2.041 1.781 3.068
34 57 1 457.276 96.393 37.775 3.534 1.873 1.246 3.078
35 1 1 446.8 107.25 37.736 1.955 1.42 1.337 0.016
35 3 1 462.027 111.732 37.738 4.355 1.852 1.469 0.039
35 4 1 441.152 109.035 38.008 2.333 1.359 0.535 0.074
35 13 4 505.736 128.836 37.654 1.456 0.911 1.6 0.006
35 45 1 499.828 100.919 37.69 4.249 1.752 1.433 3.087
35 48 1 507.14 99.999 37.09 2.976 0.693 0.446 3.087
35 50 1 484.795 98.286 37.77 4.066 1.65 1.541 3.028
35 53 1 477.407 99.431 37.99 4.844 1.926 1.977 3.113
35 54 2 446.343 95.694 38.295 6.104 2.333 2.052 3.058
35 57 1 462.479 97.427 37.656 4.005 1.954 1.475 3.122
35 62 4 465.869 92.951 37.786 1.502 0.738 1.711 -3.052
36 1 1 440.924 105.969 37.824 0.993 1.739 1.421 0
36 3 1 456.471 110.306 37.732 4.128 2.116 1.443 0.049
36 4 1 435.638 107.59 37.801 1.695 1.671 1.26 0
36 13 4 502.734 127.931 37.568 1.379 0.905 1.567 0
36 45 1 505.574 101.857 37.735 3.466 1.747 1.178 3.113
36 50 1 489.635 98.646 37.733 3.712 1.596 1.578 3.003
36 53 1 482.632 100.358 38.034 4.698 1.936 1.975 3.1
36 54 2 450.13 96.405 38.342 6.073 2.544 2.052 3.054
36 57 1 467.61 98.479 37.767 4.34 1.672 1.451 3.105
36 62 4 468.198 93.594 37.782 1.264 0.667 1.642 3.043
36 66 4 456.631 90.811 37.712 1.973 0.534 1.284 3.045
37 1 1 434.815 104.303 37.756 1.042 1.295 1.572 -0.025
37 3 1 451.035 108.791 37.711 4.21 1.723 1.497 0.091
37 4 1 431.66 106.634 37.605 2.299 1.796 1.324 -0.025
37 13 4 499.592 126.933 37.583 1.388 0.954 1.359 0.069
37 45 1 510.734 103.05 37.71 1.128 0.792 0.927 3.057
37 50 1 495.417 99.613 37.741 2.201 0.544 1.373 3.042
37 53 1 488.224 101.252 38.097 4.426 1.809 1.769 3.066
37 54 2 453.877 96.921 38.168 6.243 2.589 2.35 3.06
37 57 1 472.865 99.402 37.748 4.416 1.659 1.467 3.085
37 62 4 470.041 94.072 37.782 1.625 0.715 1.714 3.042
37 66 4 459.634 91.242 37.751 2.049 0.93 1.635 3.042
37 67 1 436.928 91.076 37.712 2.368 1.487 0.678 3.078
37 68 5 425.577 87.35 37.547 0.615 1.45 0.361 -3.142
37 70 1 447.692 92.76 38.508 2.387 0.92 0.503 3.042
38 1 1 428.953 102.815 37.807 3.134 1.39 1.157 -0.076
38 3 1 446.276 107.648 37.74 4.226 1.787 1.477 0.065
38 4 1 427.64 105.841 37.71 2.052 1.643 1.283 -0.133
38 13 4 497.032 126.199 37.567 1.04 0.931 1.452 0
38 45 1 517.242 103.701 37.829 0.779 1.458 0.6 2.965
38 53 1 493.953 102.319 38.121 3.782 1.062 1.468 3.1
38 54 2 457.543 97.519 38.23 6.36 2.509 2.352 3.055
38 57 1 478.218 100.11 37.747 4.18 1.885 1.411 3.053
38 62 4 471.853 94.372 37.771 1.669 0.673 1.659 2.906
38 66 4 462.818 92.094 37.74 1.646 0.58 1.529 3.141
38 67 1 440.302 91.953 37.415 4.139 1.154 1.014 -3.14
38 68 5 428.91 88.822 37.599 0.948 1.611 0.543 -3.015
38 70 1 452.359 93.261 38.035 2.586 1.705 1.635 3.036
38 74 1 414.746 84.562 37.744 2.794 1.353 0.795 -2.713
39 1 1 423.773 101.424 37.917 1.696 1.192 1.466 0
39 3 1 441.147 106.365 37.738 3.113 1.992 1.452 0
39 4 1 424.204 105.231 37.661 1.357 1.642 1.441 -0.115
39 13 4 494.163 125.405 37.511 0.99 0.975 1.407 -3.131
39 53 1 499.083 102.656 38.31 1.262 1.63 1.207 3.029
39 54 2 461.399 98.018 38.241 6.011 2.618 2.347 3.06
39 57 1 483.512 100.869 37.768 3.52 1.643 1.299 3.029
39 62 4 473.419 94.571 37.762 1.555 0.675 1.614 3.041
39 66 4 465.521 92.759 38.402 0.248 0.098 0.161 3.063
39 67 1 444.343 92.512 37.703 4.395 1.797 1.427 3.141
39 68 5 431.451 89.808 37.798 3.827 1.67 1.288 -2.99
39 70 1 457.079 93.947 37.936 3.039 1.8 1.745 3.087
39 74 1 418.41 86.313 37.767 2.733 1.892 1.185 -3.072
39 76 4 417.347 74.345 38.006 0.798 0.423 1.457 -2.493
39 77 3 460.871 86.384 38.294 0.497 0.469 0.73 3.037
40 1 1 418.034 100.219 38.039 1.012 1.778 1.245 -0.012
40 3 1 435.215 104.984 37.741 3.324 2.137 1.439 0.125
40 4 1 419.408 105.328 37.731 3.903 1.68 1.371 -0.357
40 13 4 491.212 124.799 37.634 0.914 0.835 1.469 -3.13
40 54 2 465.099 98.612 38.26 5.988 2.462 2.278 3.045
40 57 1 488.173 101.461 37.81 1.029 0.992 0.795 3.016
40 62 4 475.675 94.831 37.418 0.408 0.188 0.721 3.049
40 67 1 448.427 93.314 37.74 4.533 1.847 1.367 3.111
40 68 5 435.609 91.142 37.776 3.989 1.908 1.475 -3.04
40 70 1 461.931 94.731 37.974 4.336 1.9 1.796 3.06
40 74 1 421.457 87.476 37.617 3.976 1.978 1.068 -3.044
40 76 4 418.681 75.461 38.44 0.343 0.446 0.402 2.935
40 77 3 460.073 86.464 37.95 0.927 0.586 1.571 -0.102
41 1 1 412.304 98.48 37.91 0.511 1.369 0.843 -0.044
41 3 1 429.285 103.41 37.768 3.43 2.032 1.435 0.003
41 4 1 415.941 106.009 37.684 3.959 1.713 1.371 -0.498
41 13 4 488.585 124.244 37.523 1.367 0.745 1.437 -0.013
41 54 2 468.857 99.168 38.165 6.05 2.351 2.288 3.038
41 62 4 476.598 95.102 38.183 0.181 0.371 0.211 0
41 67 1 452.476 94.354 37.746 4.617 1.338 1.432 3.115
41 68 5 439.509 92.479 37.775 4.129 1.707 1.497 -3.069
41 70 1 465.749 95.397 37.847 4.139 1.816 1.763 3.073
41 74 1 425.187 88.813 37.726 4.24 1.797 1.309 -3.023
41 76 4 420.44 76.91 38.058 0.836 0.65 1.34 -2.503
41 77 3 459.217 86.366 37.885 0.689 0.565 1.584 3.006
41 85 1 414.265 83.811 37.552 5.228 1.244 1.035 -2.95
42 1 1 406.008 96.837 37.897 0.793 1.228 0.859 0.519
42 3 1 423.291 101.957 37.759 3.105 1.9 1.431 0.033
42 4 1 412.684 107.336 37.662 4.07 1.734 1.456 -0.697
42 13 4 485.462 123.513 37.556 0.875 0.848 1.436 0.027
42 54 2 472.861 99.717 38.309 6.17 2.403 1.895 3.014
42 62 4 478.599 95.406 37.859 0.952 0.47 1.126 3.027
42 67 1 456.466 94.875 37.736 4.396 1.721 1.432 3.085
42 68 5 443.536 93.489 37.814 4.231 1.872 1.462 3.138
42 70 1 469.102 95.812 37.817 3.991 1.781 1.673 3.08
42 74 1 428.883 89.979 37.808 4.345 1.967 1.434 -3.048
42 76 4 422.038 78.442 37.923 0.962 0.568 1.567 -2.609
42 77 3 458.641 86.396 37.915 0.854 0.621 1.579 -0.127
42 85 1 418.677 85.361 37.785 4.89 1.871 1.398 -2.989
42 97 1 416.481 96.881 37.567 0.808 0.201 0.824 0.015
43 1 1 399.558 95.271 37.676 0.996 1.646 1.119 -0.134
43 3 1 417.126 100.412 37.774 3.112 1.955 1.42 0.038
43 4 1 409.692 109.412 37.605 4.309 1.754 1.384 -0.914
43 13 4 482.666 122.907 37.644 0.868 0.788 1.44 -1.648
43 54 2 477.107 100.227 38.11 6.564 2.241 2.23 3.035
43 67 1 460.393 95.487 37.712 4.121 1.678 1.455 3.08
43 68 5 447.566 94.33 37.767 4.117 1.818 1.522 3.139
43 70 1 472.501 96.375 38.048 4.076 1.74 1.297 3.08
43 74 1 432.57 91.159 37.776 4.331 1.891 1.512 -3.075
43 76 4 423.465 80.1 37.874 1.269 0.574 1.644 -2.333
43 77 3 457.961 86.378 37.984 0.47 0.723 1.694 -0.435
43 85 1 422.874 87.055 37.757 4.742 1.877 1.453 -2.99
43 97 1 416.253 96.564 37.809 1.692 0.778 1.538 -0.013
44 1 1 393.339 93.506 37.816 0.289 1.346 0.821 0.03
44 3 1 410.832 98.765 37.799 3.164 1.926 1.341 0.011
44 4 1 407.122 112.03 37.669 4.195 1.803 1.484 -1.09
44 13 4 479.743 122.126 37.672 0.823 1.052 1.311 0.069
44 54 2 480.94 100.76 38.467 5.884 2.201 1.502 3.021
44 67 1 464.133 96.153 37.692 3.834 1.456 0.966 3.072
44 68 5 451.698 95.125 37.752 3.968 1.799 1.432 3.08
44 70 1 475.86 96.953 37.892 4.267 1.642 1.324 3.084
44 74 1 436.242 91.938 37.799 4.486 2.115 1.482 -3.13
44 76 4 424.779 81.42 38.394 0.672 0.508 0.736 0.474
44 77 3 457.226 86.32 37.904 0.631 0.6 1.741 -0.127
44 85 1 426.794 88.666 37.81 4.728 1.961 1.4 -3.003
44 97 1 415.741 96.066 37.856 3.009 1.476 1.505 0.156
44 104 1 422.821 111.036 37.277 0.129 0.261 0.36 -0.611
44 105 2 388.366 132.671 38.303 11.923 2.899 3.249 1.669
44 107 4 419.987 112.026 37.175 0.117 0.242 0.382 -0.579
45 1 1 386.67 91.828 37.935 0.423 1.452 0.567 0.055
45 3 1 404.467 97.122 37.8 3.018 2.136 1.341 0.038
45 4 1 404.92 115.231 37.539 4.148 1.831 1.447 -1.222
45 13 4 476.864 121.541 37.551 0.783 0.783 1.445 0
45 54 2 484.563 101.128 38.492 4.746 2.202 1.337 2.991
45 67 1 467.966 96.627 37.51 3.761 1.618 1.008 3.052
45 68 5 455.957 95.747 37.679 3.898 1.796 1.384 3.052
45 70 1 478.946 97.492 37.841 4.029 1.597 1.65 3.082
45 74 1 440.645 93.03 37.7 2.49 1.679 1.333 3.091
45 77 3 456.647 86.44 37.949 0.889 0.595 1.719 2.994
45 97 1 415.598 95.843 37.903 3.497 1.728 1.479 0.154
45 104 1 422.792 111.016 37.243 0.28 0.22 0.371 -1.806
45 105 2 389.165 130.949 38.331 11.739 2.969 3.054 1.65
45 107 4 419.927 112.033 37.179 0.213 0.158 0.334 -1.806
45 119 2 415.963 114.137 37.099 0.172 0.175 0.311 2.966
45 122 1 421.12 96.955 38.043 4.7 1.177 1.851 0.211
46 1 1 379.622 89.73 37.964 0.988 1.183 0.942 0.09
46 3 1 398.525 95.56 37.862 1.911 1.857 1.399 0.067
46 4 1 402.926 118.891 37.554 4.166 1.739 1.395 -1.379
46 13 4 474.043 120.778 37.647 1.008 0.811 1.008 0.021
46 97 1 415.241 95.772 37.906 4.279 1.848 1.501 0.147
46 104 1 422.731 111.001 37.218 0.235 0.265 0.365 -1.928
46 105 2 389.609 129.211 38.537 12.289 2.859 2.632 1.652
46 107 4 419.9 112.029 37.171 0.217 0.234 0.396 -1.871
46 119 2 415.953 114.133 37.124 0.255 0.181 0.375 -3.073
46 122 1 421.247 96.704 38.137 5.055 1.834 1.99 0.196
46 133 4 428.097 84.269 37.882 1.538 0.738 1.654 -2.978
47 1 1 373.009 88.148 37.945 0.485 1.01 0.919 -0.029
47 3 1 391.248 93.639 37.702 3.113 1.854 1.352 0.016
47 4 1 401.074 122.824 37.524 4.069 1.852 1.417 -1.463
47 13 4 471.281 120.143 37.791 0.8 0.744 1.236 -0.027
47 97 1 415.099 95.783 37.922 4.483 1.763 1.47 0.158
47 104 1 422.735 111.138 37.22 0.243 0.182 0.339 -0.666
47 105 2 389.844 128.359 38.268 11.991 3.07 3.085 1.679
47 107 4 419.837 112.055 37.115 0.252 0.162 0.39 2.59
47 119 2 415.914 114.179 37.113 0.179 0.236 0.301 1.835
47 122 1 421.065 96.603 38.102 5.021 2.027 1.955 0.18
47 133 4 429.645 85.377 38.246 0.378 0.555 0.836 -0.934
47 136 1 397.243 84.595 38.102 3.219 1.744 1.816 -2.521
47 137 1 389.84 80.557 37.881 3.909 0.891 1.568 -2.997
47 140 1 426.073 89.036 37.96 2.558 1.668 1.205 -3.104
48 1 1 366.234 86.229 37.676 0.489 0.977 0.376 0.002
48 3 1 384.508 92.128 37.67 2.954 1.928 1.427 -0.021
48 4 1 399.674 126.144 37.371 2.015 1.775 1.532 -1.504
48 97 1 414.961 95.752 37.928 4.594 1.781 1.488 0.129
48 104 1 422.744 111.183 37.247 0.239 0.202 0.352 2.575
48 105 2 390.328 127.17 38.113 12.049 2.972 3.188 1.643
48 107 4 419.817 112.108 37.139 0.201 0.172 0.31 2.37
48 119 2 415.879 114.23 37.152 0.208 0.135 0.305 -0.959
48 122 1 421.036 96.619 38.021 4.899 1.867 1.855 0.173
48 133 4 431.73 86.408 37.93 1.511 0.678 1.656 -3.021
48 136 1 396.709 84.054 38.089 4.879 2.052 1.957 -2.78
48 137 1 389.951 80.415 37.902 4.224 1.398 1.685 -2.935
48 140 1 430.697 90.703 37.764 3.963 1.74 1.405 -3.089
49 1 1 359.235 84.62 37.724 0.461 1.251 0.84 -0.137
49 3 1 378.23 90.447 37.675 1.894 1.811 1.46 0.092
49 4 1 397.573 131.378 37.384 3.446 1.709 1.518 -1.475
49 97 1 414.88 95.609 37.888 4.483 2.011 1.512 0.124
49 104 1 422.631 111.181 37.224 0.174 0.185 0.393 -0.665
49 105 2 390.364 126.983 38.237 12.985 2.91 3.085 1.617
49 122 1 421.446 96.831 38.037 3.891 1.936 1.868 0.12
49 133 4 433.869 87.349 37.765 1.597 0.389 1.522 -3.072
49 136 1 396.652 83.902 38.089 5.229 2.05 1.912 -2.713
49 137 1 390.176 80.168 37.913 4.366 2.058 1.749 -2.948
49 140 1 434.832 92.059 37.754 4.213 1.657 1.428 3.134
49 164 3 405.549 61.541 37.881 0.706 0.302 1.591 3.128
50 1 1 352.063 82.913 37.86 0.613 1.603 1.043 -0.051
50 3 1 371.506 88.767 37.625 1.354 1.826 1.361 -0.04
50 4 1 395.761 136.328 37.355 3.862 1.808 1.437 -1.49
50 97 1 414.788 95.709 37.907 4.363 1.833 1.459 0.115
50 105 2 390.744 125.542 38.354 10.918 2.94 2.792 1.634
50 122 1 421.893 97.226 38.047 1.914 1.663 1.689 0.165
50 136 1 396.648 83.955 38.155 5.137 2.058 1.94 -2.717
50 137 1 390.032 80.165 37.965 4.347 1.972 1.671 -2.933
50 140 1 439.378 94.191 37.327 2.027 0.464 0.719 3.022
50 164 3 406.839 61.88 37.939 0.524 0.548 1.676 -3.109
51 1 1 344.996 80.87 37.738 0.693 1.061 1.115 0.008
51 3 1 364.513 87.013 37.666 1.363 1.814 1.21 -0.001
51 4 1 394.242 140.616 37.463 2.399 1.404 1.263 -1.45
51 97 1 414.701 95.821 37.91 4.19 1.542 1.464 0.11
51 105 2 390.756 125.769 38.453 11.635 3.294 2.936 1.648
51 136 1 396.694 83.895 38.189 5.087 2.168 1.99 -2.673
51 137 1 389.992 80.141 38 4.391 2.004 1.699 -2.946
51 164 3 407.823 61.992 37.918 0.586 0.669 1.761 3.061
51 176 4 351.484 55.015 37.39 1.241 0.666 1.203 3.008
51 177 3 353.55 93.366 37.676 0.393 0.297 1.376 -0.092
52 1 1 337.821 78.975 37.548 0.555 1.686 0.73 -0.13
52 3 1 356.985 84.984 37.527 2.298 1.997 1.198 -0.13
52 97 1 414.591 95.843 37.853 4.079 1.296 1.454 0.107
52 105 2 390.675 125.954 38.663 12.199 2.991 2.242 1.625
52 136 1 396.59 83.823 38.193 4.921 2.164 1.983 -2.704
52 137 1 389.894 80.229 38.007 4.463 1.828 1.713 -2.944
52 164 3 408.61 62.656 38.038 0.782 0.458 1.518 2.853
52 176 4 349.597 54.786 37.663 0.482 0.539 0.595 0.012
52 177 3 353.059 93.277 37.902 0.313 0.69 0.512 -0.095
52 179 1 336.14 58.532 37.928 2.501 1.478 1.002 3.016
52 180 4 357.964 56.903 37.514 1.024 0.334 1.329 -0.119
53 1 1 330.479 77.056 37.396 0.53 1.618 0.648 0.004
53 3 1 350.247 83.334 37.611 1.392 1.824 1.239 0.045
53 97 1 414.543 95.992 37.872 4.1 1.041 1.388 0.128
53 105 2 390.736 126.058 38.833 12.134 3.112 2.029 1.592
53 136 1 396.435 83.902 38.179 4.95 1.973 1.922 -2.718
53 137 1 389.757 80.17 38.067 4.443 1.825 1.704 -2.96
53 164 3 409.581 62.893 38.04 0.592 0.511 1.45 3.092
53 176 4 347.477 54.218 37.659 0.903 0.548 0.961 3.038
53 177 3 352.677 93.28 37.781 0.423 0.607 1.508 -0.01
53 179 1 343.637 60.357 38.079 4.72 1.608 1.199 3.096
53 180 4 355.966 56.442 37.708 0.941 0.345 0.768 3.1
53 187 4 361.732 58.136 37.683 1.503 0.497 1.221 -3.114
54 1 1 323.111 75.078 37.56 0.444 1.816 0.779 -0.007
54 3 1 342.513 81.29 37.457 2.556 1.838 1.27 -0
54 97 1 414.38 96.163 37.714 3.945 0.876 1.094 0.272
54 105 2 390.414 126.385 38.734 11.725 2.642 2.241 1.647
54 136 1 396.417 83.909 38.154 4.857 1.967 2.007 -2.721
54 137 1 389.7 80.091 38.004 4.318 1.888 1.715 -2.946
54 164 3 410.578 63.185 38.055 0.609 0.527 1.565 0.178
54 176 4 345.888 53.936 38.035 0.349 0.402 0.354 -3.119
54 177 3 352.066 93.274 38.177 0.313 0.623 0.98 0.005
54 179 1 351.094 62.221 38.087 4.755 1.811 1.022 3.102
54 180 4 354.078 55.98 37.616 1.538 0.512 1.244 -0.018
54 187 4 360.2 57.62 37.614 1.4 0.591 1.325 -0.018
55 1 1 315.595 73.038 37.322 0.359 1.84 0.304 0.002
55 3 1 335.795 79.46 37.366 1.333 1.842 1.149 -0.089
55 97 1 413.165 95.455 37.58 1.096 0.827 0.577 0.236
55 105 2 391.067 124.408 38.426 7.64 2.674 2.793 1.652
55 136 1 396.434 83.932 38.16 4.866 1.797 1.845 -2.713
55 137 1 389.631 80.101 38.03 4.193 1.867 1.713 -2.94
55 164 3 411.361 63.464 37.881 0.146 0.625 1.188 -0.453
55 176 4 343.758 53.498 37.477 1.405 0.703 1.286 -0.019
55 177 3 351.629 93.231 37.913 0.711 0.694 1.552 -0.298
55 179 1 358.358 64.083 38.212 4.92 1.886 1.392 3.111
55 180 4 352.502 55.561 37.931 0.557 0.381 0.509 -0.058
55 187 4 358.693 57.229 37.614 0.989 0.644 1.135 3.066
56 1 1 307.611 71.034 37.55 1.032 1.691 1.485 0.032
56 3 1 328.317 77.429 37.438 1.897 1.699 1.341 0.014
56 97 1 413.239 95.573 37.717 1.369 0.943 0.346 0.339
56 105 2 391.444 123.749 38.493 5.97 2.69 3.054 1.62
56 136 1 396.491 83.962 38.191 4.971 1.894 1.963 -2.718
56 137 1 389.65 80.126 38.034 4.203 1.835 1.735 -2.939
56 176 4 341.946 53.037 37.655 0.917 0.704 0.94 -0.008
56 177 3 351.184 93.221 37.829 0.344 0.415 1.331 0.042
56 179 1 365.146 65.914 38.163 4.904 1.824 1.5 3.127
56 180 4 350.571 55.052 37.554 1.829 0.509 1.371 -0.008
56 187 4 356.531 56.714 37.434 1.631 0.724 1.537 -0.008
56 190 4 304.03 77.911 37.479 0.408 0.507 1.182 0.062
57 1 1 299.982 69.063 37.416 0.958 1.687 1.205 0.043
57 3 1 321.24 75.549 37.414 1.857 1.735 1.33 0.004
57 136 1 396.299 83.964 38.206 4.625 1.729 1.928 -2.686
57 137 1 389.587 80.167 38.01 4.074 1.782 1.63 -2.926
57 176 4 340.24 52.693 37.572 1.458 0.648 1.247 3.102
57 177 3 350.454 93.008 37.935 0.583 0.539 1.614 -0.285
57 179 1 371.811 67.762 38.284 4.778 1.738 1.462 -3.127
57 180 4 348.642 54.534 37.583 1.514 0.546 1.227 -3.11
57 187 4 354.902 56.239 37.506 1.402 0.413 1.566 2.964
57 190 4 302.065 77.616 37.52 0.796 0.531 1.346 -0.051
58 1 1 292.068 67.12 37.353 0.833 1.624 0.883 -0.085
58 3 1 313.295 73.522 37.579 3.689 1.785 1.357 0.011
58 136 1 396.274 83.963 38.064 4.58 1.893 1.619 -2.694
58 137 1 389.558 80.198 38.057 4.116 1.782 1.463 -2.943
58 177 3 349.914 93.112 37.956 0.432 0.807 1.607 0.001
58 179 1 378.004 69.784 38.366 4.294 1.872 1.414 -3.079
58 180 4 346.953 54.135 37.629 1.496 0.528 1.357 0.021
58 187 4 352.998 55.643 37.456 1.74 0.664 1.531 0.015
58 190 4 300.051 76.953 37.389 1.06 0.558 1.301 -0.06
59 1 1 284.24 65.125 37.575 0.443 1.412 0.825 -0.001
59 3 1 306.308 71.782 37.516 3.621 1.821 1.405 -0.001
59 136 1 396.167 84.051 38.171 4.506 1.704 1.908 -2.613
59 137 1 387.968 80.098 38.09 0.743 0.466 0.293 1.208
59 177 3 349.462 93.047 37.879 0.535 0.77 1.523 -0.002
59 190 4 297.909 76.403 37.386 1.565 0.491 1.35 3.14
60 1 1 275.387 63.106 37.315 1.979 1.718 0.918 0.011
60 3 1 299.877 70.116 37.41 2.392 1.903 1.365 0.011
60 177 3 348.991 92.855 37.847 0.471 0.582 1.435 -1.541
60 190 4 296.028 75.972 37.438 0.866 0.414 1.155 0.011
61 1 1 268.014 61.156 37.667 0.657 1.432 1.159 0.004
61 3 1 293.421 68.476 37.422 1.226 1.764 1.287 0.022
61 177 3 348.41 92.892 37.89 0.607 0.601 1.47 0.002
61 190 4 293.995 75.502 37.451 1.655 0.535 1.522 0.042
61 195 1 269.166 73.678 37.388 3.341 1.596 1.159 0.076
62 1 1 260.018 59.541 37.533 0.393 1.954 0.396 -0.02
62 3 1 286.254 66.779 37.396 1.247 1.813 1.349 -0.036
62 177 3 347.958 92.707 37.747 0.503 0.709 1.348 0
62 190 4 292.073 75.072 37.462 1.791 0.5 1.56 0
62 195 1 269.024 73.656 37.371 3.482 1.721 1.311 0.089
62 196 3 259.261 71.282 37.65 0.351 0.62 1.089 0
63 3 1 278.393 64.985 37.257 2.374 1.864 1.093 -0.009
63 177 3 347.557 92.66 37.79 0.304 0.452 1.106 0.074
63 190 4 290.169 74.664 37.507 1.835 0.517 1.663 0.015
63 195 1 268.819 73.582 37.443 4.068 1.646 1.434 0.052
63 196 3 259.936 71.465 37.591 0.337 0.289 1.398 -3.094
63 197 1 252.469 65.735 37.342 1.869 1.028 1.345 -0.002
64 3 1 271.471 63.444 37.421 1.377 1.825 1.548 0.004
64 177 3 346.911 92.784 37.953 0.318 0.251 1.265 -0.082
64 190 4 288.231 74.231 37.521 1.851 0.584 1.641 0.005
64 195 1 268.88 73.692 37.473 3.823 1.767 1.606 0.02
64 196 3 260.409 71.716 37.713 0.3 0.483 1.446 -0.027
64 197 1 250.327 65.215 37.485 2.824 1.22 1.532 -0.002
65 3 1 263.966 61.606 37.493 1.441 1.762 1.376 0.01
65 190 4 286.19 73.782 37.543 2.037 0.646 1.596 0
65 195 1 268.648 73.546 37.479 4.337 1.691 1.583 0.066
65 196 3 260.922 71.99 37.67 0.311 0.458 1.465 3.107
65 197 1 248.195 64.681 37.331 2.881 1.326 1.453 0.08
65 200 3 260.838 71.119 37.688 0.546 0.477 1.456 -3.088
65 201 1 238.209 58.06 37.829 0.505 1.838 1.678 0.022
66 3 1 256.451 59.866 37.522 1.369 1.835 1.363 0
66 190 4 284.265 73.32 37.564 1.855 0.71 1.6 0
66 195 1 268.701 73.72 37.538 4.152 1.725 1.553 0.038
66 196 3 261.366 72.194 37.868 0.316 0.697 1.023 3.142
66 197 1 246.824 64.464 37.529 1.89 1.174 1.457 0
66 200 3 261.29 71.448 37.762 0.363 0.648 1.558 3.142
66 201 1 231.773 56.669 38.033 0.409 1.929 1.461 0
66 208 1 263.909 57.802 37.119 0.145 0.241 0.371 0
67 3 1 248.814 58.023 37.486 1.263 1.678 1.355 0.065
67 190 4 282.273 72.893 37.574 1.789 0.724 1.674 0.026
67 195 1 268.699 73.81 37.577 4.11 1.793 1.567 0.045
67 196 3 261.771 72.416 37.735 0.676 0.588 1.515 3.061
67 197 1 244.812 63.96 37.434 1.889 1.012 1.471 0.065
67 200 3 261.769 71.751 37.793 0.441 0.519 1.658 2.794
67 201 1 225.483 55.133 37.896 0.285 1.703 1.552 -0.072
67 208 1 263.857 57.813 37.186 0.363 0.331 0.531 -1.63
68 3 1 240.604 56.002 37.444 2.358 1.822 1.413 0.003
68 190 4 280.307 72.425 37.566 1.866 0.616 1.637 0.05
68 195 1 268.554 73.872 37.568 4.416 1.994 1.518 0.045
68 196 3 262.135 72.691 37.739 0.757 0.729 1.596 3.12
68 197 1 242.522 63.433 37.522 2.109 1.06 1.478 0.01
68 200 3 262.37 71.993 37.879 0.841 0.741 1.868 3.116
68 201 1 219.137 53.687 38.033 0.493 1.892 1.876 -0.038
68 208 1 263.833 57.87 37.206 0.421 0.426 0.639 -0.108
68 213 4 220.981 59.1 37.489 0.426 0.501 0.794 0.03
69 3 1 233.514 54.302 37.442 0.997 1.797 1.153 0.056
69 190 4 278.379 71.977 37.567 1.893 0.624 1.562 0.025
69 195 1 268.406 73.789 37.6 4.448 2.016 1.512 0.062
69 196 3 262.784 72.883 37.817 0.597 0.594 1.635 -1.717
69 197 1 240.551 63.008 37.563 2.318 1.148 1.526 0.047
69 200 3 262.688 72.353 37.801 0.49 0.554 1.593 -1.435
69 201 1 212.852 52.204 37.993 0.402 1.917 1.848 -0.008
69 208 1 263.835 57.896 37.251 0.442 0.47 0.636 0.101
69 213 4 219.392 58.799 37.546 1.672 0.648 1.346 0.036
69 214 3 263.48 36.303 37.553 0.576 0.499 1.633 -0.01
70 3 1 225.893 52.334 37.461 0.793 1.62 0.909 0.061
70 190 4 276.42 71.555 37.605 1.876 0.583 1.664 0.069
70 195 1 268.337 73.779 37.564 4.311 1.879 1.47 0.046
70 196 3 263.044 73.256 37.726 0.739 0.642 1.567 1.399
70 197 1 238.16 62.472 37.573 2.813 1.105 1.547 -0.026
70 200 3 263.275 72.656 37.938 0.821 0.682 1.755 -3.042
70 201 1 206.442 50.761 38.116 0.499 1.872 1.872 0.061
70 208 1 263.775 57.92 37.515 0.222 0.266 0.198 -2.3
70 213 4 218.26 58.632 37.587 1.07 0.629 1.696 0.01
70 214 3 263.587 36.499 37.667 0.506 0.892 1.75 -1.75
70 216 1 204.544 58.206 37.904 3.563 1.697 0.947 0.135
71 3 1 217.806 50.446 37.551 1.536 1.894 1.475 -0.006
71 190 4 274.475 71.12 37.615 1.774 0.567 1.612 0.143
71 195 1 268.334 73.798 37.615 4.465 1.685 1.534 0.034
71 196 3 263.382 73.724 37.828 0.406 0.547 1.586 -2.845
71 197 1 235.919 62.004 37.563 2.883 1.152 1.532 -0.058
71 200 3 263.616 72.998 37.919 0.552 0.81 1.749 -2.359
71 201 1 198.056 48.915 37.925 4.536 2.12 1.892 -0.06
71 208 1 263.72 57.953 37.285 0.332 0.492 0.675 0.096
71 213 4 216.501 58.385 37.555 1.509 0.531 1.498 -0.058
71 214 3 263.661 36.593 37.867 0.72 0.435 0.599 0.031
71 216 1 204.547 58.238 37.744 3.631 1.558 1.388 0.119
71 217 4 195.367 52.178 37.499 0.921 0.541 1.148 0.035
72 3 1 209.796 48.465 37.627 2.389 1.823 1.283 -0
72 190 4 272.362 70.723 37.602 1.084 0.567 1.576 -0.045
72 195 1 268.113 73.709 37.638 3.959 1.818 1.39 0.006
72 196 3 263.699 74.234 37.774 0.466 0.65 1.459 0.199
72 197 1 233.831 61.494 37.629 2.853 1.149 1.619 -0.045
72 200 3 263.907 73.505 37.966 0.561 0.754 1.644 -2.997
72 201 1 193.255 47.822 38.101 1.332 1.991 2.054 -0.022
72 208 1 263.699 57.992 37.28 0.444 0.299 0.727 -1.606
72 213 4 215.039 58.055 37.595 1.876 0.547 1.513 -0.008
72 214 3 263.69 36.505 37.63 0.595 0.835 1.681 -1.689
72 216 1 204.296 58.37 37.732 4.007 1.879 1.415 0.022
72 217 4 191.586 51.322 37.518 0.907 0.52 1.2 -0.047
73 3 1 202.778 46.767 37.668 1.469 1.801 1.451 0.088
73 190 4 270.72 70.337 37.531 1.386 0.475 1.389 3.07
73 195 1 268.258 73.824 37.607 4.113 1.732 1.476 0.015
73 196 3 264.062 74.045 38.037 0.516 0.577 1.384 -3.07
73 197 1 231.619 61.027 37.668 2.946 1.311 1.596 -0.039
73 201 1 186.985 46.369 38.031 1.283 1.913 2.023 0.023
73 208 1 263.629 58.063 37.229 0.425 0.476 0.546 -1.244
73 213 4 213.481 57.794 37.635 1.956 0.679 1.58 -0.076
73 214 3 263.73 36.579 37.652 0.481 0.632 1.546 -1.605
73 216 1 204.241 58.443 37.762 4.081 1.838 1.428 0.049
73 217 4 187.821 50.626 37.539 0.983 0.511 1.034 -0.12
74 3 1 195.584 45.048 37.586 0.948 1.736 1.139 0.043
74 190 4 268.465 69.927 37.518 1.127 0.517 1.274 0.028
74 195 1 268.092 73.837 37.629 3.822 1.635 1.519 0.003
74 196 3 264.183 74.39 37.924 0.546 0.713 1.715 -2.924
74 197 1 229.396 60.353 37.699 3.02 1.15 1.648 -0.012
74 201 1 180.721 44.927 38.099 1.253 2.001 1.985 0.04
74 208 1 263.703 58.124 37.302 0.201 0.14 0.448 3.14
74 213 4 212.129 57.411 37.732 2.004 0.563 1.66 -0.012
74 214 3 263.526 36.596 37.559 0.326 0.866 1.593 -1.517
74 216 1 204.221 58.41 37.851 4.048 1.793 1.405 0.042
74 217 4 184.037 49.912 37.582 1.042 0.742 1.226 0.127
75 3 1 188.255 43.349 37.644 0.954 1.815 1.114 0.023
75 190 4 266.853 69.645 37.461 1.134 0.485 1.311 -0.031
75 195 1 267.35 73.679 37.697 2.271 1.695 1.345 0.046
75 196 3 264.401 74.875 38.404 0.262 0.621 0.302 -2.743
75 197 1 227.182 59.827 37.735 2.962 1.145 1.639 0.023
75 201 1 174.487 43.549 38.175 1.347 1.997 1.893 0.023
75 208 1 263.573 58.066 37.169 0.569 0.361 0.589 0.09
75 213 4 210.759 56.996 37.71 1.823 0.574 1.649 0.023
75 216 1 204.117 58.466 37.901 4.29 1.909 1.444 0.043
75 217 4 180.305 49.1 37.653 1.093 0.725 1.243 -0.083
76 3 1 180.987 41.601 37.594 0.865 1.674 1.094 0.006
76 190 4 264.808 69.03 37.547 0.689 0.337 0.985 0.014
76 195 1 267.241 73.801 37.707 2.05 1.67 1.17 -0.016
76 197 1 224.943 59.225 37.696 2.905 0.957 1.634 0.011
76 201 1 168.38 42.088 37.98 1.159 1.957 2.14 -0.006
76 213 4 209.287 56.696 37.746 1.833 0.893 1.669 -0.03
76 216 1 204.089 58.457 37.902 4.372 1.88 1.518 0.049
76 217 4 176.288 48.158 37.57 1.601 0.831 1.393 0.04
77 3 1 173.506 39.826 37.763 1.364 1.848 1.429 -0.004
77 190 4 262.924 68.56 37.711 0.862 0.435 1.227 0.004
77 197 1 222.675 58.634 37.658 2.931 0.909 1.522 -0.014
77 201 1 160.832 40.429 38.106 4.219 1.923 1.89 -0.004
77 213 4 207.847 56.202 37.793 1.85 0.715 1.679 0.039
77 216 1 203.857 58.316 37.98 4.375 1.631 1.587 0.065
77 217 4 172.825 47.397 37.616 1.219 0.809 1.415 0.209
78 3 1 166.268 38.092 37.779 1.157 1.822 1.216 -0.001
78 197 1 220.287 58.097 37.674 2.608 0.953 1.49 -0.028
78 201 1 154.1 38.873 38.1 5.623 2.349 2.178 -0.033
78 213 4 206.429 55.856 37.772 1.854 0.637 1.643 0.054
78 216 1 203.776 58.407 37.949 4.604 1.701 1.54 0.072
78 217 4 168.798 46.442 37.732 1.874 0.791 1.51 -0.001
78 222 5 141.195 39.695 37.879 0.249 0.603 0.345 0.01
79 3 1 158.098 36.04 37.78 2.928 1.783 1.422 0
79 197 1 218.262 57.619 37.711 3.198 0.991 1.497 0
79 201 1 148.756 37.662 38.164 4.448 1.947 2.264 0
79 213 4 204.971 55.539 37.771 1.911 0.67 1.595 0
79 216 1 203.81 58.452 37.957 4.828 1.747 1.478 0.071
79 217 4 165.481 45.647 37.729 1.179 0.892 1.497 0
79 222 5 136.983 38.705 37.695 0.827 0.601 1.143 -0
80 3 1 150.961 34.218 37.654 2.403 1.892 1.049 0
80 197 1 215.776 57.071 37.7 2.842 0.963 1.546 0.003
80 201 1 142.648 36.229 38.112 4.923 1.971 2.282 0
80 213 4 203.55 55.219 37.746 1.714 0.631 1.511 0.003
80 216 1 203.576 58.508 37.966 4.42 1.828 1.463 0.064
80 217 4 161.582 44.813 37.8 1.663 0.801 1.501 0
80 222 5 132.604 37.68 37.718 0.768 0.55 1.081 0
81 3 1 143.151 32.389 37.773 3.016 1.803 1.442 -0.024
81 197 1 213.223 56.567 37.654 2.399 0.957 1.479 -0.101
81 201 1 136.964 34.927 38.106 4.791 2.075 2.354 -0.007
81 213 4 201.824 54.788 37.755 1.12 0.654 1.622 0.041
81 216 1 203.445 58.508 37.877 4.151 1.774 1.454 0.079
81 217 4 157.874 44.017 37.728 1.809 0.732 1.453 0.014
81 222 5 128.195 36.751 37.663 0.971 0.646 1.367 0.048
81 225 4 138.931 19.003 37.609 1.943 0.571 1.165 3.023
81 226 3 166.628 25.878 37.803 0.582 0.516 1.207 0.068
82 3 1 136.274 30.769 37.765 1.393 1.787 1.439 0.007
82 197 1 210.868 56.079 37.627 2.429 1.07 1.455 -0.043
82 201 1 131.314 33.66 38.123 4.835 2.056 2.284 0.007
82 213 4 200.71 54.63 37.74 1.331 0.719 1.511 0.097
82 216 1 203.429 58.412 37.701 4.122 1.49 1.26 0.047
82 217 4 154.312 43.173 37.772 1.61 0.735 1.527 -0.013
82 222 5 123.876 35.574 37.742 0.877 0.633 1.257 -0.027
82 225 4 141.085 19.463 37.522 1.029 0.675 0.966 -3.135
82 226 3 166.493 25.742 37.89 0.484 0.642 1.319 0.526
83 3 1 128.901 28.992 37.68 0.932 1.741 1.154 -0.007
83 197 1 208.161 55.516 37.661 1.85 1.068 1.164 -0.006
83 201 1 125.622 32.302 38.082 5.456 1.968 2.119 0.023
83 213 4 198.946 54.29 37.815 1.037 0.583 1.511 0.01
83 216 1 203.384 58.58 37.949 4.111 1.692 1.538 0.057
83 217 4 150.607 42.302 37.831 1.859 0.6 1.508 0.011
83 222 5 119.386 34.668 37.675 0.98 0.611 1.225 0.086
83 225 4 141.75 19.772 37.621 1.621 0.711 1.056 -3.117
83 226 3 166.262 25.823 38.028 0.601 0.601 0.922 -3.056
83 229 4 176.249 18.917 37.662 1.888 0.596 1.575 3.05
84 3 1 121.166 27.244 37.58 1.276 1.83 1.178 0.024
84 197 1 205.779 54.941 37.68 2.182 0.959 1.364 0.024
84 201 1 120.518 31.123 38.111 5.043 1.954 2.338 0.024
84 213 4 197.556 54.101 37.75 0.902 0.593 1.386 0.029
84 216 1 202.455 58.498 37.926 2.202 1.857 1.317 0.013
84 217 4 146.894 41.465 37.845 1.878 0.642 1.6 0.024
84 222 5 115.007 33.718 37.53 0.828 0.708 1.413 0.002
84 225 4 143.267 20.27 37.713 2.148 0.592 1.465 -3.113
84 226 3 166.029 25.927 38.25 0.284 0.519 0.622 -3.114
84 229 4 179.133 19.834 37.611 1.923 0.619 1.46 -3.1
85 3 1 113.676 25.471 37.704 1.33 1.718 1.303 0.025
85 197 1 203.237 54.324 37.654 2.349 0.865 1.464 -0.008
85 201 1 114.97 29.796 38.063 5.627 1.954 2.159 0.043
85 213 4 196.271 53.825 37.656 1.215 0.508 1.566 -0.042
85 216 1 201.848 57.791 37.671 0.283 0.266 0.324 0.025
85 217 4 143.203 40.605 37.841 1.892 0.637 1.635 0
85 222 5 110.526 32.651 37.709 1.075 0.557 1.288 0.015
85 225 4 144.477 20.566 37.693 2.195 0.775 1.608 3.122
85 226 3 166.047 25.99 37.881 0.488 0.648 1.259 -3.128
85 229 4 181.918 20.603 37.759 1.584 0.735 1.152 -2.974
86 3 1 106.288 23.806 37.731 1.416 1.758 1.46 -0.034
86 201 1 110.017 28.592 38.126 5.739 1.962 2.267 0.047
86 217 4 139.496 39.965 37.844 1.886 0.822 1.606 0.066
86 222 5 106.144 31.637 37.608 1.082 0.718 1.479 -0.056
86 225 4 145.458 20.834 37.714 2.239 0.921 1.581 -3.126
86 226 3 166.019 26.001 37.848 0.384 0.628 1.013 3.139
86 229 4 184.507 21.374 37.503 0.972 0.416 1.187 -3.111
86 233 1 85.495 22.865 37.716 0.609 1.424 1.187 -0.034
87 3 1 98.526 22.021 37.708 2.397 1.872 1.342 0.01
87 201 1 105.4 27.596 38.072 5.605 1.99 2.254 0.01
87 217 4 135.756 39.183 37.834 1.933 0.86 1.591 0.009
87 222 5 101.57 30.606 37.609 1.316 0.79 1.456 0.01
87 225 4 146.604 21.107 37.75 2.437 0.95 1.534 3.123
87 226 3 165.949 26.013 37.802 0.275 0.454 1.175 3.131
87 233 1 82.051 21.818 37.315 1.613 0.221 0.389 1.635
88 3 1 91.804 20.456 37.536 2.358 1.836 1.007 0.006
88 201 1 101.07 26.547 38.082 5.617 1.957 2.146 0.03
88 217 4 132.106 38.379 37.833 1.92 0.88 1.573 0.012
88 222 5 97.308 29.607 37.616 1.077 0.675 1.251 -0.023
88 225 4 147.598 21.413 37.75 2.207 0.704 1.436 -3.124
88 233 1 78.694 21.055 37.51 0.277 1.497 0.585 -0.003
89 3 1 86.287 19.224 37.477 0.909 1.768 1.009 0.015
89 201 1 97.168 25.627 38.077 5.32 1.958 2.273 0.04
89 217 4 128.466 37.485 37.812 1.885 0.743 1.583 0.035
89 222 5 92.688 28.692 37.602 1.479 0.606 1.444 0.062
89 225 4 148.128 21.565 37.694 1.666 0.728 1.115 3.134
89 233 1 75.571 20.192 37.408 0.24 1.455 0.278 -0.007
90 3 1 79.875 17.628 37.558 2.317 1.776 1.429 0.023
90 201 1 93.321 24.759 38.051 5.531 1.99 2.24 0.025
90 217 4 124.817 36.667 37.825 1.911 0.785 1.589 0.025
90 222 5 88.492 27.826 37.579 1.194 0.72 1.478 0.024
90 233 1 72.769 19.448 37.392 0.465 1.574 0.537 0.021
91 3 1 75.083 16.406 37.711 1.426 1.829 1.387 0.061
91 201 1 89.735 23.861 38.091 5.691 2.124 2.261 0.024
91 217 4 121.135 35.849 37.793 1.945 0.853 1.531 -0.007
91 222 5 84.202 26.852 37.565 1.318 0.609 1.447 0.02
91 233 1 68.48 18.351 37.341 4.01 1.787 1.175 -0.001
92 3 1 70.465 15.173 37.684 1.532 1.851 1.316 0.071
92 201 1 86.378 23.018 38.093 5.64 2.127 2.283 0.023
92 217 4 117.539 35.043 37.809 1.941 0.93 1.614 0.031
92 222 5 80.261 25.999 37.605 0.919 0.666 1.444 0.072
92 233 1 66.544 17.537 37.425 3.78 1.68 1.238 0.167
93 3 1 66.434 14.1 37.714 1.454 1.714 1.339 0.078
93 201 1 83.238 22.237 38.107 5.757 2.197 2.313 0.029
93 217 4 113.899 34.187 37.809 1.865 0.86 1.601 -0.042
93 233 1 64.557 17.162 37.628 3.7 1.888 1.399 0.107
94 3 1 62.678 13.224 37.636 1.819 1.786 1.499 0
94 201 1 80.424 21.571 38.099 5.898 1.99 2.256 0.024
94 217 4 110.301 33.383 37.732 1.834 0.845 1.503 0
94 233 1 62.561 16.705 37.672 4.221 1.989 1.674 0
95 3 1 59.883 12.575 37.632 1.344 1.87 1.266 -0.011
95 201 1 77.802 20.843 38.066 5.685 2.075 2.184 0.011
95 217 4 106.666 32.529 37.772 1.769 0.869 1.532 -0.082
95 233 1 61.187 16.365 37.648 4.441 1.919 1.608 0.036
96 3 1 56.527 11.87 37.661 3.085 1.927 1.369 0.002
96 201 1 75.507 20.026 38.057 5.891 1.5 2.121 0.028
96 217 4 102.828 31.637 37.804 1.478 0.797 1.504 0.002
96 233 1 60.102 16.156 37.666 4.291 1.932 1.58 0.002
96 248 4 64.528 22.037 37.873 1.314 0.667 0.967 0.077
97 3 1 54.542 11.468 37.605 3.293 2.085 1.349 0.024
97 201 1 73.299 19.672 38.09 5.893 2.075 2.21 0.024
97 217 4 99.329 30.826 37.816 1.852 0.714 1.527 -0.014
97 233 1 59.319 15.965 37.693 4.432 1.916 1.596 0.024
97 248 4 60.881 21.111 37.628 1.575 0.757 1.501 0.032
98 3 1 53.246 11.13 37.623 3.375 2.1 1.394 -0.017
98 201 1 71.434 19.313 38.093 5.994 2.119 2.358 0.019
98 217 4 95.474 29.956 37.664 1.377 0.886 1.433 -0.013
98 233 1 58.73 15.827 37.732 4.288 1.862 1.652 0.005
98 248 4 57.174 20.298 37.617 1.59 0.906 1.549 -0.026
98 249 1 64.603 33.387 37.715 3.914 1.806 1.663 -1.36
99 3 1 52.511 11.011 37.67 3.358 2.089 1.502 0.005
99 201 1 70.087 18.815 38.157 6.147 2.244 2.273 -0.015
99 217 4 91.704 29.094 37.728 1.197 0.837 1.609 -0.032
99 233 1 58.379 15.73 37.724 4.453 1.862 1.598 0.026
99 248 4 53.635 19.398 38.079 0.302 0.305 0.503 0.112
99 249 1 65.044 32.481 37.744 1.931 1.919 1.704 -1.403
100 3 1 52.26 10.981 37.661 3.239 2.073 1.521 0.01
100 201 1 68.74 18.646 38.139 6.04 2.188 2.386 0.043
100 217 4 88.719 28.159 37.665 1.096 0.479 1.236 -0.01
100 233 1 58.146 15.681 37.851 4.469 1.999 1.939 0.01
100 248 4 49.642 18.419 37.807 1.057 0.602 1.066 0.249
100 249 1 65.248 32.292 37.67 1.318 1.579 1.619 -1.373
101 3 1 52.259 10.993 37.687 3.339 2.064 1.457 0.007
101 201 1 67.625 18.395 38.16 6.051 2.293 2.332 0.031
101 233 1 58.003 15.585 37.751 4.6 1.872 1.653 0.007
101 248 4 46.027 17.765 37.562 1.7 0.708 1.485 0.012
101 249 1 65.525 32.024 37.778 0.575 1.045 1.323 -1.323
102 3 1 52.284 10.993 37.694 3.318 2.134 1.471 0.005
102 201 1 66.662 18.119 38.082 6.035 2.272 2.35 0.019
102 233 1 57.988 15.614 37.858 4.616 1.841 1.439 0.01
102 249 1 65.604 32.123 38.086 0.545 0.88 0.66 1.485
103 3 1 52.283 10.977 37.676 3.298 2.072 1.429 -0.007
103 201 1 65.918 17.86 38.104 6.041 2.164 2.308 0.023
103 233 1 57.879 15.681 37.857 4.47 1.905 1.436 -0.015
104 3 1 52.274 10.995 37.669 3.305 2.091 1.503 0.023
104 201 1 65.382 17.786 38.059 6.029 2.076 2.389 0.023
104 233 1 57.881 15.633 37.73 4.516 1.859 1.661 0.023
105 3 1 52.232 10.964 37.72 3.4 2.083 1.435 0.01
105 201 1 65.216 17.736 38.1 6.172 2.206 2.307 0.025
105 233 1 57.908 15.649 37.808 4.585 1.838 1.499 0
105 265 5 29.645 5.448 38.263 0.34 1.077 0.03 0.01
106 3 1 52.239 10.963 37.713 3.389 2.086 1.49 0
106 201 1 65.126 17.696 38.099 6.104 2.29 2.293 0.02
106 233 1 57.936 15.655 37.767 4.632 1.776 1.606 0.004
106 265 5 29.707 5.465 38.216 0.129 1.137 0.151 0
106 267 4 66.263 23.203 37.633 1.304 0.809 1.596 0
106 268 5 27.953 13.488 37.851 0.792 0.397 0.604 0
107 3 1 52.225 11.008 37.69 3.413 2.093 1.42 0.047
107 201 1 65.163 17.742 38.103 6.173 2.241 2.293 0.047
107 233 1 57.882 15.605 37.874 4.533 1.892 1.842 0.047
107 265 5 29.703 5.498 38.235 0.207 1.041 0.151 3.067
107 267 4 63.213 22.466 37.965 1.714 0.792 0.975 0.071
107 268 5 24.712 12.719 37.725 1.268 0.639 1.069 0
108 3 1 52.241 10.969 37.687 3.38 2.08 1.416 0.02
108 201 1 65.172 17.705 38.111 6.109 2.22 2.286 0.022
108 233 1 57.876 15.607 37.76 4.482 1.85 1.608 0.022
108 265 5 29.715 5.462 38.243 0.141 1.001 0.128 -0.01
108 267 4 59.35 21.555 38.194 0.607 0.581 0.44 -0.019
108 268 5 21.568 11.972 37.834 0.257 0.327 0.73 0.104
109 3 1 52.219 10.936 37.71 3.437 2.14 1.451 0.013
109 201 1 65.189 17.759 38.113 6.137 2.234 2.292 0.052
109 233 1 57.89 15.597 37.792 4.522 1.819 1.484 0.013
109 265 5 29.711 5.476 38.249 0.18 1.137 0.075 -0.003
109 267 4 55.647 20.652 37.641 1.794 0.879 1.582 0.013
109 268 5 18.321 11.22 37.991 0.174 0.241 0.218 -0.018
110 3 1 52.215 10.943 37.703 3.384 2.081 1.437 0.019
110 201 1 65.146 17.649 38.119 6.042 2.13 2.288 0.04
110 233 1 57.945 15.644 37.776 4.596 1.871 1.595 0.013
110 265 5 29.718 5.488 38.268 0.11 1.046 0.035 0.03
110 267 4 52.146 19.756 37.628 1.843 0.77 1.587 0.035
110 268 5 15.129 10.485 37.907 0.24 0.503 0.259 0.004
111 3 1 52.229 10.956 37.7 3.442 2.132 1.434 0.025
111 201 1 65.137 17.625 38.12 6.069 2.219 2.287 0.025
111 233 1 57.944 15.606 37.774 4.628 1.842 1.565 0.025
111 265 5 29.704 5.533 38.26 0.085 1.048 0.042 0.033
111 267 4 48.547 18.759 37.603 1.823 0.593 1.569 0.06
111 268 5 12.053 9.719 37.855 0.274 0.523 0.313 -0.01
112 3 1 52.231 10.93 37.721 3.412 2.12 1.443 0
112 201 1 65.177 17.667 38.116 6.11 2.152 2.303 0.029
112 233 1 57.907 15.595 37.843 4.538 1.805 1.667 0
112 268 5 9.098 8.98 37.905 0.285 0.599 0.7 -0.067
113 3 1 52.191 10.998 37.724 3.467 2.089 1.45 0.052
113 201 1 65.119 17.67 38.126 6.064 2.185 2.285 0.035
113 233 1 57.892 15.6 37.786 4.519 1.77 1.542 -0.016
114 3 1 52.22 10.944 37.694 3.423 2.085 1.491 -0.006
114 201 1 65.141 17.718 38.128 6.069 2.232 2.289 0.04
114 233 1 57.871 15.606 37.787 4.514 1.866 1.533 0.042
115 3 1 52.229 10.981 37.708 3.422 2.102 1.444 0.017
115 201 1 65.133 17.65 38.123 6.088 2.24 2.301 0.035
115 233 1 57.872 15.618 37.801 4.516 1.914 1.564 0.043
116 3 1 52.254 10.967 37.722 3.394 2.069 1.462 -0
116 201 1 65.124 17.758 38.133 6.08 2.209 2.285 0.047
116 233 1 57.856 15.622 37.758 4.495 1.907 1.648 0.042
