0 8 5 88.079 104.267 38.386 0.165 0.544 0.855 0
0 11 3 125.497 86.311 38.979 0.469 0.336 0.748 -3.102
0 13 3 127.433 39.439 38.597 0.577 0.733 1.165 0.054
0 14 4 113.238 65.355 37.702 0.672 0.264 0.762 -2.566
0 17 3 98.441 45.042 38.173 0.566 0.579 1.877 0.029
0 21 3 97.926 44.832 38.222 0.691 0.445 1.714 0.029
0 37 3 126.662 84.386 38.983 0.562 0.505 0.728 -3.102
0 38 1 100.334 57.075 38.139 4.444 1.848 1.64 -3.096
0 41 4 106.062 49.389 38.356 2.981 1.397 2.012 -3.119
0 61 1 116.666 38.075 38.021 3.91 1.763 1.497 1.608
1 8 5 88.113 104.937 38.333 0.367 0.542 0.742 -3.123
1 11 3 125.768 85.275 38.958 0.311 0.454 0.732 2.938
1 13 3 127.2 40.172 38.756 0.507 0.69 0.911 0.048
1 14 4 113.589 65.143 37.861 1.519 0.442 1.067 -2.433
1 17 3 98.487 45.572 38.217 0.561 0.51 1.78 0.038
1 21 3 97.855 45.423 38.206 0.556 0.666 1.779 -0.033
1 37 3 126.774 83.577 38.881 0.299 0.599 0.903 3.098
1 38 1 100.309 57.136 38.158 4.613 1.929 1.658 -3.111
1 41 4 106.529 46.531 38.351 2.786 1.186 1.999 -3.125
1 61 1 115.861 38.009 38.027 2.316 1.639 1.464 1.602
1 77 3 85.36 48.634 38.813 0.361 0.527 1.111 -1.331
1 83 3 126.525 63.68 38.618 0.42 0.418 1.565 -3.049
2 8 5 87.871 105.511 38.304 0.314 0.678 1.063 0.035
2 11 3 125.921 84.238 38.924 0.304 0.525 0.84 2.073
2 13 3 127.058 40.796 38.646 0.237 0.318 0.518 -3.093
2 14 4 113.576 65.024 37.805 1.608 0.571 0.958 -2.308
2 17 3 98.455 45.969 38.086 0.629 0.503 1.573 2.805
2 21 3 97.761 45.929 38.518 0.436 0.532 1.179 0.015
2 37 3 126.844 82.756 38.96 0.349 0.677 1.046 3.141
2 38 1 100.319 57.242 38.175 4.558 1.924 1.619 -3.136
2 41 4 107.073 43.493 38.293 2.76 1.055 1.94 -3.13
2 61 1 115.677 37.985 37.905 1.628 1.48 1.014 0.792
2 77 3 85.181 48.64 38.688 0.365 0.733 1.352 -3.054
2 83 3 126.082 63.19 38.581 0.534 0.808 1.592 1.859
3 8 5 87.826 106.1 38.275 0.313 0.826 0.983 -0.004
3 11 3 126.158 83.257 38.912 0.391 0.365 0.866 0.021
3 13 3 127.013 41.419 38.703 0.429 0.662 0.797 3.082
3 14 4 113.646 65.124 37.903 1.499 0.571 1.104 -2.467
3 17 3 98.343 46.697 38.473 0.379 0.718 1.062 -0.495
3 21 3 97.403 46.438 38.55 0.27 0.256 0.53 -0.079
3 37 3 126.991 82.082 38.956 0.392 0.689 1.033 0.021
3 38 1 100.372 57.37 38.143 4.326 1.865 1.713 -3.134
3 41 4 107.615 40.439 38.305 2.726 1.101 1.974 3.137
3 61 1 115.379 38.037 37.845 1.164 1.329 0.904 1.563
3 77 3 85.364 48.534 38.868 0.479 0.601 1.251 1.708
3 83 3 125.826 62.796 38.591 0.82 0.593 1.638 2.346
3 98 4 109.378 86.874 37.989 1.003 0.396 0.641 -1.78
3 99 4 108.853 91.119 38.106 1.435 0.318 0.627 -1.967
3 106 1 98.994 94.287 37.727 4.104 1.907 0.723 -3.113
3 115 1 107.177 98.703 38.016 3.394 1.212 1.317 0.019
4 8 5 87.679 106.793 38.369 0.371 0.71 0.916 0.209
4 11 3 126.314 82.438 38.856 0.352 0.61 0.956 -1.253
4 13 3 126.902 42.212 38.708 0.365 0.708 0.761 0.044
4 14 4 113.698 65.044 37.863 1.612 0.584 1.12 -2.2
4 17 3 98.302 47.27 38.527 0.33 0.502 1.025 3.134
4 37 3 127.086 81.302 38.935 0.374 0.671 1.021 -0.495
4 38 1 100.337 57.386 38.139 4.34 1.969 1.732 3.142
4 41 4 108.197 37.393 38.283 2.656 1.028 1.933 3.142
4 61 1 115.083 38.176 37.678 1.386 0.659 0.866 -0.946
4 77 3 85.547 48.436 38.477 0.213 0.288 0.976 1.823
4 83 3 125.573 62.303 38.542 0.662 0.476 1.678 2.176
4 98 4 109.618 86.588 37.93 1.435 0.49 0.962 -1.267
4 99 4 108.71 91.659 37.827 1.329 0.406 0.991 -1.077
4 106 1 100.293 86.881 38.09 4.322 1.901 1.396 3.142
4 115 1 107.165 98.931 38.024 3.843 1.294 1.501 0.009
4 118 4 109.179 86.926 37.719 0.693 0.46 0.796 -1.282
4 120 4 109.462 87.693 37.846 1.351 0.565 1.039 -1.418
5 8 5 87.567 107.425 38.387 0.294 0.609 1.015 -0.058
5 11 3 126.547 81.672 38.943 0.943 0.572 0.952 -3.12
5 13 3 126.703 42.938 38.661 0.266 0.503 0.821 3.132
5 14 4 113.855 65.06 37.785 1.591 0.412 0.91 -2.429
5 17 3 98.052 47.656 38.638 0.427 0.547 0.744 -3.126
5 37 3 127.166 80.548 38.998 0.421 0.493 1.076 -3.12
5 38 1 100.336 57.43 38.139 4.263 1.969 1.654 -3.137
5 41 4 108.834 34.346 38.27 2.707 1.066 1.952 -3.118
5 61 1 115.21 38.494 37.796 1.477 0.7 0.708 -0.018
5 83 3 125.259 61.665 38.496 0.649 0.531 1.699 3.024
5 98 4 109.587 86.506 37.887 1.293 0.549 0.979 -1.845
5 99 4 109.111 92.037 38.118 0.575 0.295 1.019 -1.756
5 106 1 101.466 79.876 38.154 4.672 1.803 1.474 -3.132
5 115 1 107.23 99.134 38.064 4.26 1.484 1.425 0.054
5 118 4 109.602 87.097 37.97 1.421 0.354 0.964 -1.632
5 120 4 109.628 87.662 37.897 1.455 0.746 1.046 -1.562
5 124 1 101.977 132.63 38.13 0.868 1.576 1.516 0.01
6 8 5 87.444 108.081 38.335 0.495 0.684 1.09 -3.062
6 11 3 126.694 80.994 38.95 0.593 0.307 0.84 3.076
6 13 3 126.565 43.683 38.8 0.499 0.575 0.617 0
6 37 3 127.299 79.791 38.975 0.445 0.326 0.995 3.077
6 38 1 100.331 57.399 38.12 4.439 1.906 1.732 3.13
6 41 4 109.572 31.511 38.265 2.332 0.964 1.842 0.1
6 61 1 114.872 38.445 37.681 1.43 1.045 0.621 -2.522
6 83 3 125.167 61.115 38.554 0.455 0.524 1.686 3.066
6 98 4 109.699 86.538 37.85 1.592 0.373 1.016 -1.555
6 99 4 108.782 91.885 37.912 1.434 0.535 1.009 -1.644
6 106 1 102.603 73.628 38.105 4.37 1.811 1.481 0.029
6 115 1 107.325 99.166 38.084 4.188 1.574 1.46 0.049
6 118 4 109.611 87.077 37.875 1.531 0.512 1.041 -1.555
6 120 4 109.645 87.594 37.906 1.385 0.357 1.081 -1.587
6 124 1 101.846 133.557 38.12 2.88 1.537 1.701 -0.008
6 144 3 85.509 125.884 38.428 0.29 0.423 1.012 -3.089
7 8 5 87.628 108.68 38.465 0.296 0.624 1.149 -0
7 11 3 126.915 80.33 38.854 0.459 0.506 0.902 -3.128
7 37 3 127.543 79.083 39.035 0.354 0.455 1.063 -3.128
7 38 1 100.419 57.571 38.106 3.969 2.01 1.571 3.129
7 41 4 110.117 29.147 38.468 1.057 0.978 1.525 3.142
7 83 3 124.929 60.466 38.789 0.368 0.686 1.029 3.14
7 98 4 109.669 86.535 37.935 1.534 0.518 1.056 -1.579
7 99 4 108.753 92.021 37.918 1.429 0.659 1.044 -1.664
7 106 1 103.677 66.997 38.121 4.39 1.939 1.509 -3.112
7 115 1 107.426 99.098 38.116 4.151 1.651 1.419 0.033
7 118 4 109.665 87.081 37.937 1.471 0.52 1.043 -1.583
7 120 4 109.815 87.594 37.957 1.686 0.425 1.051 -1.671
7 124 1 101.775 134.057 38.221 3.801 1.597 1.525 0.012
7 144 3 85.353 126.605 38.411 0.33 0.67 0.905 0
8 8 5 87.412 109.345 38.402 0.615 0.677 1.306 0.09
8 11 3 127.095 79.647 38.955 0.523 0.477 0.865 -2.991
8 37 3 127.682 78.332 39.005 0.262 0.472 1.05 -3.096
8 38 1 100.442 57.45 38.128 4.256 1.962 1.709 -3.124
8 98 4 109.916 86.589 37.929 1.799 0.403 1.032 -1.666
8 99 4 108.895 92.114 38.076 1.73 0.665 1.264 -1.602
8 106 1 104.837 60.463 37.947 4.348 1.924 1.088 3.139
8 115 1 107.483 99.135 38.112 4.446 1.828 1.46 0.036
8 118 4 109.898 87.044 37.951 1.9 0.709 1.044 -1.666
8 124 1 101.833 134.079 38.205 3.839 1.68 1.861 -0.033
8 144 3 85.125 127.481 38.399 0.317 0.493 0.835 -3.088
8 153 3 97.697 49.263 38.474 0.357 0.469 1.107 -3.032
9 8 5 87.391 109.998 38.419 0.601 0.676 1.412 0.008
9 38 1 100.387 57.542 38.054 4.002 1.984 1.65 3.126
9 99 4 108.922 92.161 38.036 1.633 0.651 1.25 -1.745
9 106 1 105.986 53.94 37.787 4.214 1.842 0.959 -3.11
9 115 1 107.548 99.285 38.138 4.464 2.042 1.467 0.017
9 118 4 109.822 86.625 37.904 1.57 0.477 1.017 -1.633
9 124 1 101.817 134.18 38.12 3.994 1.655 1.661 -0.024
9 144 3 85.137 128.173 38.507 0.338 0.44 1.005 -0.097
9 153 3 97.526 49.507 38.453 0.538 0.939 0.95 -3.104
9 159 2 86.166 152.707 38.728 6.818 2.815 2.659 -3.137
9 161 3 104.368 145.662 38.243 0.193 0.41 0.962 -3.117
9 167 5 87.794 131.648 37.399 0.141 0.175 0.221 0.183
9 169 3 84.205 152.426 37.92 0.143 0.261 1.533 -3.106
9 173 3 82.097 131.931 37.9 0.259 0.232 0.489 0.784
10 8 5 87.365 110.601 38.345 0.657 0.703 1.727 -0.032
10 38 1 100.439 57.645 38.016 3.973 1.861 1.438 3.139
10 99 4 108.827 92.19 38.268 1.258 0.364 0.762 -1.622
10 106 1 106.777 49.269 37.915 0.673 1.479 0.738 -2.988
10 115 1 107.388 99.579 38.145 4.717 1.758 1.48 0.048
10 118 4 109.793 86.694 37.924 1.377 0.431 0.974 -1.593
10 124 1 101.812 134.251 38.258 4.11 1.588 1.687 0.003
10 144 3 84.949 128.906 38.457 0.292 0.641 1.085 -0.005
10 153 3 96.952 49.997 38.567 0.128 0.322 0.629 0.01
10 159 2 86.118 152.883 38.89 7.449 2.999 2.841 -3.108
10 161 3 104.566 145.679 38.31 0.338 0.557 1.15 -0.001
10 167 5 87.82 131.569 37.439 0.153 0.198 0.204 -1.399
10 169 3 84.404 151.929 37.855 0.28 0.36 0.91 3.106
10 173 3 82.959 132.796 38.345 0.295 0.379 1.212 -0.046
11 8 5 87.343 111.277 38.476 0.596 0.58 1.477 0.004
11 38 1 100.369 57.76 38.139 3.658 2.044 1.615 -3.12
11 115 1 107.434 99.65 38.129 4.817 1.677 1.461 0.045
11 118 4 109.838 86.611 37.885 1.236 0.291 0.595 -1.624
11 124 1 101.844 134.374 38.238 4.379 1.703 1.912 0.001
11 144 3 84.793 129.569 38.363 0.524 0.699 1.278 0.002
11 153 3 96.891 50.52 38.393 0.283 0.551 0.858 -3.109
11 159 2 86.05 153.808 38.733 9.142 3.02 3.464 3.129
11 161 3 104.647 145.609 38.436 0.172 0.52 0.823 -0.013
11 167 5 87.842 131.585 37.434 0.393 0.247 0.368 -1.607
11 169 3 84.53 151.406 37.909 0.3 0.376 1.572 3.123
11 173 3 82.651 133.284 38.471 0.314 0.375 1.252 3.136
12 8 5 87.322 111.958 38.473 0.537 0.654 1.516 0.106
12 38 1 100.444 58.082 38.03 2.989 1.815 1.823 -3.112
12 115 1 107.438 99.708 38.129 4.688 1.689 1.454 0.025
12 124 1 101.883 134.335 38.258 4.313 1.672 1.908 -0.014
12 144 3 84.736 130.377 38.521 0.395 0.553 1.213 -0.051
12 159 2 86.081 153.937 38.822 8.873 2.753 3.375 3.128
12 161 3 104.709 145.441 38.538 0.129 0.302 0.342 0.002
12 167 5 87.903 131.627 37.564 0.242 0.255 0.461 0.218
12 169 3 84.549 150.981 37.949 0.516 0.565 1.366 -3.038
12 173 3 82.588 133.838 38.434 0.504 0.536 1.277 -0.051
13 8 5 87.095 112.526 38.384 0.51 0.74 1.754 0.028
13 38 1 100.31 59.184 38.252 0.835 1.687 1.271 3.14
13 115 1 107.458 99.991 38.094 4.261 1.711 1.437 0.035
13 124 1 101.889 134.405 38.306 4.498 1.716 1.896 -0.015
13 144 3 84.521 131.102 38.379 0.422 0.853 0.996 0.55
13 159 2 86.045 153.869 39.05 9.225 2.947 3.24 3.131
13 167 5 87.96 131.65 37.498 0.315 0.329 0.405 0.153
13 169 3 84.677 150.689 37.995 0.493 0.535 1.624 -2.83
13 173 3 82.524 134.296 38.396 0.669 0.603 1.374 -3.008
13 190 2 82.505 174.175 38.923 6.921 2.263 3.167 3.141
14 8 5 87.156 113.163 38.547 0.452 0.63 1.26 -0.015
14 115 1 107.531 99.952 38.06 4.285 1.808 1.376 0.034
14 124 1 101.949 134.477 38.31 4.554 1.81 1.881 -0.029
14 144 3 84.422 131.917 38.442 0.415 0.469 1.125 0.08
14 159 2 86.073 153.885 38.802 9.003 3.002 3.215 3.131
14 167 5 87.936 131.718 37.671 0.321 0.255 0.524 0.253
14 169 3 84.938 150.29 37.989 0.448 0.454 1.452 0.001
14 173 3 82.366 134.911 38.489 0.453 0.583 1.384 0.012
14 190 2 82.517 174.207 38.453 6.6 2.332 2.999 -3.098
15 8 5 86.976 113.775 38.557 0.386 0.781 1.39 -0.026
15 115 1 107.506 99.849 37.895 4.162 1.629 1 -0.001
15 124 1 101.911 134.497 38.318 4.508 1.845 1.912 -0.014
15 144 3 84.256 132.652 38.474 0.581 0.755 1.439 0.323
15 159 2 86.125 153.904 38.742 9.063 2.826 3.018 3.118
15 167 5 88.028 131.721 37.648 0.355 0.341 0.56 -3.13
15 169 3 85.108 150.127 38.062 0.439 0.398 1.764 -1.623
15 173 3 82.247 135.476 38.436 0.483 0.683 1.551 0.715
15 190 2 82.066 176.904 38.801 11.998 2.741 3.581 3.128
15 192 1 84.529 166.267 37.492 0.193 0.22 0.406 -3.114
15 196 3 82.766 148.533 38.503 0.457 0.641 1.117 -0.071
16 8 5 86.874 114.376 38.435 0.432 0.75 1.402 0.066
16 115 1 107.509 100.006 37.677 4.037 1.664 0.782 -0.012
16 124 1 101.844 134.521 38.317 4.422 1.704 1.851 0.004
16 144 3 84.054 133.503 38.804 0.662 0.647 0.843 -0.018
16 159 2 86.106 153.84 38.735 9.242 2.935 2.987 3.119
16 169 3 85.075 150.09 37.999 0.374 0.28 1.426 -1.651
16 173 3 82.056 135.965 38.44 0.843 0.531 1.513 0.363
16 190 2 81.917 176.876 38.783 12.267 2.914 3.447 -3.134
16 192 1 84.469 166.192 37.446 0.196 0.204 0.493 -3.055
16 196 3 83.075 148.871 38.485 0.458 0.466 1.254 -1.475
16 199 1 91.169 191.859 37.494 0.768 0.998 0.736 -0.032
17 8 5 86.732 114.931 38.494 0.347 0.649 1.284 0.021
17 115 1 107.046 101.075 37.898 1.632 0.906 0.792 -0.023
17 124 1 101.699 134.472 38.344 4.575 1.742 1.857 -0.015
17 144 3 83.909 134.078 38.296 0.338 0.516 1.665 3.051
17 159 2 85.962 153.787 38.613 9.217 2.92 2.632 3.126
17 169 3 84.991 147.732 39.65 0.504 0.088 0.061 -1.606
17 173 3 81.658 136.441 38.479 0.593 0.447 1.642 0.83
17 190 2 81.723 176.884 38.645 12.16 2.946 3.025 -3.123
17 192 1 84.345 166.221 37.454 0.357 0.299 0.471 -3.128
17 196 3 83.432 149.093 38.259 0.69 0.578 1.704 -0.211
17 199 1 90.987 192.281 37.73 1.711 1.512 1.573 -0
18 8 5 86.612 115.524 38.558 0.401 0.644 1.088 -0.155
18 115 1 107.12 101.553 37.819 0.674 1.363 0.429 -3.137
18 124 1 101.688 134.45 38.317 4.478 1.791 1.85 -0.01
18 144 3 83.632 134.741 38.37 0.368 0.691 1.569 -0.084
18 159 2 85.875 153.797 38.539 9.24 2.917 2.515 3.142
18 169 3 84.998 147.681 39.618 0.186 0.552 0.182 3.024
18 173 3 81.523 136.876 38.467 0.432 0.601 1.776 -0.112
18 190 2 81.68 176.762 38.763 12.148 3.066 3.289 -3.125
18 192 1 84.361 166.091 37.479 0.338 0.258 0.704 -0.071
18 196 3 83.7 149.337 38.288 0.46 0.59 1.71 -1.575
18 199 1 90.812 193.278 37.801 3.943 1.606 1.637 -0.011
18 202 3 86.483 213.461 37.575 0.405 0.341 1.326 -0.167
18 205 3 85.602 213.246 37.676 0.262 0.508 1.13 -0.145
19 8 5 86.375 116.118 38.517 0.232 0.457 0.822 -0
19 115 1 107.18 101.543 37.84 0.58 1.459 0.369 0.01
19 124 1 101.737 134.451 38.334 4.541 1.845 1.83 0.013
19 144 3 83.515 135.331 38.525 0.678 0.678 1.156 0.056
19 159 2 85.955 153.749 38.469 9.208 2.869 2.385 -3.134
19 173 3 81.274 137.158 38.45 0.902 0.485 1.786 0.604
19 190 2 81.617 176.721 38.64 12.09 2.976 2.974 -3.116
19 192 1 84.321 166.075 37.521 0.307 0.308 0.648 -3.128
19 199 1 90.786 193.341 37.784 4.144 1.62 1.536 0.078
19 202 3 86.449 214.242 37.636 0.894 0.538 1.611 0.167
19 205 3 85.46 213.957 37.437 0.637 0.884 1.242 0.167
20 8 5 86.356 116.694 38.799 0.302 0.344 0.335 -3.142
20 124 1 101.695 134.427 38.269 4.518 1.675 1.841 -0.017
20 144 3 83.455 136.153 38.461 0.223 0.488 1.152 2.379
20 159 2 85.994 153.82 38.515 9.417 2.76 2.461 3.126
20 190 2 81.655 176.689 38.544 12.075 2.964 2.732 -3.12
20 192 1 84.332 166.086 37.513 0.38 0.405 0.625 0.075
20 199 1 90.776 193.315 37.902 4.132 1.494 1.575 0.063
20 202 3 86.187 214.774 37.853 0.378 0.521 1.396 -0
20 205 3 85.503 214.497 37.683 0.437 0.57 1.039 -0
20 208 1 73.337 221.108 37.677 1.51 1.347 1.301 3.082
20 210 5 88.364 209.948 37.711 0.279 0.416 0.67 -0.034
21 124 1 101.716 134.536 38.271 4.008 1.689 1.896 0.007
21 159 2 85.878 153.807 38.565 9.528 2.943 2.73 3.137
21 190 2 81.648 176.627 38.524 12.079 2.935 2.761 -3.115
21 192 1 84.361 166.112 37.529 0.271 0.338 0.643 1.764
21 199 1 90.84 193.223 37.838 4.031 1.644 1.593 0.057
21 202 3 86.263 215.362 37.838 0.594 0.578 1.534 0.059
21 205 3 85.358 215.228 37.749 0.693 0.685 1.252 0.059
21 208 1 73.463 221.225 37.325 1.721 1.471 0.972 -3.126
21 210 5 88.087 211.554 37.861 3.813 1.073 1.617 0.013
21 212 3 73.433 196.661 38.022 0.385 0.515 0.793 -3.078
21 214 2 72.977 227.724 38.624 5.301 2.404 2.36 -3.09
22 124 1 101.76 134.628 38.229 3.914 1.576 1.8 -0.005
22 159 2 86.009 153.77 38.686 9.382 2.792 2.879 3.123
22 190 2 81.66 176.62 38.422 12.036 2.961 2.505 -3.119
22 192 1 84.397 166.124 37.539 0.339 0.295 0.628 -3.131
22 199 1 90.922 193.282 37.91 4.233 1.723 1.616 0.058
22 202 3 86.152 215.925 37.744 0.472 0.681 1.587 0.015
22 205 3 85.32 215.738 37.75 0.469 0.617 1.596 0.03
22 208 1 73.375 221.762 37.603 2.763 1.599 1.306 -3.121
22 210 5 88.067 211.455 37.838 3.63 0.938 1.585 0.032
22 212 3 73.649 195.761 38.034 0.292 0.468 0.824 0.024
22 214 2 72.945 227.334 38.321 4.681 2.621 2.112 -3.113
22 215 5 86.657 218.514 37.52 0.613 0.794 0.772 0.003
23 124 1 101.868 134.557 38.217 4.065 1.59 1.866 0.002
23 159 2 86.096 153.764 38.843 9.376 2.603 3.173 3.132
23 190 2 81.855 176.525 38.443 12.432 2.867 2.514 -3.125
23 192 1 84.469 166.076 37.519 0.209 0.269 0.586 0.375
23 199 1 91.109 193.232 37.943 4.216 1.931 1.712 0.05
23 202 3 86.131 216.518 37.769 0.481 0.715 1.544 -0.045
23 205 3 85.329 216.365 37.774 0.592 0.581 1.522 -0.045
23 208 1 73.429 222.122 37.641 3.669 1.595 1.7 3.139
23 210 5 88.207 211.562 37.829 4.063 1.158 1.665 0.013
23 212 3 73.848 194.86 38.107 0.421 0.598 1.059 -2.704
23 214 2 72.737 230.558 38.389 11.605 2.879 3.218 3.095
23 215 5 86.931 218.234 37.669 0.379 0.695 0.287 -0.092
24 124 1 101.819 135.821 38.203 1.254 1.417 1.76 0.032
24 159 2 86.224 153.789 38.913 9.355 2.555 3.287 3.119
24 190 2 82.044 176.49 38.586 12.634 2.797 2.624 -3.127
24 192 1 84.555 166.095 37.661 0.148 0.171 0.232 -3.128
24 199 1 91.104 193.215 37.968 4.196 1.716 1.687 0.056
24 202 3 86.197 217.132 37.8 0.611 0.843 1.691 -0.219
24 205 3 85.358 217.044 37.752 0.381 0.711 1.505 -0.272
24 208 1 73.42 222.218 37.789 3.76 1.853 1.66 3.134
24 210 5 88.595 211.563 37.879 4.019 1.734 1.75 -0.001
24 212 3 74.093 194.057 38.145 0.439 0.418 0.965 -3.074
24 214 2 72.761 230.328 38.754 10.921 2.795 3.209 3.141
24 215 5 87.082 219.078 37.68 2.104 1.515 1.496 -0.044
24 217 1 85.502 226.265 37.629 2.759 0.685 1.294 -0.009
24 218 3 63.575 233.295 37.899 0.408 0.469 1.051 -0.009
25 124 1 101.86 136.427 37.719 0.188 1.097 0.301 0
25 159 2 86.409 153.931 38.946 9.197 2.576 3.436 3.122
25 190 2 82.181 176.665 38.664 12.592 2.775 2.874 -3.14
25 192 1 84.73 166.174 37.587 0.332 0.29 0.254 0.065
25 199 1 91.309 193.611 38.066 4.62 1.967 1.911 0.054
25 202 3 86.197 217.771 37.834 0.707 0.683 1.773 -0.018
25 205 3 85.388 217.667 37.688 0.683 0.721 1.454 -0
25 208 1 73.604 222.332 37.825 4.053 1.773 1.74 3.141
25 210 5 88.806 211.714 37.867 4.065 1.841 1.789 -0.002
25 214 2 72.925 228.211 38.643 7.009 3.202 3.437 3.127
25 215 5 87.339 219.414 37.666 2.678 1.79 1.36 -0.016
25 217 1 85.421 226.21 37.358 1.916 0.149 0.865 0.023
25 218 3 64.07 232.791 38.042 0.257 0.361 0.926 3.142
25 219 1 85.126 230.869 37.993 1.154 0.359 0.553 -0.036
26 159 2 86.655 153.901 38.888 9.305 2.458 3.177 -3.137
26 190 2 82.276 176.835 38.708 12.451 2.65 3.129 -3.137
26 192 1 84.852 166.172 37.599 0.231 0.152 0.187 -3.126
26 199 1 91.382 193.86 37.968 4.261 1.931 1.694 0.044
26 202 3 86.171 218.552 37.837 0.886 0.827 1.753 -0.016
26 205 3 85.262 218.362 37.822 0.814 0.726 1.464 -0.042
26 208 1 73.689 222.465 37.857 4.23 1.813 1.8 3.142
26 210 5 88.922 211.832 37.909 4.238 1.926 1.767 -0
26 214 2 72.508 230.975 38.531 12.083 3.231 3.277 -3.137
26 215 5 87.487 219.569 37.675 2.97 1.911 1.501 0.005
26 217 1 86.151 226.006 37.618 2.052 1.28 1.344 0.046
26 218 3 64.203 232.217 37.966 0.361 0.587 1.17 3.105
26 219 1 84.987 231.424 37.837 2.088 0.42 0.264 0.047
26 221 3 75.491 224.491 37.112 0.18 0.099 0.331 -1.586
26 222 3 66.963 215.35 38.086 0.559 0.672 1.557 3.105
27 159 2 86.782 153.922 38.806 9.45 2.447 3.063 3.135
27 190 2 82.235 177.048 38.755 12.23 2.721 3.17 -3.14
27 199 1 91.491 194 37.913 4.241 1.952 1.741 0.04
27 202 3 86.111 219.186 37.85 0.581 0.749 1.719 -0.03
27 205 3 85.236 218.944 37.781 0.675 0.833 1.612 -0.03
27 208 1 73.85 222.455 37.853 4.047 1.872 1.84 3.137
27 210 5 89.007 211.953 37.903 4.319 1.958 1.764 0.013
27 214 2 72.856 230.868 38.337 11.952 2.945 3.1 3.137
27 215 5 87.591 219.897 37.726 3.463 1.926 1.482 -0.024
27 217 1 86.459 226.156 37.716 2.45 1.542 1.301 -0.05
27 218 3 64.57 231.759 38.115 0.38 0.614 1.257 3.142
27 219 1 85.361 232.298 37.57 3.845 1.46 1.415 -0.018
27 221 3 75.634 224.572 37.199 0.221 0.259 0.444 3.142
27 222 3 66.813 214.881 38.05 0.556 0.633 1.564 1.578
27 226 3 63.797 209.492 38.259 0.57 0.546 1.478 1.597
27 227 3 58.396 215.509 38.486 0.751 0.85 1.72 1.333
28 159 2 86.847 154.478 38.855 8.424 2.539 3.167 -3.126
28 190 2 82.504 176.855 38.831 12.418 2.624 3.342 -3.141
28 199 1 91.496 194.061 37.89 4.222 1.778 1.533 0.037
28 202 3 86.019 219.965 37.895 0.844 0.765 1.711 -0.01
28 205 3 85.1 219.677 37.814 0.838 0.672 1.597 -0.033
28 208 1 73.943 222.509 37.838 4.076 1.906 1.831 3.133
28 210 5 88.96 212.206 37.92 4.647 1.991 1.775 0.016
28 214 2 72.918 231.094 38.344 12.185 2.89 2.965 3.133
28 215 5 87.542 220.477 37.737 4.573 1.985 1.511 -0.003
28 217 1 86.419 227.056 37.68 4.251 1.79 1.459 -0.011
28 219 1 85.546 232.289 37.629 3.94 1.681 1.482 -0.028
28 221 3 75.703 224.635 37.169 0.205 0.256 0.408 3.09
28 222 3 66.437 214.517 38.098 0.498 0.511 1.572 1.83
28 226 3 64.428 209.615 38.257 0.593 0.688 1.469 -1.737
28 227 3 58.522 215.744 38.675 0.651 0.704 1.583 0.687
28 228 5 72.627 239.368 37.1 0.284 0.146 0.177 1.488
28 229 1 71.048 260.49 37.081 0.57 1.725 0.88 -3.14
29 190 2 82.514 177.337 38.933 11.542 2.564 3.396 -3.131
29 199 1 91.382 194.074 37.906 4.05 1.336 1.557 0.044
29 202 3 85.883 220.604 38.071 0.687 0.722 1.451 -0.033
29 208 1 74.08 222.592 37.876 4.102 1.744 1.844 3.135
29 210 5 89.078 212.401 37.895 4.503 1.974 1.78 -0.013
29 214 2 73.051 231.141 38.358 12.238 2.801 2.827 3.137
29 215 5 87.52 220.698 37.75 4.737 1.759 1.477 -0.035
29 217 1 86.393 227.17 37.696 4.272 1.696 1.46 -0.02
29 219 1 85.646 232.317 37.649 4.049 1.699 1.49 -0.015
29 221 3 75.785 224.647 37.209 0.242 0.285 0.428 -0.001
29 222 3 66.04 214.258 38.163 0.341 0.626 1.615 1.733
29 226 3 65.164 209.702 38.224 0.426 0.661 1.474 -1.743
29 227 3 58.444 216.071 38.63 0.895 0.573 1.645 -0.02
29 228 5 72.685 239.418 37.14 0.216 0.299 0.349 0.031
29 229 1 71.887 256.461 37.34 3.442 1.912 0.901 -3.132
29 230 1 76.746 279.393 37.466 0.576 1.792 1.166 0
29 231 1 63.622 275.628 37.411 3.356 1.808 1.488 3.123
30 190 2 82.636 176.712 38.869 12.856 2.534 3.634 -3.136
30 199 1 91.286 194.031 37.498 4.041 1.036 0.876 0.009
30 202 3 85.936 221.328 37.909 0.69 0.907 1.778 -0.025
30 208 1 74.134 222.615 37.912 4.096 1.873 1.82 3.117
30 210 5 89.182 212.312 37.871 4.557 2.05 1.815 0.007
30 214 2 73.066 231.176 38.302 12.009 2.903 2.687 3.134
30 215 5 87.576 220.788 37.762 5.2 1.78 1.491 -0.025
30 217 1 86.389 227.276 37.703 4.588 1.865 1.458 -0.025
30 219 1 85.706 232.385 37.684 4.119 2 1.473 -0.026
30 221 3 75.87 224.725 37.247 0.261 0.169 0.415 0
30 222 3 65.596 214.072 38.223 0.388 0.656 1.485 1.661
30 226 3 65.653 209.792 38.193 0.679 0.529 1.483 -1.43
30 227 3 58.667 216.242 38.888 0.583 0.578 1.221 0.868
30 228 5 72.728 239.573 37.119 0.413 0.309 0.418 0
30 229 1 72.974 251.268 37.51 3.819 1.953 1.413 3.133
30 230 1 76.839 279.763 37.339 1.134 2.006 1.677 0.043
30 231 1 63.527 276.352 37.174 2.278 1.751 0.951 -3.104
30 232 3 84.959 221.123 37.819 0.794 0.727 1.573 -0.026
31 190 2 82.531 177.456 39.079 11.392 2.502 3.192 3.137
31 199 1 91.123 195.155 37.582 1.889 0.952 0.942 0.011
31 202 3 85.884 221.843 37.855 0.586 0.804 1.777 -0.019
31 208 1 74.206 222.706 37.858 4.039 1.812 1.923 3.124
31 210 5 89.292 212.465 37.844 4.558 2.099 1.779 -0.004
31 214 2 73.21 231.382 38.163 12.281 2.732 2.553 3.135
31 215 5 87.657 221.01 37.697 4.704 1.829 1.519 -0.017
31 217 1 86.473 227.564 37.679 4.557 1.889 1.524 0.013
31 219 1 85.606 232.753 37.686 4.751 1.853 1.52 -0.006
31 221 3 75.896 224.753 37.256 0.262 0.275 0.432 -0.006
31 222 3 65.165 213.9 38.683 0.274 0.567 0.535 1.547
31 228 5 72.83 239.511 37.133 0.317 0.269 0.395 3.142
31 229 1 73.939 246.115 37.57 4.017 2.044 1.399 -3.12
31 230 1 76.66 280.205 37.389 2.315 1.741 1.574 0.02
31 231 1 63.368 277.206 37.299 4.071 2.145 1.664 3.126
31 232 3 84.961 221.602 37.83 0.646 0.795 1.633 -0.01
31 234 4 63.629 251.424 37.833 1.398 1.042 0.989 3.142
31 235 4 72.293 238.183 37.272 0.448 0.415 0.596 0.021
32 190 2 82.25 181.05 38.807 4.039 2.029 2.411 3.142
32 199 1 91.136 195.415 37.509 1.491 0.806 0.869 -0.041
32 202 3 85.863 222.412 37.823 0.756 0.768 1.728 0.011
32 208 1 74.764 222.417 37.881 3.111 0.598 1.783 3.138
32 210 5 89.221 213.46 37.927 2.553 1.824 1.486 0.045
32 214 2 73.252 231.178 38.298 12.347 2.742 2.749 3.138
32 215 5 87.611 221.446 37.705 4.048 1.783 1.446 -0.022
32 217 1 86.604 227.595 37.659 4.296 1.914 1.411 -0.01
32 219 1 85.689 232.864 37.698 4.397 1.839 1.45 0.008
32 221 3 75.927 224.779 37.221 0.226 0.267 0.418 0.051
32 228 5 72.894 239.502 37.192 0.288 0.277 0.456 -0.001
32 229 1 74.946 241.205 37.689 4.42 2.077 1.395 -3.107
32 230 1 76.639 280.929 37.378 3.8 1.842 1.502 0.002
32 231 1 63.335 277.42 37.476 4.591 2.136 1.643 -3.099
32 232 3 84.931 222.312 37.955 0.611 0.679 1.338 0.011
32 234 4 63.779 251.086 37.794 2.11 1.097 1.069 3.128
32 235 4 72.34 238.233 37.282 0.289 0.524 0.674 3.093
32 236 4 70.152 237.855 37.195 0.241 0.395 0.57 3.139
33 199 1 91.21 195.721 37.549 0.774 0.646 0.64 0
33 202 3 85.905 223.082 37.788 0.634 0.844 1.617 -0.063
33 208 1 75.025 221.891 37.811 1.953 0.388 1.754 3.117
33 210 5 88.981 213.632 37.698 1.691 1.629 1.368 0.006
33 214 2 73.323 231.27 38.35 12.267 2.636 2.893 -3.141
33 215 5 87.591 221.633 37.697 3.249 1.616 1.435 -0.04
33 217 1 86.608 227.602 37.688 4.335 1.743 1.48 -0.023
33 219 1 85.76 232.879 37.658 4.449 1.773 1.506 -0.005
33 221 3 75.984 224.783 37.176 0.225 0.275 0.393 0.06
33 228 5 72.919 239.518 37.183 0.313 0.289 0.46 0.122
33 230 1 76.659 281.054 37.37 3.892 1.827 1.626 0.023
33 231 1 63.448 277.449 37.443 4.604 2.087 1.708 -3.138
33 232 3 84.937 222.886 37.825 0.485 0.708 1.563 -0.02
33 234 4 63.868 250.979 37.834 2.399 1.109 1.183 3.109
33 235 4 72.441 238.27 37.305 0.373 0.28 0.69 -1.532
33 236 4 70.283 237.906 37.194 0.264 0.362 0.623 0.019
33 238 1 73.483 304.79 37.614 0.521 1.108 0.84 0.046
33 239 1 75.973 236.743 37.724 4.112 1.756 1.458 -3.133
34 202 3 85.792 223.721 37.829 0.738 0.583 1.705 -1.482
34 214 2 73.393 231.352 38.399 12.197 2.566 2.934 -3.125
34 215 5 87.275 221.863 37.547 2.402 0.899 0.961 0
34 217 1 86.367 227.609 37.661 4.191 1.114 1.358 0
34 219 1 85.854 232.96 37.634 4.236 1.807 1.437 0
34 228 5 72.971 239.561 37.168 0.244 0.307 0.448 -0.001
34 230 1 76.68 281.17 37.414 4.201 1.827 1.6 0.027
34 231 1 63.503 277.515 37.532 4.783 2.14 1.768 -3.115
34 232 3 84.878 223.534 37.923 0.443 0.748 1.417 3.073
34 234 4 63.906 250.96 37.671 2.357 1.086 1.511 3.081
34 235 4 72.462 238.276 37.402 0.276 0.182 0.4 3.134
34 236 4 70.28 237.922 37.214 0.284 0.228 0.521 3.134
34 238 1 73.727 304.842 37.041 0.691 1.558 1.151 0.019
34 239 1 76.967 231.659 37.694 4.195 1.867 1.44 -3.125
34 243 3 66.126 227.705 38.315 0.466 0.464 1.098 2.717
35 202 3 85.822 224.371 37.814 0.621 0.774 1.554 -0.032
35 214 2 73.328 231.632 38.481 11.622 2.594 2.983 3.141
35 215 5 87.09 222.421 37.328 0.941 0.558 0.742 0.018
35 217 1 86.147 227.626 37.462 3.894 0.655 1.053 -0.038
35 219 1 85.886 233.037 37.619 4.202 1.69 1.401 -0.02
35 228 5 72.972 239.58 37.159 0.353 0.344 0.454 3.142
35 230 1 76.794 281.092 37.467 4.094 1.931 1.628 -0.006
35 231 1 63.52 277.54 37.626 4.844 2.217 1.697 -3.092
35 232 3 84.879 224.188 37.835 0.429 0.736 1.527 -0.032
35 234 4 63.907 250.836 37.67 2.604 1.334 1.463 3.113
35 235 4 72.452 238.222 37.345 0.235 0.197 0.466 3.127
35 236 4 70.28 237.899 37.167 0.289 0.229 0.484 1.728
35 238 1 73.718 304.937 37.387 0.863 1.764 1.571 0.006
35 239 1 77.935 226.616 37.737 3.779 1.87 1.406 3.14
35 243 3 66.258 227.144 38.273 0.431 0.557 1.186 3.135
35 244 3 67.121 270.293 37.01 0.158 0.239 0.407 -3.099
35 246 1 64.041 274.152 36.899 0.122 0.181 0.433 3.121
35 248 1 71.622 312.411 36.991 1.398 0.557 0.85 0.006
36 202 3 85.704 224.984 37.8 0.499 0.642 1.471 0.003
36 214 2 73.463 231.38 38.395 11.992 2.547 2.986 -3.138
36 215 5 87.053 222.383 37.341 1.085 0.431 0.834 -0.01
36 217 1 86.066 227.594 37.443 3.442 0.428 0.932 -0.045
36 219 1 85.933 233.029 37.5 4.132 1.677 1.269 -0.026
36 228 5 73.115 239.582 37.134 0.189 0.196 0.42 3.142
36 230 1 76.829 281.127 37.53 4.107 1.932 1.631 0.006
36 231 1 63.632 277.624 37.526 4.93 1.989 1.723 -3.1
36 232 3 84.803 224.737 37.783 0.544 0.769 1.127 0.003
36 234 4 64.053 250.874 37.765 2.535 1.107 1.32 -3.129
36 235 4 72.519 238.31 37.272 0.174 0.306 0.334 -3.129
36 236 4 70.336 237.98 37.232 0.189 0.284 0.339 -3.129
36 238 1 73.668 305.089 37.309 1.235 1.775 1.655 0.012
36 239 1 78.95 221.786 37.669 3.31 1.755 1.373 3.139
36 243 3 66.374 226.659 38.15 0.145 0.42 0.572 -3.125
36 244 3 67.137 270.334 37.014 0.413 0.305 0.453 -3.113
36 246 1 64.112 274.197 36.909 0.22 0.292 0.414 -3.131
36 248 1 71.634 312.499 37.029 1.615 0.834 0.648 -0.018
36 249 1 58.469 300.089 36.607 0.129 0.234 0.307 0.075
36 250 1 71.785 290.528 36.827 0.192 0.204 0.442 -3.091
37 202 3 85.684 225.694 37.816 0.381 0.625 1.644 -0.002
37 214 2 73.482 232.116 38.575 10.715 2.534 3.262 -3.117
37 217 1 86.098 227.653 37.315 3.652 0.369 0.642 -0.024
37 219 1 85.992 233.093 37.394 3.94 1.857 1.071 -0.006
37 230 1 76.812 281.157 37.536 4.148 1.872 1.678 0.011
37 231 1 63.66 277.735 37.594 5.09 1.9 1.781 -3.096
37 232 3 84.715 225.441 37.775 0.545 0.583 1.115 -0.002
37 234 4 64.094 251.015 37.759 2.302 1.022 1.282 3.137
37 236 4 70.371 237.947 37.141 0.222 0.293 0.436 0
37 238 1 73.47 306.505 37.299 4.004 1.819 1.549 0.026
37 239 1 79.731 217.721 37.663 1.251 1.721 1.324 -3.129
37 243 3 66.498 226.078 37.966 0.248 0.175 1.103 3.142
37 244 3 67.185 270.37 37.029 0.274 0.256 0.393 0.176
37 246 1 64.11 274.237 36.956 0.299 0.32 0.332 0.015
37 248 1 71.598 313.361 36.96 3.251 0.864 1.217 0.04
37 249 1 58.514 300.079 36.715 0.317 0.287 0.511 -0.003
37 250 1 71.827 290.613 36.911 0.269 0.29 0.337 -0.02
37 254 4 71.544 291.297 36.909 0.133 0.242 0.446 -0.02
38 202 3 85.679 226.299 37.732 0.293 0.656 1.531 0.001
38 214 2 73.368 232.5 38.625 9.819 2.544 3.403 -3.124
38 217 1 86.172 227.654 37.283 3.616 0.375 0.747 0.008
38 219 1 85.996 233.142 37.161 3.935 1.611 0.749 -0.051
38 230 1 76.779 281.23 37.535 4.22 1.788 1.712 0.016
38 231 1 63.693 277.816 37.59 5.139 1.888 1.81 -3.083
38 232 3 84.729 225.984 37.728 0.35 0.737 1.023 0.016
38 238 1 73.573 306.235 37.345 3.359 1.761 1.617 0.016
38 243 3 66.763 225.418 38.162 0.245 0.381 0.953 -3.122
38 244 3 67.24 270.407 37.013 0.31 0.295 0.486 0.037
38 246 1 64.221 274.289 36.973 0.241 0.112 0.235 -0.006
38 248 1 71.839 313.776 37.125 3.962 1.513 1.359 0.016
38 249 1 58.531 300.088 36.724 0.179 0.24 0.462 -0.014
38 250 1 71.916 290.603 36.92 0.124 0.2 0.386 3.103
38 254 4 71.638 291.361 36.882 0.137 0.219 0.317 3.103
39 202 3 85.564 226.899 37.73 0.49 0.485 1.421 -0.002
39 214 2 72.865 235.459 38.534 3.851 2.534 3.414 -3.127
39 219 1 85.703 234.486 37.287 1.253 1.349 0.63 0.009
39 230 1 76.891 281.458 37.557 4.577 1.986 1.696 0.03
39 231 1 63.745 277.904 37.608 5.149 1.979 1.773 -3.097
39 232 3 84.588 226.781 37.76 0.482 0.6 1.383 0.028
39 238 1 73.559 306.516 37.349 3.93 1.881 1.739 -0.007
39 244 3 67.289 270.506 37.021 0.343 0.311 0.31 3.142
39 246 1 64.287 274.359 36.964 0.25 0.178 0.383 0.088
39 248 1 71.907 313.831 37.168 4.111 1.51 1.483 0.029
39 249 1 58.63 300.093 36.716 0.184 0.272 0.326 3.142
39 250 1 71.935 290.625 36.898 0.256 0.261 0.401 3.093
39 254 4 71.671 291.39 36.878 0.22 0.29 0.433 -3.114
39 255 3 56.92 282.254 37.532 0.356 0.658 1.694 -1.976
40 214 2 73.385 232.961 38.578 9.076 2.668 3.201 3.13
40 219 1 85.647 234.528 37.183 1.068 1.219 0.718 0.032
40 230 1 76.882 281.692 37.56 4.47 1.855 1.692 0.015
40 231 1 63.767 278.15 37.603 4.918 2.053 1.78 -3.082
40 238 1 73.663 306.568 37.338 4.074 1.908 1.633 0.015
40 244 3 67.308 270.501 37.009 0.22 0.277 0.455 0.122
40 246 1 64.283 274.37 36.976 0.283 0.267 0.421 3.127
40 248 1 72.043 313.853 37.207 4.024 1.825 1.409 0.015
40 249 1 58.656 300.146 36.725 0.224 0.33 0.362 -3.142
40 250 1 71.981 290.692 36.983 0.344 0.302 0.413 1.578
40 254 4 71.729 291.412 36.948 0.291 0.358 0.491 0.019
40 255 3 56.957 282.294 37.561 0.414 0.601 1.608 -1.568
40 257 5 53.382 343.857 36.723 0.5 0.641 0.471 -3.093
40 258 1 51.79 319.425 36.921 0.218 0.249 0.304 -3.142
41 214 2 72.922 235.598 38.577 3.67 2.625 3.346 3.128
41 230 1 76.969 281.837 37.504 4.284 1.897 1.719 0.01
41 231 1 63.786 278.271 37.581 4.798 1.963 1.814 -3.092
41 238 1 73.678 306.651 37.342 4.138 1.834 1.714 0.018
41 244 3 67.371 270.575 36.971 0.3 0.205 0.499 -1.593
41 248 1 72.115 313.877 37.158 4.041 1.733 1.479 0.029
41 249 1 58.751 300.221 36.793 0.284 0.154 0.275 -3.142
41 250 1 72.037 290.808 37.039 0.201 0.238 0.207 0.127
41 255 3 57.08 282.345 37.505 0.391 0.547 1.684 -1.611
41 257 5 53.89 340.753 36.784 0.477 0.684 0.321 0.012
41 258 1 51.871 319.444 36.916 0.133 0.136 0.399 0.018
41 261 5 55.79 309.257 37.045 1.065 0.954 0.799 0
41 262 1 73.19 286.244 36.933 0.261 0.306 0.417 3.142
42 230 1 77.024 281.906 37.459 4.188 1.928 1.632 0.017
42 231 1 63.825 278.303 37.555 4.746 2.025 1.796 -3.106
42 238 1 73.707 306.749 37.413 4.231 1.925 1.769 -0.006
42 244 3 67.481 270.591 36.982 0.19 0.176 0.175 3.142
42 248 1 72.132 313.947 37.265 4.259 1.836 1.489 0.032
42 249 1 58.863 300.245 36.781 0.28 0.242 0.443 -0.022
42 250 1 72.065 290.876 36.911 0.227 0.293 0.429 3.142
42 255 3 57.117 282.411 37.506 0.359 0.537 1.57 -1.481
42 257 5 54.215 339.435 36.983 4.199 1.772 1.016 3.123
42 258 1 51.927 319.463 36.973 0.235 0.214 0.545 -0
42 261 5 55.859 309.314 36.976 0.869 1.154 0.952 -1.695
42 262 1 73.229 286.25 36.924 0.221 0.265 0.425 -3.142
43 230 1 77.071 281.984 37.519 4.2 1.908 1.648 -0.002
43 231 1 63.858 278.282 37.58 4.812 1.925 1.787 -3.062
43 238 1 73.783 306.936 37.431 4.446 2.11 1.737 -0.002
43 244 3 67.496 270.591 37.035 0.063 0.159 0.208 3.142
43 248 1 72.223 314.057 37.27 4.356 1.993 1.501 0.013
43 249 1 58.882 300.274 36.812 0.284 0.247 0.38 -3.141
43 250 1 72.189 290.825 37.076 0.056 0.195 0.099 3.142
43 255 3 57.153 282.492 37.54 0.337 0.513 1.624 -1.691
43 257 5 54.776 336.389 37.003 4.2 1.779 0.734 3.127
43 258 1 52.007 319.501 36.953 0.324 0.3 0.55 0
43 261 5 55.916 309.36 37.006 1.182 0.829 1.005 -0.11
43 262 1 73.309 286.289 36.936 0.241 0.266 0.463 3.111
44 230 1 77.086 281.983 37.498 4.173 1.851 1.681 -0.036
44 231 1 63.968 278.365 37.485 4.679 1.856 1.77 -3.088
44 238 1 73.716 307.148 37.422 4.474 1.793 1.744 -0
44 244 3 67.571 270.611 36.895 0.063 0.235 0.311 3.142
44 248 1 72.167 314.203 37.285 4.422 1.849 1.51 0.005
44 249 1 58.865 300.323 36.797 0.261 0.279 0.446 -0.004
44 255 3 57.274 282.59 37.542 0.419 0.491 1.666 1.352
44 257 5 55.4 333.341 37.09 4.296 1.882 1.048 3.12
44 258 1 52.005 319.552 37.015 0.269 0.314 0.571 3.142
44 261 5 56.069 309.411 37.083 1.213 0.87 0.937 -3.142
44 262 1 73.363 286.316 36.919 0.19 0.26 0.51 0.03
44 268 3 47.662 364.866 37.062 0.416 0.63 1.42 -3.105
44 269 3 47.81 333.334 37.491 0.637 0.446 1.55 0.113
45 230 1 77.753 282.151 37.492 3.856 3.079 1.566 0.036
45 231 1 63.922 278.501 37.477 4.447 1.957 1.628 -3.097
45 238 1 73.791 307.25 37.417 4.439 1.874 1.732 0.011
45 248 1 72.203 314.478 37.333 4.466 1.838 1.555 0.021
45 249 1 58.916 300.326 36.804 0.32 0.227 0.341 -3.142
45 255 3 57.343 282.641 37.501 0.281 0.472 1.61 1.575
45 257 5 55.961 330.359 37.313 4.358 1.889 1.385 -3.121
45 258 1 52.073 319.627 37.02 0.302 0.386 0.64 3.141
45 261 5 56.022 309.407 37.01 1.164 0.738 0.977 3.039
45 268 3 47.879 364.404 37.182 0.557 0.586 1.57 -3.128
45 269 3 47.832 333.788 37.492 0.563 0.607 1.485 0.014
46 230 1 77.79 282.22 37.526 4.068 2.983 1.634 -0.016
46 231 1 64.029 278.488 37.545 4.554 1.895 1.7 -3.099
46 238 1 73.859 307.323 37.373 4.37 1.919 1.609 -0.018
46 248 1 72.307 314.573 37.282 4.418 1.973 1.441 0.007
46 249 1 58.967 300.565 36.782 0.572 0.294 0.411 0.048
46 255 3 57.373 282.671 37.623 0.334 0.329 1.621 3.142
46 257 5 56.525 327.613 37.287 4.582 1.853 1.308 -3.14
46 258 1 52.167 319.654 37.071 0.232 0.258 0.532 -0.085
46 261 5 56.104 309.466 37.011 1.179 0.823 1.01 0.008
46 268 3 48.09 363.74 37.274 0.401 0.736 1.445 3.088
46 269 3 47.698 334.276 37.81 0.391 0.512 0.888 0.076
46 271 4 41.689 372.25 37.226 0.32 0.906 1.206 3.117
47 230 1 77.075 283.341 37.201 1.6 1.825 1.196 -0.082
47 231 1 64.021 278.617 37.208 4.37 2.049 1.311 3.142
47 238 1 73.854 307.395 37.384 4.136 1.933 1.74 -0.008
47 248 1 72.42 314.655 37.257 4.352 2.092 1.468 -0
47 249 1 59.056 300.384 36.749 0.247 0.147 0.222 0
47 255 3 57.432 282.588 37.309 0.539 0.525 1.275 0.428
47 257 5 57.039 325.155 37.336 4.486 1.779 1.488 3.142
47 258 1 52.137 319.692 37.154 0.176 0.268 0.319 3.142
47 261 5 56.151 309.471 37.008 1.214 0.823 0.878 3.142
47 268 3 48.239 363.245 37.215 0.894 0.651 1.573 3.142
47 269 3 47.724 334.743 37.598 0.592 0.502 1.693 -0.064
47 271 4 43.266 371.117 37.509 0.655 0.536 0.603 -2.448
48 230 1 77.171 282.965 37.523 2.062 1.781 1.405 -0.017
48 231 1 63.762 280.235 37.601 1.042 1.742 1.386 -3.076
48 238 1 73.95 307.343 37.439 4.104 1.78 1.703 -0.021
48 248 1 72.45 314.735 37.281 4.262 2.077 1.398 -0.015
48 249 1 59.067 300.476 36.889 0.372 0.308 0.334 -3.142
48 255 3 57.489 282.655 37.402 0.215 0.312 1.333 2.604
48 257 5 57.557 322.485 37.363 4.316 1.818 1.409 3.128
48 258 1 52.217 319.66 37.113 0.272 0.209 0.489 3.141
48 261 5 56.215 309.498 37.149 1.156 0.786 0.707 3.142
48 268 3 48.391 362.586 37.301 0.531 0.764 1.6 3.13
48 269 3 47.814 335.259 37.521 0.613 0.694 1.711 3.141
48 271 4 44.487 369.934 37.69 0.275 0.244 0.831 0.024
48 275 3 80.175 382.378 37.64 0.483 0.467 1.383 -1.506
49 230 1 76.97 282.964 37.637 2.283 1.209 1.202 0.003
49 238 1 73.897 307.284 37.403 4.033 1.439 1.448 -0.035
49 248 1 72.519 314.742 37.244 4.233 2.092 1.389 -0.014
49 249 1 59.132 300.543 36.801 0.448 0.269 0.433 0
49 255 3 57.568 282.692 37.343 0.298 0.463 1.072 0.065
49 257 5 58.152 319.628 37.284 4.279 1.845 1.401 3.139
49 258 1 52.235 319.712 37.089 0.168 0.183 0.519 3.142
49 268 3 48.588 362.07 37.289 0.685 0.92 1.642 3.111
49 269 3 47.613 335.749 37.532 0.832 0.696 1.603 -0.079
49 271 4 46.002 368.393 37.271 1.389 0.587 1.593 -2.776
49 275 3 80.47 382.308 37.65 0.55 0.495 1.498 1.61
49 281 5 47.685 360.004 36.751 0.321 0.223 0.586 3.103
49 283 1 47.732 359.673 36.692 0.144 0.132 0.395 3.102
50 238 1 74.018 307.315 37.165 3.997 1.407 1.31 -0.025
50 248 1 72.626 314.824 37.23 4.066 2.001 1.458 -0.029
50 257 5 58.817 316.714 37.251 4.268 1.929 1.436 3.133
50 268 3 48.844 361.332 37.317 0.435 0.841 1.663 3.048
50 269 3 47.745 336.193 37.56 0.456 0.589 1.653 0.002
50 271 4 46.898 366.84 37.248 1.339 0.616 1.655 -2.965
50 275 3 80.761 382.395 37.618 0.626 0.532 1.436 1.571
50 281 5 47.705 360.063 36.803 0.38 0.209 0.405 -3.121
50 283 1 47.742 359.716 36.833 0.211 0.287 0.382 -3.121
50 286 1 32.136 381.115 36.988 3.732 1.317 1.195 -1.584
50 290 3 63.91 367.205 36.774 0.171 0.226 0.422 0.213
50 291 5 33.951 375.232 36.909 0.548 1.237 0.287 -1.523
51 238 1 73.833 307.931 37.352 2.332 1.303 0.842 0.01
51 248 1 72.638 314.792 37.23 4.053 1.891 1.417 0.041
51 257 5 59.484 313.96 37.096 3.97 1.725 1.058 -3.063
51 268 3 49.081 360.753 37.366 0.518 0.846 1.711 3.019
51 269 3 47.658 336.584 37.541 0.434 0.673 1.611 -0.221
51 271 4 47.793 364.991 37.321 1.246 0.67 1.676 -3.107
51 275 3 81.033 382.476 37.671 0.43 0.582 1.328 1.571
51 281 5 47.726 360.123 36.776 0.384 0.353 0.576 3.142
51 283 1 47.788 359.764 36.802 0.338 0.339 0.602 3.142
51 286 1 39.076 382.602 37.15 4.445 1.66 1.236 -1.581
51 290 3 63.925 367.247 36.801 0.365 0.143 0.33 3.142
51 291 5 32.835 375.144 37.002 2.514 1.248 1.305 -1.762
52 248 1 72.71 314.889 37.207 3.859 1.89 1.055 -0
52 257 5 59.752 312.463 37.045 1.437 1.704 0.924 -3.101
52 268 3 49.303 360.132 37.401 0.622 0.827 1.726 -2.624
52 269 3 47.603 337.055 37.59 0.738 0.48 1.474 0.02
52 271 4 48.513 363.515 37.346 1.765 0.642 1.645 -2.836
52 275 3 81.264 382.458 37.61 0.501 0.494 1.36 -1.956
52 281 5 47.726 360.179 36.807 0.428 0.355 0.618 1.645
52 283 1 47.821 359.806 36.841 0.385 0.34 0.607 1.645
52 286 1 46.295 383.998 37.258 4.42 1.625 1.36 -1.568
52 290 3 63.99 367.276 36.829 0.277 0.225 0.347 -3.033
52 291 5 32.176 375.273 37.25 4.188 1.437 1.478 -1.806
52 299 1 65.056 374.307 36.685 0.227 0.154 0.327 0
53 248 1 72.646 314.661 36.982 3.905 1.732 0.921 0.039
53 257 5 60.187 310.433 37.259 0.208 0.442 0.61 -3.095
53 268 3 49.491 359.559 37.404 0.907 0.898 1.652 -3.088
53 269 3 47.497 337.589 37.719 0.395 0.236 1.257 1.63
53 271 4 49.285 361.811 37.356 1.801 0.841 1.754 -2.737
53 275 3 81.483 382.45 37.652 0.303 0.265 1.346 -1.571
53 281 5 47.843 360.192 36.808 0.327 0.442 0.574 -3.142
53 283 1 47.921 359.827 36.825 0.285 0.395 0.538 -3.142
53 286 1 53.266 385.391 37.316 4.53 1.744 1.404 -1.548
53 290 3 63.96 367.254 36.793 0.153 0.239 0.308 0.026
53 291 5 32.159 375.41 37.252 4.222 1.774 1.743 -1.797
53 299 1 65.064 374.317 36.749 0.16 0.15 0.326 -0.158
53 307 5 65.581 375.674 36.744 0.078 0.138 0.302 -0.161
54 248 1 72.598 315.873 37.103 1.809 1.93 0.905 0.004
54 257 5 60.737 307.582 37.016 1.21 1.347 0.704 -3.133
54 268 3 49.767 359.063 37.397 0.809 0.64 1.693 2.574
54 269 3 47.468 338.03 37.865 0.317 0.323 0.847 -3.083
54 271 4 50.168 360.166 37.377 1.727 0.603 1.662 -2.699
54 275 3 81.734 382.617 37.695 0.446 0.544 1.651 -1.571
54 281 5 47.868 360.22 36.831 0.282 0.361 0.622 0.074
54 283 1 47.933 359.839 36.83 0.285 0.384 0.646 -0.012
54 286 1 60.351 386.829 37.29 4.452 1.626 1.353 -1.486
54 290 3 63.979 367.326 36.839 0.239 0.256 0.476 3.142
54 291 5 32.234 375.432 37.241 4.303 1.887 1.599 -1.774
54 299 1 65.06 374.323 36.806 0.193 0.173 0.404 2.924
54 307 5 65.587 375.69 36.783 0.208 0.157 0.369 2.713
55 248 1 72.551 315.88 37.163 1.777 1.598 0.932 0.071
55 268 3 49.925 358.505 37.405 0.844 0.776 1.615 -2.753
55 271 4 51.054 358.503 37.439 1.778 0.733 1.627 -2.642
55 275 3 82.021 382.759 37.606 0.553 0.558 1.559 -1.06
55 281 5 47.885 360.262 36.838 0.292 0.289 0.589 -3.062
55 283 1 47.907 359.933 36.825 0.3 0.308 0.579 3.119
55 286 1 67.269 388.371 37.324 4.064 1.736 1.327 -1.396
55 290 3 64.004 367.352 36.951 0.265 0.361 0.569 0.188
55 291 5 32.304 375.506 37.299 4.19 1.919 1.714 -1.697
55 299 1 65.123 374.363 36.85 0.203 0.203 0.346 -0.07
55 307 5 65.609 375.712 36.8 0.194 0.225 0.388 -0.07
55 318 5 67.339 378.523 36.752 0.158 0.224 0.373 -0.07
56 248 1 72.547 316.461 37.006 0.483 1.528 0.712 0.284
56 268 3 50.133 357.862 37.377 1.006 0.768 1.682 -3.012
56 271 4 51.629 356.765 37.392 1.82 0.608 1.663 -3.011
56 275 3 82.308 382.85 37.685 0.568 0.563 1.544 -1.311
56 281 5 47.858 360.235 36.837 0.364 0.33 0.592 0.257
56 283 1 47.914 359.891 36.828 0.305 0.343 0.555 0.257
56 286 1 74.351 389.946 37.366 4.019 1.713 1.366 -1.289
56 290 3 64.074 367.369 36.831 0.27 0.304 0.512 -2.925
56 291 5 32.362 375.507 37.271 4.319 1.953 1.589 -1.573
56 299 1 65.088 374.366 36.843 0.215 0.277 0.425 2.86
56 307 5 65.59 375.725 36.758 0.283 0.237 0.406 2.687
56 318 5 67.328 378.555 36.804 0.171 0.232 0.387 -2.927
57 248 1 72.829 316.01 36.889 1.873 2.219 1.231 0.417
57 268 3 50.265 357.299 37.362 0.845 0.779 1.614 -2.726
57 271 4 51.873 354.879 37.393 1.742 0.562 1.517 -2.726
57 275 3 82.58 382.761 37.686 0.622 0.536 1.648 -1.111
57 286 1 81.413 391.551 37.359 3.961 1.981 1.39 -1.129
57 290 3 64.083 367.434 36.831 0.284 0.344 0.43 -3.087
57 291 5 32.335 375.487 37.292 4.193 1.943 1.676 -1.405
57 299 1 65.093 374.402 36.806 0.24 0.289 0.456 -3.087
57 307 5 65.599 375.744 36.798 0.238 0.267 0.442 -3.087
57 318 5 67.337 378.544 36.791 0.209 0.189 0.338 -3.087
58 268 3 50.516 356.74 37.398 0.738 0.748 1.593 -2.587
58 271 4 52.036 353.085 37.368 1.622 0.547 1.597 -2.538
58 275 3 82.828 382.856 37.623 0.544 0.479 1.74 -0.872
58 286 1 88.541 393.016 37.229 4.059 1.688 1.055 -0.958
58 290 3 64.142 367.44 36.755 0.168 0.244 0.36 2.256
58 291 5 32.372 375.545 37.362 4.217 1.779 1.755 -1.227
58 299 1 65.188 374.394 36.816 0.233 0.231 0.465 2.175
58 307 5 65.7 375.772 36.791 0.167 0.201 0.477 2.175
58 318 5 67.404 378.583 36.813 0.347 0.232 0.39 2.175
58 330 5 47.977 359.92 36.778 0.352 0.309 0.584 0.552
58 331 5 40.09 368.397 36.826 0.246 0.185 0.516 3.131
59 268 3 50.622 356.093 37.356 0.691 0.71 1.631 -2.432
59 271 4 52.151 351.099 37.349 1.577 0.535 1.595 -2.423
59 275 3 83.057 382.995 37.744 0.496 0.506 1.639 -0.398
59 286 1 95.53 394.39 37.28 3.767 1.665 0.996 -0.81
59 290 3 64.206 367.41 36.843 0.199 0.173 0.354 0.254
59 291 5 32.472 375.486 37.238 4.177 1.723 1.669 -1.072
59 299 1 65.192 374.414 36.839 0.184 0.252 0.504 -2.878
59 307 5 65.686 375.786 36.796 0.169 0.203 0.438 -2.874
59 318 5 67.441 378.596 36.84 0.142 0.21 0.376 0.232
59 330 5 48.048 359.911 36.806 0.237 0.205 0.41 3.142
59 331 5 40.141 368.388 36.858 0.223 0.267 0.583 1.305
59 340 2 0 375.026 37.786 5.41 2.144 2.536 -0.807
60 268 3 50.807 355.419 37.337 0.492 0.708 1.631 -2.217
60 271 4 52.221 349.203 37.353 1.93 0.485 1.495 -2.217
60 275 3 83.362 383.27 37.583 0.579 0.322 1.579 -0.502
60 286 1 102.768 395.813 37.384 3.994 1.699 1.566 -0.652
60 290 3 64.209 367.455 36.775 0.213 0.143 0.391 -2.54
60 291 5 32.46 375.473 37.229 4.094 1.788 1.657 -0.845
60 299 1 65.215 374.474 36.829 0.28 0.249 0.459 -2.716
60 307 5 65.785 375.801 36.799 0.181 0.203 0.472 0.515
60 318 5 67.48 378.559 36.823 0.233 0.223 0.402 0.515
60 330 5 48.019 359.867 36.72 0.306 0.246 0.393 0.9
60 331 5 40.157 368.405 36.782 0.262 0.326 0.532 1.471
60 340 2 6.4 376.226 38.022 3.451 2.26 2.447 -0.635
61 268 3 50.903 354.628 37.308 0.516 0.733 1.667 -2.704
61 271 4 52.285 347.137 37.307 1.627 0.504 1.524 -2.026
61 275 3 83.488 382.985 37.641 0.833 0.55 1.585 -0.435
61 286 1 108.445 396.924 37.307 1.052 1.636 0.67 -0.452
61 290 3 64.235 367.373 36.79 0.165 0.189 0.443 -0.446
61 291 5 32.428 375.439 37.259 4.212 1.812 1.61 -0.688
61 299 1 65.296 374.43 36.794 0.139 0.17 0.428 -0.446
61 307 5 65.766 375.818 36.756 0.153 0.153 0.417 -0.446
61 318 5 67.503 378.581 36.828 0.125 0.155 0.335 -0.446
61 330 5 48.07 359.811 36.668 0.248 0.278 0.405 -3.142
61 331 5 40.169 368.34 36.855 0.349 0.24 0.395 3.142
61 340 2 9.363 376.816 37.808 7.912 2.355 2.746 -0.413
61 341 1 97.714 389.651 37.564 2.397 0.713 1.449 -0.374
62 268 3 51.057 353.916 37.331 0.382 0.653 1.635 -1.864
62 271 4 52.494 345.311 37.324 1.565 0.523 1.471 -1.864
62 275 3 83.763 382.966 37.654 0.627 0.551 1.605 -0.265
62 286 1 115.279 398.264 37.425 0.51 1.564 0.598 -0.282
62 291 5 32.498 375.467 37.276 4.106 1.669 1.594 -0.523
62 299 1 65.32 374.406 36.801 0.164 0.101 0.397 3.142
62 307 5 65.835 375.775 36.713 0.232 0.236 0.327 3.142
62 318 5 67.548 378.581 36.846 0.146 0.14 0.417 3.142
62 330 5 48.062 359.793 36.733 0.185 0.203 0.428 3.142
62 331 5 40.236 368.355 36.824 0.163 0.064 0.58 -3.141
62 340 2 14.071 377.761 37.928 7.878 2.322 2.601 -0.297
62 341 1 98.135 389.816 37.506 4.005 0.65 1.591 -0.269
63 268 3 51.222 353.282 37.292 0.451 0.715 1.509 -1.759
63 271 4 52.784 343.31 37.302 1.539 0.394 1.258 -1.736
63 275 3 84.019 383.008 37.745 0.719 0.548 1.661 -0.098
63 286 1 122.247 399.664 37.365 0.312 1.589 0.593 -0.113
63 291 5 32.498 375.487 37.233 3.981 1.579 1.299 -0.43
63 299 1 65.343 374.332 36.777 0.164 0.161 0.385 3.142
63 307 5 65.851 375.697 36.821 0.143 0.074 0.339 3.142
63 318 5 67.579 378.572 36.807 0.301 0.216 0.312 3.142
63 340 2 18.401 378.336 38.102 8.08 2.344 3.003 -0.094
63 341 1 98.101 389.542 37.584 3.866 1.135 1.664 -0.155
64 268 3 51.55 352.777 37.326 0.614 0.645 1.367 1.469
64 275 3 84.291 383.017 37.738 0.562 0.561 1.645 1.347
64 286 1 129.176 401.145 37.541 0.382 1.501 0.663 -0.073
64 291 5 32.512 375.371 37.259 4.263 1.674 1.634 -0.34
64 299 1 65.37 374.27 36.769 0.192 0.116 0.35 -2.771
64 307 5 65.91 375.663 36.77 0.121 0.115 0.387 -2.771
64 318 5 67.621 378.484 36.777 0.121 0.154 0.34 -2.771
64 340 2 22.145 379.414 37.932 8.119 2.351 2.956 -0.134
64 341 1 98.183 389.284 37.584 4.191 1.607 1.728 -0.069
65 268 3 51.581 352.09 37.33 0.622 0.512 1.486 -1.635
65 275 3 84.528 382.939 37.76 0.628 0.581 1.663 0.039
65 286 1 136.181 402.438 37.399 0.216 1.262 0.33 -0.038
65 291 5 32.463 375.404 37.289 4.204 1.633 1.523 -0.337
65 307 5 65.897 375.598 36.739 0.129 0.196 0.427 -1.789
65 318 5 67.659 378.485 36.778 0.115 0.038 0.305 3.142
65 340 2 25.687 379.872 38.028 8.038 2.379 2.675 -0.092
65 341 1 98.233 389.087 37.625 4.196 1.886 1.751 -0.026
66 275 3 84.834 382.933 37.761 0.644 0.469 1.712 -0.134
66 291 5 32.58 375.364 37.24 4.126 1.513 1.182 -0.244
66 307 5 65.957 375.572 36.787 0.2 0.161 0.332 3.142
66 340 2 29.2 380.027 37.979 7.181 2.456 2.394 -0.045
66 341 1 98.267 389.044 37.622 4.212 1.955 1.736 -0.014
66 346 5 102.738 413.656 37.324 3.858 0.45 0.241 0.03
67 275 3 85.076 382.989 37.743 0.68 0.367 1.685 -0.045
67 340 2 32.004 380.328 37.952 7.234 2.476 2.551 -0.171
67 341 1 98.27 389.069 37.625 4.267 1.865 1.796 0.009
67 346 5 93.474 412.131 37.364 4.821 1.438 0.753 3.091
68 275 3 85.407 382.963 37.748 0.554 0.596 1.613 -0.008
68 340 2 34.949 380.117 38.043 6.998 2.336 2.775 -0.251
68 341 1 98.296 389.021 37.638 4.277 1.957 1.848 -0.005
68 346 5 83.943 409.733 37.655 3.983 0.659 1.219 -3.113
69 275 3 85.651 383.009 38.168 0.464 0.351 0.849 0.008
69 340 2 36.978 379.747 37.937 7.838 2.385 2.769 -0.331
69 341 1 98.539 389.093 37.658 4.481 1.836 1.782 0.006
69 346 5 74.666 408.028 37.563 4.429 0.875 1.036 3.124
69 349 4 152.734 401.781 37.595 2.109 0.82 1.46 -0.559
70 275 3 85.958 382.779 38.112 0.324 0.489 0.935 -0.003
70 341 1 98.669 389.067 37.622 4.589 1.839 1.795 -0.01
70 346 5 66.437 406.354 37.68 1.309 0.485 0.335 3.142
70 349 4 150.739 401.865 37.52 2.197 1.012 1.543 -0.286
71 275 3 86.205 382.908 37.933 0.375 0.415 1.282 -3.077
71 341 1 98.939 389.014 37.648 4.297 1.896 1.813 -0.005
71 349 4 148.088 401.544 37.505 1.885 1.106 1.361 -0.007
72 275 3 86.341 382.903 38.323 0.186 0.283 0.413 -0.011
72 341 1 98.919 389 37.631 4.414 1.936 1.748 -0.039
72 349 4 146.195 401.225 37.545 2.391 1.028 1.375 3.071
72 350 5 162.598 403.615 37.604 0.383 0.268 1.275 0.053
73 341 1 98.983 388.941 37.191 4.306 1.875 0.933 0
73 349 4 143.779 400.645 37.587 2.442 1.101 1.424 3.128
73 350 5 164.281 403.491 37.595 0.753 0.579 1.442 -3.114
74 341 1 98.94 388.945 37.338 4.277 1.808 1.203 0.002
74 349 4 141.486 400.117 37.641 2.871 0.97 1.525 -3.111
74 350 5 166.135 403.648 37.564 0.68 0.587 1.02 0.032
75 341 1 98.963 388.922 37.23 3.895 1.804 0.96 0.017
75 349 4 139.058 399.586 37.681 2.928 0.971 1.477 -3.089
75 350 5 167.782 403.695 37.701 0.986 0.7 1.36 0.055
76 341 1 100.652 389.206 37.316 0.88 1.766 0.686 0.056
76 349 4 136.948 399.081 37.676 2.726 1.059 1.501 -3.096
76 350 5 169.288 403.828 37.558 0.939 0.576 1.32 0.009
77 341 1 100.546 389.353 37.268 0.515 1.273 0.601 0.078
77 349 4 134.72 398.488 37.606 2.428 1.099 1.494 -3.126
77 350 5 171.326 404.161 37.524 1.415 0.472 1.452 0.021
78 341 1 100.772 389.104 37.143 0.094 0.433 0.273 0.041
78 349 4 132.321 397.883 37.6 2.264 1.138 1.467 -3.096
78 350 5 172.673 404.412 37.588 1.196 0.534 1.556 0.006
79 349 4 129.807 397.415 37.542 2.172 1.09 1.257 3.04
79 350 5 174.58 404.76 37.589 1.697 0.573 1.533 0.114
80 349 4 127.061 396.682 37.488 2.531 1.02 1.354 -3.14
80 350 5 176.264 405.113 37.605 1.666 0.568 1.652 0.028
81 349 4 125.045 396.129 37.263 1.277 0.804 0.802 3.132
81 350 5 177.924 405.458 37.608 1.708 0.542 1.561 0.04
81 353 4 195.353 438.998 37.701 1.328 0.479 0.932 -3.121
81 354 4 215.471 443.233 37.234 2.041 0.785 1.36 -3.117
81 355 4 201.227 441.209 37.476 0.998 0.474 1.083 0.02
82 349 4 122.407 395.487 37.585 1.95 1.012 1.149 -3.078
82 350 5 179.697 405.625 37.654 1.794 0.907 1.596 0.052
82 353 4 192.923 438.647 37.506 1.954 0.758 1.513 3.027
82 354 4 214.157 442.827 37.375 2.092 1.001 1.66 -3.131
82 355 4 202.456 441.492 37.536 0.962 0.411 1.317 0.01
83 350 5 181.021 405.905 37.639 1.908 0.752 1.616 0.034
83 353 4 190.322 438.286 37.505 2.042 0.714 1.459 -3.118
83 354 4 212.263 442.267 37.434 2.592 1.079 1.367 -3.118
83 355 4 203.505 441.752 37.529 0.535 0.362 1.135 0.039
84 350 5 182.824 406.093 37.62 1.667 0.619 1.603 -0.056
84 353 4 187.727 437.698 37.581 1.715 0.639 1.518 -3.112
84 354 4 210.542 441.771 37.409 2.619 0.988 1.459 -3.122
84 355 4 205.168 442.05 37.465 1.289 0.316 1.563 0.027
85 350 5 184.666 406.328 37.594 1.465 0.635 1.621 0.022
85 353 4 185.252 437.325 37.584 1.605 0.772 1.587 3.037
85 354 4 209.019 441.296 37.491 2.382 1.042 1.258 -3.048
85 355 4 206.466 442.311 37.489 1.523 0.566 1.3 0.054
86 350 5 186.409 406.534 37.605 1.467 0.717 1.66 -0.008
86 353 4 182.582 436.746 37.549 1.953 0.725 1.622 -3.105
86 354 4 207.011 441.164 38.099 0.079 0.163 0.183 1.629
86 355 4 207.702 442.563 38.051 0.23 0.298 0.198 1.571
86 358 5 234.747 440.067 38.295 1.769 0.805 0.388 3.125
87 350 5 188.133 406.855 37.573 1.19 0.63 1.462 0.058
87 353 4 180.113 436.191 37.658 1.918 0.652 1.457 -3.118
87 358 5 228.145 438.849 38.062 2.516 1.438 0.885 -3.03
88 350 5 189.779 407.2 37.564 1.024 0.494 1.319 -0.013
88 353 4 177.663 435.427 38.055 0.392 0.438 0.309 -3.134
88 358 5 223.148 437.012 38.002 3.699 0.432 0.959 -3.093
89 350 5 191.426 407.569 37.548 1.013 0.675 1.507 -0.007
89 358 5 218.021 436.391 37.982 3.158 1.512 0.903 3.113
90 350 5 192.96 407.892 37.519 0.899 0.564 1.418 -0.009
90 358 5 212.434 434.96 38.132 3.212 1.6 0.732 -3.138
91 350 5 194.811 408.16 37.55 1.115 0.568 1.352 -0.021
91 364 1 258.232 444.932 37.485 4.103 0.91 0.575 3.141
92 350 5 196.364 408.486 37.478 0.774 0.351 1.148 -0.05
92 364 1 253.355 443.935 37.572 4.544 1.041 0.943 -3.119
93 364 1 248.493 442.482 37.412 3.803 0.242 0.714 -3.133
94 364 1 244.317 442.201 37.505 1.48 1.341 0.71 -3.096
95 368 5 292.746 456.81 37.146 0.095 0.78 0.216 -0.001
95 369 1 329.467 408.163 37.75 2.568 1.428 0.792 -1.559
96 368 5 288.833 455.704 37.427 4.043 1.564 1.16 -3.081
96 369 1 328.794 413.237 37.841 2.704 1.603 0.86 1.506
97 368 5 283.421 454.283 37.4 4.444 0.96 1.14 -3.111
97 369 1 328.192 418.055 37.664 3.505 1.66 1.339 1.486
97 376 5 310.752 429.408 37.043 0.22 0.322 0.348 2.312
98 368 5 278.041 453.351 37.375 4.222 1.578 0.943 -3.077
98 369 1 327.974 421.778 37.514 3.858 1.789 1.465 1.435
98 376 5 310.753 429.385 37.026 0.183 0.141 0.452 2.265
98 382 5 321.332 417.917 37.397 1.458 0.252 1.297 -1.522
98 383 5 299.543 456.93 37.324 0.308 0.087 0.237 0.053
99 368 5 272.233 451.179 37.183 1.873 0.162 0.492 -3.083
99 369 1 328.141 425.38 37.501 3.942 1.716 1.491 1.351
99 376 5 310.739 429.368 37.064 0.216 0.159 0.436 0.079
99 382 5 321.311 417.913 37.466 1.514 0.248 1.143 1.75
99 383 5 294.004 455.807 37.445 3.938 0.45 1.134 -3.075
99 388 1 313.564 427.691 37.001 0.293 0.179 0.494 0.079
99 389 5 334.777 462.276 37.308 0.297 0.682 0.345 -3.122
99 392 1 332.819 390.685 37.759 2.037 1.103 0.994 1.54
99 393 5 313.147 456.46 37.416 0.624 0.775 0.038 3.129
100 369 1 328.677 428.578 37.539 4.141 1.674 1.604 1.221
100 376 5 310.745 429.361 37.089 0.295 0.224 0.454 2.493
100 382 5 321.272 418.065 37.219 1.321 0.22 0.736 -1.378
100 383 5 289.468 454.94 37.421 3.248 1.059 1.113 -3.021
100 388 1 313.601 427.705 37.021 0.27 0.216 0.464 -0.743
100 389 5 330.006 461.367 37.477 4.37 1.498 0.547 -3.086
100 392 1 332.514 393.745 37.971 2.377 1.361 1.997 1.552
100 393 5 308.118 455.316 37.462 3.833 1.203 0.54 -3.107
101 369 1 329.917 431.537 37.546 3.894 1.731 1.673 1.133
101 376 5 310.748 429.345 37.101 0.253 0.21 0.449 -0.342
101 382 5 321.285 417.896 37.367 1.641 0.268 0.772 -1.426
101 383 5 284.728 454.02 37.408 1.328 1.06 0.704 -2.98
101 388 1 313.574 427.659 37.075 0.132 0.114 0.333 -0.342
101 389 5 323.403 459.793 37.683 3.748 1.382 0.817 -3.038
101 392 1 331.952 396.775 38.041 1.805 1.212 1.766 1.598
101 393 5 301.981 453.837 37.606 4.701 1.162 0.77 -2.962
101 402 5 305.471 458.343 37.307 0.963 0.271 0.464 -2.98
102 369 1 331.619 434.613 37.542 3.827 1.85 1.634 1.021
102 376 5 310.774 429.36 37.072 0.229 0.181 0.465 2.751
102 382 5 321.261 417.829 37.436 1.667 0.26 1.208 -1.312
102 383 5 277.761 452.414 37.48 4.115 1.196 0.748 -2.838
102 388 1 313.565 427.693 37.016 0.126 0.144 0.491 0.97
102 389 5 317.238 458.412 37.718 4.707 1.601 1.033 -2.883
102 392 1 331.528 399.012 37.867 2.559 1.171 1.834 1.752
102 393 5 295.95 452.482 37.657 3.922 1.213 0.88 -2.885
102 402 5 298.656 457.059 37.434 4.459 0.828 0.791 -2.881
103 369 1 334.167 437.586 37.537 3.691 1.84 1.569 1.003
103 376 5 310.802 429.325 37.124 0.152 0.194 0.512 -2.836
103 382 5 321.261 417.86 37.448 1.735 0.279 1.266 -1.173
103 383 5 274.094 451.422 37.4 0.25 0.685 0.304 0.461
103 388 1 313.586 427.686 37.055 0.143 0.129 0.589 -1.875
103 389 5 310.709 456.758 37.708 4.569 0.906 1.144 -2.718
103 392 1 331.129 401.726 37.877 2.316 1.253 1.844 1.923
103 393 5 290.524 451.234 37.643 1.333 0.987 0.756 -2.654
103 402 5 292.865 455.454 37.289 4.202 0.494 0.741 -2.648
103 410 1 333.847 432.761 36.991 0.15 0.121 0.388 -1.517
104 369 1 337.412 440.29 37.608 3.845 1.81 1.586 1.005
104 376 5 310.806 429.283 37.255 0.241 0.531 0.356 -0.194
104 382 5 321.285 417.849 37.487 1.717 0.196 1.206 2.199
104 388 1 313.601 427.636 37.082 0.235 0.283 0.551 -0.194
104 389 5 304.243 455.037 37.829 4.677 0.498 1.386 -2.576
104 392 1 330.693 404.173 37.906 2.275 1.304 1.751 2.066
104 402 5 287.212 454.417 37.421 4.141 0.806 0.557 -2.525
104 410 1 333.829 432.777 37.081 0.314 0.332 0.487 -1.738
105 369 1 341.105 442.342 37.614 3.069 1.784 1.446 0.882
105 376 5 310.878 429.254 37.112 0.187 0.145 0.489 0.709
105 382 5 321.282 417.815 37.481 1.712 0.196 1.247 -0.748
105 388 1 313.652 427.637 37.192 0.242 0.225 0.302 2.283
105 389 5 297.69 453.985 37.602 4.657 1.484 0.895 -2.384
105 392 1 330.291 406.368 37.882 2.375 1.266 1.814 2.289
105 402 5 281.592 453.522 37.426 4.159 1.679 0.642 -2.33
105 410 1 333.812 432.723 37.111 0.253 0.215 0.342 -1.298
106 369 1 345.805 444.496 37.574 3.52 1.83 1.453 1.127
106 376 5 310.857 429.197 37.11 0.137 0.159 0.476 -2.567
106 382 5 321.286 417.798 37.507 1.698 0.205 1.231 2.547
106 388 1 313.686 427.567 37.178 0.185 0.151 0.377 -2.567
106 389 5 291.125 451.902 37.705 4.593 0.601 0.799 -2.159
106 392 1 329.901 408.489 37.905 2.4 1.269 1.878 2.478
106 410 1 333.793 432.65 37.174 0.207 0.194 0.396 -1.998
106 421 5 333.595 399.452 37.366 1.699 0.188 0.872 -0.635
107 369 1 350.574 446.101 37.599 3.136 1.689 1.345 1.216
107 376 5 310.887 429.167 37.122 0.245 0.328 0.531 2.582
107 382 5 321.299 417.804 37.513 1.779 0.303 1.237 2.702
107 388 1 313.705 427.536 37.065 0.251 0.244 0.558 2.714
107 389 5 285.16 450.916 37.436 2.815 1.367 0.304 1.133
107 392 1 329.517 410.328 37.899 2.591 1.354 1.875 2.643
107 410 1 333.829 432.668 37.111 0.242 0.353 0.522 3.012
107 421 5 333.659 399.523 37.482 0.28 1.623 1.015 -2.039
107 423 5 335.536 386.566 37.359 0.254 0.34 0.556 -2.095
108 369 1 355.886 447.529 37.58 3.216 1.567 1.533 1.298
108 376 5 310.837 429.133 37.086 0.213 0.166 0.566 0.062
108 382 5 321.314 417.722 37.516 1.842 0.542 1.261 -0.239
108 388 1 313.677 427.454 37.074 0.261 0.278 0.49 0.135
108 389 5 277.848 449.383 37.632 3.951 1.704 0.543 -1.811
108 392 1 329.178 412.204 37.953 2.476 1.374 1.957 2.833
108 410 1 333.821 432.643 37.122 0.211 0.263 0.551 0.152
108 421 5 333.602 399.462 37.555 1.6 0.354 0.997 2.803
108 423 5 335.546 386.565 37.359 0.285 0.215 0.497 2.821
108 429 1 332.922 403.136 37.198 0.375 0.362 0.441 2.803
109 376 5 310.801 429.112 37.089 0.219 0.137 0.395 0.59
109 388 1 313.669 427.468 37.056 0.148 0.143 0.405 -2.262
109 389 5 270.809 447.317 37.561 4.55 1.126 0.563 -1.653
109 392 1 328.855 413.899 37.919 2.361 1.354 1.966 2.975
109 410 1 333.801 432.609 37.111 0.152 0.147 0.341 2.228
109 421 5 333.568 399.47 37.493 1.525 0.144 0.989 -0.191
109 423 5 335.558 386.582 37.39 0.175 0.186 0.455 -0.185
109 429 1 332.882 403.112 37.275 0.28 0.277 0.506 -0.159
109 432 5 327.439 382.797 37.332 0.14 0.223 0.468 -0.089
109 433 5 334.605 392.867 37.294 0.116 0.143 0.363 0.345
109 434 5 335.023 389.885 37.302 0.11 0.176 0.403 -0.173
109 437 5 326.326 389.961 37.291 0.191 0.325 0.426 0.004
109 438 5 332.411 406.19 37.303 0.379 0.277 0.604 -0.159
110 376 5 310.798 429.079 37.071 0.189 0.126 0.506 -2.415
110 382 5 321.186 417.701 37.526 1.655 0.416 1.28 0.038
110 388 1 313.633 427.456 37.031 0.267 0.236 0.506 -2.415
110 392 1 328.608 415.363 37.918 2.464 1.524 2.045 3.094
110 421 5 333.516 399.469 37.542 1.61 0.198 1.036 -0.077
110 423 5 335.5 386.554 37.395 0.366 0.398 0.728 -0.077
110 429 1 332.862 403.138 37.319 0.319 0.373 0.601 -0.077
110 432 5 327.392 382.804 37.358 0.334 0.287 0.451 0.072
110 433 5 334.589 392.816 37.341 0.279 0.278 0.353 -0.077
110 434 5 335.008 389.869 37.422 0.184 0.179 0.534 -0.077
110 437 5 326.325 390 37.434 0.316 0.301 0.647 -0
110 438 5 332.411 406.179 37.342 0.37 0.325 0.564 -0.077
110 439 5 331.577 410.244 37.266 0.367 0.367 0.649 -0.077
110 440 1 340.072 361.036 37.753 1.328 1.814 0.727 3.079
111 376 5 310.759 429.087 37.05 0.256 0.211 0.468 0.699
111 382 5 321.245 417.626 37.521 1.825 0.221 1.272 -3.074
111 388 1 313.547 427.451 37.061 0.282 0.214 0.399 0.52
111 392 1 328.284 416.794 37.929 2.549 1.353 1.955 -3.136
111 421 5 333.512 399.428 37.57 1.649 0.262 1.043 3.13
111 423 5 335.493 386.511 37.463 0.328 0.317 0.499 3.05
111 429 1 332.858 403.099 37.358 0.539 0.476 0.65 -3.094
111 432 5 327.385 382.81 37.426 0.288 0.324 0.569 3.03
111 433 5 334.593 392.749 37.37 0.398 0.391 0.6 -3.116
111 434 5 334.99 389.89 37.367 0.117 0.302 0.505 3.077
111 437 5 326.269 389.926 37.392 0.309 0.433 0.614 3.116
111 438 5 332.38 406.122 37.357 0.45 0.378 0.726 -3.132
111 439 5 331.584 410.179 37.297 0.402 0.373 0.666 3.117
111 440 1 340.333 360.766 37.88 0.728 1.59 0.399 3.113
111 444 5 329.354 371.171 37.467 0.253 0.362 0.365 3.105
112 382 5 321.219 417.638 37.527 1.695 0.278 1.273 0.001
112 392 1 328.046 418.055 37.914 2.373 1.319 1.962 -3.14
112 421 5 333.496 399.416 37.586 1.708 0.199 1.027 -0.004
112 423 5 335.455 386.536 37.48 0.39 0.302 0.567 -0.022
112 429 1 332.756 403.107 37.363 0.24 0.366 0.655 -0.022
112 432 5 327.371 382.86 37.492 0.223 0.283 0.466 0.023
112 433 5 334.533 392.754 37.433 0.282 0.328 0.617 -0.022
112 434 5 334.908 389.882 37.396 0.186 0.224 0.508 -0.022
112 437 5 326.226 389.922 37.447 0.354 0.259 0.573 -0.003
112 438 5 332.318 406.102 37.356 0.268 0.449 0.695 -0.022
112 439 5 331.531 410.16 37.318 0.299 0.367 0.66 3.11
112 440 1 340.289 359.927 38.347 2.317 1.67 1.026 3.135
112 444 5 329.298 371.147 37.495 0.168 0.279 0.397 0.058
112 456 1 336.299 382.188 37.414 0.226 0.39 0.538 -0.022
113 382 5 321.178 417.605 37.534 1.645 0.238 1.208 0.056
113 392 1 327.695 419.329 37.851 2.224 1.434 1.927 -3.134
113 421 5 333.417 399.417 37.605 1.663 0.395 1.02 -3.097
113 423 5 335.429 386.458 37.504 0.393 0.436 0.707 -3.109
113 429 1 332.721 403.026 37.381 0.386 0.497 0.664 -3.1
113 432 5 327.33 382.773 37.528 0.335 0.206 0.526 0.078
113 433 5 334.49 392.769 37.425 0.354 0.315 0.623 -3.117
113 434 5 334.916 389.861 37.468 0.197 0.23 0.574 3.139
113 437 5 326.21 389.912 37.485 0.482 0.338 0.624 -0.025
113 438 5 332.373 406.137 37.37 0.442 0.544 0.702 3.091
113 439 5 331.537 410.088 37.348 0.401 0.378 0.549 3.115
113 440 1 340.262 360.011 38.06 1.84 1.812 1.096 3.096
113 444 5 329.281 371.128 37.546 0.34 0.325 0.452 0.022
113 456 1 336.234 382.185 37.54 0.218 0.208 0.429 3.135
114 382 5 321.189 417.517 37.51 1.394 0.241 1.211 0.026
114 392 1 327.454 420.613 37.882 2.153 1.376 1.981 -3.128
114 421 5 333.414 399.424 37.61 1.768 0.359 1 -3.077
114 423 5 335.383 386.487 37.552 0.358 0.324 0.705 -3.077
114 429 1 332.738 403.047 37.381 0.372 0.398 0.638 3.139
114 432 5 327.292 382.69 37.573 0.403 0.297 0.555 0.054
114 433 5 334.446 392.707 37.462 0.396 0.32 0.605 -3.077
114 434 5 334.888 389.79 37.48 0.371 0.258 0.602 -3.077
114 437 5 326.217 389.854 37.527 0.356 0.305 0.678 0.054
114 438 5 332.323 406.085 37.332 0.367 0.364 0.607 3.139
114 439 5 331.565 410.109 37.256 0.286 0.289 0.517 3.139
114 440 1 340.312 359.337 38.128 3.406 2.059 1.348 -3.134
114 444 5 329.273 371.193 37.648 0.283 0.313 0.613 -0.02
114 456 1 336.219 382.133 37.563 0.211 0.3 0.509 -3.077
115 392 1 327.105 421.918 37.822 2.231 1.364 1.814 0.068
115 421 5 333.376 399.407 37.589 1.663 0.38 1.027 -0.01
115 423 5 335.359 386.428 37.544 0.29 0.346 0.654 0
115 429 1 332.71 402.977 37.333 0.328 0.276 0.501 -0.04
115 432 5 327.333 382.739 37.567 0.314 0.39 0.712 3.074
115 433 5 334.384 392.665 37.472 0.256 0.339 0.639 -0.052
115 434 5 334.84 389.793 37.488 0.301 0.238 0.626 -0.062
115 438 5 332.299 406.014 37.374 0.317 0.264 0.542 -0.056
115 439 5 331.494 410.057 37.334 0.201 0.236 0.508 -0.09
115 440 1 340.437 359.129 38.085 3.946 1.889 1.585 -3.122
115 444 5 329.237 371.137 37.518 0.118 0.248 0.357 3.123
115 456 1 336.158 382.073 37.53 0.309 0.242 0.616 -0.036
