0 1 1 107.086 41.461 37.387 3.429 1.779 1.588 0.014
0 2 1 47.39 37.807 37.41 0.274 0.31 0.484 0.021
0 4 1 0 19.995 37.478 0.7 1.723 0.604 0.007
0 7 3 48.083 40.629 37.892 0.714 0.634 0.902 1.408
0 8 4 105.271 43.517 37.48 0.998 0.988 1.499 0.014
0 9 4 101.727 41.062 37.23 1.521 0.433 1.357 0.39
0 10 2 71.827 59.983 38.315 9.391 2.851 3.222 -3.11
0 13 1 58.362 40.29 37.312 0.294 0.372 0.601 -0.007
0 14 3 46.63 38.881 37.721 0.809 0.513 0.972 1.732
0 16 5 36.957 35.279 37.303 0.306 0.448 0.574 -0.027
0 19 1 32.68 34.173 37.308 0.291 0.263 0.571 -0.009
0 20 1 53.276 39.324 37.295 0.364 0.372 0.591 -0.015
1 1 1 107.097 41.379 37.543 3.483 1.698 1.321 0.008
1 2 1 47.486 37.743 37.298 0.354 0.281 0.597 0.051
1 4 1 5.546 21.309 37.709 1.859 1.637 1.041 0.019
1 7 3 48.19 40.574 37.9 0.623 0.712 0.834 -3.122
1 8 4 107.839 44.056 37.524 0.843 1.073 1.385 -0.047
1 9 4 102.735 41.593 37.219 1.488 0.416 1.489 0.224
1 10 2 66.638 58.754 38.382 12.071 3.012 3.186 -3.102
1 13 1 58.504 40.27 37.312 0.457 0.416 0.677 0.017
1 14 3 46.68 38.882 37.735 0.501 0.915 0.978 -3.122
1 16 5 36.999 35.208 37.31 0.24 0.351 0.618 0.038
1 19 1 32.67 34.071 37.256 0.208 0.27 0.456 0.038
1 20 1 53.388 39.28 37.327 0.36 0.456 0.652 0.043
2 1 1 107.41 41.405 37.53 4.15 1.763 1.676 0.025
2 2 1 47.537 37.694 37.335 0.359 0.258 0.577 0.015
2 4 1 11.675 22.597 37.717 2.253 2.097 1.357 -0
2 7 3 48.177 40.422 37.858 0.673 0.643 0.638 -3.122
2 8 4 110.225 44.464 37.554 0.338 1.033 0.935 -0.034
2 9 4 103.723 42.052 37.243 1.397 0.577 1.362 0.352
2 10 2 60.959 57.254 38.798 11.724 2.764 2.244 -3.092
2 13 1 58.501 40.177 37.312 0.531 0.536 0.691 0.015
2 14 3 46.671 38.79 37.714 0.456 0.92 0.957 -3.122
2 16 5 37.033 35.154 37.261 0.24 0.411 0.403 -0.037
2 19 1 32.646 33.998 37.274 0.3 0.305 0.287 -0.037
2 20 1 53.482 39.162 37.352 0.374 0.311 0.576 0.015
2 23 3 85.333 16.614 38.916 0.395 0.34 1.033 -3.103
2 24 3 114.773 43.377 37.382 0.55 0.409 1.042 -3.087
3 1 1 107.113 41.246 37.45 3.426 1.786 1.89 0.014
3 2 1 47.54 37.597 37.34 0.224 0.282 0.461 -0
3 4 1 17.903 24.044 37.731 2.255 2.107 1.36 0.025
3 7 3 48.57 40.498 38.396 0.604 0.443 1.197 -3.087
3 8 4 113.655 45.143 37.347 1.587 1.033 1.42 0
3 9 4 104.753 42.448 37.327 1.59 0.503 1.406 0.245
3 10 2 57.228 56.229 38.652 6.812 2.732 2.663 -3.107
3 13 1 58.608 40.124 37.321 0.283 0.397 0.667 0
3 14 3 46.76 38.594 37.806 0.481 0.393 0.646 1.204
3 16 5 37.035 35 37.257 0.128 0.209 0.482 -0.178
3 19 1 32.624 33.911 37.349 0.178 0.333 0.41 -3.074
3 20 1 53.494 39.122 37.322 0.17 0.192 0.453 -0
3 23 3 85.474 16.712 38.83 0.27 0.44 1.079 2.3
3 24 3 113.537 43.437 37.586 0.449 0.449 0.881 0.022
3 32 4 113.058 73.329 37.496 0.841 0.388 1.123 3.142
4 1 1 107.529 41.252 37.54 4.402 1.895 1.882 0.034
4 2 1 47.484 37.501 37.32 0.137 0.207 0.408 0.052
4 4 1 24.002 25.601 37.791 2.205 1.58 1.417 0.008
4 7 3 49.063 40.744 38.652 1.099 0.616 1.312 -3.134
4 8 4 116.908 45.707 37.473 2.538 1.034 1.568 0.008
4 9 4 105.929 42.824 37.358 1.623 0.627 1.406 0.034
4 10 2 52.173 54.889 39.207 4.746 2.554 1.592 -3.126
4 13 1 58.58 40.074 37.281 0.287 0.344 0.492 0.023
4 14 3 46.755 38.446 37.766 0.337 0.468 0.599 0.066
4 16 5 37.018 34.964 37.233 0.192 0.327 0.51 0.011
4 19 1 32.495 33.845 37.164 0.469 0.312 0.361 0.011
4 20 1 53.566 39.027 37.316 0.149 0.117 0.432 0.023
4 23 3 85.728 16.639 38.907 0.352 0.188 0.838 -0.549
4 24 3 112.065 43.428 37.382 1.135 0.541 1.323 -0.011
5 1 1 107.658 41.296 37.57 4.616 1.88 1.89 0.02
5 2 1 47.433 37.36 37.202 0.233 0.209 0.278 -0.023
5 4 1 30.578 27.056 37.71 1.945 1.935 0.759 0
5 8 4 119.762 46.176 37.448 2.606 1.052 1.419 0.02
5 9 4 107.212 43.414 37.334 1.895 0.743 1.452 0
5 10 2 46.906 53.657 39.961 0.109 0.706 0.029 -0.057
5 13 1 58.66 39.969 37.282 0.251 0.279 0.447 0.083
5 14 3 46.75 38.409 37.894 0.315 0.44 0.547 -3.118
5 23 3 85.944 16.513 38.842 0.401 0.356 0.987 3.044
5 24 3 111.396 43.404 37.817 0.535 0.729 0.621 -3.122
5 41 1 95.174 61.046 37.662 4.051 1.759 1.64 -3.142
6 1 1 107.704 41.204 37.612 4.723 1.839 1.918 0.043
6 4 1 37.013 28.717 37.697 1.892 1.831 0.771 0.082
6 8 4 122.669 46.646 37.432 2.794 0.986 1.534 0.012
6 9 4 108.26 43.973 37.451 1.646 0.518 1.524 0.351
6 13 1 58.693 39.903 37.232 0.21 0.292 0.29 0.037
6 14 3 46.751 38.365 37.824 0.342 0.778 0.368 0.018
6 23 3 86.187 16.271 38.947 0.535 0.258 0.954 3.001
6 24 3 110.018 43.174 37.513 1.272 0.688 1.579 3.079
6 32 4 100.031 65.261 38.292 6.108 2.263 3.084 3.125
6 41 1 88.608 59.312 37.725 4.461 1.892 1.643 -3.11
7 1 1 107.711 41.169 37.639 4.675 1.937 1.94 0.038
7 4 1 43.392 30.483 37.742 1.933 1.995 0.763 0.033
7 8 4 125.583 47.16 37.371 2.838 1.055 1.689 0.011
7 9 4 109.587 44.285 37.423 1.715 0.652 1.55 0.024
7 13 1 58.517 39.733 37.266 0.528 0.199 0.524 -0.008
7 14 3 46.87 38.348 37.737 0.287 0.639 0.331 -0.008
7 24 3 109.153 42.905 37.449 1.685 0.629 1.627 -3.094
7 32 4 92.225 63.55 38.289 5.936 2.509 2.896 -3.113
7 41 1 81.269 57.571 37.709 5.66 2.015 1.628 -3.102
8 1 1 107.818 41.117 37.644 4.918 1.898 1.994 0.044
8 4 1 49.961 32.231 37.708 1.983 1.929 0.818 0.003
8 8 4 128.547 47.749 37.398 2.835 1.05 1.715 0.035
8 9 4 110.91 44.454 37.447 1.706 0.637 1.549 0.033
8 24 3 107.905 42.648 37.502 1.684 0.69 1.642 -3.109
8 32 4 83.691 61.551 38.405 7.311 2.34 3.117 -3.124
8 41 1 74.729 55.804 37.61 2.018 1.666 1.49 -3.102
8 52 1 123.836 69.671 37.345 3.358 1.497 1.385 -3.1
8 53 3 104.557 34.769 37.976 0.436 0.679 1.698 1.482
9 1 1 108.043 41.063 37.653 5.088 2.177 1.914 0.024
9 4 1 56.404 34.118 37.722 1.904 1.962 0.78 0.038
9 8 4 131.497 48.275 37.449 2.805 1.064 1.684 -0.038
9 9 4 112.305 44.393 37.486 1.68 0.699 1.556 -0.146
9 24 3 106.466 42.253 37.547 1.776 0.808 1.678 0.024
9 32 4 76.032 59.666 38.415 3.97 2.381 3.264 3.127
9 41 1 67.492 54.434 38.155 2.12 0.453 0.866 -3.089
9 52 1 116.612 67.609 37.444 4.219 1.535 1.299 -3.091
9 53 3 104.798 35.222 38.153 0.627 0.702 1.212 0.066
10 1 1 108.083 40.987 37.675 5.133 2.155 1.921 0.051
10 4 1 63.603 35.874 37.423 0.41 1.699 0.342 0
10 8 4 134.459 48.849 37.452 2.846 1.055 1.632 -0.007
10 9 4 113.695 44.352 37.48 1.741 0.726 1.581 -0.184
10 24 3 105.015 41.805 37.538 1.716 0.682 1.628 -2.973
10 32 4 68.036 57.299 38.418 4.305 1.511 1.836 -3.126
10 52 1 109.262 65.164 37.705 4.456 0.734 1.674 -3.091
10 53 3 105.051 35.769 38.066 0.246 0.383 1.103 -3.121
10 55 3 108.33 37.638 38.003 0.518 0.72 0.927 -2.898
11 1 1 108.12 41.004 37.665 5.135 1.94 1.945 0.041
11 4 1 69.345 37.267 37.535 1.919 1.958 1.098 0.027
11 8 4 137.584 49.372 37.454 3.181 1.095 1.71 -0.031
11 9 4 115.147 44.33 37.458 1.678 0.663 1.537 -0.202
11 24 3 103.766 41.154 37.481 1.124 0.656 1.554 -3.082
11 32 4 60.37 55.634 38.307 3.92 2.29 1.615 -3.122
11 52 1 100.236 62.586 37.522 3.827 0.384 1.011 -3.064
11 53 3 105.263 36.3 38.184 0.306 0.277 0.739 -3.078
11 55 3 107.901 37.164 37.904 0.455 0.717 1.055 0.095
11 56 3 160.603 48.337 37.615 0.583 0.493 1.28 0.08
12 1 1 108.159 40.946 37.601 5.155 1.937 1.874 0.054
12 4 1 76.171 38.888 37.503 0.666 1.477 0.739 0.021
12 8 4 140.587 49.893 37.452 3.131 1 1.69 -0.034
12 9 4 116.556 44.323 37.48 1.665 0.675 1.534 -0.205
12 24 3 102.261 40.437 37.585 0.743 0.634 1.511 0.046
12 53 3 105.867 36.529 38.171 0.459 0.372 0.709 0.043
12 55 3 107.452 36.764 37.837 0.301 0.624 1.177 -3.111
12 56 3 160.585 48.209 37.638 0.45 0.69 1.459 -0.031
12 59 4 141.047 48.154 37.22 1.828 1.162 1.187 -3.091
12 60 3 140.986 46.811 37.073 0.492 0.323 0.524 1.588
13 1 1 108.153 40.854 37.608 5.146 1.919 1.881 0.028
13 4 1 81.806 40.211 37.666 1.891 1.525 1.035 0.04
13 8 4 143.595 50.375 37.505 3.066 1.068 1.709 -0.028
13 9 4 117.997 44.312 37.441 1.623 0.611 1.562 -0.088
13 24 3 100.781 39.759 37.577 0.686 0.671 1.421 0.041
13 53 3 106.164 36.891 38.091 0.333 0.607 1.073 0
13 55 3 106.884 36.344 37.922 0.343 0.607 1.053 0
13 56 3 160.794 48.353 37.661 0.727 0.587 1.564 -0.009
13 59 4 141.178 48.15 37.253 2.385 1.311 1.228 0.032
13 60 3 141.052 46.659 37.143 0.327 0.459 0.543 -3.091
14 1 1 108.186 40.748 37.585 4.9 1.758 1.874 0.061
14 4 1 88.529 41.78 37.292 0.251 1.291 0.297 0.061
14 8 4 146.617 50.759 37.504 3.007 1.174 1.742 -0.072
14 9 4 119.285 44.377 37.393 1.623 0.658 1.413 0.007
14 24 3 99.209 38.925 37.737 0.588 0.57 0.833 0.058
14 53 3 106.624 37.151 37.828 0.605 0.627 1.232 0.031
14 55 3 106.327 36.185 37.851 0.147 0.176 0.542 0.034
14 56 3 160.701 48.18 37.576 0.686 0.627 1.51 0.005
14 59 4 141.178 48.135 37.352 2.427 1.162 1.43 0.037
14 60 3 141.18 46.675 37.134 0.256 0.231 0.596 -3.091
15 1 1 108.416 40.695 37.487 4.829 1.84 1.863 0.036
15 4 1 94.05 43.087 37.415 0.78 1.15 0.806 0
15 8 4 149.619 51.169 37.526 2.96 1.271 1.699 -0.068
15 9 4 120.617 44.464 37.403 1.509 0.695 1.526 0.032
15 24 3 97.538 38.195 37.615 0.59 0.598 0.775 0.036
15 53 3 107.101 37.536 38.051 0.19 0.295 0.573 -3.09
15 56 3 160.587 48.064 37.664 0.605 0.669 1.56 -0.051
15 59 4 141.303 48.172 37.163 2.196 0.925 1.144 0.049
15 60 3 141.215 46.56 37.138 0.506 0.617 0.55 -0
16 1 1 109.702 40.895 37.473 2.153 1.72 1.739 0.04
16 4 1 99.039 44.065 37.689 2.308 1.377 1.408 0.01
16 8 4 152.655 51.618 37.519 3.043 1.119 1.744 -0.031
16 9 4 121.958 44.609 37.4 1.368 0.55 1.293 -0.08
16 53 3 107.128 38.427 38.617 0.761 0.829 0.931 -3.109
16 56 3 160.841 47.994 37.645 0.669 0.584 1.598 -0.076
16 59 4 141.335 48.129 37.232 2.105 0.612 1.236 -0.023
16 60 3 141.301 46.531 37.121 0.406 0.68 0.533 -3.109
17 1 1 109.677 40.809 37.64 1.863 1.575 1.391 0.012
17 4 1 104.841 45.155 37.502 1.805 1.596 1.091 0.014
17 8 4 155.752 52.05 37.543 2.905 1.16 1.716 -0.046
17 9 4 123.471 44.722 37.355 1.072 0.584 1.275 0.019
17 53 3 107.28 38.362 38.321 0.967 0.593 1.115 0.037
17 56 3 161.159 47.943 37.691 0.611 0.642 1.616 -0.012
17 59 4 141.204 48.107 37.277 2.392 0.686 1.314 -0.098
17 60 3 141.307 46.355 37.118 0.494 0.475 0.414 -0.856
18 1 1 109.575 40.809 37.889 1.782 1.505 0.814 0.055
18 4 1 110.872 46.838 37.145 0.414 0.879 0.356 0.012
18 8 4 158.731 52.478 37.521 2.96 1.122 1.791 -0.018
18 9 4 124.731 44.665 37.571 0.969 0.559 1.09 0.078
18 56 3 161.421 47.606 37.677 0.936 0.755 1.617 -1.572
18 59 4 141.274 48.031 37.258 2.012 0.612 1.217 0.007
18 60 3 141.355 46.404 37.066 0.291 0.628 0.48 0.039
19 4 1 115.395 47.328 37.598 2.383 1.732 1.472 0.1
19 8 4 161.731 52.852 37.528 2.965 1.139 1.691 -0.096
19 9 4 125.533 44.746 37.827 0.204 0.489 0.283 -0.016
19 56 3 161.39 47.762 37.724 0.474 0.536 1.646 -2.043
19 59 4 141.536 48.034 37.127 1.58 0.488 1.054 -0.136
19 60 3 141.377 46.328 37.113 0.264 0.512 0.545 0.039
20 4 1 120.685 49.029 37.608 1.816 0.679 0.831 0
20 8 4 164.745 53.227 37.512 2.98 1.129 1.678 -0.032
20 9 4 126.856 44.772 37.837 0.099 0.38 0.301 0
20 56 3 161.499 47.85 37.638 0.493 0.446 1.455 0.003
20 59 4 141.403 47.823 37.148 1.893 0.548 1.131 -0.091
21 4 1 125.782 49.762 37.655 2.095 1.42 1.119 0.052
21 8 4 167.801 53.629 37.517 2.939 1.104 1.658 -0.073
21 56 3 161.686 47.673 37.651 0.515 0.856 1.481 -0.004
21 59 4 141.727 47.794 37.283 0.946 0.56 0.773 0.013
21 65 4 214.418 98.305 37.726 0.629 0.469 0.515 -3.07
21 66 5 241.469 76.203 37.683 1.467 0.846 1.301 1.883
22 4 1 131.611 51.413 37.524 0.301 0.633 0.347 0.668
22 8 4 170.822 53.995 37.54 2.898 1.227 1.692 -0.077
22 56 3 161.775 47.517 37.803 0.3 0.52 1.378 0.408
22 65 4 212.353 97.802 38.061 0.582 0.552 0.624 3.064
22 66 5 241.79 78.739 37.973 0.403 1.605 1.035 -0.275
23 4 1 136.172 52.449 37.48 1.298 0.419 0.722 3.128
23 8 4 173.764 54.451 37.572 2.946 1.045 1.66 -0.097
23 65 4 209.946 96.956 37.748 1.062 0.559 0.924 -3.065
23 66 5 242.134 80.885 37.968 0.736 1.284 0.976 0.163
24 8 4 176.71 54.943 37.553 2.938 1.061 1.671 -0.083
24 65 4 207.656 96.166 37.909 1.06 0.532 0.95 -3.106
24 66 5 242.685 82.882 37.759 1.74 0.667 1.305 1.138
24 68 4 185.324 91.16 37.953 0.5 0.43 1.05 -3.106
25 8 4 179.703 55.486 37.581 2.842 1.035 1.656 -0.07
25 65 4 205.371 95.394 37.804 1.516 0.742 1.286 -3.088
25 66 5 242.94 84.509 37.879 1.893 0.422 1.455 1.223
25 68 4 186.049 91.077 38.028 0.69 0.405 0.876 -0.004
25 72 3 162.3 47.616 37.687 0.507 0.63 1.428 -0.062
26 8 4 182.687 56.089 37.61 2.833 1.009 1.696 -0.056
26 65 4 202.622 94.56 37.639 1.368 0.917 1.312 3.142
26 66 5 243.202 85.75 37.898 1.59 0.407 1.375 1.22
26 68 4 186.648 91.142 37.989 0.558 0.563 1.136 3.142
26 72 3 162.459 47.691 37.689 0.404 0.557 1.544 3.142
26 75 5 224.985 87.166 38.348 1.097 0.344 0.46 1.621
27 8 4 185.614 56.737 37.572 2.875 1.105 1.677 -0.015
27 65 4 200.107 93.646 37.791 1.581 0.857 0.966 3.109
27 66 5 243.505 86.556 37.659 0.772 0.311 0.897 0.899
27 68 4 187.402 91.232 37.923 0.579 0.507 0.978 3.133
27 72 3 162.572 47.53 37.694 0.471 1.102 1.508 -3.072
27 75 5 225.134 86.823 38.16 1.807 0.5 0.91 1.698
27 78 4 261.951 85.457 37.778 0.909 1.013 1.557 0.901
28 8 4 188.588 57.373 37.605 2.844 1.125 1.704 -0.023
28 65 4 197.165 92.562 37.603 1.458 0.491 1.281 -3.139
28 68 4 188.048 91.458 37.998 0.65 0.571 0.939 0.054
28 72 3 162.434 47.687 37.61 0.686 0.581 1.591 -0.075
28 75 5 225.233 86.744 38.145 1.845 0.481 0.92 -1.438
28 78 4 261.845 87.147 37.832 1.437 0.448 1.147 1.38
29 8 4 191.494 58.091 37.601 2.897 1.111 1.716 -0.054
29 65 4 194.329 91.674 37.728 1.532 0.553 1.311 -3.1
29 68 4 188.74 91.563 38.008 0.345 0.633 1.13 1.886
29 72 3 162.716 47.519 37.729 0.441 0.687 1.083 -3.112
29 75 5 225.292 86.689 38.192 1.937 0.771 1.091 -1.599
29 78 4 261.959 88.791 37.76 1.789 0.462 1.211 1.36
30 8 4 194.434 58.791 37.639 2.975 1.056 1.732 -0.055
30 65 4 191.22 90.733 37.644 1.544 0.466 1.236 3.093
30 68 4 189.299 91.904 37.947 0.414 0.574 1.147 3.077
30 72 3 162.81 47.712 38.043 0.312 0.481 0.939 2.986
30 75 5 225.293 86.491 38.022 2.09 0.59 1.233 -1.564
30 78 4 262.262 90.061 37.71 2.248 0.746 1.48 1.284
30 82 1 235.183 124.478 37.635 2.33 0.357 1.213 -1.534
31 8 4 197.42 59.464 37.672 2.904 1.077 1.745 -0.044
31 65 4 188.006 89.922 37.653 1.663 0.481 1.338 3.081
31 68 4 190.002 91.991 37.773 0.408 0.561 1.533 -0.35
31 72 3 162.845 47.508 37.826 0.4 0.736 1.405 -0.119
31 75 5 225.289 86.484 37.987 2 0.73 1.433 -1.63
31 78 4 262.443 92.387 37.758 1.966 0.676 1.474 0.887
31 82 1 235.12 124.577 37.662 2.433 0.411 1.195 -1.532
31 83 2 258.24 111.556 38.284 10.94 2.672 3.029 2.594
32 8 4 200.197 60.144 37.649 3.144 1.057 1.678 -0.052
32 65 4 184.344 89.087 37.743 2.107 0.708 1.201 0.012
32 68 4 190.69 92.26 37.741 0.623 0.657 1.542 -0.027
32 72 3 162.982 47.487 37.772 0.411 0.545 1.364 -0.031
32 75 5 225.319 86.498 37.97 2.105 0.712 1.531 -1.641
32 78 4 262.551 93.58 37.823 1.548 0.629 1.455 1.373
32 82 1 235.077 124.713 37.649 2.333 0.42 1.149 -1.504
32 83 2 256.326 112.473 38.366 11.736 2.402 2.967 2.462
33 8 4 203.207 60.91 37.681 2.982 1.095 1.687 -0.008
33 65 4 180.623 88.219 37.833 1.559 0.443 0.771 3.142
33 68 4 191.289 92.347 37.679 0.527 0.618 1.702 -0.075
33 72 3 163.079 47.435 37.687 0.294 0.575 1.452 -0.203
33 75 5 225.261 86.496 37.946 2.087 0.681 1.501 -1.652
33 78 4 262.542 94.471 37.97 1.106 0.469 1.416 1.524
33 82 1 234.97 124.725 37.482 2.351 0.22 1.071 -1.494
33 83 2 254.2 114.145 38.453 11.609 2.682 3.306 2.296
33 84 1 248.716 100.442 37.466 1.101 0.694 0.69 -2.916
34 8 4 205.628 61.571 37.761 1.943 1.089 1.646 -0.079
34 65 4 177.345 87.504 37.796 0.423 0.357 0.779 3.111
34 68 4 192.043 92.38 37.987 0.299 0.601 1.153 -0.917
34 72 3 163.262 47.558 37.794 0.366 0.412 1.485 -0.417
34 75 5 225.277 86.47 37.944 2.076 0.767 1.534 -1.668
34 78 4 262.718 95.802 38.34 0.355 0.237 0.502 0.485
34 82 1 234.979 124.778 37.501 2.106 0.357 1.066 -1.555
34 83 2 252.191 115.984 38.538 11.732 2.614 2.907 2.105
34 84 1 245.243 99.015 37.615 0.734 1.039 0.563 -3.077
35 65 4 174.044 86.694 37.921 0.267 0.358 0.552 3.101
35 68 4 192.662 92.556 37.799 0.649 0.61 1.687 3.014
35 72 3 163.441 47.595 37.707 0.339 0.502 1.48 -0.112
35 75 5 225.284 86.418 37.935 2.204 0.786 1.515 -1.659
35 82 1 235.002 124.831 37.721 1.767 0.378 1.112 -1.604
35 83 2 250.208 118.038 38.315 11.825 2.33 3.028 1.951
35 84 1 242.809 98.418 37.699 3.099 1.472 1.21 3.098
36 65 4 170.275 85.642 37.74 1.125 0.501 1.142 3.041
36 68 4 193.461 92.612 37.712 0.457 0.353 1.486 -0.101
36 72 3 163.566 47.585 37.609 0.29 0.335 1.104 -0.186
36 75 5 225.326 86.354 37.967 2.175 0.7 1.63 -1.721
36 82 1 235.052 124.815 37.824 1.696 0.371 0.656 -1.635
36 83 2 248.603 120.752 38.258 11.852 2.323 3.002 1.758
36 84 1 239.297 97.456 37.705 3.903 1.758 1.296 3.035
36 86 4 233.775 70.555 37.721 1.539 0.645 1.21 -0.831
36 87 4 242.527 70.935 37.838 1.218 0.794 1.185 1.803
37 65 4 167.304 84.959 37.656 0.695 0.438 1.217 2.99
37 68 4 194.187 92.83 37.758 0.644 0.591 1.494 3.058
37 72 3 163.829 47.675 37.626 0.243 0.245 1.148 -0.219
37 75 5 225.346 86.193 37.954 2.066 0.709 1.527 -1.755
37 82 1 235.083 124.77 37.875 1.404 0.384 0.633 -1.575
37 83 2 247.328 123.448 38.295 11.328 2.542 3.021 1.647
37 84 1 235.414 96.233 37.648 3.986 1.745 1.374 3.044
37 86 4 232.797 71.128 37.836 1.695 0.672 1.478 2.131
37 87 4 242.064 72.255 38.023 1.8 0.607 1.553 1.45
38 65 4 163.591 83.947 37.846 0.392 0.443 0.647 2.952
38 68 4 194.858 92.805 37.806 0.649 0.457 1.352 3.063
38 72 3 164.057 47.726 37.597 0.21 0.366 1.163 2.911
38 75 5 225.343 85.748 37.956 2.078 0.697 1.596 -1.723
38 83 2 246.285 125.846 38.211 9.839 2.658 2.71 1.613
38 84 1 231.74 95.1 37.745 3.133 1.684 1.48 3.066
38 86 4 231.822 71.755 37.852 1.713 0.693 1.595 2.189
38 87 4 241.673 73.921 38.002 1.864 0.588 1.7 1.408
38 88 1 241.664 99.839 37.411 1.646 1.144 0.625 0.811
39 68 4 195.606 93.032 37.718 0.914 0.585 1.547 2.944
39 75 5 225.302 85.062 37.968 2.097 0.719 1.625 -1.854
39 83 2 245.547 127.861 38.23 7.033 2.693 2.818 1.584
39 84 1 227.264 93.65 37.77 3.982 1.723 1.479 3.08
39 86 4 230.799 72.378 37.875 1.697 0.739 1.541 2.161
39 87 4 241.475 75.615 38.05 1.851 0.622 1.675 1.392
39 88 1 238.429 98.614 37.579 4.035 1.264 1.195 2.984
40 68 4 196.255 93.107 37.704 0.752 0.476 1.77 3.028
40 75 5 225.118 84.136 37.925 1.899 0.87 1.565 -2.226
40 84 1 222.996 92.355 37.818 3.905 1.775 1.478 3.097
40 86 4 229.737 73.103 37.86 1.734 0.693 1.589 2.147
40 87 4 241.508 77.292 38.061 1.845 0.737 1.749 1.109
40 88 1 234.381 97.348 37.565 3.422 0.815 1.086 3.043
41 68 4 196.899 93.382 37.892 0.563 0.602 1.317 -0.099
41 75 5 224.545 83.123 37.996 1.88 0.784 1.554 -2.557
41 84 1 218.677 90.946 38.005 4.023 1.752 1.146 3.094
41 86 4 228.777 73.823 37.89 1.759 0.7 1.595 2.092
41 87 4 241.695 78.871 38.028 1.842 0.658 1.671 1.055
41 88 1 229.238 96.526 37.67 4.597 1.728 1.363 3.045
42 68 4 197.566 93.491 37.832 0.562 0.444 1.504 -0.155
42 75 5 224.119 81.991 37.964 1.917 0.771 1.585 -2.403
42 84 1 214.358 89.735 38 3.777 2.038 1.186 3.077
42 86 4 227.817 74.558 37.878 1.884 0.717 1.619 2.197
42 87 4 241.933 80.219 38.007 1.84 0.625 1.729 0.992
42 88 1 224.244 95.405 37.729 4.785 1.735 1.515 3.052
42 97 5 249.154 90.475 38.161 0.423 0.466 1.193 1.15
43 68 4 198.238 93.949 37.769 0.51 0.781 1.671 3.04
43 75 5 223.948 80.862 37.972 1.987 0.812 1.637 -2.087
43 84 1 210.107 88.479 38.018 2.994 1.853 1.107 3.073
43 86 4 226.898 75.251 37.892 1.689 0.749 1.53 2.127
43 87 4 242.176 81.471 38.053 1.813 0.646 1.648 0.895
43 88 1 218.912 94.133 37.776 4.682 1.704 1.379 3.004
43 97 5 249.074 90.492 38.785 2.711 1.489 2.919 -2.447
44 75 5 223.872 79.789 37.956 2.1 0.851 1.64 -1.812
44 84 1 205.143 86.987 38.072 3.511 1.762 0.944 3.103
44 86 4 226.186 75.781 37.911 1.723 0.764 1.536 2.133
44 87 4 242.483 82.605 38.012 1.718 0.653 1.613 0.944
44 88 1 213.7 92.789 37.847 4.233 1.49 1.267 2.995
44 97 5 248.337 89.188 38.58 2.077 2.17 2.814 -2.484
45 75 5 223.836 78.561 37.959 2.124 0.856 1.623 -1.97
45 84 1 200.33 85.513 38.047 3.674 1.696 0.968 3.061
45 86 4 225.783 76.039 37.903 1.728 0.768 1.601 2.212
45 87 4 242.871 83.693 37.979 1.817 0.551 1.682 0.878
45 88 1 208.351 91.731 37.896 3.368 1.729 1.052 3.018
45 97 5 248.444 89.211 38.658 4.579 2.292 3.08 -2.328
45 102 3 199.443 94.379 37.857 0.459 0.564 1.419 -0.064
46 75 5 223.764 77.132 37.929 2.076 0.827 1.615 -2.043
46 84 1 195.233 84.223 37.972 3.976 1.541 1.047 3.071
46 86 4 225.41 76.425 37.927 1.854 0.797 1.601 2.245
46 87 4 243.351 84.709 38 1.713 0.731 1.659 0.698
46 88 1 201.954 90.237 37.888 4.459 1.544 0.986 3.022
46 97 5 248.246 88.225 38.632 4.467 2.191 2.921 -2.233
46 102 3 200.176 94.584 38.328 0.289 0.442 0.575 -0.175
47 75 5 224.044 75.668 37.914 2.048 0.877 1.577 -1.714
47 84 1 189.698 82.736 38.077 2.873 1.419 0.742 3.122
47 86 4 224.734 77.107 37.91 1.283 0.847 1.598 1.712
47 87 4 243.67 85.699 38.001 1.826 0.489 1.665 0.812
47 88 1 195.947 88.723 37.694 4.295 1.566 1.347 3.08
47 97 5 248.166 87.405 38.611 5.752 2.315 2.861 -2.17
47 102 3 200.617 94.739 37.807 0.734 0.467 1.628 -0.082
47 104 2 240.598 100.98 38.136 1.523 1.278 1.855 3.033
48 75 5 224.725 74.359 37.886 2.095 0.764 1.609 -1.411
48 84 1 184.626 81.528 37.967 2.829 1.386 0.665 3.072
48 86 4 224.739 77.727 37.939 1.797 0.701 1.603 1.614
48 87 4 244.137 86.536 38.004 1.823 0.711 1.654 0.893
48 88 1 190.832 87.802 37.645 1.521 1.916 0.674 2.942
48 97 5 247.954 86.077 38.574 6.205 2.481 2.913 -2.085
48 102 3 201.189 94.894 37.814 0.794 0.375 1.55 2.971
48 104 2 238.308 99.552 38.219 6.06 2.554 2.501 -3.133
48 105 1 252.311 92.159 37.837 1.44 0.298 1.098 -2.597
49 75 5 225.827 73.344 37.868 2.075 0.793 1.59 -1.03
49 84 1 179.433 80.28 38.088 2.622 1.252 0.521 -3.135
49 86 4 224.486 78.512 37.932 1.827 0.66 1.607 1.367
49 87 4 244.422 87.352 37.976 1.555 0.498 1.705 0.781
49 88 1 183.883 86.057 37.536 2.531 1.483 0.35 3.129
49 97 5 247.754 84.315 38.698 6.383 2.19 3.093 -1.971
49 102 3 201.891 95.129 37.839 0.736 0.432 1.601 3.087
49 104 2 234.593 98.213 38.23 7.252 2.552 2.468 -3.093
49 105 1 252.552 90.97 37.823 3.355 1.525 1.184 -2.306
50 75 5 227.198 72.526 37.845 1.964 0.716 1.588 -0.846
50 86 4 224.222 79.274 37.93 1.639 0.749 1.596 1.649
50 87 4 244.766 88.819 37.964 2.507 0.534 1.286 -1.83
50 88 1 178.191 84.629 37.632 0.601 1.631 0.124 -0.086
50 97 5 247.817 82.344 38.654 6.298 2.332 3.075 -1.909
50 102 3 202.375 95.327 37.909 0.528 0.622 1.474 3.042
50 104 2 230.325 96.517 38.209 7.334 2.611 2.512 -3.107
50 105 1 252.21 89.749 37.78 4.365 1.654 1.292 -2.298
51 75 5 228.835 71.926 37.847 1.892 0.895 1.577 -0.722
51 86 4 223.882 80.118 37.957 1.67 0.85 1.586 1.584
51 88 1 170.041 82.743 37.526 0.29 1.658 0.145 -0.065
51 97 5 247.993 80.094 38.7 6.252 2.482 3.008 -1.854
51 102 3 202.927 95.18 37.956 0.63 0.408 1.401 3.09
51 104 2 226.083 94.837 38.209 7.283 2.763 2.489 -3.141
51 105 1 251.706 88.014 37.752 4.417 1.824 1.323 -2.275
52 75 5 230.631 71.183 37.793 1.795 0.765 1.582 -0.79
52 86 4 223.401 80.912 37.934 1.678 0.64 1.6 1.529
52 88 1 162.871 80.972 37.613 0.192 1.164 0.169 -0.066
52 97 5 248.187 77.816 38.646 6.377 2.363 3.03 -1.794
52 102 3 203.413 95.172 37.988 0.531 0.624 1.34 3.063
52 104 2 221.78 93.419 38.234 7.357 2.746 2.601 3.095
52 105 1 251.162 86.43 37.697 4.485 1.787 1.396 -2.202
52 108 4 248.275 111.784 37.579 1.527 0.64 1.592 1.572
52 109 1 263.506 96.47 37.227 4.288 1.137 0.783 -2.026
53 75 5 232.554 70.22 37.824 1.985 0.759 1.599 -0.978
53 86 4 223.022 81.786 37.927 1.852 0.651 1.591 1.63
53 97 5 248.351 75.27 38.593 6.248 2.175 2.878 -1.791
53 102 3 203.968 95.107 37.988 0.476 0.607 1.349 -0.338
53 104 2 217.388 92.111 38.316 7.341 2.835 2.215 3.049
53 105 1 250.728 84.676 37.876 4.382 1.743 1.55 -2.189
53 108 4 247.661 115.069 37.561 1.678 0.583 1.666 1.432
53 109 1 262.612 96.112 37.357 3.889 0.907 0.744 -2.563
54 75 5 234.563 69.268 37.767 1.866 0.867 1.528 -0.976
54 86 4 222.504 82.537 37.949 1.756 0.558 1.62 1.718
54 97 5 249.012 72.751 38.514 6.319 2.79 2.928 -1.786
54 102 3 204.541 95.056 37.803 0.688 0.351 1.718 0.078
54 104 2 213.208 90.905 38.374 6.95 2.461 2.246 3.055
54 105 1 250.407 82.924 37.846 4.417 1.846 1.544 -2.138
54 108 4 246.89 118.574 37.374 1.675 0.438 1.4 1.604
54 109 1 259.905 93.033 37.412 1.258 1.665 0.669 -3.097
54 113 1 252.747 75.874 37.552 2.142 0.493 0.853 -2.168
55 75 5 236.033 68.093 37.787 2.003 0.648 1.608 -1.039
55 86 4 221.927 83.475 37.945 1.872 0.744 1.613 1.777
55 97 5 249.36 70.268 38.523 6.215 2.778 2.869 -1.746
55 104 2 208.681 89.838 38.391 7.309 2.64 2.18 3.042
55 105 1 250.054 81.342 37.853 4.333 1.694 1.5 -2.123
55 108 4 245.978 122.438 37.319 1.677 0.453 1.49 1.566
55 109 1 258.93 91.787 37.463 3.952 1.706 0.7 -2.646
55 113 1 253.159 73.411 37.895 2.948 2.09 1.296 -2.068
56 75 5 236.859 67.106 37.77 1.219 0.633 1.538 -1.441
56 86 4 221.176 84.028 37.99 1.514 0.475 1.482 2.055
56 97 5 249.574 67.879 38.48 5.916 2.353 2.803 -1.741
56 104 2 204.065 88.7 38.387 7.822 2.517 2.156 3.005
56 105 1 249.841 79.678 37.854 4.385 1.582 1.442 -2.072
56 108 4 245.049 126.222 37.506 1.216 0.22 1.075 1.669
56 109 1 256.955 89.636 37.487 3.674 1.607 0.756 -2.607
56 113 1 252.663 71.436 37.849 3.769 1.626 1.296 -2.044
56 115 4 253.42 117.723 37.394 1.668 0.469 1.028 2.126
56 117 3 205.95 95.522 37.712 1.135 0.398 1.661 0.091
57 86 4 220.202 84.865 38.299 0.953 0.523 0.839 1.984
57 97 5 249.97 65.258 38.451 6.141 2.342 2.678 -1.751
57 104 2 199.574 87.785 38.326 7.909 2.422 2.25 2.994
57 105 1 249.7 77.89 37.817 4.393 1.728 1.43 -2
57 109 1 255.3 87.51 37.638 3.895 1.665 1.229 -2.619
57 113 1 252.606 69.981 37.782 3.883 1.577 1.336 -1.949
57 115 4 250.863 119.984 37.431 1.625 0.423 1.029 -1.193
57 117 3 206.289 95.863 37.714 0.478 0.72 1.672 -0.07
57 118 5 234.044 67.572 38.128 0.047 0.176 0.287 -0.071
57 119 5 260.438 91.866 37.363 0.34 0.273 0.573 0.229
58 86 4 219.243 85.547 38.245 0.986 0.709 0.906 2.683
58 97 5 250.448 62.57 38.443 5.947 2.654 2.897 -1.774
58 104 2 198.693 87.927 37.826 0.146 1.52 0.278 2.973
58 105 1 249.501 76.086 37.81 4.422 1.539 1.373 -2.014
58 109 1 253.744 85.238 37.66 3.961 1.699 1.209 -2.539
58 113 1 252.538 68.548 37.886 4.244 1.607 1.488 -1.961
58 115 4 248.618 122.609 37.425 1.124 0.502 1.12 -1.519
58 117 3 206.856 96.082 37.715 0.706 0.71 1.684 1.983
58 118 5 234.037 67.559 38.126 0.102 0.19 0.285 -0.23
58 119 5 259.542 90.801 37.398 3.932 0.67 0.742 -2.644
58 123 2 194.525 86.771 38.14 7.122 2.462 2.281 2.999
58 124 3 238.15 63.167 37.974 0.627 0.467 1.036 -2.341
59 86 4 218.097 86.22 38.272 1.008 0.612 0.811 2.18
59 97 5 250.746 59.705 38.419 5.785 2.337 2.718 -1.74
59 105 1 249.262 74.216 37.867 4.442 1.527 1.477 -2.009
59 109 1 252.262 82.875 37.703 4.027 1.635 1.151 -2.414
59 113 1 252.479 67.006 37.749 4.225 1.567 1.256 1.192
59 115 4 246.545 125.858 37.463 1.36 0.453 1.09 1.675
59 117 3 207.565 96.233 37.959 0.578 0.501 1.451 0.814
59 118 5 234.048 67.582 38.125 0.18 0.229 0.285 -0.706
59 119 5 257.733 88.631 37.453 4.198 0.82 0.753 -2.56
59 123 2 189.949 85.963 38.202 6.962 2.43 2.091 2.988
59 124 3 239.045 60.86 37.64 1.07 0.228 0.943 -1.256
60 86 4 216.895 86.91 38.25 1.054 0.571 0.725 2.338
60 97 5 251.199 56.652 38.622 5.847 2.37 2.198 -1.721
60 105 1 249.13 72.18 37.915 4.41 1.676 1.29 -2.016
60 109 1 250.873 80.564 37.687 3.926 1.26 1.168 -2.418
60 113 1 252.445 65.269 37.878 4.193 1.641 1.347 -1.957
60 117 3 208.187 96.346 38.026 0.57 0.364 1.253 3.058
60 118 5 234.046 67.545 38.12 0.055 0.171 0.28 -0.081
60 119 5 256.201 86.227 37.582 4.007 1.334 0.921 0.505
60 123 2 185.171 85.058 38.298 7.073 2.385 1.801 2.988
60 124 3 239.689 59.487 37.997 2.028 0.631 1.57 -1.554
61 86 4 215.728 87.586 38.076 0.808 0.879 1.071 3.06
61 97 5 251.468 53.452 38.281 5.781 1.958 2.43 -1.712
61 105 1 248.7 69.834 37.818 4.451 1.212 1.374 -1.985
61 109 1 249.881 78.191 37.661 4.094 1.349 1.196 -2.325
61 113 1 252.359 63.469 37.799 4.1 1.733 1.411 -1.932
61 117 3 208.933 96.561 37.865 0.746 0.446 1.645 -0.07
61 118 5 234.023 67.586 38.12 0.192 0.086 0.279 -1.585
61 119 5 254.73 84.027 37.457 4.137 1.254 0.839 -2.507
61 123 2 180.472 84.173 38.208 6.902 2.378 1.909 3.002
61 124 3 240.201 58.184 37.852 0.293 0.468 0.905 -1.537
62 86 4 214.375 88.249 38.171 0.814 0.671 0.782 3.076
62 97 5 251.542 51.588 38.461 2.919 1.481 1.646 -1.72
62 105 1 248.721 67.254 37.747 4.417 1.426 1.382 -1.954
62 109 1 249.156 75.886 37.867 4.29 1.58 1.528 -2.274
62 113 1 252.3 61.694 37.789 2.844 1.402 1.333 1.394
62 117 3 209.495 96.801 37.756 0.553 0.644 1.621 -0.091
62 118 5 235.499 67.512 37.759 1.322 0.791 1.611 1.234
62 119 5 253.672 81.783 37.453 4.176 1.728 0.87 0.682
62 123 2 175.899 83.273 38.192 7.382 2.371 1.867 3.005
62 128 5 272.854 100.714 37.421 0.882 1.639 0.392 2.841
62 129 4 249.733 103.545 37.877 1.006 0.466 1.274 0.942
63 86 4 212.931 89.04 38.055 1.108 0.5 0.941 2.363
63 97 5 252.767 49.461 38.404 0.765 1.331 1.73 -1.726
63 105 1 248.804 64.536 37.803 4.313 1.607 1.505 -1.926
63 109 1 248.434 73.488 37.853 4.435 1.355 1.466 -2.156
63 113 1 252.468 59.108 38.116 3.054 1.199 0.512 -1.756
63 117 3 210.254 96.834 37.812 0.811 0.416 1.502 3.136
63 118 5 235.406 68.372 37.705 1.447 0.718 1.485 1.22
63 119 5 252.58 79.776 37.563 4.311 1.358 0.885 -2.355
63 123 2 171.271 82.281 38.208 7.838 2.368 1.813 3.004
63 128 5 273.67 100.471 37.732 4.023 1.567 1.269 -2.317
63 129 4 250.101 105.474 37.839 1.306 0.491 1.367 1.186
64 86 4 211.572 89.784 38.059 0.96 0.485 0.829 2.53
64 105 1 248.825 61.843 37.759 3.849 1.737 1.473 -1.869
64 109 1 248.193 70.96 37.868 4.404 1.707 1.346 -2.096
64 117 3 210.97 97.077 37.847 0.665 0.603 1.45 3.108
64 118 5 235.459 69.302 37.714 1.671 0.85 1.535 1.111
64 119 5 251.918 77.653 37.647 4.396 1.709 1.064 -2.314
64 123 2 166.774 81.322 38.216 6.823 2.375 1.711 3.02
64 128 5 273.842 99.267 37.717 3.813 1.558 1.296 1.129
64 129 4 250.55 107.602 37.68 1.2 0.417 1.249 1.264
64 131 1 244.897 96.925 37.757 3.91 0.712 1.415 1.076
65 86 4 210.058 90.537 37.957 1.02 0.506 0.943 2.333
65 105 1 248.809 58.936 37.951 3.262 1.407 0.929 -1.851
65 109 1 248.039 68.423 37.745 4.293 1.573 1.467 -1.928
65 117 3 211.669 97.181 37.919 0.592 0.57 1.318 0.948
65 118 5 235.435 70.446 37.77 1.697 0.749 1.485 1.183
65 119 5 251.239 75.547 37.843 4.43 1.749 1.496 -2.213
65 123 2 164.449 81.193 37.758 1.28 1.424 0.379 -0.095
65 128 5 273.738 97.92 37.521 3.776 0.555 0.733 -1.771
65 129 4 250.821 109.723 37.806 0.327 0.683 1.464 2.945
65 131 1 245.565 99.323 37.705 4.115 1.738 1.502 1.143
65 133 4 257.991 107.571 37.589 1.213 0.626 1.565 2.147
66 86 4 208.437 91.244 37.904 0.948 0.939 1.167 -2.989
66 105 1 249.135 55.208 37.733 4.227 1.563 1.15 -1.825
66 109 1 248.223 65.833 37.832 4.015 1.615 1.533 -1.835
66 117 3 212.345 97.429 37.84 0.71 0.619 1.489 -0.078
66 118 5 235.38 71.742 37.802 1.695 0.638 1.493 1.212
66 119 5 250.78 73.535 37.62 4.55 1.694 1.005 -2.136
66 128 5 274.527 96.771 37.474 4.249 0.566 0.737 -1.47
66 129 4 251.141 111.96 37.8 0.688 0.412 0.947 1.524
66 131 1 245.672 102.384 37.685 4.286 1.69 1.531 1.2
66 133 4 256.437 109.634 37.649 1.269 0.713 1.525 2.072
67 86 4 206.671 91.846 37.85 1.407 0.472 1.187 2.41
67 105 1 249.377 52.852 37.745 2.159 1.508 0.992 -1.849
67 109 1 248.344 63.858 37.845 2.114 1.264 1.391 1.514
67 117 3 213.049 97.633 37.708 0.95 0.592 1.763 -3.108
67 118 5 235.48 73.189 37.819 1.697 0.694 1.525 1.14
67 119 5 250.327 71.369 37.776 4.579 1.471 1.47 1.071
67 131 1 245.659 105.5 37.538 4.147 1.718 1.382 1.236
67 133 4 255.199 111.757 37.546 1.427 0.485 1.297 1.738
68 86 4 205.384 92.335 37.881 1.322 0.362 0.945 2.45
68 117 3 213.567 97.736 37.708 0.695 0.579 1.742 -0.089
68 118 5 235.716 74.75 37.823 1.672 0.739 1.58 1.102
68 119 5 250.069 69.204 37.786 4.715 1.248 1.334 1.142
68 131 1 245.47 109.011 37.518 4.321 1.906 1.341 1.278
68 133 4 254.208 114.177 37.555 1.375 0.687 1.329 1.279
68 138 1 263.412 96.803 37.26 1.296 0.838 0.662 -2.208
69 86 4 203.459 92.861 37.837 1.177 0.634 1.001 2.992
69 117 3 214.145 97.77 37.766 0.504 0.724 1.654 1.284
69 118 5 235.974 76.398 37.855 1.684 0.777 1.571 0.961
69 119 5 249.941 67.133 37.852 4.157 1.171 1.534 -1.926
69 131 1 245.112 112.563 37.536 4.279 1.814 1.341 1.391
69 133 4 253.024 116.382 37.596 1.778 0.608 1.35 1.81
69 138 1 261.859 94.893 37.36 4.113 1.624 0.749 0.611
70 86 4 201.916 93.054 37.782 1.409 0.421 1.36 2.867
70 117 3 214.765 97.926 37.792 0.664 0.358 1.602 0.099
70 118 5 236.369 78.115 37.878 1.727 0.736 1.568 0.979
70 119 5 250.049 64.693 37.795 4.141 1.341 1.526 1.305
70 131 1 244.496 116.374 37.51 4.269 1.744 1.365 1.399
70 133 4 251.703 118.871 37.609 1.443 0.724 1.374 1.781
70 138 1 259.603 91.835 37.41 4.361 1.632 0.776 -2.506
71 86 4 199.984 93.411 37.754 1.428 0.859 1.337 2.843
71 117 3 215.315 98.124 37.79 0.751 0.575 1.618 0.068
71 118 5 236.743 79.907 37.879 1.729 0.734 1.593 0.924
71 119 5 250.163 62.68 37.654 1.899 1.089 1.26 1.444
71 131 1 243.709 120.182 37.385 3.945 1.796 1.546 1.491
71 133 4 250.221 121.542 37.429 1.434 0.759 1.112 1.635
71 138 1 257.266 88.497 37.364 4.292 1.228 0.553 -2.492
72 86 4 198.357 93.258 37.697 1.482 0.418 1.341 2.852
72 117 3 215.759 98.212 37.792 0.705 0.552 1.623 -0.096
72 118 5 237.233 81.758 37.917 1.682 0.63 1.552 0.868
72 119 5 250.727 58.977 37.832 3.97 1.457 0.704 1.307
72 131 1 242.921 123.566 37.606 2.085 1.435 1.037 -1.626
72 133 4 248.685 124.446 37.457 1.3 0.234 1.086 1.845
72 138 1 255.513 85.049 37.555 4.777 1.3 1.033 -2.393
73 86 4 196.389 92.962 37.806 1.048 0.459 1.041 3.09
73 117 3 216.381 98.173 37.636 0.356 0.617 1.584 1.367
73 118 5 237.786 83.661 37.853 1.653 0.522 1.481 0.951
73 138 1 253.823 81.239 37.558 4.774 1.188 0.879 -2.265
74 86 4 194.77 92.675 37.651 1.43 0.498 1.212 3.044
74 117 3 217.107 97.862 37.68 0.583 0.476 1.856 -1.633
74 118 5 238.394 85.714 37.893 1.704 0.564 1.413 0.873
74 138 1 252.585 77.158 37.719 4.676 1.37 0.958 -2.239
74 145 1 266.845 100.001 37.605 2.621 1.81 0.957 3.062
75 86 4 192.998 92.081 37.516 1.348 0.474 1.411 3.017
75 117 3 217.636 97.895 37.734 0.543 0.677 1.767 -0.918
75 118 5 239.089 87.793 37.87 1.67 0.554 1.435 0.841
75 138 1 251.492 73.099 37.768 4.726 0.922 1.225 -2.134
75 145 1 263.103 97.278 37.531 2.672 1.584 1.213 -3.107
76 86 4 191.226 91.592 37.687 1.527 0.354 1.294 3.022
76 117 3 218.048 97.387 37.776 0.359 0.608 1.684 -1.663
76 118 5 239.935 89.897 37.834 1.584 0.498 1.431 -2.371
76 138 1 250.757 68.858 37.772 4.579 0.592 1.333 -2.037
76 145 1 259.776 94.557 37.851 2.638 1.618 1.484 -2.726
76 150 2 267.568 100.635 38.429 2.067 2.272 2.767 3.137
77 86 4 189.438 91.236 37.515 1.267 0.389 1.544 3.064
77 117 3 218.547 96.871 37.783 0.626 0.647 1.728 -2.417
77 118 5 240.763 92.146 37.807 1.635 0.542 1.506 0.789
77 138 1 250.872 64.59 37.521 4.769 0.99 0.822 -1.886
77 145 1 257.481 91.623 37.877 3.931 1.639 1.455 -2.552
77 150 2 265.513 99.194 38.628 6.1 2.424 2.755 -2.875
78 86 4 187.55 90.856 37.664 1.036 0.459 1.178 3.027
78 117 3 218.873 96.024 37.8 0.527 0.695 1.737 -1.716
78 118 5 241.781 94.416 37.846 1.763 0.588 1.41 0.795
78 138 1 251.197 61.844 37.65 1.501 1.27 0.933 -1.772
78 145 1 255.306 88.118 37.91 4.183 1.663 1.4 -2.41
78 150 2 262.035 96.559 38.487 6.078 2.288 3.055 -2.785
79 86 4 185.861 90.409 37.622 1.167 0.382 1.174 3.098
79 117 3 219.212 95.164 37.832 0.433 0.727 1.709 -1.798
79 118 5 242.807 96.623 37.814 1.617 0.459 1.437 0.819
79 138 1 251.835 58.041 37.873 0.173 1.335 0.534 -1.755
79 145 1 253.619 84.298 37.879 4.398 1.753 1.418 -2.323
79 150 2 258.825 93.509 38.643 6.167 2.368 3.081 -2.696
80 86 4 183.945 90.048 37.634 0.93 0.566 1.433 3.033
80 117 3 219.425 94.3 37.901 0.474 0.564 1.62 -1.78
80 118 5 243.765 98.916 37.799 1.57 0.531 1.367 -2.188
80 145 1 252.303 80.219 37.952 4.444 1.637 1.514 -2.208
80 150 2 256.052 90.337 38.532 6.232 2.28 3.119 -2.583
81 86 4 182.255 89.567 37.686 1.09 0.393 1.308 3.106
81 117 3 219.69 93.426 37.931 0.555 0.711 1.61 -1.544
81 118 5 244.755 101.27 37.801 1.493 0.548 1.389 -2.286
81 145 1 251.495 75.951 37.913 4.515 1.607 1.456 -2.081
81 150 2 253.829 86.977 38.675 6.5 2.512 3.209 -2.488
82 86 4 180.541 89.155 37.773 1.465 0.433 1.071 3.056
82 117 3 219.772 92.583 37.924 0.567 0.691 1.661 -1.834
82 118 5 245.83 103.702 37.728 1.332 0.429 1.474 1.004
82 145 1 251.139 71.435 37.796 4.417 1.709 1.195 -1.968
82 150 2 251.759 83.068 38.66 6.322 2.464 3.144 -2.377
83 86 4 178.601 88.571 37.799 0.909 0.457 0.849 3.092
83 117 3 219.963 91.741 38.114 0.496 0.699 1.329 -1.768
83 118 5 246.797 106.131 37.782 1.169 0.527 1.343 0.882
83 145 1 251.136 66.893 37.893 4.396 1.713 1.513 -1.919
83 150 2 250.026 79 38.726 6.227 2.53 3.136 -2.27
84 86 4 176.776 88.072 37.734 1.26 0.417 1.356 3.074
84 117 3 220.08 90.948 38.115 0.627 0.582 1.327 -1.913
84 118 5 247.729 108.763 37.567 1.182 0.36 1.136 -1.934
84 145 1 251.422 62.703 37.74 3.587 1.737 1.119 1.284
84 150 2 248.796 74.728 38.612 6.18 2.456 2.843 -2.126
85 86 4 175.067 87.673 37.808 1.477 0.464 1.162 3.056
85 117 3 220.389 90.044 38.209 0.505 0.776 1.208 -1.865
85 118 5 248.412 111.498 37.529 1.467 0.492 1.227 1.221
85 150 2 248.03 70.392 38.586 5.91 2.397 2.848 -2.002
86 86 4 173.097 87.215 37.889 1.011 0.455 0.881 3.011
86 117 3 220.588 89.175 38.197 0.518 0.72 1.266 -1.787
86 118 5 248.87 114.301 37.633 1.433 0.514 0.965 1.435
86 150 2 247.943 65.767 38.48 5.867 2.468 2.763 -1.893
86 161 4 262.772 70.36 37.902 1.9 0.919 1.437 1.638
87 86 4 171.298 86.761 37.662 0.989 0.408 1.269 3.051
87 117 3 220.896 88.357 38.21 0.537 0.781 1.268 -2.028
87 118 5 249.037 117.215 37.543 1.474 0.423 1.088 1.437
87 150 2 248.322 61.128 38.424 5.797 2.389 2.758 -1.792
87 161 4 262.403 71.48 37.933 1.863 0.714 1.448 1.405
87 164 1 258.67 91.789 37.892 4.696 1.771 1.475 -2.553
88 86 4 169.507 86.34 37.586 0.851 0.354 1.218 3.046
88 117 3 221.128 87.622 38.171 0.668 0.527 1.334 -0.945
88 118 5 248.877 120.155 37.542 1.446 0.409 1.01 1.283
88 150 2 248.962 56.289 38.397 5.776 2.493 2.26 -1.754
88 161 4 262.178 72.64 37.893 1.785 0.644 1.603 1.396
88 164 1 255.782 87.52 37.941 4.553 1.737 1.754 -2.462
89 86 4 167.655 85.734 37.706 0.802 0.246 0.873 3.031
89 117 3 221.353 86.806 38.148 0.549 0.697 1.454 -1.834
89 118 5 248.802 123.078 37.511 1.373 0.381 1.088 1.652
89 150 2 249.179 53.169 38.343 2.127 1.948 2.005 -1.769
89 161 4 261.911 73.547 37.917 2.013 0.649 1.618 1.518
89 164 1 253.421 82.991 37.946 4.405 1.737 1.686 0.846
89 168 4 262.842 64.753 37.783 1.67 0.734 1.44 1.405
90 86 4 165.735 85.27 37.666 0.752 0.331 0.936 2.963
90 117 3 221.588 86.055 38.118 0.916 0.624 1.668 -1.133
90 118 5 248.332 126.19 37.48 1.171 0.35 1.126 1.732
90 161 4 261.684 74.142 37.799 1.931 0.663 1.333 1.421
90 164 1 251.847 78.434 38.049 4.848 1.924 1.794 -2.211
90 168 4 262.455 66.409 37.841 1.643 0.665 1.419 1.421
90 170 4 274.315 88.848 37.685 0.597 0.49 1.138 3.142
91 86 4 163.895 84.742 37.734 0.834 0.353 0.719 3.027
91 117 3 221.742 85.508 38.182 0.55 0.749 1.554 -1.71
91 164 1 250.785 73.506 38.07 4.98 1.917 1.845 -2.081
91 168 4 262.102 67.74 37.84 1.632 0.487 1.475 1.491
91 170 4 273.57 88.19 37.707 0.706 0.44 1.13 -2.596
91 171 5 263.925 97.371 37.453 1.147 1.211 0.45 -2.82
92 86 4 162.215 83.962 37.654 0.791 0.354 0.663 3.078
92 117 3 221.837 84.947 38.126 0.528 0.688 1.673 -1.703
92 164 1 250.367 68.45 38.067 4.856 1.873 1.626 -1.967
92 168 4 261.208 75.21 37.813 2.086 0.69 1.372 1.636
92 170 4 272.887 87.71 37.705 0.658 0.485 1.172 -2.562
92 171 5 260.574 94.407 37.587 1.714 0.686 0.398 0.802
93 86 4 160.381 83.289 37.75 0.85 0.2 0.343 3.059
93 117 3 222.185 84.586 38.086 0.83 0.492 1.754 -0.823
93 164 1 250.68 63.372 38.097 4.324 1.966 1.696 -1.852
93 168 4 261.086 75.448 37.855 2.006 0.759 1.31 1.483
93 170 4 272.127 87.327 37.873 0.582 0.634 0.863 -1.685
93 171 5 258.713 92.007 37.551 4.442 1.685 0.64 -2.305
93 176 4 261.573 69.77 37.911 1.779 0.505 1.464 1.424
94 117 3 222.758 84.234 38.066 0.667 0.782 1.782 -1.755
94 164 1 250.709 59.753 38.151 0.298 0.941 0.241 1.426
94 168 4 260.857 75.722 37.849 1.994 0.489 1.324 1.52
94 170 4 271.447 86.718 37.741 0.98 0.406 1.106 -2.736
94 171 5 256.391 88.254 37.597 4.632 1.479 1.069 -2.413
94 176 4 261.32 70.705 37.857 1.697 0.531 1.61 1.443
94 177 1 263.172 96.946 37.349 0.755 1.137 0.702 -2.716
95 117 3 223.411 83.933 38.075 0.76 0.966 1.748 0.767
95 168 4 260.81 76.065 37.869 1.768 0.586 1.308 1.541
95 170 4 270.868 86.353 37.914 0.585 0.298 0.792 -2.061
95 171 5 254.509 84.019 37.627 4.428 1.844 1.055 -2.375
95 176 4 261.116 71.576 37.903 1.665 0.619 1.572 1.458
95 177 1 261.448 95.23 37.484 4.485 1.665 0.675 -2.6
95 179 4 161.558 60.433 37.635 1.26 0.804 1.176 -0.057
96 117 3 224.118 83.524 38.032 1.025 0.755 1.687 -1.084
96 168 4 260.899 76.248 37.852 1.986 0.582 1.29 1.527
96 171 5 252.913 79.608 37.695 4.511 1.779 1.128 -2.249
96 176 4 260.999 72.399 37.903 1.735 0.713 1.597 1.392
96 177 1 258.79 92.066 37.679 4.395 1.792 1.11 -2.649
96 179 4 164.225 61.248 37.538 1.468 0.704 1.462 -0.103
96 181 1 262.292 63.43 37.305 2.308 1.149 0.533 1.5
97 117 3 225.2 82.588 38.061 0.986 0.575 1.605 -0.729
97 171 5 251.812 75.203 37.9 4.977 1.873 1.504 -2.144
97 176 4 260.926 72.81 37.788 1.268 0.822 1.317 1.461
97 177 1 255.912 88.914 37.428 4.396 1.095 0.68 -2.447
97 179 4 167.115 62.061 37.459 1.254 0.657 1.147 -0.061
97 181 1 261.986 65.055 37.793 2.378 1.321 1.454 1.42
98 117 3 226.572 81.53 38.08 0.826 0.667 1.756 -0.482
98 171 5 250.662 70.604 37.876 4.73 0.815 1.361 -2.021
98 176 4 260.578 73.698 37.821 1.656 0.709 1.291 1.412
98 177 1 254.311 85.18 37.488 4.629 1.739 0.623 -2.392
98 179 4 169.346 62.542 37.697 1.336 0.634 0.765 -0.078
98 181 1 261.579 65.044 37.808 3.198 0.497 1.419 1.412
98 183 4 263.696 79.729 37.86 1.735 0.663 1.382 1.456
99 117 3 227.848 80.345 38.051 0.752 0.539 1.749 -1.857
99 171 5 250.663 65.78 37.906 4.138 1.271 1.472 -1.911
99 176 4 260.198 74.5 37.831 1.614 0.628 1.315 1.453
99 177 1 252.564 81.274 37.631 4.912 1.441 0.728 -2.315
99 179 4 172.152 63.315 37.342 1.246 0.685 0.841 -0.084
99 181 1 261.413 67.017 37.845 3.589 0.932 1.442 1.4
99 183 4 263.367 81.474 38.143 1.158 0.34 0.894 1.483
100 117 3 229.185 78.988 38.061 0.826 0.664 1.746 -1.261
100 171 5 250.649 61.986 37.566 1.191 0.857 0.556 -1.887
100 176 4 259.982 75.077 37.966 0.714 0.395 1.008 1.617
100 177 1 251.537 76.836 37.627 4.958 1.938 0.916 -2.224
100 179 4 174.795 64.073 37.603 1.351 0.454 1.146 0.27
100 181 1 261.715 67.493 37.848 4.97 1.709 1.458 1.432
100 183 4 262.892 83.819 37.826 1.584 0.641 1.149 1.544
100 189 3 245.098 54.821 37.951 0.267 0.333 0.805 -1.822
101 117 3 230.28 77.79 38.033 0.981 0.77 1.712 -1.35
101 176 4 259.671 76.707 37.874 1.618 0.541 1.344 1.325
101 177 1 250.294 72.293 37.843 4.893 0.841 1.194 -2.037
101 179 4 177.581 64.767 37.559 1.354 0.77 1.411 -0.063
101 181 1 261.68 67.793 37.901 3.395 1.749 1.359 1.43
101 183 4 262.206 86.261 37.86 1.51 0.629 1.242 1.529
101 189 3 244.848 56.174 37.924 0.978 0.665 1.335 -1.675
101 191 4 259.752 81.159 37.944 2.065 0.574 1.398 1.55
102 117 3 231.354 76.437 37.996 0.628 0.72 1.684 -1.211
102 176 4 259.578 77.992 37.924 1.688 0.656 1.318 1.418
102 177 1 250.201 67.497 37.84 4.671 1.281 1.288 -1.899
102 179 4 180.395 65.577 37.575 1.411 0.802 1.508 -0.065
102 181 1 261.234 70.056 37.827 4.222 1.604 1.631 1.437
102 183 4 261.336 88.982 37.799 1.681 0.521 1.507 1.443
102 189 3 244.797 56.926 37.962 1.529 0.628 1.3 1.554
102 191 4 259.18 83.177 37.901 2.038 0.725 1.598 1.443
103 117 3 232.408 75.291 37.985 0.97 0.535 1.752 -1.276
103 176 4 259.438 78.888 37.953 0.774 0.324 1.217 1.691
103 177 1 250.278 63.818 37.649 1.516 0.996 0.558 -1.861
103 179 4 182.943 66.349 37.634 1.694 0.717 1.473 -0.072
103 181 1 261.236 71.179 37.862 4.833 1.854 1.552 1.366
103 183 4 260.477 91.934 37.857 1.607 0.603 1.461 1.397
103 189 3 244.584 57.701 37.874 0.884 0.214 0.759 -1.519
103 191 4 258.567 85.67 37.847 1.834 0.7 1.352 1.397
103 192 1 234.906 125.213 37.904 0.941 0.292 0.701 -1.567
104 117 3 233.431 74.183 38.008 0.586 0.568 1.673 -1.601
104 176 4 259.105 80.748 37.882 1.767 0.5 1.533 1.354
104 179 4 185.802 67.214 37.508 1.299 0.715 1.31 -0.067
104 181 1 260.682 72.849 37.811 4.85 0.932 1.27 1.313
104 183 4 259.471 95.312 37.737 1.699 0.484 1.152 1.497
104 191 4 257.786 88.44 37.923 1.912 0.556 1.379 1.566
104 192 1 234.944 125.074 37.919 1.019 0.417 0.754 -1.545
105 117 3 234.365 73.141 37.982 0.582 0.635 1.786 -0.079
105 176 4 258.745 82.249 37.908 1.567 0.483 1.547 1.47
105 179 4 188.645 68.062 37.562 1.562 0.839 1.367 -0.077
105 181 1 260.588 74.734 37.826 5.062 0.795 1.318 1.246
105 183 4 258.472 98.726 37.8 1.668 0.882 1.144 1.523
105 191 4 257.083 91.38 37.971 1.866 0.522 1.409 1.507
105 192 1 234.882 125.296 37.919 0.922 0.355 0.766 -1.589
106 117 3 235.231 72.051 37.954 0.831 0.568 1.744 -1.549
106 176 4 258.23 83.95 37.82 1.504 0.429 1.311 1.456
106 179 4 191.173 68.944 37.596 1.619 0.642 1.429 0.301
106 181 1 260.938 76.651 37.831 4.895 1.146 1.292 1.151
106 183 4 257.196 102.396 37.804 1.6 0.465 1.16 1.509
106 191 4 256.249 94.693 37.735 2.009 0.709 1.275 1.504
106 192 1 234.856 125.276 37.889 0.84 0.321 0.712 -1.583
107 117 3 235.948 71.348 37.942 0.702 0.715 1.718 -0.932
107 176 4 257.768 85.924 37.883 1.613 0.574 1.353 1.346
107 179 4 193.969 69.807 37.671 1.782 0.896 1.504 -0.079
107 181 1 261.709 78.696 37.876 4.754 1.914 1.357 1.059
107 183 4 256.105 106.073 37.872 1.511 0.742 1.196 1.573
107 191 4 255.177 98.126 37.763 1.946 0.703 1.348 1.573
107 192 1 234.911 125.143 37.91 0.938 0.373 0.751 -1.538
107 199 4 244.881 61.631 38.337 0.737 0.355 0.762 -0.394
108 117 3 236.392 70.642 37.956 0.608 0.599 1.628 -0.128
108 176 4 257.437 87.851 37.87 1.728 0.697 1.432 1.518
108 179 4 196.62 70.681 37.73 1.746 0.855 1.561 -0.07
108 181 1 262.561 81.08 37.832 4.78 1.915 1.497 0.868
108 183 4 254.669 110.038 37.619 1.054 0.555 1.27 1.456
108 191 4 253.955 101.899 37.768 1.859 0.76 1.419 1.495
108 192 1 234.913 125.147 37.712 1.161 0.371 1.123 -1.567
108 199 4 244.896 62.329 38.381 0.404 0.613 0.413 -1.556
109 117 3 236.867 70.095 37.909 0.755 0.651 1.68 -1.263
109 176 4 257.04 90.02 37.926 1.677 0.587 1.364 1.409
109 179 4 199.297 71.604 37.738 1.68 0.65 1.446 0.169
109 181 1 263.877 83.415 37.588 4.714 1.849 0.841 0.695
109 183 4 253.243 114.243 37.469 1.31 0.748 0.975 1.865
109 191 4 252.738 105.831 37.694 1.953 0.588 1.173 1.488
109 192 1 234.957 124.946 37.736 1.35 0.327 1.015 -1.601
109 199 4 244.896 63.129 38.221 0.736 0.616 0.703 1.299
110 117 3 237.23 69.603 37.899 0.621 0.628 1.65 -1.158
110 176 4 256.793 92.183 37.954 1.724 0.603 1.427 1.309
110 179 4 201.802 72.291 37.724 1.837 0.745 1.514 0.269
110 181 1 265.719 85.79 37.541 4.604 1.869 0.963 0.555
110 183 4 251.536 118.441 37.488 1.286 0.685 1.022 1.406
110 191 4 251.51 110.264 37.56 1.897 0.645 0.999 1.471
110 192 1 235.13 124.483 37.737 1.78 0.397 1.081 -1.614
110 199 4 244.59 63.623 37.875 0.7 0.591 1.133 1.566
110 203 4 260.261 116.275 37.526 1.228 0.189 1.172 -1.434
111 117 3 237.687 69.261 37.885 0.649 0.688 1.641 -0.824
111 176 4 256.479 94.328 37.702 1.579 0.579 1.299 1.338
111 179 4 204.34 72.993 37.778 1.796 0.825 1.461 -0.048
111 181 1 268.137 88.156 37.469 4.564 1.843 1.048 0.398
111 191 4 250.053 114.75 37.565 1.796 0.706 1.008 1.453
111 192 1 235.291 123.972 37.557 2.241 0.379 1.448 -1.621
111 199 4 244.467 63.77 37.833 0.778 0.57 1.228 1.533
111 203 4 260.442 115.258 37.52 1.176 0.475 1.158 -1.458
111 205 5 170.634 54.204 37.937 0.196 0.349 0.284 -0.044
112 117 3 238.238 69.051 37.888 0.79 0.719 1.61 -0.705
112 176 4 256.095 96.591 37.795 1.714 0.488 1.169 1.402
112 179 4 206.617 73.652 37.799 1.85 0.768 1.456 0.199
112 181 1 269.352 89.12 37.583 0.268 1.481 0.672 0.188
112 192 1 235.404 122.918 37.469 2.92 0.893 1.631 -1.646
112 199 4 244.334 63.807 38.001 0.975 0.577 1.251 -1.424
112 203 4 260.749 114.164 37.529 1.101 0.445 1.127 -1.86
112 205 5 174.001 54.903 37.996 0.644 0.721 0.346 -3.076
113 117 3 238.523 68.817 37.917 0.518 0.555 1.723 -0.314
113 176 4 255.878 98.776 37.718 1.644 0.406 1.353 1.346
113 179 4 208.858 74.307 37.81 1.939 0.807 1.493 -0.048
113 181 1 272.856 91.209 37.481 0.541 1.473 0.65 0.081
113 192 1 235.974 122.011 37.571 2.898 0.385 1.31 -1.593
113 199 4 244.264 63.862 37.932 0.932 0.574 1.313 1.494
113 203 4 260.98 113.16 37.647 1.357 0.369 1.429 -1.712
113 205 5 178.215 55.644 37.776 0.74 0.42 0.869 -0.019
114 117 3 238.9 68.748 37.925 0.537 0.735 1.754 -0.859
114 176 4 255.738 100.89 37.723 1.65 0.514 1.39 1.421
114 179 4 210.989 75.004 37.851 1.871 0.89 1.587 -0.048
114 192 1 236.397 120.921 37.732 2.502 0.357 1.042 -1.591
114 199 4 244.274 63.849 37.971 0.997 0.546 1.307 -1.633
114 203 4 261.198 111.953 37.641 1.044 0.525 1.419 -1.545
114 205 5 181.461 56.323 37.848 1.172 0.469 0.883 -0.083
115 117 3 239.122 68.513 37.967 0.597 0.741 1.658 -1.021
115 176 4 255.7 102.99 37.716 1.425 0.474 1.436 1.301
115 179 4 212.896 75.58 37.875 2.151 0.888 1.532 -0.094
115 192 1 237.016 119.465 37.622 2.16 0.351 1.284 -1.583
115 199 4 244.379 63.932 38.01 1.109 0.55 1.237 1.215
115 203 4 261.433 110.919 37.645 1.616 0.263 1.393 -1.593
116 117 3 239.335 68.249 37.932 0.544 0.715 1.712 -1.041
116 179 4 214.775 76.25 37.895 1.977 0.862 1.515 0.099
116 192 1 237.825 117.855 37.538 1.506 0.382 1.485 -1.487
116 199 4 244.401 63.927 37.946 0.999 0.546 1.363 1.156
