0 1 3 264.808 203.162 38.641 0.175 0.226 0.518 2.936
1 1 3 264.8 203.183 38.573 0.142 0.217 0.534 -0.31
1 2 3 221.724 148.126 39.086 0.393 0.503 1.154 -2.734
2 1 3 264.799 203.177 38.602 0.195 0.268 0.543 3.142
2 2 3 221.878 148.849 39.099 0.316 0.59 1.08 -3.031
3 1 3 264.788 203.182 38.583 0.097 0.182 0.341 -3.142
3 2 3 222.16 149.463 39.05 0.315 0.611 1.527 -3.048
4 1 3 264.745 203.232 38.569 0.138 0.193 0.478 -3.142
4 2 3 222.207 150.176 39.064 0.37 0.694 1.269 -3.044
5 1 3 264.719 203.227 38.492 0.165 0.209 0.479 -3.142
5 2 3 222.377 150.786 39.032 0.427 0.643 1.492 -3.076
5 3 4 228.159 129.613 38.924 0.703 0.328 1.046 -3.004
6 2 3 222.505 151.471 39.04 0.392 0.641 1.532 -3.004
6 3 4 228.418 131.489 38.697 1.007 0.509 1.306 -2.941
7 2 3 222.712 152.131 39.098 0.506 0.742 1.683 3.074
7 3 4 228.638 133.174 38.833 0.897 0.489 1.414 -3.103
8 2 3 222.795 152.822 39.06 0.479 0.633 1.741 -3.062
8 3 4 228.829 134.926 38.919 1.008 0.504 1.482 -3.054
9 2 3 222.978 153.485 39.078 0.566 0.769 1.734 -3.093
9 3 4 229.176 136.614 39.004 0.981 0.563 1.421 -3.128
10 2 3 223.079 154.123 39.097 0.882 0.844 1.766 2.747
10 3 4 229.599 138.131 38.952 1.636 0.595 1.688 3.089
10 4 5 219.745 93.635 38.569 0.552 1.603 0.405 -2.875
11 2 3 223.156 154.708 39.093 0.683 0.809 1.737 3.117
11 3 4 230.075 139.696 39.008 1.833 0.669 1.679 -3.066
11 4 5 219.977 97.339 38.549 2.18 1.99 0.933 -2.982
12 2 3 223.331 155.385 39.028 0.804 0.663 1.697 3.121
12 3 4 230.502 141.361 38.997 1.63 0.726 1.675 -3.079
12 4 5 220.485 102.237 38.672 1.743 2.019 1.015 -2.954
13 2 3 223.434 156.007 39.037 0.552 0.772 1.693 3.086
13 3 4 230.816 143.332 38.976 1.688 0.562 1.652 -3.118
13 4 5 220.885 106.872 38.871 2.845 1.882 1.452 -2.994
13 5 1 216.797 80.916 38.656 3.626 0.919 0.771 2.896
14 2 3 223.645 156.67 39.039 0.698 0.624 1.704 -3.127
14 3 4 231.146 144.969 39.025 1.776 0.619 1.487 3.051
14 4 5 221.308 111.513 38.918 4.27 2.014 1.44 -3.006
14 5 1 218.073 83.94 38.683 3.726 1.879 0.86 -3.138
15 2 3 223.721 157.401 39.013 0.456 0.671 1.713 2.876
15 3 4 231.461 146.698 39.013 1.482 0.562 1.514 3.089
15 4 5 221.993 116.835 38.981 4.341 2.049 1.494 -3.08
15 5 1 218.674 87.354 38.748 4.192 1.892 1.159 3.105
15 6 5 210.932 71.147 38.32 3.736 0.338 0.467 -2.069
16 2 3 223.959 157.997 39.145 0.438 0.614 1.477 2.999
16 3 4 231.876 148.179 39.05 1.052 0.457 1.498 3.123
16 4 5 222.744 122.213 39.021 5.183 2.036 1.513 -3.131
16 5 1 219.281 91.093 38.885 4.025 1.999 1.464 3.139
16 6 5 208.413 71.816 38.28 4.072 1.318 0.679 -1.9
17 2 3 224.025 158.66 39.026 0.451 0.664 1.533 3.142
17 3 4 232.264 149.547 39.233 0.4 0.431 0.72 -3.142
17 4 5 223.645 127.982 38.984 4.127 1.951 1.511 3.109
17 5 1 219.846 94.878 38.926 4.188 1.933 1.451 3.099
17 6 5 206.575 72.855 38.478 4.09 0.402 0.629 -1.729
18 4 5 224.742 133.327 38.978 3.56 1.991 1.468 3.07
18 5 1 220.3 98.624 38.94 4.255 2.04 1.445 -3.132
18 6 5 203.809 72.459 38.494 4.261 1.982 0.841 -1.45
19 4 5 225.821 138.78 38.866 3.189 1.851 1.362 2.972
19 5 1 220.611 102.225 38.994 4.44 1.859 1.48 -3.108
19 6 5 200.835 72.388 38.489 4.572 1.847 0.971 -1.367
19 16 5 206.026 78.709 38.233 0.286 0.19 0.42 -2.318
20 4 5 227.273 144.466 38.784 3.032 1.739 1.119 2.945
20 5 1 220.81 106.214 38.983 5.051 1.806 1.452 -3.095
20 6 5 197.852 71.856 38.613 4.39 1.877 0.908 -1.265
20 16 5 206.011 78.722 38.244 0.152 0.25 0.306 2.029
21 4 5 228.492 149.3 39.041 1.292 1.53 1.014 3.064
21 5 1 221.099 111.122 38.969 4.338 1.793 1.51 -3.084
21 6 5 194.635 71.119 38.85 4.417 1.892 1.427 -1.235
21 16 5 205.978 78.712 38.309 0.201 0.175 0.37 -2.972
22 5 1 221.386 115.676 38.963 4.093 1.706 1.459 -3.074
22 6 5 191.309 70.404 38.788 4.393 1.792 1.498 -1.278
22 16 5 205.967 78.702 38.293 0.239 0.146 0.334 -2.513
23 5 1 221.925 120.557 38.905 3.993 1.727 1.436 -3.056
23 6 5 187.85 69.557 38.719 4.435 1.72 1.491 -1.208
23 16 5 205.949 78.709 38.304 0.268 0.261 0.473 0.071
24 5 1 222.402 124.006 38.832 0.907 1.724 0.894 -3.074
24 6 5 184.154 68.681 38.434 4.435 1.84 0.988 -1.113
24 16 5 205.912 78.676 38.315 0.265 0.326 0.476 -0.828
24 27 1 214.25 90.258 38.41 0.229 0.308 0.472 0.021
24 28 1 208.675 57.141 38.254 0.17 0.133 0.37 1.6
25 5 1 223.218 129.457 38.789 1.296 1.615 0.976 -2.815
25 6 5 180.485 67.854 38.47 4.11 1.782 0.946 -0.94
25 16 5 205.962 78.66 38.319 0.309 0.217 0.501 -2.693
25 27 1 214.259 90.197 38.391 0.249 0.238 0.46 -2.696
25 28 1 208.721 57.168 38.168 0.185 0.173 0.39 -1.515
26 5 1 224.267 134.769 38.679 1.142 1.544 0.707 -2.643
26 6 5 176.694 67.009 38.38 4.134 1.768 1.014 -0.756
26 16 5 205.94 78.655 38.309 0.209 0.243 0.457 2.482
26 27 1 214.233 90.258 38.539 0.125 0.22 0.097 -2.546
26 28 1 208.656 57.132 38.211 0.207 0.135 0.302 -0.826
26 31 3 205.096 57.964 38.228 0.208 0.141 0.303 -0.826
27 6 5 174.136 66.464 38.559 0.997 1.814 1.232 -0.566
27 16 5 205.883 78.695 38.335 0.268 0.388 0.428 2.76
27 27 1 214.184 90.279 38.441 0.254 0.223 0.402 2.714
27 28 1 208.668 57.136 38.309 0.223 0.17 0.431 1.876
27 31 3 205.079 57.971 38.252 0.237 0.201 0.417 2.434
27 34 4 153.182 54.009 38.641 1.03 0.647 1.256 2.672
27 35 1 214.17 52.465 38.217 0.161 0.211 0.462 1.525
28 6 5 169.912 65.557 38.6 0.966 1.646 0.972 -0.384
28 16 5 205.853 78.607 38.339 0.318 0.275 0.491 2.8
28 27 1 214.157 90.329 38.361 0.252 0.194 0.341 1.152
28 28 1 208.663 57.136 38.234 0.247 0.155 0.364 2.528
28 31 3 205.036 57.939 38.306 0.264 0.245 0.429 2.729
28 34 4 157.516 54.818 38.595 1.212 0.74 1.423 2.76
28 35 1 214.19 52.456 38.22 0.225 0.305 0.317 1.63
28 37 2 210.489 56.144 38.203 0.255 0.159 0.364 2.424
29 6 5 165.542 64.694 38.431 1.054 1.663 0.814 -0.189
29 16 5 205.838 78.624 38.293 0.256 0.256 0.341 2.987
29 27 1 214.105 90.345 38.35 0.21 0.233 0.311 1.165
29 28 1 208.619 57.148 38.245 0.205 0.155 0.316 2.637
29 31 3 205.048 57.956 38.297 0.214 0.201 0.383 2.919
29 34 4 162.185 55.754 38.458 1.233 0.651 1.125 2.945
29 35 1 214.169 52.479 38.256 0.147 0.279 0.306 1.968
29 37 2 210.485 56.13 38.284 0.218 0.226 0.359 2.25
29 38 3 222.458 29.871 39.207 0.291 0.346 0.859 1.443
29 39 3 174.85 50.529 39.039 0.4 0.503 0.745 2.955
30 6 5 161.47 63.777 38.495 0.395 1.514 0.515 -0.106
30 16 5 205.779 78.67 38.328 0.262 0.215 0.431 -1.596
30 27 1 214.112 90.353 38.389 0.225 0.259 0.442 3.042
30 28 1 208.615 57.169 38.246 0.291 0.204 0.41 2.891
30 31 3 205.036 57.942 38.289 0.308 0.316 0.462 2.994
30 34 4 166.514 56.737 38.577 1.611 0.811 1.432 3.041
30 35 1 214.145 52.472 38.199 0.218 0.277 0.42 2.261
30 37 2 210.493 56.104 38.238 0.247 0.244 0.47 2.466
30 38 3 222.417 30.024 39.052 0.206 0.362 0.99 1.762
30 39 3 175.467 50.729 39.003 0.299 0.503 0.806 3.007
31 6 5 156.608 62.859 38.464 0.791 1.717 0.835 -0.005
31 16 5 205.764 78.667 38.328 0.184 0.155 0.406 -2.997
31 27 1 214.13 90.405 38.369 0.25 0.171 0.223 1.356
31 28 1 208.608 57.174 38.252 0.237 0.172 0.356 3.037
31 31 3 205.012 58.009 38.331 0.247 0.219 0.396 3.042
31 34 4 170.919 57.877 38.682 1.707 0.858 1.567 3.108
31 35 1 214.095 52.5 38.262 0.173 0.259 0.441 1.936
31 37 2 210.458 56.133 38.282 0.182 0.251 0.416 2.473
31 38 3 222.235 30.16 39.217 0.347 0.511 0.983 1.591
31 39 3 176.111 50.949 39.118 0.47 0.499 0.877 -3.09
32 6 5 151.787 61.867 38.654 1.08 1.735 1.402 0
32 16 5 205.732 78.685 38.312 0.184 0.165 0.417 0
32 27 1 214.114 90.4 38.317 0.125 0.107 0.186 1.201
32 28 1 208.57 57.214 38.239 0.195 0.154 0.307 0
32 31 3 204.987 58.024 38.311 0.248 0.167 0.429 0
32 34 4 175.174 58.932 38.706 1.814 0.829 1.474 3.129
32 35 1 214.113 52.504 38.277 0.223 0.157 0.408 -0
32 37 2 210.425 56.189 38.182 0.251 0.204 0.37 3.087
32 38 3 222.219 30.332 39.04 0.271 0.487 0.593 1.482
32 39 3 176.831 51.092 39.056 0.397 0.666 0.953 0
33 6 5 146.952 60.884 38.625 1.086 1.748 1.469 -0.002
33 16 5 205.723 78.709 38.261 0.136 0.139 0.368 -3.022
33 27 1 214.118 90.453 38.354 0.233 0.129 0.447 1.465
33 28 1 208.559 57.228 38.25 0.191 0.274 0.426 3.082
33 31 3 204.967 58.046 38.292 0.178 0.201 0.421 3.081
33 34 4 179.289 60.027 38.758 1.991 0.848 1.541 -3.101
33 35 1 214.083 52.599 38.18 0.182 0.386 0.417 2.232
33 39 3 177.443 51.232 39.088 0.525 0.525 0.905 3.123
34 6 5 141.996 59.825 38.634 1.073 1.822 1.433 0.03
34 16 5 205.61 78.746 38.202 0.302 0.257 0.321 -2.988
34 34 4 183.371 61.111 38.829 1.945 0.847 1.585 3.123
34 39 3 178.265 51.335 39.159 0.493 0.738 0.982 -3.129
35 6 5 136.949 58.784 38.331 0.979 1.652 1.08 0.011
35 34 4 188.062 62.253 38.791 1.945 0.852 1.58 3.142
35 39 3 178.872 51.465 39.136 0.604 0.426 1.022 3.142
36 6 5 131.936 57.671 38.34 1.115 1.85 1.14 0.003
36 34 4 191.736 63.137 38.779 1.668 0.731 1.551 3.14
36 39 3 179.65 51.429 39.13 1.03 0.688 1.023 -2.252
37 6 5 126.898 56.602 38.347 1.023 1.635 1.042 0.032
37 34 4 195.42 63.858 38.701 1.629 0.648 1.395 -3.04
37 39 3 180.476 51.705 39.163 0.811 0.402 1.028 3.142
38 6 5 121.842 55.509 38.386 1.195 1.928 1.091 -0.027
38 34 4 198.783 64.381 38.718 1.174 0.603 1.325 -3.026
38 39 3 181.075 51.741 39.113 0.771 0.742 0.965 0.051
39 6 5 116.91 54.549 38.603 0.986 1.692 1.588 0.074
39 34 4 202.288 64.61 38.837 1.055 0.743 1.436 -3.083
39 39 3 181.84 51.919 39.152 0.424 0.432 0.685 3.137
40 6 5 111.898 53.526 38.577 1.263 1.731 1.543 0.088
40 34 4 205.781 64.635 38.711 1.125 0.817 1.123 -3.042
40 39 3 182.468 52.057 39.112 0.246 0.612 0.584 -3.078
40 49 4 98.408 45.479 38.61 1.816 0.63 1.093 -3.069
41 6 5 107.431 52.576 38.625 0.927 1.628 1.497 0.096
41 39 3 183.187 52.011 39.063 0.235 0.349 0.458 -2.995
41 49 4 103.216 46.307 38.66 1.745 0.628 1.408 -3.135
41 53 1 91.099 40.888 38.644 4.397 1.471 1.869 -1.061
42 6 5 103.163 51.802 38.648 1.218 1.774 1.468 0.094
42 39 3 183.852 52.249 38.925 0.198 0.38 0.557 -3.084
42 49 4 108.031 47.08 38.605 1.703 0.665 1.524 -3.078
42 53 1 90.313 41.928 38.583 4.334 0.722 1.406 -0.881
43 6 5 98.562 51.189 38.448 3.954 1.762 1.113 -0.146
43 49 4 112.79 47.82 38.652 2.244 0.84 1.604 -3.106
43 53 1 88.821 42.084 38.698 4.404 1.765 1.525 -0.638
44 6 5 95.528 50.95 38.646 4.139 1.78 1.526 -0.185
44 49 4 117.553 48.696 38.679 2.643 0.841 1.579 -3.079
44 53 1 87.533 42.268 38.636 4.567 1.801 1.545 -0.436
44 56 3 72.05 54.901 38.539 0.51 0.645 1.198 0.088
45 6 5 92.668 51.259 38.398 4.381 1.798 1.011 -0.356
45 49 4 122.482 49.77 38.707 2.449 1.007 1.613 3.142
45 53 1 86.484 42.217 38.65 4.244 1.875 1.616 -0.259
45 56 3 71.903 54.724 38.517 0.98 0.66 1.396 2.184
46 6 5 89.953 51.933 38.67 4.346 1.793 1.565 -0.495
46 49 4 128.323 51.162 38.727 2.465 0.757 1.592 -3.052
46 53 1 85.373 42.048 38.717 4.205 1.794 1.56 -0.07
46 56 3 71.646 54.574 38.684 0.61 0.69 1.231 -0.053
46 61 5 95.171 55.306 38.155 0.056 0.195 0.161 0
46 63 2 77.146 43.732 38.218 0.132 0.171 0.496 -0.161
46 64 4 98.865 48.034 38.192 0.099 0.105 0.388 -2.997
46 65 4 77.106 42.586 38.327 0.21 0.327 0.72 -0.337
47 6 5 87.353 52.832 38.677 4.411 1.766 1.59 -0.552
47 49 4 133.411 52.449 38.683 2.365 0.733 1.646 -3.108
47 53 1 84.357 41.734 38.742 4.216 1.816 1.697 0.024
47 56 3 71.348 54.532 38.668 0.589 0.712 1.39 0.308
47 61 5 95.153 55.354 38.198 0.139 0.154 0.261 0.037
47 63 2 77.136 43.745 38.235 0.264 0.28 0.508 0.013
47 64 4 98.836 48.027 38.193 0.116 0.183 0.411 0.003
47 65 4 77.156 42.752 38.334 0.272 0.341 0.708 0.073
47 68 5 60.646 47.372 39.152 0.506 0.306 0.426 0.686
48 6 5 84.86 54.062 38.677 4.414 1.773 1.569 -0.665
48 49 4 138.565 53.854 38.68 2.307 0.874 1.616 3.142
48 53 1 83.539 41.435 38.795 4.133 1.844 1.581 0.117
48 56 3 71.018 54.604 39.198 0.383 0.335 0.316 1.532
48 61 5 95.137 55.352 38.103 0.139 0.224 0.488 -0.204
48 63 2 77.12 43.753 38.27 0.199 0.096 0.597 -2.54
48 64 4 98.809 48.042 38.264 0.17 0.122 0.434 2.221
48 65 4 77.153 42.781 38.191 0.221 0.251 0.424 -0.071
48 68 5 60.217 48.862 38.739 1.33 0.726 1.535 -1.681
48 71 4 73.771 22.755 38.77 2.997 0.796 1.013 -0.208
48 78 4 96.92 40.117 38.178 0.093 0.193 0.366 -2.651
49 6 5 82.501 55.482 38.678 4.45 1.836 1.605 -0.749
49 49 4 143.511 55.143 38.73 1.859 0.729 1.201 -3.04
49 53 1 83.18 41.162 38.861 3.61 1.852 1.687 0.226
49 56 3 71.027 54.264 39.283 0.66 0.203 0.234 -0.851
49 61 5 95.117 55.402 38.124 0.176 0.264 0.507 0
49 63 2 77.104 43.8 38.28 0.182 0.169 0.379 0
49 64 4 98.833 48.081 38.245 0.203 0.284 0.499 0.076
49 65 4 77.209 42.832 38.285 0.117 0.14 0.378 0
49 68 5 60.026 50.462 38.62 1.265 0.387 1.412 -1.536
49 71 4 72.638 22.758 38.729 2.927 1.084 1.43 -0.174
49 78 4 96.892 40.114 38.232 0.209 0.253 0.427 0.076
50 6 5 80.325 57.178 38.687 4.46 1.892 1.601 -0.854
50 49 4 148.631 56.41 38.649 1.596 0.675 1.608 -3.104
50 53 1 82.457 40.819 38.85 4.229 1.867 1.636 0.272
50 56 3 70.789 54.354 38.67 0.695 0.594 1.269 -0.029
50 61 5 95.135 55.396 38.162 0.194 0.236 0.484 2.739
50 63 2 77.099 43.815 38.304 0.188 0.251 0.516 1.61
50 64 4 98.798 48.088 38.222 0.209 0.255 0.422 0.082
50 65 4 77.223 42.855 38.297 0.186 0.196 0.531 -1.576
50 68 5 59.809 51.482 38.609 0.564 0.366 1.51 -1.623
50 71 4 71.439 22.781 38.742 2.868 1.062 1.441 -0.082
50 78 4 96.897 40.138 38.207 0.194 0.138 0.369 0.068
50 81 1 72.113 9.996 39.136 0.278 0.86 0.768 1.545
50 85 3 77.269 43.463 38.223 0.215 0.087 0.334 -1.576
51 6 5 78.431 59.208 38.657 4.519 1.758 1.605 -0.962
51 49 4 153.769 57.618 38.718 1.163 0.764 1.465 -3.083
51 53 1 82.213 40.625 38.864 4.141 1.868 1.763 0.398
51 56 3 70.578 54.387 38.702 0.595 0.753 1.485 0.136
51 63 2 77.145 43.852 38.322 0.225 0.271 0.646 -1.378
51 64 4 98.805 48.106 38.228 0.257 0.207 0.428 0.129
51 65 4 77.214 42.883 38.374 0.2 0.163 0.533 -1.339
51 68 5 59.442 53.338 38.622 1.095 0.487 1.22 -1.749
51 71 4 70.302 22.472 38.811 2.907 1.094 1.409 0.198
51 78 4 96.9 40.148 38.211 0.162 0.191 0.405 -1.469
51 81 1 72.168 9.548 39.478 0.26 0.99 0.162 1.577
51 85 3 77.29 43.473 38.202 0.203 0.16 0.38 -1.565
52 6 5 76.989 61.589 38.545 4.446 1.772 1.4 -1.083
52 53 1 81.943 40.476 38.861 4.215 1.878 1.685 0.53
52 56 3 70.59 54.313 38.635 0.632 0.707 1.325 1.09
52 63 2 77.082 43.842 38.388 0.191 0.261 0.556 -1.379
52 64 4 98.784 48.124 38.248 0.198 0.224 0.511 1.808
52 65 4 77.159 42.876 38.369 0.164 0.228 0.557 0
52 68 5 59.198 54.534 38.713 0.361 0.51 1.459 -1.058
52 71 4 69.999 22.247 38.923 1.59 0.696 0.639 -2.746
52 78 4 96.885 40.166 38.22 0.138 0.209 0.349 1.808
52 81 1 72.236 9.139 39.595 0.19 0.697 0.402 1.713
52 85 3 77.237 43.509 38.299 0.155 0.091 0.357 -1.379
52 89 1 80.073 104.712 38.127 2.66 0.512 1.039 -2.858
52 91 5 95.036 55.431 38.387 0.149 0.134 0.061 -1.553
53 6 5 75.808 64.093 38.624 4.446 1.826 1.638 -1.1
53 53 1 81.546 40.257 38.902 4.307 1.825 1.634 0.658
53 56 3 70.183 54.332 38.703 0.75 0.534 1.48 0.863
53 63 2 77.071 43.856 38.391 0.357 0.2 0.622 0.003
53 64 4 98.782 48.123 38.261 0.259 0.287 0.518 0.317
53 65 4 77.19 42.912 38.398 0.242 0.263 0.521 0.022
53 68 5 59.091 56.33 38.658 1.512 0.6 1.426 -1.448
53 78 4 96.874 40.244 38.207 0.226 0.168 0.447 0.348
53 81 1 72.202 8.664 39.091 0.453 0.866 1.232 1.837
53 85 3 77.212 43.49 38.28 0.196 0.227 0.418 0.003
53 89 1 80.534 104.776 38.037 2.665 0.413 1.078 -2.723
53 91 5 95.019 55.464 38.154 0.19 0.243 0.513 -0
54 6 5 74.959 66.87 38.595 4.423 1.735 1.549 -1.044
54 53 1 81.055 39.888 38.893 4.291 1.84 1.636 0.844
54 56 3 69.995 54.285 38.73 0.662 0.544 1.538 0.427
54 63 2 77.055 43.888 38.359 0.316 0.37 0.64 0.335
54 64 4 98.736 48.162 38.231 0.2 0.18 0.433 -2.652
54 65 4 77.186 42.932 38.396 0.239 0.224 0.638 0.335
54 68 5 59.167 57.852 38.603 1.523 0.481 1.374 -1.392
54 78 4 96.88 40.259 38.197 0.236 0.154 0.502 -2.663
54 81 1 72.416 8.299 39.446 1.176 0.473 0.373 0.412
54 85 3 77.237 43.544 38.276 0.233 0.263 0.431 0.335
54 89 1 81.011 104.967 37.948 2.018 0.362 0.889 -2.59
54 91 5 94.988 55.492 38.131 0.151 0.202 0.468 0.324
54 95 4 68.805 20.966 38.782 1.893 1.023 1.437 1.59
54 97 1 63.371 108.841 38.366 2.921 1.782 1.156 1.935
55 6 5 74.242 69.836 38.584 4.454 1.849 1.594 -0.962
55 53 1 80.35 39.35 38.921 4.305 1.88 1.684 1.047
55 56 3 69.875 54.205 38.746 0.821 0.844 1.526 0.586
55 63 2 77.017 43.923 38.389 0.373 0.357 0.62 0.713
55 64 4 98.739 48.201 38.221 0.152 0.154 0.441 0.647
55 65 4 77.132 43.005 38.373 0.328 0.319 0.631 -0
55 68 5 59.057 59.341 38.594 1.546 0.598 1.569 -1.363
55 78 4 96.852 40.279 38.189 0.18 0.102 0.42 0.641
55 81 1 72.471 7.885 39.586 0.208 0.878 0.355 2.134
55 85 3 77.237 43.546 38.282 0.248 0.315 0.48 0.713
55 89 1 80.887 104.947 38.011 2.225 0.465 0.614 -2.522
55 91 5 95.006 55.525 38.145 0.164 0.223 0.426 -2.761
55 95 4 68.771 19.899 38.763 2.811 1.083 1.264 2.038
55 97 1 63.847 106.369 38.015 3.621 1.635 0.879 2.133
56 6 5 73.628 72.956 38.521 4.417 1.74 1.619 -0.831
56 53 1 79.555 38.575 38.916 4.336 1.859 1.695 1.305
56 56 3 69.636 54.038 38.733 0.836 0.941 1.507 0.828
56 63 2 77.03 43.96 38.345 0.305 0.32 0.576 -0.859
56 65 4 77.155 42.918 38.404 0.362 0.235 0.658 2.29
56 68 5 59.012 60.729 38.658 1.527 0.838 1.569 -0.954
56 81 1 72.534 7.428 39.396 0.318 0.834 0.359 2.289
56 85 3 77.211 43.555 38.275 0.211 0.211 0.361 -0.785
56 95 4 69.014 19.436 38.658 2.819 0.939 1.05 2.415
56 97 1 64.366 103.57 38.305 3.429 1.687 1.257 2.262
56 101 3 57.388 90.106 38.213 0.216 0.387 0.966 -0.881
56 102 1 86.435 17.399 38.513 0.726 1.079 0.504 -0.826
57 6 5 73.072 76.299 38.502 4.431 1.834 1.557 -0.662
57 53 1 78.469 37.295 38.911 4.434 1.845 1.665 1.59
57 56 3 69.683 54.01 38.775 0.698 1.036 1.563 1.522
57 63 2 77.027 43.966 38.388 0.327 0.278 0.675 2.255
57 65 4 77.073 42.991 38.544 0.272 0.317 0.734 0
57 68 5 58.931 62.297 38.616 1.654 0.811 1.567 -0.735
57 81 1 72.718 7.025 39.399 0.392 1.118 0.311 2.611
57 85 3 77.224 43.565 38.289 0.231 0.255 0.433 0.963
57 95 4 69.245 19.171 38.691 2.908 0.974 1.267 2.666
57 97 1 64.592 101.82 38.727 1.38 0.887 0.504 2.517
57 101 3 57.468 90.964 38.384 0.302 0.653 1.28 -0.491
57 102 1 86.214 19.831 38.565 0.787 1.638 0.595 -0.641
57 103 4 56.341 110.733 38.221 0.984 0.308 0.881 -0.637
57 107 1 96.869 55.594 38.106 0.278 0.285 0.389 -0.568
58 6 5 72.556 79.668 38.483 4.075 1.825 1.56 -0.491
58 53 1 77.803 36.226 38.923 3.572 1.802 1.691 1.896
58 56 3 69.365 53.845 38.755 0.733 0.962 1.48 1.436
58 63 2 77.049 43.991 38.421 0.207 0.174 0.514 -0.323
58 65 4 77.08 43.049 38.442 0.291 0.373 0.533 0
58 68 5 58.753 63.735 38.604 1.608 0.85 1.581 -0.478
58 81 1 72.687 6.466 39.535 0.306 0.909 0.364 -0.33
58 85 3 77.231 43.584 38.299 0.295 0.229 0.489 -0.323
58 95 4 69.301 19.099 38.791 2.846 1.08 1.411 3.019
58 97 1 65.437 97.461 38.132 2.604 1.791 1.271 2.684
58 101 3 57.266 91.758 38.381 0.361 0.648 1.656 -0.406
58 102 1 85.754 21.148 38.712 1.075 0.965 0.827 -0.686
58 103 4 56.355 108.818 38.19 1.083 0.557 0.788 2.66
58 107 1 96.843 55.615 38.057 0.198 0.296 0.322 -2.071
59 6 5 72.106 82.547 38.473 2.615 1.754 1.612 -0.298
59 53 1 76.9 34.342 38.957 4.203 1.805 1.739 2.232
59 56 3 69.22 53.79 38.746 0.847 0.819 1.514 1.334
59 63 2 77.064 43.973 38.381 0.197 0.28 0.483 -1.802
59 65 4 77.109 42.838 38.549 0.366 0.378 0.562 0
59 68 5 58.545 65.155 38.637 1.491 0.612 1.608 -0.222
59 81 1 72.795 6.091 39.382 0.286 0.907 0.512 2.835
59 85 3 77.251 43.633 38.298 0.173 0.114 0.386 -0.103
59 95 4 69.422 19.102 38.706 2.769 0.686 1.177 3.083
59 97 1 65.83 95.481 38.336 4.119 1.748 1.673 2.844
59 101 3 57.211 92.632 38.35 0.283 0.621 1.575 2.808
59 102 1 85.706 22.577 38.466 0.96 1.495 0.631 -0.4
59 103 4 56.629 106.918 38.173 1.078 0.555 0.684 2.844
59 107 1 96.852 55.635 38.117 0.133 0.159 0.369 -3.142
60 6 5 71.443 86.572 38.432 3.287 1.949 1.597 -0.191
60 53 1 76.42 32.745 39.03 4.238 1.69 1.543 2.535
60 56 3 69.106 53.549 38.786 0.633 1.042 1.459 2.353
60 63 2 77.065 43.998 38.37 0.139 0.092 0.418 -3.142
60 65 4 77.098 42.886 38.431 0.516 0.321 0.845 -0.001
60 68 5 58.089 66.645 39.018 1.071 0.607 0.85 0.04
60 85 3 77.3 43.631 38.295 0.199 0.16 0.323 3.142
60 95 4 69.555 18.533 38.762 1.416 0.865 1.23 -3.049
60 97 1 66.308 92.904 38.39 4.089 1.867 1.548 2.912
60 101 3 57.086 93.533 38.338 0.403 0.565 1.701 0.014
60 102 1 85.477 23.483 38.438 0.808 1.443 0.53 -0.21
60 103 4 56.769 105.017 38.192 1.014 0.487 1.097 3.016
60 107 1 96.848 55.642 38.089 0.123 0.088 0.313 3.142
60 119 1 71.24 109.894 37.951 0.357 1.326 0.517 -0.054
61 6 5 70.917 90.426 38.405 3.351 1.864 1.547 -0.034
61 53 1 76.238 31.194 38.953 3.834 1.805 1.6 2.745
61 56 3 68.874 53.411 38.747 0.589 1.147 1.416 2.395
61 63 2 77.09 44.019 38.351 0.176 0.284 0.658 1.064
61 65 4 77.099 42.874 38.55 0.432 0.242 0.571 0
61 68 5 57.724 68.082 38.857 1.118 0.525 1.034 -0.01
61 85 3 77.344 43.694 38.266 0.202 0.223 0.237 0.015
61 95 4 69.4 18.6 38.96 1.444 0.965 1.398 -3.103
61 97 1 66.686 90.389 38.405 3.991 2.007 1.561 3.107
61 101 3 56.941 94.366 38.322 0.575 0.647 1.733 -0.072
61 102 1 84.87 23.631 38.69 2.51 1.608 0.997 -0.551
61 103 4 56.894 103.372 38.203 1.196 0.569 0.988 2.923
61 107 1 96.858 55.652 38.048 0.194 0.105 0.364 -3.141
61 119 1 71.251 109.904 38.042 0.54 1.484 0.881 0.015
61 122 1 72.241 97.63 37.923 0.19 0.228 0.637 1.496
61 124 1 72.817 65.551 38.118 0.306 0.325 0.384 3.076
62 6 5 70.302 94.201 38.391 3.292 1.937 1.612 -0.039
62 53 1 76.384 30.672 39.013 1.028 1.575 1.393 2.861
62 56 3 68.364 53.401 38.708 0.726 0.486 1.352 2.224
62 65 4 77.031 42.887 38.345 0.312 0.202 0.684 0.063
62 68 5 57.346 69.397 38.606 1.348 0.741 1.615 -0.025
62 85 3 77.218 43.729 38.398 0.373 0.356 0.661 0
62 95 4 69.22 18.578 38.929 1.582 1.217 1.441 3.142
62 97 1 67.05 88.127 38.474 4.107 2.038 1.525 3.117
62 101 3 56.76 95.262 38.182 0.791 0.71 1.611 -0.112
62 102 1 84.857 25.006 38.422 0.769 1.586 0.608 0.051
62 103 4 56.924 101.652 38.187 1.33 0.606 1.269 2.887
62 119 1 71.224 110.496 38.018 1.715 1.591 1.003 0.071
62 122 1 72.232 97.608 37.795 0.294 0.324 0.496 -3.004
62 124 1 72.821 65.575 38.092 0.202 0.255 0.44 3.142
63 6 5 69.781 97.634 38.413 2.531 1.792 1.508 0.06
63 53 1 76.573 28.379 38.936 1.081 1.624 1.561 3.039
63 56 3 68.273 52.95 39.245 0.297 1.018 0.535 1.969
63 65 4 77.006 43.201 38.513 0.127 0.457 0.456 1.568
63 68 5 57.014 70.777 38.835 1.322 0.903 1.145 0.04
63 85 3 77.095 44.039 38.371 0.19 0.219 0.424 0.057
63 97 1 67.458 86.039 38.522 4.267 1.974 1.636 -3.121
63 101 3 56.575 96.099 38.296 0.635 0.745 1.508 -0.022
63 102 1 84.209 24.416 38.557 3.762 0.869 0.995 -0.286
63 103 4 57.141 100.075 38.309 1.435 0.684 1.291 3.135
63 119 1 70.803 111.499 38.057 3.869 1.334 1.362 0.098
63 122 1 72.282 97.632 37.895 0.308 0.347 0.448 -3.072
63 124 1 72.804 65.658 38.092 0.371 0.323 0.344 0
63 128 1 60.044 135.944 38.357 4.867 1.48 1.667 2.676
64 6 5 69.111 101.875 38.314 3.371 1.824 1.51 0.039
64 53 1 76.977 26.136 39.229 0.472 1.565 0.662 3.089
64 68 5 56.794 72.41 38.58 1.341 0.68 1.661 0.115
64 85 3 77.12 43.979 38.406 0.273 0.319 0.332 0
64 97 1 67.796 84.166 38.541 4.574 1.851 1.606 -3.137
64 101 3 56.414 97.06 38.772 0.282 0.583 0.748 0.048
64 102 1 84.373 24.886 38.271 4.213 1.838 0.465 0
64 103 4 57.509 98.535 38.338 1.232 0.604 1.035 -3.11
64 119 1 71.263 110.848 38.152 2.568 1.691 1.42 0.069
64 122 1 72.276 97.655 37.907 0.204 0.206 0.492 -0.001
64 124 1 72.839 65.598 38.071 0.187 0.224 0.35 3.142
64 128 1 59.702 133.974 38.164 4.381 1.744 1.552 2.839
65 6 5 68.511 105.25 38.345 2.526 1.804 1.502 0.042
65 53 1 77.316 23.414 39.266 0.608 1.609 0.795 -0.073
65 68 5 56.498 73.559 38.804 1.396 0.725 1.223 0.07
65 85 3 77.149 44.09 38.352 0.218 0.345 0.282 0
65 97 1 68.052 82.364 38.6 4.841 1.834 1.583 -3.126
65 101 3 56.25 97.851 38.345 0.4 0.54 1.71 -3.041
65 102 1 84.156 27.552 38.449 0.288 1.262 0.058 3.035
65 103 4 57.873 97.037 38.231 1.505 0.626 1.586 -3.1
65 119 1 70.984 111.671 38.169 4.138 1.563 1.462 0.088
65 122 1 72.292 97.642 37.944 0.374 0.3 0.663 2.891
65 124 1 72.875 65.609 38.094 0.259 0.171 0.398 -1.605
65 128 1 59.58 131.994 38.28 4.774 1.77 1.947 2.912
65 134 5 67.785 52.844 39.343 0.641 0.613 0.06 3.076
65 135 1 73.959 101.172 38.23 0.471 1.457 0.837 -1.499
65 136 1 68.541 126.438 38.6 1.322 1.638 1.421 0.014
66 6 5 67.723 109.567 38.196 3.582 1.975 1.418 0.054
66 68 5 56.264 75.013 38.803 1.425 0.636 1.111 0.059
66 97 1 68.389 80.871 38.589 4.602 1.879 1.625 -3.12
66 101 3 56.102 98.766 38.344 0.35 0.729 1.775 -0.044
66 103 4 58.127 95.656 38.237 1.6 0.607 1.481 3.098
66 119 1 71.08 111.81 38.165 4.485 1.733 1.465 0.027
66 122 1 72.31 97.69 37.998 0.34 0.397 0.72 0.009
66 124 1 72.907 65.628 38.044 0.111 0.181 0.304 -3.142
66 128 1 59.636 129.924 38.25 4.749 1.732 1.832 2.971
66 134 5 67.633 52.727 38.771 0.854 0.675 1.311 -3.063
66 135 1 73.978 101.139 38.174 0.684 1.405 1.039 -1.555
66 136 1 68.487 125.956 38.509 0.515 1.463 1.341 -3.124
67 6 5 67.125 113.212 38.277 3.332 1.783 1.506 0.037
67 68 5 56.118 76.54 38.6 1.156 0.568 1.604 3.139
67 97 1 68.594 79.304 38.563 4.23 1.835 1.652 -3.114
67 101 3 56.031 99.665 38.28 0.564 0.581 1.725 0.015
67 103 4 58.253 94.098 38.268 1.697 0.721 1.499 -3.134
67 119 1 71.054 111.72 38.196 4.357 1.704 1.497 0.06
67 122 1 72.32 97.713 38.018 0.44 0.3 0.694 0.04
67 124 1 72.933 65.663 38 0.192 0.258 0.375 0
67 128 1 59.727 127.855 38.333 4.861 1.774 1.903 3.016
67 134 5 67.327 52.713 38.688 0.424 0.595 1.28 2.485
67 135 1 74.409 101.261 38.29 1.612 1.552 1.413 0.031
67 136 1 68.443 126.348 38.581 1.726 1.461 1.363 0.023
68 6 5 66.549 116.603 38.2 2.587 1.814 1.479 -0.021
68 68 5 56.002 77.815 38.71 1.467 0.636 1.245 -0.023
68 97 1 68.838 77.976 38.58 4.342 1.85 1.599 -3.121
68 101 3 55.858 100.513 38.318 0.754 0.738 1.775 -0.02
68 103 4 58.467 92.574 38.311 1.676 0.762 1.511 3.115
68 119 1 71.161 111.787 38.23 4.447 1.816 1.517 0.025
68 122 1 72.321 97.7 38.092 0.308 0.362 0.524 0.065
68 124 1 72.939 65.714 38.083 0.327 0.322 0.252 -0
68 128 1 59.773 125.651 38.299 4.908 1.872 1.9 3.029
68 134 5 67.021 52.753 39.228 0.181 0.172 0.385 1.258
68 135 1 75.558 101.547 38.303 3.965 1.842 1.503 -1.538
68 136 1 68.675 126.268 38.542 1.583 1.787 1.568 -0.006
69 6 5 65.837 120.563 38.134 3.3 1.892 1.376 -0.009
69 68 5 55.833 79.44 38.717 0.963 0.65 1.246 0.009
69 97 1 69.002 76.966 38.546 4.369 1.89 1.547 -3.141
69 101 3 55.727 101.4 38.384 0.829 0.667 1.57 -0.005
69 103 4 58.878 90.991 38.307 1.676 0.558 1.475 -3.136
69 119 1 71.079 111.795 38.236 4.512 1.731 1.52 0.032
69 122 1 72.324 97.735 38.181 0.24 0.269 0.329 3.133
69 124 1 72.94 65.705 38.079 0.411 0.319 0.527 -0
69 128 1 59.942 123.415 38.362 5.053 1.927 1.904 3.026
69 134 5 66.869 52.589 38.842 0.488 0.368 0.96 -0.741
69 135 1 75.754 101.602 38.26 4.409 1.794 1.452 -1.567
69 136 1 68.718 126.361 38.326 1.564 1.844 2.045 0.025
69 145 3 62.28 149.275 38.524 0.153 0.458 0.658 0.193
70 6 5 65.192 123.995 38.235 3.292 1.864 1.59 0.059
70 68 5 55.567 80.787 38.578 0.905 0.559 0.77 3.138
70 97 1 69.176 76.311 38.434 4.375 1.763 1.323 -3.114
70 101 3 55.638 102.122 38.282 0.782 0.712 1.737 -0.016
70 103 4 59.174 89.515 38.291 1.591 0.549 1.494 -3.117
70 119 1 71.185 111.847 38.256 4.516 1.934 1.495 0.009
70 122 1 72.326 97.789 38 0.329 0.327 0.757 0.019
70 128 1 60.09 121.278 38.397 5.264 1.968 2.057 3.022
70 134 5 66.533 52.303 38.604 0.333 0.273 1.372 2.062
70 135 1 75.695 101.721 38.289 4.331 1.862 1.485 -1.57
70 136 1 68.494 127.117 38.36 3.307 1.614 1.931 -0.029
70 145 3 62.542 148.928 38.504 0.178 0.386 0.629 0.049
70 148 1 72.042 99.563 37.916 0.381 0.461 0.598 0.042
71 6 5 64.592 127.432 38.212 3.275 1.975 1.618 0.018
71 68 5 55.271 82.492 38.641 1.213 0.605 1.037 0.082
71 97 1 69.189 75.96 38.602 3.942 1.846 1.589 3.136
71 101 3 55.619 103.026 38.277 0.78 0.511 1.732 -0.073
71 103 4 59.412 87.669 38.299 1.663 0.585 1.524 -3.104
71 119 1 71.178 111.935 38.273 4.649 1.97 1.515 0.027
71 122 1 72.374 97.806 37.995 0.324 0.328 0.812 -1.607
71 128 1 60.26 118.834 38.429 5.163 1.91 1.958 3.024
71 134 5 66.631 52.041 38.694 0.548 1.004 1.139 2.54
71 135 1 75.853 101.848 38.302 4.549 1.869 1.521 -1.585
71 136 1 68.623 127.064 38.437 3.334 1.724 2.039 -0.102
71 145 3 63.058 148.577 38.062 0.898 0.298 1.627 -1.5
71 148 1 72.047 99.623 37.96 0.354 0.311 0.725 -1.607
71 157 3 47.263 156.813 38.401 0.276 0.572 0.71 0.469
71 160 3 53.624 136.19 38.052 0.38 0.744 1.692 0.962
72 6 5 64.096 130.358 38.188 2.484 1.935 1.589 0.034
72 68 5 55.053 84.022 38.687 1.148 0.506 1.145 0.005
72 97 1 69.201 76.481 38.553 2.282 1.681 1.62 0.013
72 101 3 55.545 103.832 38.274 0.583 0.597 1.709 -0.042
72 103 4 59.749 86.024 38.475 1.511 0.575 1.35 -3.086
72 119 1 71.143 112.029 38.282 4.761 1.918 1.451 0.04
72 122 1 72.398 97.818 38.006 0.215 0.206 0.615 -3.108
72 128 1 60.354 116.425 38.469 5.107 1.908 1.973 3.056
72 134 5 66.315 52.127 38.599 0.462 0.434 1.278 2.551
72 135 1 75.95 101.812 38.306 4.418 1.792 1.533 -1.565
72 136 1 68.789 127.139 38.389 3.564 1.839 1.98 -0.167
72 145 3 63.368 148.376 38.075 0.562 0.39 1.675 -0.214
72 148 1 72.095 99.592 38.008 0.156 0.215 0.487 -3.128
72 157 3 46.656 156.986 38.375 0.396 0.35 0.745 3.142
72 160 3 53.693 136.154 38.087 0.311 0.637 1.609 -2.423
72 166 3 63.581 143.628 38.032 0.459 0.568 1.392 -0.011
73 6 5 63.475 134.218 38.14 3.31 2.019 1.593 0.001
73 68 5 54.827 85.524 38.678 0.774 0.486 1.304 0
73 97 1 69.348 75.503 38.552 3.932 1.812 1.673 -3.131
73 101 3 55.433 104.848 38.333 0.515 0.652 1.727 -0.512
73 103 4 60.043 84.438 38.427 1.447 0.466 1.229 -3.052
73 119 1 71.107 112.126 38.282 4.958 1.871 1.495 0.023
73 122 1 72.378 97.851 37.961 0.196 0.191 0.598 -0.013
73 128 1 60.48 113.868 38.497 5.295 1.935 1.983 3.045
73 135 1 75.972 101.792 38.255 4.456 1.801 1.52 -1.572
73 136 1 68.8 127.496 38.398 4.213 2.003 2.069 -0.185
73 145 3 63.424 148.008 38.108 0.819 0.368 1.472 -3.091
73 148 1 72.157 99.664 37.908 0.184 0.2 0.575 -0.013
73 157 3 46.021 157.335 38.306 0.273 0.368 0.673 -3.138
73 160 3 53.696 136.157 38.16 0.378 0.591 1.701 0.635
73 166 3 64.111 143.874 38.125 0.39 0.605 1.619 -0.957
74 6 5 62.857 137.556 38.127 3.252 1.929 1.588 0.013
74 68 5 54.782 86.893 38.841 0.987 0.616 0.895 0.069
74 97 1 69.379 75.692 38.603 3.656 1.685 1.374 0.058
74 101 3 55.352 105.833 38.458 0.179 0.235 0.22 0.067
74 103 4 60.37 82.923 38.375 1.018 0.435 1.104 -3.088
74 119 1 71.134 112.283 38.262 4.796 1.795 1.524 -0.001
74 122 1 72.425 97.821 38.004 0.19 0.168 0.364 -1.61
74 128 1 60.619 111.487 38.473 5.219 1.82 2.022 3.026
74 135 1 75.325 101.688 38.286 3.073 1.817 1.535 1.567
74 136 1 68.847 127.634 38.432 4.498 1.909 2.039 -0.203
74 145 3 63.837 147.562 38.034 0.37 0.54 1.632 -2.992
74 148 1 72.131 99.636 37.918 0.206 0.09 0.515 -1.61
74 157 3 45.405 157.593 38.221 0.517 0.38 0.857 -0.016
74 160 3 53.746 136.176 38.129 0.388 0.705 1.781 -1.694
74 166 3 64.495 144.257 38.155 0.452 0.425 1.537 -1.59
74 177 1 65.137 138.553 37.56 0.114 0.158 0.485 1.889
75 6 5 62.446 140.612 38.136 2.602 1.84 1.565 0.033
75 97 1 69.16 76.964 38.399 1.075 1.621 0.845 0.083
75 101 3 55.324 106.661 38.271 0.663 0.605 1.627 2.863
75 103 4 60.698 81.306 38.398 0.909 0.593 1.1 3.006
75 119 1 71.137 112.369 38.276 4.641 1.765 1.524 0.008
75 128 1 60.798 108.681 38.503 5.092 1.863 2.013 3.044
75 135 1 75.489 101.673 38.396 3.339 1.401 1.119 1.397
75 136 1 68.859 127.668 38.439 4.575 2.075 2.065 -0.173
75 145 3 64.217 147.241 38.135 0.312 0.655 1.625 -3.095
75 148 1 72.157 99.621 37.926 0.204 0.246 0.472 -0.009
75 160 3 53.645 136.213 38.131 0.575 0.794 1.667 1.264
75 166 3 64.954 144.61 38.127 0.517 0.556 1.558 3.075
75 177 1 65.178 138.588 37.631 0.295 0.175 0.535 3.116
75 193 5 62.34 153.718 37.591 0.071 0.135 0.174 3.109
75 196 3 49.402 166.981 38.05 1.015 0.594 1.556 -3.108
76 6 5 61.887 144.25 38.129 3.217 1.725 1.538 -0.02
76 97 1 69.093 77.307 38.438 0.477 1.552 0.591 3.06
76 101 3 55.212 107.576 38.264 0.49 0.671 1.677 3.115
76 103 4 61.041 79.7 38.406 0.792 0.511 0.839 -3.098
76 119 1 71.093 112.379 38.275 4.336 1.576 1.479 0.006
76 128 1 61.026 106.41 38.473 4.62 1.797 1.924 3.052
76 135 1 75.369 101.56 38.589 3.122 1.012 0.532 1.442
76 136 1 68.758 127.938 38.491 4.648 1.832 2.043 -0.175
76 145 3 64.5 147.115 38.076 0.805 0.51 1.669 -3.024
76 148 1 72.229 99.661 37.876 0.177 0.215 0.611 0.021
76 160 3 53.663 136.26 38.158 0.585 0.907 1.759 -1.648
76 166 3 65.344 144.954 38.132 0.683 0.69 1.668 -0.428
76 177 1 65.167 138.579 37.61 0.163 0.156 0.545 0.053
76 193 5 62.351 153.757 37.636 0.216 0.199 0.48 1.519
76 196 3 49.956 166.802 38.015 0.51 0.601 1.558 -0.643
76 200 3 44.187 158.155 38.248 0.353 0.533 0.938 0.604
76 205 3 49.577 167.323 37.982 0.34 0.344 1.562 -0.876
76 213 5 63.331 155.339 38.162 1.085 0.623 0.195 1.572
76 219 1 56.133 187.868 38.116 1.344 1.151 1.078 3.133
76 222 1 63.302 158.496 38.029 3.158 1.026 1.34 1.555
77 6 5 61.208 147.7 38.114 3.438 1.946 1.586 0.024
77 97 1 69.252 76.373 38.563 2.295 1.496 1.469 -3.122
77 101 3 55.308 108.271 38.24 0.639 0.712 1.702 -0.045
77 103 4 61.449 78.084 38.516 0.598 0.29 1.123 3.127
77 119 1 71.011 112.251 38.247 4.116 1.367 1.466 -0.006
77 128 1 61.298 104.091 38.461 4.345 1.733 1.956 3.084
77 136 1 68.831 128.069 38.459 4.732 1.937 2.051 -0.174
77 145 3 64.959 146.813 38.103 0.545 0.726 1.616 -3.101
77 160 3 53.69 136.204 38.186 0.441 0.739 1.757 -1.783
77 166 3 65.749 145.446 38.129 0.857 0.65 1.649 -0.748
77 177 1 65.182 138.628 37.66 0.247 0.237 0.61 -0.02
77 193 5 62.329 153.778 37.591 0.281 0.233 0.537 -0.005
77 196 3 50.429 166.749 38.043 0.373 0.686 1.663 -0.511
77 200 3 43.532 158.475 38.353 0.64 0.508 0.865 1.627
77 205 3 49.984 167.334 38.019 0.503 0.498 1.69 -0.66
77 213 5 63.597 155.559 38.275 1.73 1.233 0.586 1.584
77 219 1 55.947 189.138 38.229 1.774 1.216 1.025 -0.009
77 222 1 63.672 158.63 38.063 3.194 1.147 1.235 1.643
77 223 3 75.08 141.416 38.193 0.514 0.572 1.461 -1.446
77 226 4 48.374 155.563 38.149 1.339 0.325 0.672 2.533
77 227 3 58.666 192.069 37.98 0.258 0.39 0.748 0.026
78 6 5 60.748 150.964 38.123 3.339 1.998 1.593 -0.012
78 97 1 69.172 76.351 38.652 2.278 1.428 1.363 -0.041
78 101 3 55.244 109.322 38.261 0.344 0.635 1.802 3.097
78 119 1 70.684 112.188 38.156 3.853 0.717 1.358 -0.006
78 128 1 61.557 101.674 38.473 4.228 1.755 1.948 3.102
78 136 1 68.914 128.128 38.457 4.824 2.142 2.072 -0.168
78 145 3 65.388 146.507 38.142 0.585 0.704 1.667 -3.044
78 160 3 53.713 136.26 38.164 0.496 0.852 1.738 -1.522
78 166 3 66.113 145.848 38.144 0.687 0.957 1.691 -0.934
78 177 1 65.184 138.664 37.904 0.119 0.136 0.137 -0.04
78 193 5 62.353 153.799 37.654 0.339 0.279 0.609 0.107
78 196 3 50.985 166.591 38.291 0.286 0.637 0.948 -0.231
78 200 3 43.022 158.568 38.287 0.477 0.458 0.792 0.075
78 205 3 50.273 167.347 37.983 0.439 0.453 1.523 -1.031
78 213 5 64.356 155.655 38.302 3.376 1.352 0.821 1.636
78 219 1 55.997 190.244 38.192 2.687 1.656 1.215 -0.025
78 222 1 63.725 158.587 37.953 3.261 1.394 1.512 1.642
78 223 3 75.079 141.216 38.206 0.544 0.678 1.386 -1.85
78 226 4 48.3 155.592 38.076 1.953 0.701 1.463 2.675
78 227 3 58.595 192.673 37.972 0.408 0.55 1.565 -0.052
78 245 5 42.888 159.183 38.275 0.805 0.162 0.762 0.562
79 6 5 60.348 154.005 38.133 2.659 1.823 1.541 -0.005
79 101 3 55.211 110.156 38.162 0.461 0.533 1.585 0.028
79 119 1 70.669 112.245 38.128 3.792 0.64 1.399 -0.003
79 128 1 61.856 99.269 38.421 4.119 1.785 1.751 -3.129
79 136 1 68.987 128.212 38.453 4.713 2.154 2.03 -0.169
79 145 3 65.591 146.48 38.18 0.522 0.588 1.67 -1.546
79 160 3 53.738 136.274 38.189 0.452 0.764 1.72 -1.455
79 166 3 66.584 146.236 38.169 0.604 0.664 1.639 -1.177
79 177 1 65.2 138.7 37.889 0.122 0.144 0.303 0.047
79 193 5 62.373 153.817 37.659 0.208 0.376 0.624 1.648
79 196 3 50.949 166.696 38.082 0.571 0.612 1.678 -0.553
79 200 3 42.338 158.884 38.424 0.409 0.615 1.051 1.6
79 205 3 50.764 167.434 38.061 0.323 0.164 1.689 -3.071
79 213 5 64.442 155.728 38.169 3.673 1.56 1.217 1.8
79 219 1 55.734 191.705 38.105 1.312 1.562 1.15 0.02
79 222 1 63.696 158.651 37.956 3.235 1.99 1.438 1.914
79 223 3 75.158 141.056 38.068 0.627 0.56 1.526 -1.542
79 226 4 48.499 155.927 38.076 1.151 0.574 1.578 2.424
79 227 3 58.47 193.335 37.902 0.364 0.615 1.464 -0.036
79 245 5 42.03 159.564 38.378 0.449 0.356 1.105 1.562
80 6 5 59.774 157.685 38.119 3.342 1.932 1.597 0.001
80 101 3 55.266 110.993 38.249 0.442 0.75 1.531 -0.078
80 128 1 62.148 97.063 38.386 3.686 1.781 1.847 -3.14
80 136 1 68.862 128.043 38.468 5.003 1.891 2.059 -0.18
80 145 3 66.006 146.296 38.147 0.752 0.57 1.723 -2.438
80 160 3 53.8 136.287 38.111 0.404 0.815 1.82 -1.565
80 166 3 66.987 146.544 38.094 0.963 0.648 1.84 -2.076
80 177 1 65.225 138.764 37.676 0.316 0.29 0.651 -3.129
80 193 5 62.371 153.861 37.678 0.393 0.319 0.698 -3.129
80 196 3 50.817 166.71 37.99 0.609 0.586 1.609 -0.417
80 200 3 41.662 159.03 38.344 0.559 0.682 1.166 0.872
80 205 3 50.811 167.392 38.066 0.488 0.378 1.836 -0.551
80 213 5 64.16 155.633 38.054 3.312 2.112 1.425 1.88
80 219 1 55.32 192.724 38.071 1.837 1.201 1.132 0.028
80 222 1 63.783 158.724 37.951 3.361 1.979 1.565 1.734
80 223 3 75.265 141.019 37.933 0.54 0.657 1.333 1.161
80 226 4 48.346 155.759 38.014 1.737 0.931 1.678 2.543
80 227 3 58.448 193.956 38.089 0.304 0.567 1.671 -0.019
80 245 5 41.296 159.771 38.409 0.347 0.463 0.991 0.656
80 262 5 61.843 177.957 38.47 0.694 0.249 0.325 0.036
81 6 5 59.356 160.96 38.12 3.317 2.125 1.63 -0.015
81 101 3 55.288 111.654 38.079 0.86 0.657 1.35 2.924
81 128 1 62.341 95.112 38.685 3.728 1.783 1.703 3.087
81 136 1 68.865 128.005 38.386 4.828 1.844 1.995 -0.183
81 145 3 66.402 146.292 38.161 0.427 0.622 1.64 -2.221
81 160 3 53.822 136.306 38.202 0.338 0.782 1.729 -1.49
81 166 3 67.397 147.112 38.378 0.443 0.746 1.314 -1.147
81 177 1 65.254 138.763 37.742 0.376 0.25 0.584 0
81 193 5 62.344 153.885 37.707 0.395 0.361 0.708 -0
81 196 3 50.769 166.744 38.053 0.496 0.733 1.491 -1.775
81 200 3 41.079 159.038 38.312 0.712 0.463 1.174 -1.517
81 205 3 50.78 167.443 38.111 0.456 0.645 1.698 -1.775
81 213 5 64.274 155.504 38.148 3.423 1.828 1.309 1.586
81 219 1 55.105 193.993 38.299 1.941 1.177 0.997 -0.006
81 222 1 64.05 158.635 38.022 3.929 1.795 1.482 1.586
81 223 3 76.092 140.698 38.133 0.358 0.55 1.54 0.141
81 226 4 48.396 155.629 38.039 2.037 1.036 1.595 2.47
81 227 3 58.257 194.595 38.009 0.494 0.643 1.516 0.197
81 245 5 40.646 159.863 38.089 0.719 0.596 1.567 -1.517
81 262 5 61.996 177.68 38.398 1.097 0.785 0.477 -0.11
81 267 3 26.765 169.704 38.626 0.345 0.6 1.718 -2.734
81 268 5 60.721 183.213 37.568 2.547 0.553 0.568 -3.134
81 273 4 49.45 153.28 37.716 2.982 0.525 0.838 1.085
82 6 5 58.935 164.208 38.142 3.231 2.156 1.579 -0.02
82 101 3 55.424 112.539 38.178 0.575 0.597 1.377 -0.068
82 128 1 62.6 94.129 38.535 1.154 1.733 1.692 -3.132
82 136 1 68.814 128.071 38.368 4.65 1.611 1.964 -0.164
82 145 3 66.994 146.141 38.446 0.439 0.556 1.13 -1.671
82 160 3 53.798 136.339 38.205 0.439 0.668 1.732 -1.552
82 166 3 67.827 147.57 38.709 0.303 0.402 0.536 -1.497
82 177 1 65.263 138.758 37.643 0.319 0.223 0.529 -3.125
82 196 3 50.731 166.661 38.125 0.576 0.557 1.673 -1.652
82 200 3 40.494 159.243 38.223 0.506 0.644 1.463 0.876
82 205 3 50.815 167.425 38.134 0.455 0.593 1.626 -1.645
82 213 5 64.89 155.761 38.057 4.684 2.127 1.463 1.57
82 219 1 54.911 195.452 38.317 1.675 1.19 0.847 0.014
82 222 1 64.224 158.713 38.038 4.317 1.826 1.432 1.565
82 223 3 76.238 140.626 38.078 0.534 0.582 1.461 -2.887
82 226 4 48.287 155.7 38.066 2.016 1.152 1.566 2.442
82 227 3 58.189 195.054 38.066 0.614 0.392 1.345 -1.534
82 245 5 40.016 160.185 38.198 0.672 0.678 1.468 0.872
82 262 5 61.614 177.176 37.979 2.144 0.388 1.316 2.899
82 267 3 26.829 169.726 38.701 0.416 0.357 1.65 0.983
82 268 5 60.951 182.467 37.68 0.601 0.269 0.622 -2.12
82 273 4 50.044 152.856 37.854 1.936 0.655 1.044 1.581
82 281 4 61.431 179.347 37.985 1.737 0.282 1.231 3.084
83 6 5 58.582 167.465 38.113 3.236 1.966 1.638 0.005
83 101 3 55.479 113.517 38.174 0.465 0.592 1.4 -0.057
83 136 1 68.72 128.171 38.412 4.43 1.429 2.099 -0.188
83 145 3 67.536 146.202 38.706 0.452 0.388 0.467 3.028
83 160 3 53.832 136.385 38.144 0.449 0.53 1.665 -1.552
83 166 3 68.15 148.07 38.666 0.379 0.321 0.491 3.028
83 177 1 65.285 138.719 37.649 0.239 0.201 0.581 2.942
83 196 3 50.6 166.758 38.102 0.606 0.607 1.646 -2.184
83 200 3 39.907 159.441 38.239 0.537 0.496 1.725 1.611
83 205 3 50.868 167.421 38.136 0.366 0.519 1.707 -1.902
83 213 5 64.497 155.728 38.179 3.637 2.113 1.237 1.662
83 219 1 54.801 196.425 38.285 1.645 1.054 0.786 -0.018
83 222 1 64.391 158.794 37.999 4.794 1.905 1.584 1.589
83 223 3 76.216 140.691 38.322 0.384 0.503 1.003 3.037
83 226 4 48.48 155.62 38.054 2.006 0.732 1.556 2.533
83 227 3 57.898 195.675 38.179 0.358 0.627 1.555 -0.031
83 245 5 39.335 160.388 38.236 0.756 0.593 1.699 1.611
83 262 5 61.652 176.342 37.832 0.567 0.407 0.802 1.546
83 267 3 26.86 169.678 39.165 0.278 0.318 0.462 2.632
83 268 5 61.107 182.337 37.664 0.433 0.187 0.497 -1.436
83 273 4 50.142 152.912 37.767 1.621 0.436 0.989 1.526
83 281 4 61.898 178.652 37.958 4 1.184 1.453 0.009
84 6 5 58.095 170.608 38.135 3.493 1.803 1.615 3.094
84 136 1 68.769 128.078 38.377 4.541 1.392 2.026 -0.199
84 145 3 68.044 146.282 38.71 0.265 0.473 0.307 3.126
84 160 3 53.828 136.401 38.128 0.312 0.559 1.546 -1.005
84 166 3 68.489 148.475 38.595 0.336 0.316 0.637 -1.368
84 196 3 50.474 166.777 38.501 0.396 0.556 0.989 -2.173
84 200 3 39.312 159.748 38.273 0.491 0.707 1.698 1.087
84 205 3 50.948 167.381 38.601 0.355 0.565 0.78 0.655
84 213 5 64.867 155.908 38.037 4.658 1.993 1.508 1.664
84 219 1 54.502 198.097 38.372 1.648 1.191 0.806 -0.002
84 222 1 64.016 158.805 38.038 3.862 1.905 1.506 1.584
84 223 3 76.329 140.571 38.194 0.34 0.513 0.971 3.112
84 226 4 48.422 155.557 38.041 2.008 0.689 1.506 2.557
84 227 3 57.771 196.193 38.102 0.331 0.578 1.389 0.107
84 245 5 38.689 160.637 38.287 0.723 0.654 1.718 0.872
84 262 5 61.722 176.514 37.867 0.717 0.423 1.027 -1.489
84 267 3 26.912 169.697 39.044 0.514 0.328 0.94 -1.342
84 268 5 61.462 179.24 37.996 1.909 0.235 1.44 0
84 273 4 50.306 152.863 37.859 1.44 0.537 1.058 1.45
84 281 4 62.068 177.62 38.032 1.208 1.075 1.383 0
84 301 3 55.432 114.451 38.275 0.445 0.545 1.418 -0
84 303 4 62.183 157.141 37.819 0.302 0.254 0.38 3.093
85 6 5 57.583 173.649 38.158 3.739 1.969 1.57 -0.015
85 136 1 68.658 128.23 38.377 4.147 1.24 1.938 -0.192
85 145 3 68.543 146.275 38.524 0.348 0.548 0.656 -0.417
85 160 3 53.92 136.442 38.138 0.408 0.542 1.746 2.224
85 166 3 68.826 148.857 38.721 0.161 0.318 0.358 -0.115
85 196 3 50.309 166.581 38.52 0.319 0.647 0.956 -2.579
85 200 3 38.671 159.928 38.271 0.485 0.729 1.528 0.885
85 205 3 50.917 167.231 38.6 0.467 0.491 0.824 -2.692
85 213 5 64.42 155.781 38.072 3.529 2.02 1.453 1.55
85 219 1 54.404 199.118 38.334 2.037 1.242 1.004 0.05
85 222 1 64.306 158.911 38.035 4.45 1.777 1.445 1.565
85 223 3 76.47 140.66 38.236 0.464 0.688 1.119 -3.015
85 226 4 48.273 155.232 38.037 1.931 0.921 1.556 2.544
85 227 3 57.631 196.741 38.114 0.59 0.683 1.501 -0.048
85 245 5 38.048 160.662 38.249 0.519 0.679 1.551 0.885
85 262 5 61.844 176.242 37.877 1.094 0.675 1.066 1.57
85 267 3 26.894 169.682 38.966 0.24 0.508 1.256 -3.08
85 268 5 61.789 179.251 38.01 2.319 0.91 1.459 -3.132
85 273 4 50.302 152.866 37.864 1.477 0.6 1.085 1.539
85 281 4 62.148 177.378 38.01 1.473 1.233 1.34 3.133
85 301 3 55.437 115.272 38.172 0.482 0.576 1.475 3.074
85 303 4 62.193 157.173 37.717 0.33 0.284 0.653 0.045
85 310 1 61.875 158.781 37.64 0.348 0.311 0.56 0.045
86 6 5 57.062 176.4 38.145 3.623 1.947 1.619 0.041
86 136 1 68.707 128.128 38.338 3.97 1.141 2.073 -0.218
86 145 3 69.031 146.443 38.605 0.46 0.415 0.282 -0.101
86 160 3 53.911 136.398 38.16 0.453 0.419 1.609 3.127
86 166 3 69.111 149.297 38.624 0.204 0.345 0.34 -0.049
86 196 3 50.321 166.223 38.14 0.833 0.94 1.705 -3.08
86 200 3 37.955 160.147 38.379 0.42 0.751 1.612 1.203
86 205 3 51.051 166.875 38.176 0.763 0.622 1.682 3.055
86 213 5 64.382 155.673 38.096 3.443 1.779 1.371 1.573
86 219 1 54.157 200.685 38.398 1.64 1.15 0.914 0.029
86 222 1 64.313 159.023 38.023 4.456 1.902 1.506 1.573
86 223 3 76.463 140.64 38.352 0.35 0.493 0.84 2.937
86 226 4 47.885 154.596 38.076 2.117 0.787 1.584 2.574
86 227 3 57.408 197.308 38.116 0.493 0.826 1.567 -0.209
86 245 5 37.477 160.9 38.364 0.428 0.652 1.634 1.246
86 267 3 26.991 169.707 38.887 0.347 0.438 1.373 1.082
86 268 5 61.864 178.188 38.042 1.532 4.391 1.387 1.624
86 273 4 50.234 152.905 37.848 1.622 0.503 1.045 -1.585
86 301 3 55.441 116.209 38.107 0.334 0.594 1.587 3.136
86 303 4 62.189 157.227 37.652 0.217 0.307 0.641 -3.103
86 310 1 61.876 158.813 37.659 0.291 0.36 0.634 -3.069
86 324 5 56.044 209.396 37.504 0.221 0.247 0.255 -1.52
87 6 5 56.688 179.124 38.181 3.518 1.772 1.569 0.002
87 136 1 68.636 127.356 38.395 2.597 0.996 1.688 -0.226
87 145 3 69.557 146.46 38.563 0.301 0.375 0.301 -3.05
87 160 3 53.874 136.485 38.153 0.296 0.488 1.506 -0.761
87 196 3 50.293 165.572 38.133 0.426 0.799 1.658 -3.052
87 200 3 37.246 160.266 38.325 0.254 0.491 1.525 1.505
87 205 3 51.095 166.185 38.161 0.971 0.621 1.594 -3.111
87 213 5 64.314 155.833 38.161 3.15 1.852 1.166 1.567
87 219 1 54.011 202.04 38.395 1.552 1.096 0.833 -0.006
87 222 1 64.332 158.958 38.008 4.383 1.803 1.416 1.567
87 226 4 47.716 154.202 38.408 1.209 0.677 0.832 2.663
87 227 3 57.344 197.976 38.118 0.582 0.554 1.564 -0.094
87 245 5 36.853 161.121 38.32 0.4 0.476 1.526 1.505
87 268 5 62.056 178.188 38.051 1.184 4.399 1.413 1.555
87 273 4 50.235 152.926 37.809 1.598 0.436 1.096 1.538
87 301 3 55.524 117.107 38.108 0.458 0.461 1.647 -3.132
87 303 4 62.198 157.222 37.64 0.201 0.223 0.579 -0.06
87 310 1 61.907 158.781 37.64 0.23 0.296 0.619 -0.06
87 324 5 55.752 213.722 37.895 1.356 0.749 0.265 -1.605
88 6 5 56.14 181.833 38.153 3.442 2.004 1.64 0.038
88 136 1 68.632 127.519 38.501 2.324 1.014 1.562 -0.146
88 160 3 53.93 136.409 38.157 0.485 0.317 1.423 -2.05
88 196 3 50.498 165.151 38.154 0.474 0.656 1.689 -3.09
88 200 3 36.443 160.519 38.358 0.535 0.67 1.578 1.424
88 205 3 51.161 165.684 38.135 0.906 0.64 1.68 3.054
88 213 5 64.287 155.841 38.177 2.987 1.46 1.165 1.55
88 219 1 53.827 203.304 38.429 1.636 1.165 0.856 0.024
88 222 1 63.601 158.874 37.963 2.867 1.723 1.42 1.531
88 226 4 47.643 153.479 38.133 1.499 0.931 1.347 3.012
88 227 3 57.102 198.618 38.146 0.541 0.738 1.609 -0.025
88 245 5 36.312 161.382 38.379 0.357 0.64 1.534 1.403
88 268 5 62.055 178.232 38.062 4.447 1.185 1.417 -0.012
88 301 3 55.535 117.985 38.167 0.514 0.587 1.468 0.11
88 303 4 62.234 157.275 37.65 0.113 0.2 0.552 -0.079
88 310 1 61.939 158.808 37.654 0.305 0.276 0.551 -0.079
88 324 5 55.601 214.238 37.882 2.307 1.499 1.134 0.05
89 6 5 55.627 184.745 38.162 3.785 1.828 1.574 0.01
89 136 1 68.711 127.705 38.251 2.45 1.146 1.955 -0.128
89 160 3 53.983 136.39 38.114 0.31 0.372 1.749 -3.059
89 196 3 50.685 164.583 38.138 0.348 0.51 1.638 3.116
89 200 3 35.907 160.661 38.324 0.357 0.351 1.547 1.601
89 205 3 51.371 164.981 38.162 0.661 0.62 1.662 3.116
89 213 5 64.236 155.931 38.122 2.808 1.512 1.094 1.582
89 219 1 53.639 204.557 38.442 1.585 1.043 0.951 0.004
89 222 1 63.203 158.842 37.987 2.02 1.661 1.358 1.571
89 226 4 47.642 152.883 38.065 1.643 0.804 1.499 2.963
89 227 3 57.028 199.399 38.145 0.855 0.623 1.519 0.003
89 245 5 35.612 161.627 38.767 0.271 0.412 0.923 1.541
89 268 5 62.076 178.204 38.068 1.135 4.475 1.417 -1.603
89 301 3 55.576 118.842 38.076 0.282 0.443 1.468 -3.082
89 303 4 62.254 157.236 37.711 0.214 0.164 0.496 0.014
89 310 1 61.941 158.834 37.687 0.267 0.256 0.582 0.014
89 324 5 54.868 214.858 37.868 0.288 0.657 0.676 -1.551
89 351 3 33.863 231.725 38.393 0.214 0.524 0.801 0.121
90 6 5 55.104 187.348 38.171 3.606 1.905 1.604 -0.017
90 136 1 68.57 127.43 38.478 2.473 1.206 1.714 0.016
90 160 3 54.011 136.399 38.05 0.4 0.421 1.602 3.096
90 196 3 50.84 164.016 38.109 0.439 0.69 1.649 3.085
90 200 3 35.238 160.927 38.358 0.307 0.399 1.417 1.583
90 205 3 51.455 164.551 38.16 0.373 0.6 1.742 3.085
90 213 5 64.093 155.697 38.255 2.464 1.672 0.993 1.568
90 219 1 53.456 205.851 38.424 1.57 1.151 0.918 -0.018
90 222 1 63.144 158.902 37.952 1.843 1.529 1.29 1.568
90 226 4 48.396 152.494 37.75 2.118 0.49 1.064 -2.347
90 227 3 56.806 199.951 38.211 0.724 0.732 1.601 -0.009
90 245 5 35.132 161.834 38.474 0.32 0.608 1.555 1.583
90 268 5 62.014 178.299 38.055 4.47 1.073 1.429 3.142
90 310 1 61.984 158.855 37.63 0.215 0.415 0.703 -0.039
90 324 5 55.386 215.194 37.963 1.565 0.332 0.869 -1.616
90 351 3 33.713 232.269 38.175 0.136 0.496 0.811 3.128
90 359 4 49.628 151.971 38.017 2.092 0.28 0.519 2.656
90 361 5 54.99 218.13 37.983 1.149 0.251 0.267 -1.8
91 6 5 54.54 190.028 38.194 3.509 1.915 1.579 0.018
91 136 1 68.765 127.193 38.352 1.839 1.3 1.823 -0.004
91 160 3 54.023 136.44 38.189 0.385 0.344 1.173 -3.127
91 196 3 50.974 163.476 38.105 0.485 0.522 1.624 -3.126
91 200 3 34.659 160.939 38.293 0.617 0.35 1.175 -1.787
91 205 3 51.724 164.131 38.099 0.349 0.571 1.678 -3.124
91 213 5 63.927 155.944 38.269 1.91 1.259 0.767 1.193
91 219 1 53.277 207.251 38.337 1.426 1.174 0.825 0.008
91 222 1 63.178 158.883 37.912 1.655 1.524 1.122 -2.083
91 227 3 56.775 200.538 38.144 0.465 0.573 1.577 0.05
91 324 5 55.379 215.157 37.97 1.609 0.339 0.85 -1.682
91 351 3 33.485 232.812 38.335 0.716 0.171 0.828 1.48
91 359 4 49.638 152.073 37.767 2.293 0.885 0.963 -0.47
91 361 5 55.648 216.05 38.228 1.235 0.113 0.275 -1.671
92 6 5 54.021 192.631 38.208 3.363 2.053 1.554 0
92 160 3 54.043 136.449 38.225 0.305 0.35 1.243 -0.118
92 196 3 51.253 163.205 38.135 0.64 0.478 1.47 -2.24
92 205 3 51.954 163.513 38.108 0.636 0.472 1.557 -2.959
92 219 1 53.066 208.536 38.406 1.922 1.112 1.088 0.03
92 222 1 62.925 158.766 37.764 1.329 1.631 1.068 1.526
92 227 3 56.602 201.246 38.166 0.647 0.692 1.593 -0.016
92 324 5 55.314 215.184 37.922 1.429 0.456 1.019 -1.506
92 351 3 33.496 233.355 38.301 0.261 0.269 0.803 0.054
92 359 4 49.428 152.383 37.649 1.016 0.567 0.79 -0.096
92 361 5 55.7 214.07 37.741 1.248 0.409 0.803 -1.661
92 390 3 57.192 217.343 38.613 0.395 0.387 0.698 -0.457
92 391 3 33.91 161.985 38.515 0.492 0.502 1.443 -1.63
93 6 5 53.496 195.413 38.195 3.715 2.049 1.558 0
93 160 3 54.008 136.448 38.017 0.279 0.412 1.547 3.008
93 196 3 51.455 163.136 38.104 0.535 0.668 1.469 -0.501
93 205 3 52.027 163.427 38.209 0.571 0.406 1.621 2.936
93 219 1 52.807 209.85 38.28 1.955 1.144 1.344 -0.024
93 222 1 62.757 158.935 37.84 1.367 0.765 0.795 -0.465
93 227 3 56.578 201.848 38.193 0.518 0.611 1.627 0
93 359 4 49.143 152.823 37.874 0.753 0.485 0.667 0.322
93 361 5 55.702 214.123 37.914 1.218 0.094 0.613 -1.615
93 390 3 57.378 217.199 38.574 0.358 0.377 0.815 -1.183
93 391 3 33.142 162.233 38.669 0.317 0.391 1.056 1.941
94 6 5 53.128 197.655 38.185 3.349 2.033 1.603 0.01
94 196 3 51.393 163.102 38.187 0.493 0.647 1.535 2.826
94 205 3 51.982 163.319 38.133 0.51 0.611 1.659 2.826
94 219 1 52.603 211.275 38.118 1.958 1.171 1.388 -0
94 227 3 56.45 202.549 38.173 0.608 0.717 1.662 0.048
94 390 3 57.487 217.24 38.523 0.536 0.533 0.743 0.092
94 391 3 32.663 162.266 38.728 0.383 0.448 0.936 -0.054
95 6 5 52.783 200.011 38.21 3.318 2.119 1.565 0.003
95 196 3 51.263 163.193 38.191 0.297 0.685 1.441 -0.894
95 205 3 51.862 163.311 38.086 0.501 0.696 1.662 2.742
95 219 1 52.395 212.619 38.144 1.96 1.027 1.397 0.101
95 227 3 56.537 203.07 38.211 0.459 0.607 1.554 0.295
95 390 3 57.717 217.313 38.504 0.464 0.495 0.885 -1.542
95 391 3 32.016 162.349 38.716 0.246 0.506 0.983 1.426
96 6 5 52.356 202.285 38.195 3.356 2.029 1.595 0.032
96 196 3 51.352 163.161 38.102 0.359 0.818 1.574 -0.87
96 205 3 51.982 163.312 38.104 0.407 0.705 1.577 3.087
96 219 1 52.121 213.793 38.121 1.914 1.115 1.496 0.025
96 227 3 56.562 203.554 38.222 0.431 0.67 1.662 -0.168
96 390 3 57.874 217.214 38.481 0.315 0.437 0.619 -1.69
96 391 3 31.309 162.526 38.781 0.322 0.575 0.839 2.374
96 438 3 33.267 235.653 38.322 0.287 0.466 0.961 -0.068
97 6 5 52.042 204.517 38.2 3.316 2.129 1.577 0.018
97 196 3 51.391 163.241 38.11 0.442 0.544 1.507 2.904
97 205 3 52.123 163.172 38.125 0.484 0.617 1.479 2.904
97 219 1 51.917 215.068 38.127 2.056 1.123 1.519 0.021
97 227 3 56.573 204.084 38.211 0.634 0.687 1.705 -0.045
97 390 3 58.278 217.132 38.569 0.217 0.167 0.559 -1.475
97 438 3 33.214 236.25 38.337 0.357 0.592 0.924 -0.142
98 6 5 51.694 206.642 38.171 3.344 2.097 1.577 0.012
98 196 3 51.581 163.162 38.078 0.479 0.529 1.371 2.84
98 205 3 52.147 162.961 38.065 0.344 0.473 1.393 2.84
98 219 1 51.708 216.241 38.142 2.018 1.155 1.595 0
98 227 3 56.374 204.675 38.223 0.625 0.618 1.652 0
98 390 3 58.481 217.13 38.476 0.276 0.34 0.848 3.142
98 438 3 33.154 236.804 38.403 0.195 0.454 0.834 -0.126
99 6 5 51.438 208.527 38.183 3.303 2.133 1.603 0.026
99 196 3 51.69 163.256 38.082 0.424 0.513 1.454 -2.617
99 205 3 52.386 162.915 37.933 0.258 0.327 1.126 -2.769
99 219 1 51.529 217.447 38.198 2.177 1.095 1.478 0.047
99 227 3 56.194 205.229 38.222 0.72 0.478 1.69 -3.079
99 390 3 58.529 217.023 38.509 0.325 0.427 0.91 0.07
99 438 3 33.003 237.288 38.266 0.352 0.451 1.09 -3.092
100 6 5 51.039 210.489 38.186 3.662 1.972 1.549 0.031
100 196 3 51.953 163.364 38.222 0.452 0.298 0.707 -2.119
100 205 3 51.67 162.947 38.206 0.379 0.459 0.715 -1.608
100 219 1 51.328 218.694 38.099 2.108 1.117 1.609 0.031
100 227 3 56.03 205.937 38.211 0.95 0.637 1.7 0.055
100 390 3 58.622 216.869 38.461 0.689 0.501 1.037 -0.295
100 438 3 33.002 237.924 38.401 0.262 0.313 1.121 0.043
101 6 5 50.794 212.176 38.169 3.642 2.127 1.574 0
101 196 3 52.044 163.241 38.04 0.503 0.486 1 -2.092
101 205 3 51.74 162.63 38.024 0.474 0.473 1.01 -2.092
101 219 1 51.099 220.125 38.149 2.009 1.132 1.489 0
101 227 3 56.064 206.574 38.234 0.939 0.93 1.672 0.013
101 390 3 58.86 216.884 38.435 0.415 0.78 1.178 -1.606
101 438 3 32.897 238.5 38.332 0.343 0.453 1.115 0.049
102 6 5 50.62 213.759 38.17 3.295 2.109 1.567 0.043
102 196 3 52.158 163.072 37.989 0.552 0.366 0.786 -2.809
102 205 3 51.786 162.668 37.981 0.494 0.484 0.777 -2.767
102 219 1 50.91 221.567 38.159 2.1 1.121 1.563 0.027
102 227 3 55.864 207.266 38.225 0.945 0.596 1.659 0.015
102 390 3 58.987 216.827 38.444 0.428 0.62 1.179 -1.65
102 438 3 32.859 239.045 38.469 0.327 0.566 1.043 0.102
103 6 5 50.318 215.49 38.16 3.78 2.074 1.602 0.026
103 219 1 50.665 223.179 38.153 2.072 1.116 1.542 0.002
103 227 3 55.767 207.955 38.205 0.901 0.79 1.698 -0.015
103 390 3 59.078 216.764 38.404 0.84 0.457 1.331 0
103 438 3 32.727 239.605 38.333 0.407 0.589 1.259 0.002
104 6 5 49.967 217.02 38.206 3.776 1.991 1.504 0.028
104 219 1 50.43 224.878 38.181 2.155 1.136 1.491 0.028
104 227 3 55.704 208.546 38.258 0.747 0.698 1.637 -3.086
104 390 3 59.063 216.724 38.472 0.718 0.232 1.03 0.24
104 438 3 32.598 240.1 38.161 0.278 0.558 1.18 0.044
105 6 5 49.822 218.348 38.187 3.355 2.135 1.584 0.022
105 219 1 50.167 226.527 38.156 1.914 1.18 1.431 -0.005
105 227 3 55.522 209.13 38.228 0.712 0.656 1.662 0.718
105 390 3 59.123 216.853 38.257 0.518 0.769 1.65 -1.147
105 438 3 32.425 240.626 38.41 0.26 0.518 1.361 2.966
106 6 5 49.6 219.914 38.188 3.285 2.139 1.57 0.023
106 219 1 49.907 228.379 38.14 2.045 1.212 1.512 -0.005
106 227 3 55.417 209.769 38.228 0.547 0.733 1.724 0.416
106 390 3 59.07 216.809 38.272 0.431 0.881 1.565 -1.052
106 479 3 32.288 256.168 38.467 0.287 0.619 0.747 -3.05
107 6 5 49.275 221.425 38.162 3.259 1.972 1.612 0.013
107 219 1 49.575 230.187 38.116 1.994 1.099 1.528 -0.021
107 227 3 55.197 210.354 38.248 0.46 0.554 1.659 0.118
107 390 3 59.053 216.767 38.254 0.328 0.803 1.613 -1.129
107 479 3 32.299 256.152 38.413 0.291 0.632 0.95 -0.062
107 485 5 37.665 269.075 37.501 0.507 1.322 0.439 0.16
107 489 3 32.353 241.689 38.457 0.324 0.502 1.09 0.098
108 6 5 49.091 223.064 38.17 3.335 1.839 1.577 0.006
108 219 1 49.201 232.025 38.143 2.022 1.155 1.516 0.006
108 227 3 55.148 210.984 38.24 0.417 0.668 1.713 0.02
108 390 3 59.065 216.756 38.465 0.368 0.868 1.15 -0.992
108 479 3 32.333 256.128 38.461 0.299 0.585 0.712 -0.002
108 485 5 37.306 269.428 38.077 2.542 1.526 1.113 -3.096
108 489 3 32.229 242.237 38.44 0.327 0.543 1.104 0.059
109 6 5 48.837 224.68 38.173 3.326 2.081 1.566 0.006
109 219 1 48.811 233.858 38.127 1.943 1.102 1.416 0.021
109 227 3 54.987 211.573 38.235 0.446 0.646 1.665 0.005
109 390 3 59.068 216.754 38.479 0.303 0.829 1.123 -0.994
109 479 3 32.366 256.154 38.367 0.316 0.519 0.665 3.121
109 485 5 37.779 267.508 37.614 0.532 1.594 0.353 3.135
109 489 3 32.136 242.82 38.342 0.305 0.62 1.089 -0.005
110 6 5 48.523 226.311 38.155 3.358 1.98 1.548 0
110 219 1 48.399 235.75 38.102 1.95 1.137 1.524 0
110 227 3 54.925 212.071 38.211 0.586 0.687 1.67 0.061
110 390 3 59.075 216.775 38.465 0.466 0.855 1.204 -1.114
110 479 3 32.282 256.232 38.422 0.574 0.815 0.893 0.48
110 485 5 37.774 267.317 38.04 2.616 1.658 1.312 3.142
110 489 3 32.059 243.501 38.382 0.437 0.541 1.306 -0.045
111 6 5 48.332 227.936 38.148 3.238 2.056 1.622 -0.015
111 219 1 48.014 237.619 38.04 1.867 1.073 1.526 0.002
111 227 3 54.757 212.69 38.196 0.711 0.638 1.686 -0.023
111 390 3 59.072 216.788 38.437 0.418 0.734 1.124 -1.06
111 479 3 32.28 256.101 38.315 0.249 0.453 0.812 -0.018
111 485 5 38.172 264.762 37.553 0.439 1.67 0.332 3.122
111 489 3 31.919 244.068 38.316 0.305 0.499 1.236 -0.016
112 6 5 48.179 229.695 38.173 3.297 2.021 1.57 -0.007
112 219 1 47.557 239.829 38.178 1.921 1.1 1.271 0.061
112 227 3 54.651 213.26 38.185 0.771 0.616 1.669 0.2
112 390 3 59.009 216.795 38.238 0.405 0.781 1.62 -1.083
112 479 3 32.168 256.108 38.422 0.319 0.572 0.824 -3.025
112 485 5 38.243 263.936 38.012 2.693 1.667 1.412 3.13
112 489 3 31.978 244.837 38.314 0.309 0.197 1.036 -3.081
113 6 5 47.854 231.366 38.136 3.155 1.78 1.587 0
113 219 1 47.087 242.166 38.445 0.503 1.053 0.678 0.003
113 227 3 54.395 214.055 38.187 0.551 0.752 1.693 0.376
113 390 3 59.019 216.808 38.383 0.349 0.687 1.216 -0.848
113 479 3 32.136 256.086 38.377 0.28 0.656 0.796 0.027
113 485 5 38.651 261.99 38.08 2.584 1.719 1.287 -3.135
113 489 3 31.67 245.516 38.406 0.522 0.586 1.296 0.014
114 6 5 47.597 233.078 38.13 3.266 1.838 1.577 0.011
114 219 1 46.788 244.053 38.553 0.503 1.087 0.516 -0.045
114 227 3 54.31 214.535 38.207 0.741 0.541 1.607 -2.637
114 390 3 58.943 216.808 38.606 0.508 0.497 0.79 0.07
114 479 3 32.002 256.002 38.491 0.29 0.488 1.002 0.13
114 485 5 39.008 259.813 38.024 2.734 1.709 1.507 -3.106
114 489 3 31.594 246.075 38.415 0.37 0.531 1.324 0.036
