0 1 2 134.63 67.992 38.419 12.056 3.167 2.465 0
0 7 4 99.611 60.72 37.911 1.347 0.59 1.639 0.001
0 10 1 140.57 62.165 37.957 4.054 1.94 1.365 -0.045
0 11 1 134.244 60.411 37.986 3.933 1.523 1.431 -0.006
0 12 2 124.269 58.392 38.443 10.782 2.1 2.32 -0.018
0 15 1 115.323 56.302 38.017 4.13 1.803 1.492 -0.02
0 16 1 153.817 65.577 37.84 2.045 1.576 1.379 -0.017
0 17 4 80.461 55.717 37.769 1.213 0.687 1.047 0.102
0 21 1 149.034 62.692 38.342 2.988 1.973 0.75 -0.032
0 22 1 79.696 25.977 37.658 3.344 1.922 0.802 3.142
1 1 2 134.009 67.759 38.49 14.86 3.096 2.389 -0
1 7 4 97.69 60.162 37.887 1.341 0.527 1.562 0.078
1 10 1 140.554 62.15 37.966 4.033 1.946 1.376 -0
1 11 1 134.238 60.432 38.014 3.944 1.511 1.402 0
1 12 2 124.328 58.053 38.443 10.832 2.679 2.316 0
1 15 1 114.723 56.141 38.016 4.151 1.874 1.49 -0
1 16 1 153.796 65.658 37.916 2.033 1.544 1.238 0
1 17 4 77.594 55.016 37.789 0.817 0.8 1.04 -0.039
1 21 1 149.029 62.698 38.377 3.135 1.991 1.087 0
1 22 1 86.584 28.397 37.592 3.95 0.658 0.575 3.142
2 1 2 132.581 67.487 38.425 15.555 3.131 2.506 0.021
2 7 4 95.873 59.606 37.861 1.554 0.624 1.581 0.047
2 10 1 140.544 62.157 37.988 4.006 1.937 1.321 0
2 11 1 134.218 60.436 37.976 4.008 1.544 1.467 -0
2 12 2 124.032 58.459 38.429 10.82 1.782 2.308 0
2 15 1 113.873 55.891 38.01 4.165 1.91 1.497 -0.005
2 16 1 153.801 65.606 37.839 2.014 1.441 1.37 -0
2 17 4 74.986 54.391 37.8 1.132 0.875 1.203 -0
2 21 1 149.115 62.732 38.473 3.152 2 0.897 0
2 22 1 93.605 30.376 37.821 4.205 0.499 1.053 -3.121
3 1 2 131.535 67.058 38.426 17.338 3.012 2.489 0.015
3 7 4 93.93 59.072 37.831 1.568 0.575 1.548 0.013
3 10 1 140.539 62.132 37.956 3.979 1.911 1.397 0.011
3 11 1 134.16 60.429 38.003 3.974 1.435 1.417 -0.004
3 12 2 123.761 58.478 38.425 10.83 1.452 2.305 -0.006
3 15 1 112.963 55.687 37.989 4.124 1.844 1.528 -0.005
3 16 1 153.785 65.688 37.94 2.02 1.369 1.192 -0.004
3 17 4 72.049 53.724 37.845 0.856 0.821 1 0.011
3 21 1 149.051 62.659 38.404 3.146 1.96 1.036 0.025
3 22 1 100.488 32.24 37.877 3.549 0.338 0.902 -3.112
4 1 2 127.963 66.335 38.435 14.361 2.802 2.438 0.018
4 7 4 92.339 58.729 37.857 0.797 0.569 1.658 0
4 10 1 140.573 62.111 37.959 4.031 1.944 1.379 0
4 11 1 134.148 60.289 37.981 4.114 1.717 1.46 -0
4 12 2 123.362 58.485 38.422 10.815 1.386 2.276 0
4 15 1 111.931 55.439 37.998 4.054 1.861 1.533 0
4 16 1 153.813 65.619 37.944 2.04 1.591 1.164 0
4 17 4 69.335 53.079 37.645 0.627 0.667 0.802 -0.006
4 21 1 149.027 62.703 38.452 3.056 2.001 0.922 0
5 1 2 125.02 65.553 38.394 11.437 2.78 2.413 0.016
5 7 4 90.099 58.137 37.878 1.396 0.606 1.613 0.018
5 10 1 140.583 62.153 37.968 4.075 1.928 1.381 -0.007
5 11 1 134.175 60.228 38.013 4.215 1.91 1.409 0.018
5 12 2 122.553 57.829 38.424 11.723 2.472 2.254 0.008
5 15 1 110.926 55.16 37.99 4.027 1.987 1.46 0.004
5 16 1 153.811 65.638 37.921 2.046 1.434 1.246 -0.007
5 17 4 66.814 52.444 37.694 1.165 0.715 1.084 0.054
5 21 1 149.13 62.705 38.345 3.131 2.077 0.739 -0.007
6 1 2 122.169 64.797 38.356 11.532 2.763 2.273 0.014
6 7 4 88.321 57.638 37.832 0.84 0.588 1.637 -0.016
6 10 1 140.574 62.109 37.944 4.002 1.928 1.407 -0.006
6 11 1 134.186 60.137 37.99 4.116 1.995 1.443 -0.008
6 12 2 122.242 58.432 38.387 10.803 1.058 2.262 -0.002
6 15 1 109.712 54.866 37.972 3.991 1.927 1.539 0
6 16 1 153.829 65.601 37.923 2.001 1.561 1.19 -0.021
6 17 4 63.686 51.812 37.774 0.315 0.541 0.819 -0.004
6 21 1 149.046 62.678 38.469 3.069 1.961 0.886 0.008
7 1 2 116.313 63.255 38.365 13.28 3.011 2.279 0.002
7 7 4 84.498 56.649 37.753 0.75 0.554 1.643 0.047
7 10 1 140.574 62.113 37.923 4.003 1.924 1.442 0.004
7 11 1 134.192 60.136 37.986 4.123 2.016 1.445 0.008
7 12 2 121.278 58.174 38.384 10.94 1.026 2.191 -0.009
7 15 1 107.795 54.406 37.966 4.015 1.812 1.511 -0.031
7 16 1 153.823 65.642 37.892 2.03 1.547 1.255 0.018
7 21 1 149.072 62.676 38.368 3.062 2.09 1.095 -0.034
8 1 2 113.534 62.619 38.399 13.097 2.999 2.38 -0.003
8 7 4 82.724 56.426 37.903 0.807 0.536 1.272 0.04
8 10 1 140.592 62.106 37.936 4.038 1.971 1.429 0.011
8 11 1 134.194 60.122 37.973 4.203 2.025 1.482 0.015
8 12 2 120.797 58.066 38.398 10.97 1.326 2.229 0.014
8 15 1 106.895 54.206 37.948 4.054 1.884 1.488 -0.02
8 16 1 153.846 65.578 37.829 2.056 1.585 1.372 -0.04
8 21 1 149.062 62.668 38.427 3.032 2.051 0.952 -0.016
9 1 2 110.721 61.934 38.375 12.952 2.959 2.473 -0.011
9 7 4 80.609 56.061 37.854 0.644 0.681 1.259 -0.04
9 10 1 140.581 62.083 37.957 4.009 1.974 1.396 0.006
9 11 1 134.03 60.112 37.984 4.077 2.01 1.47 -0.004
9 12 2 120.371 57.807 38.396 10.923 1.459 2.278 0
9 15 1 106.118 54.016 37.966 3.99 1.875 1.543 -0.014
9 16 1 153.83 65.598 37.939 2.015 1.387 1.19 -0.044
9 21 1 149.123 62.692 38.36 2.987 2.101 0.692 -0.034
10 1 2 107.663 61.276 38.478 12.879 2.828 2.586 0.001
10 7 4 78.624 55.722 37.788 0.964 0.607 1.351 0.006
10 10 1 140.578 62.084 37.955 4.018 2.016 1.398 -0
10 11 1 133.754 60.014 38.004 4.175 2.038 1.454 -0
10 12 2 119.796 57.6 38.408 10.88 1.652 2.286 -0
10 15 1 105.454 53.886 37.96 4.241 1.934 1.527 -0
10 16 1 153.812 65.62 37.939 2.03 1.438 1.187 -0
10 21 1 149.146 62.685 38.365 3.129 2.061 0.681 -0
10 33 4 150.598 72.523 37.816 0.998 0.526 1.336 0.001
11 1 2 104.265 60.442 38.494 13.043 2.965 2.749 0.002
11 10 1 140.572 62.088 37.944 4.008 1.916 1.424 -0.011
11 11 1 133.237 59.892 37.99 4.18 1.994 1.516 -0.005
11 12 2 119.192 57.217 38.411 10.914 2.07 2.325 -0.002
11 15 1 105.109 53.78 37.955 4.276 1.783 1.524 -0.02
11 16 1 153.835 65.587 37.938 2.02 1.567 1.192 -0.02
11 21 1 149.054 62.682 38.46 3.053 1.988 0.921 -0.018
11 33 4 148.532 71.994 37.892 1.165 0.508 1.284 -0.02
12 1 2 100.108 59.506 38.518 12.094 2.768 2.39 0.019
12 10 1 140.611 62.106 37.945 4.096 1.968 1.432 0.013
12 11 1 132.243 59.65 38.014 4.074 2.029 1.469 0.007
12 12 2 118.236 57.248 38.439 11.007 1.566 2.317 -0.011
12 15 1 104.955 53.705 37.953 4.272 1.85 1.519 -0.013
12 16 1 153.825 65.595 37.856 2.056 1.425 1.372 -0.045
12 21 1 149.049 62.651 38.346 3.01 1.949 0.737 -0.006
12 33 4 145.759 71.38 37.866 1.07 0.655 1.484 -0.009
12 35 5 77.322 54.702 39.065 0.255 0.664 1.406 0.017
13 1 2 93.283 57.786 38.616 13.005 2.625 2.733 0.027
13 10 1 140.417 62.059 37.95 3.949 1.969 1.423 0.017
13 11 1 130.531 59.191 38.028 4.187 2.037 1.454 0.024
13 12 2 116.764 57.151 38.451 10.351 1.123 2.346 -0.007
13 15 1 105.17 53.881 37.94 3.76 1.745 1.542 -0.039
13 16 1 153.685 65.494 37.771 1.747 1.692 1.223 0
13 21 1 149.065 62.668 38.448 3.09 2.004 0.951 0.001
13 33 4 141.796 70.414 37.941 0.939 0.695 1.511 0.001
13 35 5 77.363 54.305 38.747 0.252 1.687 2.054 0.038
14 1 2 90.044 57.061 38.517 12.839 2.756 2.928 0.008
14 10 1 140.138 62.035 37.958 3.962 1.965 1.412 0.002
14 11 1 129.492 58.918 38.006 4.189 2.005 1.504 0.02
14 12 2 115.574 56.887 38.443 9.401 1.146 2.397 -0.005
14 15 1 104.99 53.959 37.969 4.066 1.531 1.483 -0.005
14 16 1 153.801 65.659 37.927 2 1.455 1.178 -0.005
14 21 1 149.586 62.852 38.39 2.867 2.043 1.059 -0.002
14 33 4 139.787 69.907 37.947 1.433 0.617 1.612 -0.005
14 35 5 77.566 53.779 38.77 0.241 1.278 2.026 -0.005
15 1 2 84.82 55.831 38.613 11.855 2.72 3.182 0
15 10 1 138.96 61.729 37.984 4.036 2.016 1.41 0
15 11 1 127.779 58.405 38.007 4.13 1.971 1.474 0
15 12 2 115.343 55.963 38.475 11.4 2.903 2.42 -0
15 15 1 104.932 53.725 37.947 4.285 1.983 1.524 0.007
15 16 1 153.792 65.604 37.958 1.961 1.543 1.201 0.021
15 21 1 149.31 62.772 38.162 2.836 2.123 1.503 0
15 33 4 136.015 69.144 37.938 1.318 0.625 1.535 0
15 35 5 77.297 53.451 38.741 0.908 0.413 2.057 0.036
15 38 2 132.489 38.768 39.079 11.066 3.059 2.727 3.12
16 1 2 81.811 55.141 38.536 11.949 2.573 3.127 0.003
16 10 1 137.99 61.538 37.976 4.083 1.973 1.366 -0.011
16 11 1 126.846 58.233 38.045 4.226 2.039 1.474 0.014
16 12 2 114.712 55.809 38.49 11.555 2.813 2.435 -0.005
16 15 1 104.826 54.164 37.948 4.292 0.956 1.53 -0.013
16 16 1 153.793 65.651 37.913 2.006 1.592 1.251 -0
16 21 1 148.87 62.627 38.076 3.392 2.088 1.711 0.003
16 33 4 133.732 68.637 37.975 1.526 0.635 1.641 -0.001
16 38 2 141.033 40.461 39.016 11.133 2.901 3.325 3.103
17 1 2 79.06 54.44 38.831 11.963 2.635 2.966 0.017
17 10 1 137.008 61.276 37.992 4.096 2.022 1.399 0.002
17 11 1 125.958 57.953 38.046 4.209 2.169 1.472 0.025
17 12 2 114.114 55.758 38.493 11.582 2.714 2.45 -0.001
17 15 1 104.822 54.245 37.933 4.142 0.842 1.547 -0.026
17 16 1 153.797 65.651 37.932 2.024 1.478 1.222 -0.002
17 21 1 148.392 62.51 38.046 3.631 2.151 1.767 0.018
17 33 4 131.529 68.116 37.987 1.588 0.673 1.62 -0.024
17 38 2 147.274 41.502 38.87 6.471 2.727 3.584 3.111
17 40 2 119.507 33.014 38.768 7.835 2.804 3.103 -3.14
17 41 4 141.577 69.383 38.009 1.837 0.647 1.418 -0.02
18 1 2 76.57 53.899 38.544 11.994 2.656 2.74 0.014
18 10 1 135.993 61.071 37.992 4.055 2.052 1.452 -0.017
18 11 1 125.092 57.761 38.047 4.264 2.051 1.47 -0.007
18 12 2 113.645 55.653 38.498 11.605 2.703 2.458 -0.004
18 15 1 104.746 54.283 37.931 4.177 0.643 1.542 -0.022
18 16 1 153.804 65.599 37.934 2.031 1.59 1.245 -0.005
18 21 1 147.619 62.307 38.009 3.814 2.231 1.504 0.002
18 33 4 129.542 67.624 37.978 2.088 0.642 1.66 0.019
18 38 2 160.048 45.44 40.523 7.609 1.196 0.996 3.139
18 40 2 124.657 34.268 38.782 12.209 3.063 2.817 -3.112
18 41 4 137.355 68.348 37.977 1.933 0.666 1.687 -0.089
19 1 2 74.34 53.415 38.66 11.831 2.664 2.629 0.008
19 10 1 135.038 60.838 37.967 4.041 2.034 1.414 -0.006
19 11 1 124.303 57.633 38.047 4.338 1.977 1.466 0.009
19 12 2 113.392 55.606 38.504 11.585 2.611 2.471 -0.011
19 15 1 104.962 53.811 37.966 3.879 1.76 1.489 -0.027
19 16 1 153.755 65.594 37.964 2.043 1.528 1.172 -0.045
19 21 1 146.51 62.041 38.01 3.845 2.23 1.537 -0.007
19 33 4 127.178 67.071 37.991 1.737 0.641 1.659 0.005
19 38 2 162.704 45.185 40.544 3.643 2.493 1.395 3.115
19 40 2 130.781 36.005 38.924 11.676 2.941 2.59 -3.129
19 41 4 132.782 67.107 38.03 1.217 0.6 1.682 -0.022
20 1 2 70.818 52.477 38.646 14.586 2.597 2.949 0.021
20 10 1 133.863 60.606 37.946 4.174 2.041 1.514 -0.008
20 11 1 123.531 57.484 38.04 4.251 1.902 1.455 -0.002
20 12 2 113.215 55.523 38.5 11.616 2.814 2.481 -0.011
20 15 1 104.781 54.204 37.942 3.988 0.762 1.483 -0.026
20 16 1 153.48 65.558 37.838 2.007 1.576 1.422 -0.002
20 21 1 144.833 61.691 38.017 3.805 2.024 1.582 0.005
20 33 4 124.538 66.495 38.028 1.784 0.698 1.625 -0.006
20 40 2 136.41 37.43 39.034 7.426 2.541 2.63 -3.118
20 41 4 127.625 65.783 38.036 1.221 0.644 1.715 0.039
20 43 4 114.459 28.338 37.553 2.262 0.408 1.269 3.114
20 44 1 70.334 46.354 37.864 1.339 1.184 1.11 -0.077
21 1 2 69.7 52.407 38.593 12.152 2.77 3.01 -0.003
21 10 1 132.617 60.317 37.977 4.064 2.017 1.412 -0.031
21 11 1 123.237 57.34 38.02 4.37 2.05 1.44 0.007
21 12 2 113.209 55.53 38.493 11.585 2.728 2.494 -0.007
21 15 1 104.828 54.348 37.936 3.812 0.678 1.527 -0.016
21 16 1 152.963 65.428 37.881 2.108 1.499 1.354 -0.039
21 21 1 143.046 61.234 38.037 3.898 2.173 1.582 -0.031
21 33 4 121.84 65.87 37.999 1.622 0.8 1.588 -0.022
21 40 2 146.698 40.43 38.769 4.904 1.981 3.038 -3.111
21 41 4 122.434 64.701 38.079 1.374 0.684 1.679 -0.008
21 43 4 120.003 29.557 37.85 1.795 0.747 1.232 3.124
21 44 1 70.304 46.333 37.851 1.297 1.312 1.112 -0.023
21 45 5 111.537 31.692 38.281 0.778 0.211 0.22 3.137
21 46 1 114.496 36.126 37.954 4.294 1.61 1.234 -3.114
22 1 2 73.791 53.454 38.789 0.904 2.856 2.814 0
22 10 1 131.622 60.091 37.992 4.279 1.986 1.368 0
22 11 1 123.179 57.385 38.038 4.418 1.912 1.455 0
22 12 2 113.202 55.528 38.492 11.594 2.766 2.506 -0
22 15 1 104.862 54.394 37.98 3.714 0.63 1.456 0
22 16 1 152.444 65.283 37.901 2.172 1.716 1.324 -0
22 21 1 141.538 60.876 38.112 3.929 2.072 1.529 0
22 33 4 119.718 65.264 37.967 1.656 0.535 1.544 0
22 40 2 152.871 41.628 38.862 11.601 2.696 3.014 3.142
22 41 4 118.026 63.844 38.07 1.365 0.606 1.707 -0
22 43 4 125.183 30.772 38.122 0.95 0.59 0.805 3.142
22 44 1 70.358 46.316 37.858 1.175 1.172 1.076 -0.027
22 45 5 119.476 33.498 37.985 2.97 1.284 1.158 -3.141
22 46 1 122.522 38.463 38.128 3.792 0.802 0.863 3.142
23 1 2 72.637 53.163 38.795 0.655 2.716 2.89 -0.03
23 10 1 130.79 59.923 38.004 4.259 2.054 1.417 -0.018
23 11 1 123.236 57.314 38.042 4.464 2.163 1.452 0.004
23 12 2 113.186 55.548 38.506 11.614 2.591 2.478 -0.013
23 15 1 104.867 54.385 37.95 3.773 0.563 1.518 -0.041
23 16 1 152.077 65.224 37.905 2.834 1.813 1.357 0.002
23 21 1 140.227 60.579 38.104 3.918 2.207 1.604 0.005
23 33 4 117.483 64.885 37.993 1.662 0.802 1.561 0.039
23 40 2 160.598 44.972 40.585 6.722 1.956 1.26 3.139
23 41 4 113.637 63.054 38.022 1.302 0.604 1.667 0.014
23 43 4 129.614 31.847 38.134 1.489 0.427 0.827 3.089
23 44 1 70.34 46.309 37.889 1.248 1.153 1.016 -0.003
23 45 5 126.65 35.554 38.051 3.104 0.794 0.92 -3.115
23 46 1 130.897 40.281 38.278 3.545 1.493 0.701 -3.121
23 47 4 153.197 73.581 37.897 1.038 0.646 1.624 0.068
24 1 2 70.707 52.748 38.582 1.941 2.797 2.614 -0.041
24 10 1 130.077 59.797 38.022 4.326 2.038 1.373 -0.03
24 11 1 123.206 57.401 38.041 4.313 1.904 1.45 -0.004
24 12 2 113.204 55.542 38.508 11.588 2.747 2.482 -0.004
24 15 1 104.839 54.356 37.96 3.792 0.549 1.503 -0.019
24 16 1 150.855 64.977 37.938 2.265 1.803 1.308 -0.035
24 21 1 138.81 60.28 38.136 3.912 2.123 1.585 -0.011
24 33 4 114.81 64.154 38.002 1.855 0.683 1.664 -0.037
24 41 4 108.204 62.038 38.035 1.225 0.583 1.617 -0.032
24 43 4 135.004 32.938 38.093 1.145 0.676 0.875 3.13
24 44 1 70.439 46.379 37.893 0.996 1.3 1.079 0.004
24 45 5 135.512 37.95 38.092 2.779 0.571 0.737 -3.114
24 46 1 142.325 43.571 38.026 2.14 0.413 1.169 3.134
24 47 4 151.278 72.94 37.978 1.327 0.611 1.527 0.091
25 1 2 70.355 52.681 38.59 0.631 2.589 2.589 -0.051
25 10 1 129.711 59.691 38.009 4.378 2.028 1.43 -0.036
25 11 1 123.158 57.335 38.017 4.362 1.992 1.415 -0.012
25 12 2 113.144 55.518 38.496 11.712 2.737 2.492 -0
25 15 1 104.79 54.322 37.931 3.864 0.605 1.488 -0.044
25 16 1 150.025 64.826 37.906 2.381 1.781 1.413 -0.021
25 21 1 137.941 60.046 38.112 3.765 2.132 1.652 -0.019
25 33 4 112.639 63.615 37.984 1.782 0.594 1.616 0.045
25 41 4 103.58 61.392 37.978 1.176 0.645 1.708 -0.029
25 43 4 139.841 34.048 38.053 1.152 0.743 0.873 3.142
25 44 1 70.283 46.262 37.858 1.103 0.986 1.007 0.034
25 47 4 150.005 72.612 37.943 1.177 0.646 1.649 0.078
26 1 2 68.564 52.228 38.49 1.999 2.544 2.75 -0.006
26 10 1 129.387 59.669 37.982 4.358 1.999 1.446 0.007
26 11 1 123.172 57.372 38.017 4.26 2.011 1.44 0.002
26 12 2 113.224 55.539 38.5 11.539 2.681 2.478 -0.01
26 15 1 104.705 54.346 37.915 4.087 0.597 1.499 -0.04
26 16 1 149.015 64.653 37.96 2.398 1.811 1.383 0.019
26 21 1 137.447 59.922 38.111 3.896 2.126 1.699 0.007
26 33 4 110.46 63.078 37.957 1.762 0.533 1.61 -0.07
26 41 4 98.966 60.447 37.903 1.064 0.593 1.61 0.027
26 44 1 70.192 46.306 37.846 0.961 1.229 1.024 0.025
26 47 4 148.2 72.145 37.949 1.011 0.628 1.683 0.008
26 48 2 153.3 73.464 38.225 1.014 0.397 1.802 0.102
27 1 2 66.086 51.651 38.506 4.203 2.667 2.858 0.011
27 10 1 129.334 59.609 37.995 4.386 2.009 1.374 -0.035
27 11 1 123.225 57.3 38.046 4.323 2.151 1.431 -0.01
27 12 2 113.204 55.547 38.496 11.578 2.777 2.478 0
27 15 1 104.768 54.371 37.951 3.915 0.542 1.489 -0.037
27 16 1 148.378 64.527 37.964 3.451 1.796 1.425 0.005
27 21 1 137.05 59.791 38.118 3.667 2.137 1.707 -0.02
27 33 4 107.901 62.462 37.95 1.466 0.535 1.598 0.001
27 41 4 93.439 58.901 37.919 1.135 0.746 1.626 -0.018
27 44 1 69.879 46.172 37.848 1.207 1.332 1.039 0.005
27 47 4 146.345 71.675 37.968 1.167 0.569 1.705 -0.032
27 48 2 152.159 73.003 38.321 2.777 0.674 1.603 -0.011
27 53 1 112.662 31.786 37.748 4.094 1.724 1.383 -3.11
28 1 2 65.822 51.766 38.492 1.712 2.679 2.934 0.033
28 10 1 129.326 59.625 38.006 4.39 2.052 1.394 -0.003
28 11 1 123.157 57.435 38.033 4.238 1.924 1.452 -0.009
28 12 2 113.245 55.563 38.493 11.472 2.777 2.477 0.004
28 15 1 104.715 54.357 37.9 4.059 0.577 1.583 -0.032
28 16 1 147.378 64.223 37.945 3.58 2.001 1.498 -0.011
28 21 1 137.057 59.857 38.13 3.738 2.112 1.665 0.012
28 33 4 105.574 61.952 37.93 1.628 0.558 1.617 -0.022
28 41 4 89 57.236 37.793 1.096 0.711 1.714 0.033
28 44 1 69.774 46.151 37.803 1.001 1.176 1.096 -0.001
28 47 4 144.138 71.176 37.882 1.319 0.69 1.496 -0.016
28 48 2 149.962 72.493 38.534 3.593 1.158 2.349 0.024
28 53 1 118.912 33.136 37.92 4.439 2.106 1.273 -3.108
29 1 2 63.137 50.986 38.422 4.255 2.767 3.07 0.027
29 10 1 129.308 59.602 38.003 4.339 2.041 1.404 -0.016
29 11 1 123.197 57.404 38.022 4.33 1.923 1.44 -0.001
29 12 2 113.424 55.582 38.487 11.114 2.793 2.465 -0.002
29 15 1 104.788 54.359 37.949 3.889 0.53 1.488 -0.015
29 16 1 146.739 64.108 37.916 3.979 1.978 1.605 -0.001
29 21 1 137.07 59.843 38.119 3.688 2.086 1.69 0.008
29 33 4 103.524 61.377 37.898 1.457 0.544 1.55 -0
29 41 4 84.683 55.645 38.086 0.733 0.606 0.985 -0.014
29 44 1 69.441 46.102 37.82 1.07 1.219 1.044 -0.008
29 47 4 142.615 70.823 37.91 1.555 0.717 1.53 -0.052
29 48 2 150.184 72.339 38.514 7.105 1.319 2.67 -0.015
29 53 1 125.744 35.119 38.07 3.079 1.671 0.889 -3.106
30 1 2 61.468 50.696 38.656 4.133 2.616 2.748 -0.013
30 10 1 129.319 59.577 37.976 4.301 2.153 1.452 -0
30 11 1 123.199 57.41 38.004 4.286 1.92 1.465 0.008
30 12 2 113.176 55.567 38.485 11.615 2.727 2.509 0
30 15 1 104.819 54.399 37.942 3.797 0.674 1.517 0.017
30 16 1 145.801 63.91 37.948 3.838 1.984 1.543 -0.035
30 21 1 137.08 59.827 38.109 3.662 2.105 1.706 -0
30 33 4 101.351 60.858 37.875 1.548 0.535 1.449 0
30 41 4 80.299 54.123 37.985 0.56 0.502 1.041 0
30 44 1 69.101 46.042 37.832 1.038 1.183 1.082 0.01
30 47 4 140.759 70.423 37.932 1.143 0.705 1.538 0
30 48 2 147.765 71.647 38.616 5.323 1.519 2.588 0
30 53 1 132.913 36.937 38.156 3.919 1.623 0.736 3.142
31 1 2 61.365 50.632 38.578 0.806 2.608 2.763 -0.02
31 10 1 129.27 59.601 38.002 4.267 1.982 1.395 -0.039
31 11 1 123.157 57.396 38.022 4.338 1.953 1.464 -0.008
31 12 2 113.219 55.543 38.49 11.522 2.635 2.479 -0.014
31 15 1 104.687 54.325 37.924 4.069 0.575 1.532 -0.025
31 16 1 145.08 63.822 37.981 3.942 1.814 1.509 0.006
31 21 1 137.147 59.869 38.13 3.862 2.161 1.666 -0.004
31 33 4 99.279 60.348 37.905 1.32 0.621 1.619 -0.026
31 41 4 75.865 52.885 37.815 0.782 0.462 1.206 -0.066
31 44 1 68.489 45.941 37.783 1.222 1.219 1.104 -0.038
31 47 4 139.234 70.111 37.937 1.7 0.65 1.609 -0.026
31 48 2 148.93 71.943 38.653 11.026 1.591 3.012 0.021
31 53 1 138.331 38.468 38.209 1.384 1.123 0.757 3.111
31 56 5 156.925 66.608 37.836 0.439 0.262 0.467 0.052
32 10 1 129.316 59.57 37.969 4.358 2.106 1.401 -0.023
32 11 1 123.179 57.464 38.006 4.306 1.8 1.45 0.018
32 12 2 113.523 55.634 38.488 10.982 2.82 2.475 0
32 15 1 104.665 54.337 37.912 4.099 0.606 1.479 -0.016
32 16 1 143.864 63.564 37.98 4.01 1.958 1.298 0.036
32 21 1 137.113 59.904 38.108 3.788 2.114 1.661 0.036
32 33 4 95.914 59.552 37.851 1.379 0.504 1.547 0.013
32 41 4 68.515 51.546 37.745 0.905 0.59 1.043 -0.091
32 44 1 67.473 45.5 37.891 0.77 1.189 0.767 0.108
32 47 4 136.353 69.454 37.956 1.038 0.616 1.633 -0.007
32 48 2 146.604 71.16 38.71 10.922 1.94 2.82 0.009
32 53 1 148.568 40.956 37.742 1.138 1.494 1.371 3.118
32 56 5 156.6 66.524 37.624 0.908 0.327 0.896 0.003
33 10 1 129.278 59.61 37.964 4.296 2.075 1.461 -0.006
33 11 1 123.206 57.441 38.021 4.365 1.899 1.453 -0.015
33 12 2 113.219 55.534 38.48 11.531 2.687 2.477 -0.01
33 15 1 104.706 54.352 37.912 4.029 0.625 1.527 -0.018
33 16 1 142.352 63.241 37.989 3.977 2.018 1.435 0.019
33 21 1 137.145 59.868 38.128 3.875 2.157 1.666 -0.012
33 33 4 91.472 58.558 37.79 1.227 0.629 1.539 -0.016
33 44 1 65.192 44.906 37.649 1.243 1.209 1.186 0.031
33 47 4 132.939 68.667 37.986 1.646 0.699 1.646 -0.013
33 48 2 143.774 70.189 38.579 11.282 2.469 2.79 -0.017
33 56 5 155.637 66.199 37.677 1.22 0.484 0.929 0.064
34 10 1 129.28 59.616 37.977 4.291 2.015 1.389 -0.014
34 11 1 123.189 57.425 38.021 4.317 1.965 1.453 -0.014
34 12 2 113.187 55.565 38.481 11.584 2.7 2.485 -0.005
34 15 1 104.77 54.32 37.931 3.924 0.643 1.496 -0.037
34 16 1 141.472 63.079 37.977 3.604 2.053 1.477 0
34 21 1 137.152 59.841 38.095 3.878 2.093 1.725 -0.007
34 33 4 89.34 58.055 37.698 1.296 0.598 1.555 0.048
34 44 1 63.856 44.561 37.614 1.366 1.391 1.158 -0.017
34 47 4 130.997 68.199 38.01 1.223 0.73 1.679 -0.008
34 48 2 141.057 69.497 38.636 8.723 2.603 2.373 -0.011
34 56 5 154.937 66.05 37.693 1.184 0.487 0.931 -0.019
35 10 1 129.288 59.623 37.991 4.309 2.043 1.401 -0.006
35 11 1 123.188 57.417 38.023 4.315 1.938 1.449 -0.026
35 12 2 113.199 55.497 38.484 11.596 2.719 2.465 -0.01
35 15 1 104.783 54.329 37.917 3.902 0.61 1.519 -0.021
35 16 1 140.79 63.002 37.98 3.68 2.061 1.493 0.007
35 21 1 137.054 59.823 38.12 3.664 2.093 1.661 0.004
35 33 4 87.211 57.52 37.843 1.154 0.653 1.491 0.203
35 44 1 62.894 44.185 37.757 0.749 2.006 0.888 0.009
35 47 4 129.441 67.809 38.024 1.839 0.691 1.737 -0.026
35 48 2 139.551 69.102 38.554 8.69 2.688 2.595 -0.008
35 56 5 155.15 66.257 37.643 3.676 0.738 1.081 0.017
36 10 1 129.35 59.565 37.975 4.404 2.14 1.437 -0.013
36 11 1 123.162 57.422 38.02 4.364 1.909 1.457 -0.013
36 12 2 113.199 55.565 38.483 11.553 2.743 2.49 -0.001
36 15 1 104.703 54.352 37.91 4.057 0.552 1.545 -0.021
36 16 1 140.012 62.923 38.005 3.613 2.056 1.472 -0.036
36 21 1 137.107 59.845 38.122 3.803 2.185 1.668 -0.015
36 33 4 85.133 56.906 37.842 1.144 0.552 1.453 0.172
36 47 4 127.743 67.379 38.019 1.881 0.717 1.728 0.024
36 48 2 138.088 68.746 38.499 8.885 2.875 2.599 -0.009
36 56 5 154.138 65.428 37.848 3.344 1.768 1.413 0.007
37 10 1 129.315 59.63 37.973 4.371 2.062 1.411 -0.008
37 11 1 123.186 57.318 37.988 4.386 2.106 1.461 -0.013
37 12 2 113.186 55.546 38.463 11.586 2.732 2.51 -0.004
37 15 1 104.781 54.334 37.92 3.903 0.605 1.515 -0.053
37 16 1 139.205 62.883 37.929 3.566 1.842 1.419 -0.015
37 21 1 137.075 59.871 38.08 3.67 2.107 1.694 0.009
37 33 4 82.908 56.402 37.775 1.136 0.377 1.489 0.001
37 47 4 125.851 66.97 38.016 1.763 0.722 1.703 -0.031
37 48 2 136.536 68.418 38.431 9.093 3.076 2.554 0.002
37 56 5 152.172 64.879 38.29 1.298 1.488 0.573 -0.015
37 62 1 118.244 33.539 37.898 3.545 1.758 1.264 -3.079
38 10 1 129.289 59.627 37.981 4.293 2.021 1.415 -0.02
38 11 1 123.141 57.399 38.01 4.266 1.928 1.466 -0.016
38 12 2 113.203 55.558 38.478 11.54 2.677 2.479 -0.003
38 15 1 104.685 54.352 37.917 4.128 0.676 1.517 0.006
38 16 1 138.424 62.692 37.944 3.604 2.053 1.484 -0.08
38 21 1 137.057 59.865 38.116 3.688 2.118 1.663 0.007
38 33 4 81.066 55.952 37.828 1.073 0.538 1.3 0.012
38 47 4 123.99 66.555 38.034 1.824 0.702 1.704 0.006
38 48 2 136.197 68.414 38.421 12.216 2.967 2.5 0.008
38 62 1 124.662 35.623 38.051 4.135 0.848 0.899 -3.095
39 10 1 129.294 59.626 37.967 4.336 2.056 1.441 -0.003
39 11 1 123.137 57.445 38.015 4.254 1.919 1.451 -0.007
39 12 2 113.223 55.551 38.479 11.507 2.696 2.483 -0.007
39 15 1 104.662 54.364 37.878 4.167 0.699 1.601 0.002
39 16 1 137.328 62.506 37.966 2.89 2.055 1.48 -0.029
39 21 1 137.061 59.869 38.113 3.688 2.115 1.665 0.007
39 33 4 78.657 55.387 37.899 1.327 0.466 1.093 -0.027
39 47 4 122.215 66.085 38.004 1.816 0.871 1.632 -0.035
39 48 2 134.639 67.945 38.443 13.074 3.004 2.548 -0.008
39 62 1 130.791 37.015 38.164 3.386 1.29 0.715 -3.088
39 64 4 108.88 26.863 37.728 1.05 0.413 1.364 3.128
40 10 1 129.301 59.618 37.968 4.369 2.051 1.396 -0.027
40 11 1 123.112 57.427 37.99 4.303 1.872 1.444 -0.025
40 12 2 113.203 55.555 38.477 11.533 2.629 2.478 -0.012
40 15 1 104.659 54.306 37.923 4.127 0.58 1.504 -0.011
40 16 1 137.071 62.487 37.955 3.832 2.042 1.476 0.004
40 21 1 137.061 59.836 38.089 3.666 2.174 1.702 0
40 33 4 76.421 54.926 37.812 0.85 0.464 1.141 -0.001
40 47 4 120.344 65.485 38.005 1.738 0.845 1.638 -0.025
40 48 2 133.748 67.71 38.52 15.573 2.983 2.543 -0.008
40 62 1 136.528 38.522 38.163 3.092 1.13 0.797 -3.037
40 64 4 111.301 27.491 37.681 1.882 0.603 1.577 -3.089
40 65 5 149.685 64.891 38.006 2.528 0.276 0.64 0
41 10 1 129.287 59.615 37.965 4.323 2.064 1.426 -0.004
41 11 1 123.19 57.316 38.014 4.273 2.161 1.461 0.01
41 12 2 113.028 55.518 38.478 11.596 2.677 2.483 -0.007
41 15 1 104.47 54.282 37.914 3.861 0.585 1.515 -0.038
41 16 1 135.962 62.213 37.958 3.896 2.052 1.509 0.002
41 21 1 137.055 59.843 38.102 3.687 2.089 1.664 0.002
41 33 4 72.271 53.909 37.679 1.243 0.444 1.305 -0.05
41 47 4 116.459 64.473 37.988 1.909 0.718 1.619 -0.068
41 48 2 129.03 66.767 38.454 14.873 3.159 2.502 0.021
41 62 1 148.376 41.181 37.773 1.775 1.76 1.615 3.122
41 64 4 116.07 28.781 37.582 0.44 0.636 1.277 2.94
41 65 5 148.265 63.914 38.176 2.473 1.576 0.98 0.061
41 67 2 145.451 70.937 38.67 7.684 2.037 2.93 0
41 68 1 119.399 36.668 38.208 4.582 1.806 1.129 -3.123
41 70 4 113.47 28.129 37.755 0.808 0.472 1.535 -3.109
42 10 1 129.3 59.619 37.937 4.323 2.042 1.42 -0.026
42 11 1 123.15 57.444 37.991 4.222 1.883 1.458 -0.006
42 12 2 112.8 55.449 38.471 11.618 2.536 2.51 -0.019
42 15 1 103.987 54.135 37.902 3.942 0.652 1.458 -0.027
42 16 1 135.593 62.142 37.954 3.984 2.007 1.476 -0.033
42 21 1 137.106 59.858 38.068 3.714 2.052 1.723 -0.004
42 33 4 69.99 53.341 37.785 0.64 0.564 0.995 0.027
42 47 4 114.495 64.121 37.987 1.884 0.666 1.69 0.022
42 48 2 125.41 65.839 38.386 12.022 3.01 2.46 0.023
42 64 4 119.793 29.69 37.753 1.94 0.612 1.332 -3.075
42 65 5 147.74 63.717 38.161 2.349 1.491 0.787 -0.011
42 67 2 143.764 70.413 38.549 7.607 2.072 2.882 0.032
42 68 1 126.721 38.844 38.303 4.133 1.262 0.984 -3.086
42 70 4 115.904 28.671 37.643 2.021 0.78 1.469 -3.075
43 10 1 129.323 59.58 37.969 4.37 2.093 1.408 -0.038
43 11 1 123.171 57.433 38.004 4.303 1.916 1.451 -0.016
43 12 2 112.506 55.384 38.48 11.444 2.761 2.5 -0.001
43 15 1 103.226 54.011 37.96 3.935 0.713 1.328 -0.014
43 16 1 135.414 62.099 37.95 4.174 2.061 1.445 0.007
43 21 1 137.135 59.873 38.133 3.852 2.165 1.596 0.007
43 33 4 67.378 52.624 37.705 0.703 0.424 1.058 0.023
43 47 4 112.691 63.738 37.98 1.733 0.654 1.691 -0.011
43 48 2 123.392 65.236 38.337 11.939 2.749 2.35 0.017
43 64 4 122.297 30.334 37.97 1.476 0.601 0.996 3.034
43 65 5 147.458 63.666 38.19 2.044 1.485 0.773 0.007
43 67 2 142.183 69.814 38.57 7.62 2.436 2.815 -0.023
43 68 1 134.055 40.676 38.369 3.949 1.587 0.903 -3.091
43 70 4 118.859 29.436 37.794 1.391 0.569 1.198 3.128
43 73 5 107.037 25.966 37.641 0.469 0.279 0.983 3.11
44 10 1 129.268 59.595 37.922 4.271 2.033 1.434 -0.032
44 11 1 123.174 57.42 37.977 4.312 1.926 1.438 -0.012
44 12 2 111.889 55.225 38.487 11.563 2.773 2.525 -0.002
44 15 1 102.188 53.688 38.053 4.029 0.712 1.18 -0.032
44 16 1 135.228 62.048 37.936 4.016 2.121 1.456 -0.022
44 21 1 137.048 59.823 38.055 3.646 2.111 1.737 -0.003
44 33 4 65.48 51.992 37.652 1.423 0.373 1.077 0.008
44 47 4 110.481 63.28 37.887 1.306 0.705 1.482 -0.023
44 48 2 120.895 64.587 38.312 12.113 2.645 2.276 0.015
44 64 4 125.332 31.043 37.988 1.481 0.494 0.959 3.112
44 65 5 146.166 63.233 38.456 0.364 1.248 0.143 -0.052
44 67 2 140.35 69.316 38.471 7.715 2.651 2.785 -0.012
44 68 1 142.637 43.439 38.059 2.415 0.535 1.272 -3.124
44 70 4 121.624 30.067 37.828 1.368 0.665 1.209 3.136
44 73 5 110.458 26.828 37.652 1.004 0.726 1.539 3.113
45 10 1 129.261 59.616 37.927 4.273 2.032 1.417 -0.015
45 11 1 123.137 57.46 37.967 4.268 1.818 1.447 0.02
45 12 2 111.119 55.032 38.473 11.567 2.772 2.533 -0
45 15 1 100.889 53.396 37.855 3.917 0.788 1.485 -0.007
45 16 1 135.04 62.026 37.934 3.686 2.053 1.483 0.032
45 21 1 137.079 59.863 38.067 3.684 2.054 1.699 0.005
45 33 4 63.497 51.492 37.597 1.871 0.313 1.093 0.061
45 47 4 109.025 62.279 37.867 0.307 1.032 0.656 0
45 48 2 118.612 63.92 38.299 12.52 2.968 2.29 0
45 64 4 128.221 31.713 37.888 1.803 0.507 1.168 -3.108
45 65 5 145.88 63.114 38.463 0.388 1.324 0.155 0.006
45 67 2 138.565 69.035 38.447 7.584 2.949 2.704 0.034
45 70 4 125.001 30.936 37.901 0.733 0.463 0.769 0.033
45 73 5 113.316 27.811 37.841 0.816 0.444 1.25 -3.067
45 76 1 103.718 33.073 37.81 3.289 1.603 0.825 -3.123
46 10 1 129.315 59.562 37.951 4.345 2.127 1.354 -0.017
46 11 1 122.93 57.234 37.98 4.401 2.192 1.431 0.007
46 12 2 110.398 54.878 38.457 11.079 2.65 2.671 -0.013
46 15 1 99.169 52.509 37.824 3.905 1.772 1.51 -0.03
46 16 1 135.25 62.077 37.954 4.165 2.037 1.469 -0.017
46 21 1 137.108 59.85 38.049 3.824 2.165 1.74 -0.017
46 33 4 61.621 50.969 37.687 1.259 0.483 0.888 0.032
46 47 4 109.195 61.838 37.773 0.306 1.24 0.649 0.025
46 48 2 116.506 63.524 38.322 12.764 3.134 2.29 0
46 64 4 131.22 32.43 38.066 1.225 0.399 0.775 -3.127
46 65 5 145.473 63.031 38.468 0.339 1.301 0.151 -0.032
46 67 2 136.27 68.286 38.444 6.708 3.026 2.574 -0.017
46 70 4 127.63 31.526 37.994 1.33 0.43 0.957 3.133
46 73 5 116.621 28.756 37.904 1.243 0.601 1.22 -3.047
46 76 1 109.26 34.516 37.943 4.491 1.768 1.507 -3.138
46 77 4 96.186 21.133 37.701 0.566 0.362 1.147 3.13
46 78 5 164.911 67.818 37.735 0.241 0.272 0.513 3.136
47 10 1 129.269 59.605 37.957 4.285 2.074 1.405 -0.023
47 11 1 122.46 57.129 37.994 4.36 2.137 1.463 -0.012
47 12 2 109.167 54.576 38.515 11 2.817 2.621 0.001
47 15 1 97.18 52.144 37.782 3.988 1.678 1.48 -0.042
47 16 1 135.104 62.029 37.96 3.874 2.109 1.458 -0.015
47 21 1 137.045 59.855 38.12 3.672 2.145 1.584 0.004
47 48 2 113.999 62.843 38.352 12.971 2.905 2.335 0.003
47 64 4 134.053 32.881 37.98 1.754 0.725 1.014 3.115
47 65 5 145.114 63.085 38.47 0.452 1.054 0.255 -0.073
47 67 2 135.11 68.035 38.488 8.356 3.094 2.336 -0.005
47 70 4 130.695 32.218 37.914 1.269 0.485 0.842 3.041
47 73 5 119.589 29.419 37.792 1.206 0.74 1.241 3.104
47 76 1 115.322 36.043 38.02 4.394 1.849 1.341 -3.13
47 77 4 97.527 21.629 38.026 0.664 0.564 0.569 3.127
47 78 5 164.478 67.73 37.592 0.968 0.52 0.931 -0.056
47 79 1 100.04 30.694 37.881 4.409 1.139 1.163 3.094
47 80 4 88.578 20.887 38.155 0.669 0.543 0.765 -3.06
48 10 1 129.076 59.551 37.949 4.356 1.988 1.429 -0.02
48 11 1 120.414 56.751 37.951 4.357 1.778 1.472 0.021
48 12 2 105.922 53.813 38.564 11.001 2.807 2.728 0.003
48 15 1 92.845 51.446 37.857 3.632 0.94 1.505 -0.032
48 16 1 135.173 62.044 37.931 3.986 2.052 1.459 -0.017
48 21 1 136.878 59.828 38.107 3.839 2.068 1.538 -0.003
48 48 2 109.615 61.785 38.421 13.323 2.869 2.526 -0.001
48 64 4 140.463 34.329 38.105 1.522 0.628 0.582 -3.13
48 65 5 145.203 62.983 38.459 1.734 1.313 0.238 -0.001
48 67 2 132.851 67.383 38.462 12.616 2.99 2.584 0.001
48 70 4 137.116 33.557 37.932 1.13 0.416 1.005 -3.071
48 73 5 126.392 31.286 37.802 1.06 0.307 0.574 3.11
48 76 1 128.581 39.459 38.296 4.503 1.681 0.969 -3.127
48 77 4 100.492 22.755 38.109 0.397 0.513 0.499 -3.092
48 78 5 162.59 67.275 37.65 0.572 0.737 0.788 0.011
48 79 1 118.035 33.968 37.911 4.468 1.782 1.18 3.113
48 80 4 94.655 22.714 37.691 0.659 0.376 1.077 -3.085
48 81 1 102.729 29.015 37.722 3.225 1.286 1.135 -3.126
48 82 5 93.547 58.952 37.707 0.236 1.456 0.344 0.076
48 83 1 85.952 24.916 37.646 2.086 0.884 0.777 3.076
49 10 1 127.274 59.151 37.937 4.457 2.03 1.387 -0.027
49 11 1 117.019 55.853 37.951 4.024 1.677 1.447 0.009
49 12 2 101.134 52.651 38.563 11.427 2.618 2.967 -0.006
49 15 1 87.912 50.357 37.845 3.299 0.701 1.268 -0.03
49 16 1 134.89 61.946 37.94 4.024 2.051 1.409 -0.03
49 21 1 136.329 59.682 38.076 4.273 2.178 1.689 -0.004
49 48 2 104.139 60.435 38.449 13.211 2.655 2.79 0.021
49 67 2 127.132 66.021 38.39 11.733 2.754 2.473 0.003
49 73 5 133.82 32.74 37.97 0.942 0.36 0.967 -3.12
49 76 1 143.459 43.246 38.093 3.715 1.547 1.404 3.135
49 77 4 103.963 23.824 37.831 1.532 0.568 1.217 -3.099
49 78 5 161.204 66.976 37.822 1.858 0.969 0.913 -0.034
49 79 1 137.219 38.329 38.135 3.159 1.826 0.854 -3.128
49 80 4 100.799 24.619 38.151 0.657 0.503 0.463 -3.127
49 81 1 116.251 32.238 37.698 4.286 1.718 1.447 3.114
49 82 5 88.485 57.301 37.796 0.25 0.812 0.053 -0.025
49 83 1 99.034 28.139 37.838 3.25 1.214 1.113 -3.111
49 86 4 144.722 71.102 37.787 1.174 0.334 1.521 0.047
49 89 2 150.255 72.519 38.467 2.88 0.831 1.869 0.008
49 90 1 97.862 31.164 37.769 2.452 0.791 0.83 -3.1
49 92 4 141.77 69.3 37.856 2.404 0.718 1.593 -0.093
50 10 1 125.843 58.826 37.925 4.476 2.011 1.421 -0.011
50 11 1 115.267 55.343 37.925 3.977 1.78 1.469 0.014
50 12 2 99.142 52.158 38.546 10.968 2.672 2.91 -0.005
50 15 1 85.579 49.841 37.767 3.493 0.609 1.416 -0.04
50 16 1 134.563 61.877 37.933 4.127 1.982 1.523 0.005
50 21 1 135.882 59.558 38.092 4.295 2.217 1.657 0.035
50 48 2 101.935 59.899 38.523 12.938 2.62 2.792 0.028
50 65 5 144.127 62.69 38.49 0.408 1.279 0.142 -0.001
50 67 2 124.754 65.456 38.351 11.537 2.785 2.399 0.01
50 73 5 137.105 33.229 37.94 0.919 0.661 1.043 -3.123
50 77 4 105.312 24.287 37.886 1.531 0.614 1.255 -3.139
50 78 5 160.466 66.748 37.801 1.849 1.095 0.918 -0.02
50 79 1 146.341 40.495 37.777 3.845 2.349 1.67 -3.13
50 80 4 103.562 25.336 38.241 0.365 0.355 0.502 -3.119
50 81 1 121.107 34.032 37.86 3.573 0.721 1.094 -3.067
50 82 5 85.818 56.445 37.703 0.152 1.392 0.397 0.046
50 83 1 104.583 29.421 37.84 3.712 1.461 1.439 -2.986
50 86 4 143.153 70.894 37.91 1.365 0.462 1.295 0.04
50 89 2 148.662 72.016 38.567 2.887 1.12 3.02 0.002
50 90 1 104.626 32.885 37.829 2.681 1.127 0.807 -3.099
50 92 4 138.951 68.734 37.884 1.216 0.718 1.437 -0.043
51 10 1 124.047 58.41 37.961 4.592 2.03 1.414 0.007
51 11 1 113.337 54.836 37.949 4.052 1.854 1.469 -0.007
51 12 2 96.829 51.591 38.601 11.001 2.673 2.905 0.001
51 15 1 84.475 49.55 37.788 1.168 0.556 1.286 -0.02
51 16 1 133.887 61.684 37.947 3.985 2.023 1.507 0.007
51 21 1 135.078 59.354 38.056 4.49 2.129 1.745 0.014
51 48 2 99.771 59.399 38.521 12.651 2.789 2.762 0.027
51 64 4 153.393 37.427 37.68 1.265 0.605 1.465 -3.085
51 65 5 144.396 63.017 38.322 1.899 1.205 0.547 0.009
51 67 2 122.472 64.807 38.313 11.161 2.918 2.326 0.001
51 70 4 149.595 36.691 37.768 1.312 0.355 1.446 -3.039
51 73 5 140.014 34.065 38.283 0.683 0.327 0.653 -3.105
51 78 5 159.72 66.567 37.698 1.819 1.399 1.193 0.006
51 80 4 105.935 26.132 38.401 0.493 0.426 0.246 -3.117
51 81 1 127.137 35.334 38.001 2.705 0.826 0.89 -3.103
51 82 5 83.037 55.403 37.704 0.245 1.248 0.303 0.021
51 83 1 110.335 31.009 37.921 3.592 1.105 1.189 -3.102
51 86 4 141.285 70.531 38.126 1.033 0.368 0.957 0.045
51 89 2 148.692 71.898 38.521 6.397 1.447 2.999 -0.007
51 90 1 110.668 34.761 37.915 3.887 0.6 0.71 -3.114
51 92 4 136.936 68.338 37.874 1.604 0.762 1.558 -0.026
51 95 4 150.742 76.094 38.006 1.413 0.813 1.5 0.194
51 97 5 85.478 22.806 37.912 0.088 0.422 0.303 -3.088
51 99 4 135.558 68.774 37.826 1.208 0.359 1.53 0.002
51 100 5 90.709 29.901 37.54 0.228 0.619 0.071 -3.053
52 10 1 121.872 57.923 38.069 4.629 1.687 1.191 0.042
52 11 1 111.144 54.494 37.899 3.958 1.512 1.417 -0.013
52 12 2 94.494 51.012 38.558 10.823 2.665 2.797 -0.001
52 15 1 81.178 48.771 37.724 3.148 0.588 1.343 0.002
52 16 1 132.98 61.471 37.943 4.072 2.076 1.44 0.004
52 21 1 133.724 58.961 38.078 4.375 2.228 1.649 0.004
52 48 2 97.198 58.674 38.527 13.09 2.727 2.815 0.037
52 65 5 144.554 62.914 38.08 2.499 1.721 1.033 0.017
52 67 2 119.774 64.077 38.287 11.774 2.979 2.234 -0.001
52 70 4 152.422 37.369 37.707 1.667 0.384 1.484 -3.047
52 78 5 158.977 66.387 37.732 1.72 1.552 1.167 -0.002
52 80 4 108.6 26.79 37.724 1.078 0.53 1.393 -3.129
52 81 1 133.224 36.775 38.042 3.925 0.962 0.779 -3.101
52 82 5 80.342 54.438 37.706 0.843 0.925 0.074 0.025
52 83 1 115.303 32.084 37.795 1.873 1.353 1.661 3.136
52 86 4 139.701 69.872 38.131 0.531 0.451 1.043 -0.019
52 89 2 147.599 71.307 38.427 8.068 1.909 2.74 -0.085
52 90 1 117.84 36.265 37.99 3.288 1.314 0.892 -3.08
52 92 4 134.793 67.869 37.86 1.501 0.769 1.51 -0.048
52 95 4 147.637 75.431 37.95 1.694 0.633 1.367 -0.129
52 99 4 132.99 68.326 37.847 1.784 0.689 1.473 0.024
53 10 1 119.502 57.378 37.94 4.442 1.747 1.395 -0.036
53 11 1 108.871 53.792 37.913 3.948 1.819 1.477 -0.036
53 12 2 92.059 50.481 38.65 10.686 2.578 2.984 -0.008
53 15 1 79.178 48.845 37.64 2.165 1.595 1.369 -0.006
53 16 1 131.68 61.123 37.932 4.176 2.072 1.439 0.023
53 21 1 132.025 58.593 38.056 4.475 2.09 1.703 0.004
53 48 2 94.918 58.051 38.547 12.098 2.929 2.972 0.069
53 65 5 143.925 62.912 37.852 3.409 1.409 1.415 -0.001
53 67 2 117.153 63.497 38.292 11.669 2.9 2.269 0.014
53 70 4 154.983 37.838 37.712 0.554 0.327 0.738 0.069
53 78 5 158.139 66.228 37.705 1.717 1.756 1.146 -0.015
53 80 4 111.38 27.52 37.778 1.313 0.691 1.713 -3.073
53 81 1 138.681 38.104 38.105 1.315 0.883 0.69 3.093
53 83 1 121.473 33.537 37.952 2.967 1.632 1.146 3.112
53 86 4 137.819 69.495 37.807 1.476 0.535 1.519 0.089
53 89 2 146.517 71.139 38.537 9.63 2.145 2.949 -0.023
53 90 1 124.423 37.909 38.01 2.62 1.348 0.688 3.082
53 92 4 132.602 67.433 37.873 1.439 0.742 1.55 0.089
53 95 4 143.961 74.63 37.932 1.509 0.466 1.433 0.181
53 97 5 104.826 29.655 37.537 1.909 1.625 0.934 -3.073
53 99 4 130.813 67.821 37.815 1.823 0.702 1.439 0.089
53 100 5 100.597 32.279 38.016 4.574 1.618 0.972 -3.097
53 102 4 109.84 26.013 37.734 0.935 0.59 1.353 -3.073
54 10 1 116.744 56.714 37.9 4.386 1.834 1.464 -0.006
54 11 1 106.434 53.252 37.895 3.906 1.803 1.479 -0.032
54 12 2 89.41 50.026 38.703 11.027 2.598 3.161 -0.043
54 15 1 77.296 47.888 37.846 1.205 0.544 1.142 -0.086
54 16 1 130.199 60.743 37.953 4.301 2.059 1.462 0.02
54 21 1 129.864 58.061 38.092 4.452 2.148 1.698 0.013
54 48 2 92.481 57.28 38.539 12 2.773 3.069 0.07
54 65 5 143.291 62.574 37.854 3.789 1.712 1.351 0.008
54 67 2 114.128 62.686 38.341 11.071 2.896 2.406 0.01
54 78 5 157.545 66.059 38.03 2.484 1.892 1.413 -0.023
54 80 4 113.829 28.213 37.797 0.798 0.639 1.524 3.135
54 81 1 146.316 40.355 37.764 1.456 0.359 1.069 3.119
54 83 1 127.137 35.195 38.053 2.699 1.173 0.985 -3.108
54 86 4 135.923 69.064 37.832 1.601 0.685 1.515 -0.039
54 89 2 145.198 70.714 38.467 11.029 2.308 2.837 -0.001
54 90 1 131.033 39.464 38.253 2.932 1.363 0.445 3.112
54 92 4 130.518 66.945 37.89 1.666 0.762 1.572 -0.08
54 95 4 140.32 73.737 38.049 1.81 0.707 1.475 -0.037
54 97 5 110.276 31.577 37.703 1.74 0.475 0.545 -3.14
54 99 4 128.56 67.283 37.826 1.8 0.661 1.452 -0.014
54 100 5 106.604 33.832 38.013 4.298 1.747 1.371 -3.137
54 102 4 110.966 26.268 37.828 0.831 1.007 1.35 3.047
54 107 4 95.224 23.82 37.498 0.998 0.239 0.861 -3.1
55 10 1 113.846 56.016 37.899 4.347 1.767 1.418 -0.008
55 11 1 103.778 52.62 37.881 3.841 1.788 1.446 -0.01
55 12 2 87.295 49.334 38.746 10.255 2.662 3.241 0.004
55 15 1 74.863 47.337 37.608 0.94 0.395 0.819 0.006
55 16 1 128.377 60.294 37.934 4.215 2.035 1.447 0.016
55 21 1 127.412 57.396 38.07 4.507 2.221 1.691 -0.001
55 48 2 89.962 56.503 38.595 11.895 2.801 3.046 0.072
55 65 5 142.565 62.305 37.841 4.118 1.894 1.339 0.028
55 67 2 111.863 62.098 38.375 11.981 2.819 2.471 0.015
55 78 5 156.519 65.833 37.984 2.377 2.111 1.403 -0.007
55 80 4 116.649 28.792 37.811 1.357 0.646 1.546 3.124
55 81 1 150.106 40.721 37.371 2.41 1.476 0.756 -3.049
55 83 1 133.029 36.508 38.095 3.305 1.645 0.861 -3.114
55 86 4 133.906 68.566 37.843 1.618 0.609 1.53 -0.002
55 89 2 143.276 70.064 38.463 11.098 2.631 2.716 -0.016
55 92 4 128.312 66.458 37.879 1.868 0.71 1.573 -0.023
55 95 4 136.354 72.778 38.033 1.953 0.556 1.514 -0.08
55 97 5 116.449 32.806 37.63 1.227 1.158 0.746 3.132
55 99 4 126.208 66.739 37.851 1.844 0.619 1.49 0.055
55 100 5 112.751 35.464 38.066 4.546 1.861 1.276 -3.12
55 102 4 112.368 27.024 38.304 0.222 0.267 0.39 3.131
55 112 4 104.14 23.916 37.733 1.126 0.633 1.29 -3.07
55 113 4 107.348 28.216 37.761 1.085 0.575 1.064 -3.071
55 114 1 93.542 29.452 37.779 2.564 1.586 0.945 -3.112
56 10 1 110.304 55.166 37.919 4.301 1.803 1.405 0
56 11 1 100.37 51.919 37.891 3.84 1.801 1.465 -0.026
56 12 2 84.356 48.631 38.726 10.268 2.678 3.381 0.002
56 15 1 72.166 46.735 37.603 0.367 0.253 0.602 0.039
56 16 1 126.029 59.71 37.967 4.204 2.028 1.471 0.023
56 21 1 124 56.539 38.067 4.632 2.29 1.687 -0.005
56 48 2 86.717 55.357 38.614 11.924 2.537 3.299 0.071
56 65 5 141.758 62.074 37.901 4.305 1.952 1.486 0.039
56 67 2 108.305 61.187 38.405 12.631 2.831 2.544 0.011
56 78 5 155.977 65.772 38.01 3.663 1.758 1.527 0.097
56 83 1 139.388 38.157 38.213 1.97 1.329 0.796 -3.132
56 86 4 131.369 67.957 37.849 1.7 0.691 1.533 0.012
56 89 2 140.854 69.477 38.467 11.013 2.893 2.686 -0.005
56 92 4 125.631 65.78 37.903 2.01 0.818 1.587 0.04
56 95 4 131.318 71.489 38.042 1.772 0.701 1.554 -0.105
56 97 5 122.261 34.318 38.08 2.133 0.769 0.691 -3.069
56 99 4 123.321 66.09 37.845 1.834 0.716 1.496 0.04
56 100 5 120.174 37.373 38.178 4.54 1.897 1.194 -3.124
56 102 4 114.167 27.679 38.207 0.524 0.613 0.694 -3.076
56 107 4 101.862 25.382 37.743 1.532 0.584 1.22 3.035
56 112 4 106.548 24.938 37.691 1.328 0.639 1.444 -3.127
56 113 4 114.264 30.215 37.486 1.832 0.279 1.125 3.133
56 114 1 100.347 31.322 37.884 3.662 1.641 1.058 -3.123
57 10 1 107.294 54.307 37.862 4.157 1.946 1.393 -0.002
57 11 1 97.565 51.274 37.829 3.792 1.739 1.393 -0.009
57 12 2 81.551 47.993 38.819 10.736 2.757 3.554 -0.009
57 15 1 69.345 46.042 37.604 0.485 0.329 0.874 0.034
57 16 1 124.149 59.181 37.942 4.29 2.057 1.473 0.012
57 21 1 120.872 55.833 38.061 4.647 2.261 1.722 -0.018
57 48 2 85.278 54.942 38.543 8.923 2.279 3.064 0.022
57 65 5 140.695 61.817 37.853 4.199 1.96 1.398 0.006
57 67 2 105.365 60.484 38.414 11.96 2.796 2.604 0.015
57 78 5 155.194 65.474 37.846 4.068 2.069 1.506 0.027
57 80 4 122.289 29.901 37.942 1.348 0.539 1.402 -3.131
57 86 4 129.291 67.464 37.882 1.605 0.681 1.554 0.01
57 89 2 139.106 68.976 38.363 10.755 2.895 2.615 -0.012
57 92 4 123.261 65.163 37.906 1.91 0.758 1.533 -0.029
57 95 4 126.617 70.325 38.06 1.944 0.578 1.534 0.049
57 97 5 125.167 35.114 38.037 0.742 0.502 0.328 3.125
57 99 4 120.965 65.576 37.852 1.962 0.739 1.438 -0.029
57 100 5 126.113 38.909 38.268 3.385 1.666 0.948 -3.128
57 102 4 115.215 28.176 37.812 0.669 0.575 1.252 -3.131
57 107 4 104.819 26.241 38.036 0.622 0.456 0.473 0.04
57 112 4 108.497 25.672 37.87 1.314 0.641 1.336 -3.087
57 113 4 119.524 31.416 37.875 1.55 0.633 1.271 -3.131
57 114 1 106.208 32.699 37.842 4.271 1.634 1.226 -3.135
58 10 1 101.293 52.861 37.865 4.089 1.846 1.435 -0.008
58 11 1 92.008 50.08 37.861 3.712 1.525 1.437 -0.056
58 12 2 76.675 46.97 38.96 10.301 2.64 3.371 -0.045
58 15 1 63.664 44.745 37.576 0.992 0.397 0.912 -0.051
58 16 1 119.622 57.99 37.947 4.444 1.994 1.451 0.014
58 21 1 114.252 54.372 38.061 4.463 2.038 1.664 0.01
58 48 2 78.617 53.104 38.519 9.644 2.616 2.987 0.043
58 65 5 137.65 60.994 37.823 4.196 2.063 1.375 0.029
58 67 2 99.618 59.126 38.517 11.98 2.744 2.774 -0.005
58 78 5 152.371 64.905 37.699 3.597 2.165 1.296 -0.02
58 80 4 127.684 30.721 38.022 1.105 0.783 1.349 -3.124
58 86 4 124.985 66.408 37.881 1.647 0.624 1.548 -0.03
58 89 2 134.382 67.982 38.379 10.081 3.055 2.64 0.005
58 92 4 118.454 63.839 37.915 1.984 0.751 1.545 0.059
58 95 4 116.971 68.031 38.08 1.955 0.836 1.499 0.003
58 97 5 137.133 38.094 38.055 1.421 0.979 0.745 -3.113
58 99 4 115.939 64.279 37.867 1.852 0.76 1.435 -0.009
58 100 5 137.986 41.837 38.403 0.445 1.451 0.352 -3.045
58 102 4 118.321 28.92 38.289 0.309 0.235 0.555 -3.136
58 107 4 110.536 27.899 38.097 0.629 0.574 0.586 -3.078
58 112 4 112.471 27.003 38.164 1.297 0.712 0.815 3.127
58 113 4 131.004 33.886 37.878 1.199 0.568 0.936 -3.076
58 114 1 118.477 35.9 37.968 4.291 1.655 1.004 -3.117
58 119 1 102.725 29.474 37.354 0.947 1.337 0.513 -3.13
59 10 1 98.325 52.197 37.858 4.12 1.827 1.474 -0.001
59 11 1 89.345 49.469 37.836 3.756 1.653 1.448 -0.007
59 12 2 73.946 46.3 38.846 10.685 2.763 3.523 -0.013
59 15 1 61.358 44.177 37.68 0.23 0.365 0.66 -0.034
59 16 1 116.897 57.26 37.946 4.567 1.913 1.508 -0.001
59 21 1 110.795 53.56 38.065 4.34 2.058 1.717 -0.001
59 48 2 75.278 52.12 38.484 9.671 2.861 3.125 0
59 65 5 135.815 60.545 37.84 4.147 2.073 1.428 0
59 67 2 96.67 58.406 38.474 12.09 2.876 2.845 -0.001
59 78 5 150.977 64.542 37.811 3.634 2.194 1.51 0
59 80 4 130.478 31.381 37.996 1.497 0.636 1.236 -3.019
59 86 4 122.809 65.915 37.896 1.693 0.696 1.585 0
59 89 2 132.643 67.351 38.348 11.197 3.022 2.663 -0.012
59 92 4 115.983 63.14 37.889 1.945 0.777 1.542 0
59 95 4 111.942 66.759 38.09 1.989 0.706 1.575 0.002
59 99 4 113.377 63.684 37.874 1.802 0.741 1.462 -0
59 100 5 145.524 44.361 38.071 2.346 0.958 1.202 -3.063
59 102 4 119.768 28.823 37.756 1.267 0.699 1.588 3.142
59 107 4 113.323 28.761 37.721 1.666 0.714 1.367 3.142
59 112 4 114.505 27.797 37.784 1.346 0.712 1.544 3.142
59 113 4 136.769 35.058 37.953 1.019 0.659 0.845 -3.135
59 114 1 124.073 37.397 38.044 3.535 1.61 0.979 -3.141
59 119 1 108.346 31.035 37.692 1.706 1.313 0.851 3.142
59 122 1 89.642 28.693 37.426 3.972 1.117 0.614 -3.093
59 123 5 73.865 18.179 37.989 0.557 0.535 0.439 0.049
60 10 1 95.449 51.566 37.837 4.065 1.916 1.426 -0.003
60 11 1 86.628 48.994 37.785 3.648 1.557 1.425 -0.078
60 12 2 71.644 45.786 38.777 10.669 2.854 3.633 0.007
60 15 1 58.691 43.666 37.565 0.45 0.569 0.667 0.101
60 16 1 113.935 56.401 38.082 4.615 1.921 1.233 0.068
60 21 1 106.999 52.778 38.044 4.603 1.941 1.723 -0.013
60 48 2 70.904 50.932 38.44 11.731 2.996 3.096 -0.025
60 65 5 133.936 60.085 37.866 4.244 1.981 1.419 0.04
60 67 2 94.013 57.783 38.476 11.337 2.956 2.879 0.006
60 78 5 149.538 64.335 37.825 3.807 2.109 1.535 0.068
60 80 4 132.87 31.911 38.021 0.85 0.466 1.02 -3.098
60 86 4 120.53 65.364 37.88 1.685 0.65 1.567 -0.002
60 89 2 130.782 67.019 38.404 12.098 3.052 2.641 0.009
60 92 4 113.482 62.562 37.925 1.905 0.902 1.56 0.061
60 95 4 106.875 65.646 38.102 1.927 0.728 1.535 0.015
60 99 4 110.785 63.034 37.879 1.782 0.649 1.479 -0.135
60 102 4 121.387 28.816 37.682 1.29 0.661 1.623 -3.075
60 107 4 116.263 29.731 37.555 1.328 0.311 0.94 -3.002
60 112 4 116.915 28.874 37.876 0.423 0.222 0.218 0.309
60 113 4 142.339 36.31 38.026 0.406 0.254 0.617 -3.098
60 114 1 130.004 38.921 38.207 3.2 1.61 0.667 -3.132
60 119 1 112.944 32.045 37.868 3.996 1.66 1.518 3.142
60 122 1 94.815 29.552 38.119 1.604 0.919 0.278 0.195
60 123 5 76.725 18.936 37.522 0.42 0.546 1.33 -2.946
60 125 5 72.274 15.97 37.893 0.34 0.535 0.373 -0.14
60 126 1 87.21 25.019 38.173 2.212 0.97 0.518 -2.946
60 127 4 109.626 27.75 37.724 1.651 0.585 1.204 -3.075
60 129 4 105.236 24.97 37.762 1.701 0.578 1.699 -3.075
61 10 1 92.622 50.86 37.799 4.132 1.836 1.428 -0.013
61 11 1 84.013 48.392 37.799 3.561 1.654 1.377 -0.015
61 12 2 68.922 45.04 38.681 10.568 2.713 3.243 0.011
61 15 1 56.058 43.086 37.599 0.427 0.458 0.622 3.092
61 16 1 110.891 55.644 38.146 4.662 1.658 1.006 0.052
61 21 1 103.392 51.896 38.044 4.497 1.974 1.691 -0.014
61 48 2 67.395 50.006 38.473 11.971 2.383 3.175 -0.015
61 65 5 131.733 59.56 37.887 4.178 2.049 1.376 0.008
61 67 2 91.057 57.006 38.535 11.549 2.841 2.874 0.029
61 78 5 147.732 63.877 37.727 3.678 2.105 1.312 0.009
61 80 4 135.608 32.501 37.946 1.059 0.509 1.102 -3.036
61 86 4 118.104 64.841 37.89 1.741 0.612 1.541 0.027
61 89 2 128.354 66.44 38.445 12.069 3.006 2.741 0.018
61 92 4 110.998 61.905 37.893 1.818 0.787 1.486 0.095
61 95 4 101.666 64.49 38.056 2.019 0.671 1.588 -0.051
61 99 4 108.122 62.439 37.86 1.83 0.715 1.456 -0.005
61 102 4 122.863 28.975 38.18 0.553 0.297 0.635 -3.134
61 113 4 148.479 37.622 38.066 0.768 0.25 0.239 -0.002
61 114 1 136.183 40.562 38.158 2.693 1.431 0.693 3.134
61 119 1 118.916 33.863 37.919 4.533 1.07 1.429 -3.125
61 122 1 101.845 31.527 37.877 3.995 1.628 1.153 -3.139
61 123 5 79.486 19.81 38.062 0.486 0.442 0.549 -3.109
61 125 5 74.699 16.674 37.925 0.22 0.451 0.604 0.327
61 126 1 93.626 26.607 37.754 4.143 1.721 1.754 -3.135
61 127 4 112.2 28.58 37.664 1.854 0.556 1.528 -3.062
61 129 4 107.378 25.741 37.742 1.029 0.702 1.62 -3.127
61 130 5 85.855 18.836 37.762 0.386 0.318 0.869 -3.027
61 132 4 85.287 21.485 37.704 0.738 0.488 1.046 3.055
61 133 1 147.057 70.764 37.264 0.843 0.316 0.526 -0.007
61 134 4 86.056 20.579 37.683 1.835 0.315 1.09 3.027
62 10 1 90.042 50.306 37.826 3.78 1.898 1.363 -0.006
62 11 1 81.393 47.803 37.773 3.56 1.748 1.413 0.016
62 12 2 66.379 44.519 38.707 10.256 2.809 3.567 -0.004
62 15 1 53.422 42.445 37.543 0.306 0.321 0.639 0.156
62 16 1 107.69 54.996 38.093 4.542 1.823 1.167 -0.001
62 21 1 99.937 51.174 38.039 4.296 1.942 1.706 -0.014
62 48 2 67.345 50.003 38.627 5.137 1.842 2.832 -0.044
62 65 5 129.341 58.967 37.886 4.149 1.995 1.406 0.001
62 67 2 88.131 56.211 38.558 11.702 2.733 2.818 0.055
62 78 5 145.867 63.472 37.739 3.655 2.147 1.3 0.02
62 80 4 138.299 32.937 38.072 1.011 0.628 0.706 -3.087
62 86 4 115.484 64.29 37.9 1.672 0.697 1.541 -0.037
62 89 2 125.853 65.815 38.481 12.212 3.002 2.714 0.009
62 92 4 108.43 61.344 37.915 1.953 0.865 1.533 0.144
62 95 4 96.484 63.283 38.058 1.921 0.624 1.513 0.002
62 99 4 105.52 61.827 37.862 1.822 0.675 1.444 0.015
62 102 4 124.223 29.053 37.864 0.975 0.474 1.241 3.129
62 114 1 141.213 41.81 38.049 0.289 1.354 0.295 3.092
62 119 1 124.692 35.731 37.637 4.065 0.423 0.88 -3.089
62 122 1 107.831 32.955 37.802 3.852 1.727 1.315 3.132
62 123 5 82.127 20.662 37.674 0.455 0.302 1.123 0.022
62 125 5 77.45 17.351 37.719 1.02 0.614 1.251 -3.085
62 126 1 99.794 28.271 37.811 4.306 1.659 1.569 -3.071
62 127 4 114.639 29.47 37.733 1.233 0.516 1.425 -3.055
62 129 4 109.607 26.558 38.178 0.484 0.631 0.817 -3.065
62 130 5 87.78 19.396 38.011 0.383 0.211 0.552 0.006
62 132 4 88.017 22.191 37.582 1.081 0.745 1.532 -2.949
62 133 1 144.796 70.883 37.365 1.376 2.085 0.8 -0.002
62 134 4 88.828 21.145 37.428 2.075 0.645 1.358 3.139
62 138 4 73.402 15.991 37.612 0.952 0.172 1.322 -3.101
62 142 4 123.156 32.388 37.754 1.475 0.408 1.251 -3.109
63 10 1 87.215 49.672 37.815 4.053 1.816 1.452 0
63 11 1 78.834 47.3 37.818 3.541 1.572 1.416 0.006
63 12 2 63.487 43.812 38.757 10.87 2.771 3.27 0.008
63 15 1 50.42 41.78 37.626 0.936 0.545 1.189 -0.021
63 16 1 104.249 54.198 37.923 4.675 1.85 1.503 0.023
63 21 1 96.554 50.378 38.001 4.303 1.969 1.757 -0.004
63 48 2 64.659 49.691 38.507 5.009 2.767 2.888 0.027
63 65 5 126.743 58.404 37.85 4.301 2.093 1.406 0.005
63 67 2 85.276 55.419 38.502 11.402 2.864 2.918 0.07
63 78 5 142.925 62.911 37.692 1.503 1.929 1.005 0.011
63 80 4 140.799 33.626 38.111 0.621 0.352 0.497 3.087
63 86 4 112.807 63.679 37.876 1.715 0.661 1.574 0.011
63 89 2 123.23 65.17 38.442 12.441 3.035 2.712 0.009
63 92 4 105.554 60.593 38.105 1.598 0.759 1.202 0.011
63 95 4 91.182 62.039 37.972 1.924 0.66 1.484 -0.041
63 99 4 102.842 61.292 37.844 1.7 0.759 1.518 -0.014
63 102 4 125.647 29.292 37.791 0.69 0.322 1.276 -3.116
63 119 1 130.159 36.754 37.867 2.286 0.791 0.443 -3.139
63 122 1 113.787 34.376 37.878 4.307 1.63 1.372 -3.139
63 123 5 84.85 21.283 37.736 1.363 0.59 1.068 -3.131
63 125 5 79.498 17.953 37.616 1.618 0.56 1.461 -3.131
63 126 1 105.944 29.574 37.827 3.288 2.45 1.662 -3.112
63 127 4 117.688 30.441 37.846 1.272 0.687 1.16 -2.87
63 129 4 111.834 27.391 37.724 1.454 0.632 1.721 -3.008
63 130 5 90.043 19.931 37.918 0.628 0.4 0.808 -3.131
63 132 4 90.534 22.877 37.623 1.662 0.504 1.512 -3.131
63 133 1 141.984 69.518 37.507 0.346 0.468 0.345 0.011
63 134 4 91.014 21.608 37.501 1.628 0.688 1.299 -2.983
63 138 4 75.607 16.593 37.955 0.266 0.466 0.619 3.141
63 142 4 126.925 33.056 37.7 1.592 0.616 1.572 3.091
63 144 1 81.822 27.249 37.713 4.185 0.658 1.157 -3.118
64 10 1 84.541 49.079 37.825 4.184 1.811 1.349 -0.031
64 11 1 76.277 46.722 37.808 3.561 1.535 1.35 -0.031
64 12 2 60.816 43.2 38.741 10.943 2.631 3.54 -0.016
64 15 1 47.943 41.18 37.712 0.823 0.634 0.831 0.018
64 16 1 101.304 53.481 37.935 4.33 2.021 1.489 0.001
64 21 1 93.412 49.642 37.991 4.374 2.018 1.705 -0.019
64 48 2 63.404 50.4 38.759 1.576 2.697 2.098 0.042
64 65 5 123.839 57.771 37.877 4.204 1.892 1.447 0.021
64 67 2 82.762 54.56 38.497 11.921 2.663 2.892 0.075
64 78 5 141.143 62.55 38.001 2.331 1.942 1.461 0.004
64 86 4 110.094 63.095 37.864 1.732 0.674 1.518 0
64 89 2 120.6 64.527 38.497 12.311 3.009 2.714 0.011
64 92 4 102.676 59.878 37.949 1.618 0.755 0.83 0.044
64 95 4 85.848 60.713 37.994 1.945 0.661 1.511 0.03
64 99 4 100.143 60.708 37.844 1.892 0.835 1.46 -0.015
64 102 4 127.411 29.645 38.099 0.643 0.373 0.726 -3.069
64 122 1 120.093 35.882 37.87 3.985 1.62 1.293 3.137
64 123 5 87.728 22.003 37.876 0.683 0.513 0.967 -3.12
64 126 1 111.406 31.839 37.862 4.195 1.064 1.662 -3.078
64 127 4 120.025 31.213 37.665 0.851 0.367 1.495 -3.041
64 129 4 114.086 28.202 38.302 0.458 0.493 0.614 -3.115
64 130 5 91.878 20.516 37.659 0.496 0.216 1.393 -3.134
64 132 4 93.128 23.507 37.588 1.48 0.515 1.351 -3.072
64 133 1 139.317 68.841 37.61 0.335 0.476 0.239 0.067
64 134 4 93.999 22.286 37.347 1.147 0.536 0.927 -3.02
64 138 4 77.934 17.141 37.616 1.01 0.579 1.43 3.089
64 142 4 130.85 33.822 37.864 1.229 0.316 1.126 -3.095
64 144 1 88.074 28.563 37.692 4.322 1.299 1.202 -3.123
64 148 5 61.225 22.681 37.78 3.216 0.341 0.474 -3.131
64 150 1 74.721 22.319 37.531 3.157 0.94 1.072 -3.131
65 10 1 81.994 48.489 37.792 4.151 1.78 1.386 0.011
65 11 1 73.727 46.172 37.781 3.497 1.647 1.376 0.017
65 12 2 59.346 42.833 38.685 8.824 2.555 3.407 -0
65 15 1 45.667 40.635 37.692 1.283 0.372 0.852 0.008
65 16 1 98.032 52.791 37.925 4.328 1.93 1.486 -0.023
65 21 1 90.443 49.041 37.987 4.378 1.903 1.733 -0.006
65 48 2 60.68 48.775 38.748 3.572 2.581 2.761 0.037
65 65 5 120.788 57.061 37.876 4.032 1.999 1.442 -0.022
65 67 2 80.03 53.656 38.523 11.948 2.773 2.896 0.102
65 78 5 139.881 62.356 37.621 4.285 1.924 1.193 0.056
65 86 4 107.305 62.413 37.893 1.656 0.666 1.581 -0.001
65 89 2 119.802 64.454 38.525 16.243 3.13 2.774 0.024
65 92 4 99.802 59.085 37.906 1.67 0.818 0.856 -0.02
65 95 4 80.581 59.435 37.865 1.86 0.643 1.33 -0.039
65 99 4 97.493 60.063 37.841 1.774 0.721 1.464 0.019
65 102 4 128.771 29.853 37.668 0.4 0.228 1.04 -3.106
65 122 1 126.137 37.29 37.797 3.908 1.59 1.458 3.127
65 123 5 90.465 22.728 38.022 0.454 0.333 0.455 3.073
65 126 1 117.191 33.036 37.846 3.887 1.837 1.653 3.139
65 127 4 123.46 32.054 37.626 1.508 0.343 1.43 -3.133
65 129 4 116.409 28.792 37.89 0.875 0.645 1.435 3.13
65 130 5 94.06 21.038 37.817 0.823 0.448 0.943 -3.111
65 132 4 95.865 24.135 37.68 1.4 0.616 1.397 -3.085
65 133 1 136.516 68.216 37.45 0.378 0.503 0.5 0.075
65 134 4 96.556 22.945 37.639 1.384 0.624 1.433 -3.132
65 138 4 80.101 17.732 37.701 0.744 0.508 1.076 -3.081
65 142 4 134.648 34.436 37.803 0.544 0.277 0.949 3.133
65 144 1 94.209 30.019 37.774 4.338 1.554 1.19 -3.132
65 148 5 68.568 23.809 37.585 2.795 1.88 0.884 -3.09
65 150 1 81.105 23.905 37.527 3.336 1.596 1.139 -3.132
66 10 1 76.555 47.333 37.736 4.078 1.84 1.365 -0.032
66 11 1 68.066 44.904 37.686 3.745 1.572 1.391 -0.028
66 12 2 53.318 41.395 38.75 11.106 2.814 3.616 0.006
66 15 1 40.43 39.388 37.539 0.945 0.391 0.799 0.001
66 16 1 91.092 51.307 37.88 4.202 1.751 1.46 -0.013
66 21 1 84.661 47.75 37.953 4.232 1.891 1.727 -0.012
66 48 2 56.754 47.412 38.645 0.591 2.202 2.451 0.092
66 65 5 114.287 55.588 37.852 4.304 1.977 1.419 0.012
66 67 2 74.248 51.785 38.475 11.747 2.777 2.715 0.09
66 78 5 133.482 60.896 37.96 1.978 1.944 1.233 0.015
66 86 4 101.174 60.89 37.857 1.844 0.66 1.59 -0.014
66 89 2 111.439 62.384 38.455 12.392 3.12 2.738 0.025
66 92 4 93.246 57.281 37.912 1.82 0.802 1.438 0.064
66 95 4 69.876 57.003 37.828 1.435 0.732 1.328 0.05
66 99 4 91.452 58.633 37.774 1.415 0.619 1.473 -0.03
66 102 4 131.179 31.931 37.798 0.433 0.44 1.039 -3.034
66 123 5 96.746 24.329 37.668 0.99 0.699 1.53 3.133
66 126 1 129.393 35.967 38.086 1.454 1.642 0.953 -3.016
66 127 4 130.374 33.347 37.703 1.464 0.273 1.297 -3.034
66 129 4 121.303 30.099 37.828 1.231 0.435 1.351 -3.079
66 130 5 98.476 22.398 37.67 1.693 0.705 1.466 -3.135
66 132 4 101.79 25.459 37.635 1.755 0.745 1.375 3.133
66 133 1 130.063 66.6 37.577 0.225 0.388 0.459 -0.008
66 134 4 100.783 24.275 37.575 1.707 0.512 1.368 3.133
66 138 4 84.66 19.155 37.577 0.342 0.074 1.167 -2.961
66 144 1 107.429 33.366 37.851 4.485 1.761 1.251 -3.096
66 148 5 81.039 27.302 37.874 4.343 1.447 1.177 -3.11
66 150 1 94.334 27.436 37.651 4.305 1.609 1.374 -3.118
66 158 1 68.295 20.3 37.349 3.75 0.453 0.93 -3.122
67 10 1 74.061 46.778 37.777 4.126 1.946 1.426 0.004
67 11 1 65.678 44.389 37.703 3.05 1.616 1.302 0.063
67 12 2 50.929 40.804 38.773 11.025 2.892 3.769 0.024
67 15 1 37.461 38.725 37.573 1.666 0.595 1.29 0.023
67 16 1 88.19 50.694 37.878 4.228 1.77 1.497 -0.007
67 21 1 82.141 47.226 37.972 4.232 1.883 1.65 0.004
67 48 2 54.487 46.406 38.587 0.773 1.698 2.514 0.015
67 65 5 111.234 54.91 37.865 4.216 2.023 1.404 0
67 67 2 71.7 50.99 38.429 11.763 2.728 2.766 0.108
67 78 5 130.972 60.356 37.967 1.964 1.702 1.239 0.049
67 86 4 98.157 60.218 37.841 1.692 0.726 1.54 -0.007
67 89 2 108.639 61.684 38.433 12.359 3.115 2.706 0.011
67 92 4 90.357 56.52 37.83 1.803 0.838 1.543 0.004
67 95 4 65.309 55.85 37.763 1.517 0.52 1.269 0.048
67 99 4 88.827 58.101 37.765 1.666 0.784 1.455 -0.007
67 102 4 133.689 32.617 37.775 1.25 0.48 1.417 -3.086
67 123 5 99.142 25.092 37.802 0.934 0.443 1.283 -3.077
67 126 1 136.007 37.788 38.154 2.682 0.952 0.589 -3.131
67 127 4 133.657 34.032 37.793 0.618 0.413 0.925 -3.108
67 129 4 123.897 30.593 37.794 0.998 0.487 1.3 3.132
67 130 5 100.067 23.312 38.038 0.435 0.167 0.452 -3.109
67 132 4 104.633 26.204 37.622 1.484 0.444 1.389 3.013
67 133 1 126.469 65.725 37.325 1.54 0.539 0.708 0.007
67 134 4 103.871 25.081 37.728 0.962 0.685 1.059 3.12
67 138 4 87.202 19.639 37.925 0.6 0.628 0.707 -3.108
67 144 1 113.371 35.018 37.732 4.321 1.586 1.304 -3.098
67 148 5 87.142 28.736 37.849 4.305 1.703 1.296 -3.115
67 150 1 100.218 28.974 37.536 4.415 1.635 1.451 -3.098
67 158 1 75.451 21.107 37.38 5.242 2.441 1.502 -3.111
67 159 5 83.178 25.156 37.447 0.777 0.287 1.031 -3.126
67 160 5 52.709 13.22 37.749 0.323 0.403 0.346 0.034
68 10 1 71.572 46.256 37.707 4.077 1.838 1.388 0
68 11 1 62.619 43.597 37.653 3.571 1.629 1.407 0.017
68 12 2 48.943 40.405 38.768 9.462 2.694 3.468 0.012
68 15 1 35.001 38.212 37.542 0.677 0.407 0.832 0.012
68 16 1 85.438 50.092 37.849 4.157 1.829 1.481 -0
68 21 1 79.669 46.676 37.947 4.293 1.865 1.684 -0
68 48 2 52.21 45.714 38.568 0.851 1.235 2.574 -0.006
68 65 5 108.275 54.248 37.848 4.252 2.05 1.406 -0
68 67 2 68.901 50.147 38.427 11.219 2.939 2.716 0.057
68 78 5 128.444 59.776 38.008 2.373 1.768 1.42 0
68 86 4 95.141 59.562 37.82 1.557 0.737 1.582 0
68 89 2 106.241 61.1 38.389 13.87 3.023 2.678 0.009
68 92 4 87.464 55.855 37.81 1.803 0.942 1.535 0
68 95 4 61.395 54.905 37.789 1.354 0.6 1.242 0.046
68 99 4 86.226 57.545 37.751 1.244 0.794 1.435 0
68 102 4 135.77 33.148 37.886 1.327 0.394 0.945 -3.057
68 123 5 102.186 25.945 37.724 1.514 0.451 1.51 -3.067
68 126 1 141.097 38.698 38.042 0.305 1.543 0.395 0
68 127 4 137.45 34.775 37.695 1.291 0.394 1.259 -3.057
68 130 5 102.601 24.099 37.638 1.105 0.404 1.606 -3.098
68 132 4 106.954 26.81 38.134 0.348 0.199 0.278 -3.098
68 133 1 124.098 65.034 37.552 0.385 0.944 0.535 0.016
68 134 4 105.435 25.535 37.514 1.941 0.693 1.494 -3.067
68 138 4 89.314 20.449 38.126 0.327 0.24 0.483 -3.1
68 144 1 118.689 36.35 37.877 2.797 1.358 1.224 -3.125
68 148 5 92.915 30.577 37.79 4.17 1.212 1.418 -3.125
68 150 1 106.353 30.493 37.726 3.906 1.71 1.281 -3.125
68 158 1 80.914 22.956 37.485 4.582 1.794 1.32 -3.125
68 159 5 89.804 26.595 37.576 2.546 0.897 1.225 -3.125
68 160 5 55.205 13.714 37.745 0.854 0.558 0.679 -3.126
69 10 1 69.085 45.665 37.682 4.034 1.813 1.399 0
69 11 1 60.144 43 37.679 3.599 1.562 1.303 0
69 12 2 46.146 39.786 38.653 10.593 2.748 3.501 0.005
69 15 1 32.233 37.551 37.614 1.183 0.63 1.132 -0
69 16 1 82.94 49.54 37.809 4.153 1.789 1.494 -0.018
69 21 1 77.103 46.145 38.014 4.604 1.775 1.54 -0.03
69 48 2 49.87 44.768 38.801 0.296 0.33 2.025 0.006
69 65 5 105.208 53.572 37.857 4.278 1.98 1.465 0.005
69 67 2 66.362 49.452 38.365 11.417 2.93 2.688 0.074
69 78 5 125.262 59.067 37.821 1.357 1.699 0.947 0
69 86 4 92.172 58.908 37.811 1.8 0.799 1.586 0
69 89 2 103.251 60.488 38.469 13.699 3.128 2.737 0.015
69 92 4 84.489 55.182 37.821 1.967 0.752 1.566 -0
69 95 4 57.407 54.015 37.802 1.64 0.652 1.028 -0.025
69 99 4 83.523 56.834 37.714 1.266 0.718 1.494 0
69 123 5 104.983 26.863 37.698 1.076 0.593 1.571 3.089
69 130 5 104 24.707 38.231 0.364 0.259 0.451 -3.118
69 132 4 109.772 27.495 37.663 1.623 0.483 1.516 3.089
69 133 1 120.939 64.289 37.363 0.723 0.972 0.714 0.038
69 134 4 107.968 26.093 37.584 2.619 0.843 1.343 -3.117
69 138 4 91.644 21.021 37.612 1.44 0.513 1.65 -3.108
69 144 1 124.906 38.097 37.856 3.134 1.407 1.051 3.095
69 148 5 99.098 31.845 37.889 4.239 1.745 1.531 -3.14
69 150 1 112.831 32.15 37.56 3.258 1.762 1.387 -3.097
69 158 1 86.884 24.924 37.574 4.616 1.369 1.53 -3.088
69 159 5 96.808 28.418 37.568 3.852 1.083 1.418 -3.06
69 160 5 57.349 14.123 37.559 0.745 0.559 1.234 3.12
69 165 4 61.725 12.931 37.599 0.479 0.515 1.442 3.136
69 167 2 113.346 62.419 37.648 3.771 0.432 1.263 -0.004
69 168 5 47.449 11.195 37.744 0.864 1.125 0.368 -3.081
70 10 1 66.513 45.127 37.675 4.175 1.8 1.353 -0.038
70 11 1 57.987 42.536 37.58 3.353 1.371 1.447 -0.047
70 12 2 44.094 39.307 38.67 10.442 2.664 3.494 0.012
70 15 1 30.078 37.108 37.42 0.714 0.621 0.846 -0.012
70 16 1 80.52 49.029 37.829 4.179 1.78 1.471 -0.018
70 21 1 74.766 45.582 37.967 4.222 1.805 1.612 -0.026
70 65 5 102.093 52.81 37.882 4.282 2.081 1.452 0.007
70 67 2 63.92 48.701 38.368 11.405 2.796 2.773 0.072
70 78 5 122.48 58.442 37.817 1.41 1.805 0.968 -0.029
70 86 4 89.178 58.113 37.806 1.734 0.688 1.56 0.007
70 89 2 99.448 59.583 38.447 12.528 3.022 2.702 0.012
70 92 4 81.457 54.601 37.805 1.691 0.718 1.538 0.007
70 95 4 53.971 53.166 37.734 1.963 0.641 1.378 -0.001
70 99 4 80.521 56.036 37.762 1.736 0.635 1.486 0.133
70 123 5 107.49 27.702 38.119 0.714 0.256 0.648 -3.1
70 133 1 117.928 63.622 37.351 0.578 0.948 0.769 0.017
70 138 4 99.482 23.653 37.678 1.235 0.594 1.624 3.048
70 144 1 130.016 39.263 37.879 0.922 1.493 0.657 -3.115
70 148 5 105.157 33.462 37.923 4.211 1.723 1.34 -3.114
70 150 1 118.755 33.682 37.824 3.95 1.436 0.868 -3.084
70 158 1 92.716 26.692 37.528 4.675 1.354 1.473 -3.097
70 159 5 102.904 29.656 37.684 3.823 1.716 1.446 -3.134
70 160 5 59.579 14.596 38.1 0.244 0.482 0.335 -3.122
70 165 4 64.01 13.411 37.857 0.303 0.416 0.568 -3.098
70 167 2 108.734 62.286 38.567 5.39 1.753 1.334 0.006
70 168 5 49.927 12.229 37.835 0.312 0.272 0.305 3.085
70 169 4 54.066 13.991 37.817 0.805 0.35 0.612 3.127
70 170 4 57.377 14.166 37.64 0.784 0.294 1.142 2.509
70 171 4 57.74 12.779 37.912 0.616 0.263 0.599 2.875
71 10 1 64.175 44.668 37.682 3.985 1.841 1.459 -0.015
71 11 1 55.995 41.973 37.71 3.399 1.602 1.086 0.014
71 12 2 41.931 38.829 38.592 10.88 2.75 3.394 0.001
71 15 1 27.925 36.482 37.44 0.354 0.43 0.552 0.081
71 16 1 78.119 48.501 37.836 4.22 1.728 1.564 -0.009
71 21 1 72.175 45.008 37.977 4.257 1.755 1.61 -0.034
71 65 5 98.796 52.148 37.88 4.287 2.046 1.46 0.038
71 67 2 61.411 47.988 38.304 11.288 2.886 2.808 0.077
71 78 5 120.007 57.84 37.886 2.289 1.85 1.684 0.049
71 86 4 86.216 57.379 37.832 1.763 0.73 1.556 0.012
71 89 2 96.784 58.989 38.361 12.809 3.002 2.613 0.024
71 92 4 77.544 53.936 37.829 2.49 0.835 1.682 0.032
71 95 4 50.471 52.385 37.639 1.85 0.667 1.391 0.04
71 99 4 77.671 55.323 37.715 1.847 0.61 1.491 0.023
71 123 5 110.238 28.542 38.186 0.637 0.317 0.499 -3.094
71 148 5 111.268 35.028 37.938 3.938 1.732 1.478 -3.104
71 158 1 98.26 28.231 37.576 4.211 1.456 1.418 -3.065
71 159 5 109.307 31.325 37.662 4.372 1.801 1.314 -3.061
71 160 5 62.091 15.181 37.555 1.064 0.671 1.544 -3.116
71 165 4 66.34 13.878 38.04 0.282 0.384 0.344 -3.114
71 167 2 109.315 62.741 38.349 11.072 2.712 2.821 0.034
71 168 5 52.126 12.629 37.742 0.407 0.602 0.631 -3.119
71 169 4 56.725 14.797 37.637 0.742 0.609 1.097 -3.119
71 170 4 59.838 14.584 37.856 0.574 0.511 0.831 3.115
71 171 4 59.787 13.202 37.594 0.805 0.477 1.327 3.065
71 177 1 71.105 21.688 37.143 4.633 1.757 0.965 -3.113
71 180 4 108.047 26.064 37.631 1.13 0.557 1.661 -3.094
71 182 5 55.169 12.31 37.981 0.229 0.499 0.312 -3.075
72 10 1 60.881 43.866 37.65 4.032 1.864 1.358 -0.001
72 11 1 53.604 41.383 37.971 2.35 1.666 0.704 0.103
72 12 2 38.977 38.302 38.593 10.497 2.603 3.454 -0.019
72 15 1 23.798 35.603 37.556 1.195 0.615 1.096 -0.029
72 16 1 74.361 47.565 37.838 4.142 1.914 1.448 0.003
72 21 1 68.241 44.124 37.99 4.119 1.72 1.478 -0.007
72 65 5 93.469 50.931 37.888 4.307 2.03 1.448 0.025
72 67 2 57.287 46.9 38.373 11.141 2.75 2.628 0.075
72 78 5 115.262 56.764 37.796 1.664 1.827 1.059 -0.048
72 86 4 81.376 56.267 37.818 1.773 0.699 1.551 0.005
72 89 2 91.407 57.729 38.393 12.205 3.109 2.666 0.021
72 92 4 71.11 52.576 37.767 1.72 0.714 1.558 0.041
72 95 4 46.238 51.058 37.687 1.532 0.612 1.425 0.331
72 99 4 73.034 54.29 37.715 1.848 0.534 1.446 -0.019
72 123 5 114.666 29.908 37.666 0.9 0.493 1.51 -3.122
72 148 5 120.913 37.524 37.883 2.945 1.75 1.292 3.104
72 158 1 107.545 31.021 37.739 4.006 1.336 1.256 -3.098
72 159 5 117.129 33.133 37.882 0.062 0.859 0.028 -3.097
72 160 5 65.629 16.092 37.611 0.821 0.617 1.455 -3.058
72 165 4 70.167 14.821 37.588 0.87 0.478 1.154 -3.12
72 167 2 101.497 60.922 38.558 5.875 2.139 2.35 0.068
72 168 5 55.851 13.508 37.53 1.45 0.511 1.124 3.066
72 169 4 61.53 16.197 37.622 1.036 0.58 1.224 -3.058
72 170 4 64.026 15.036 37.805 0.588 0.633 0.974 -3.058
72 171 4 62.902 13.868 37.606 0.693 0.439 1.267 3.128
72 177 1 81.506 24.791 37.64 4.882 1.036 1.149 -3.107
72 180 4 115.471 28.579 37.998 0.539 0.73 0.822 -3.103
72 182 5 57.399 12.898 37.679 0.906 0.462 1.334 2.928
72 187 1 126.022 66.044 38.237 1.932 0.7 0.649 0.012
73 10 1 57.488 43.216 37.732 4.07 1.761 1.427 -0.018
73 11 1 49.925 40.584 38.027 3.041 1.437 0.794 -0.034
73 12 2 35.661 37.52 38.69 9.762 2.669 3.37 0
73 15 1 19.706 35.182 37.284 0.399 1.452 0.347 -0.103
73 16 1 70.068 46.708 37.848 4.185 1.768 1.455 -0.007
73 21 1 64.634 43.371 38.061 4.082 1.803 1.398 -0.011
73 65 5 86.901 49.446 37.903 4.336 2.039 1.477 0.007
73 67 2 52.399 45.537 38.479 11.139 2.629 2.392 0.067
73 78 5 109.755 55.518 37.992 2.374 2.029 1.638 -0.021
73 86 4 75.195 54.909 37.835 1.622 0.617 1.571 0.034
73 89 2 85.401 56.276 38.309 12.292 2.951 2.495 0.017
73 92 4 63.375 51.057 37.77 2.381 0.78 1.594 0.034
73 95 4 41.653 49.187 37.575 2.162 0.553 1.453 0.214
73 99 4 67.124 53.004 37.731 1.832 0.578 1.479 0.034
73 123 5 120.075 31.373 38.027 0.587 0.319 0.843 3.039
73 148 5 133.403 40.837 38.177 2.421 1.326 0.867 -3.088
73 160 5 69.867 17.043 37.562 1.486 0.721 1.653 3.01
73 167 2 98.961 60.599 38.377 10.287 2.991 2.747 0.026
73 169 4 67.536 17.993 37.49 1.486 0.709 1.405 3.046
73 170 4 69.954 16.038 37.392 0.626 0.735 1.137 3.127
73 171 4 67.229 14.699 37.72 1.02 0.438 1.146 3.105
73 177 1 94.519 27.81 37.644 4.417 1.978 1.524 -3.119
73 180 4 119.967 29.926 37.838 0.821 0.221 1.23 2.732
73 187 1 118.667 64.114 37.809 0.176 0.742 0.373 0.081
73 195 4 36.522 46.183 37.669 1.107 0.523 1.449 0.143
74 10 1 55.77 42.822 37.738 4.155 1.92 1.442 -0.003
74 11 1 48.402 40.222 37.992 2.644 1.536 0.875 -0
74 12 2 33.572 37.111 38.597 10.364 2.614 3.332 -0.001
74 15 1 17.173 34.161 37.595 1.127 0.841 1.166 0.003
74 16 1 68.467 46.39 37.874 4.151 1.779 1.472 0.011
74 21 1 63.065 43.016 38.057 4.116 1.849 1.507 -0.001
74 65 5 83.704 48.737 37.902 4.397 2.052 1.501 0.016
74 67 2 50.283 45.041 38.47 11.649 3.081 2.367 0.02
74 78 5 106.454 54.755 37.798 1.822 2.109 1.27 0.001
74 86 4 72.107 54.219 37.837 1.666 0.784 1.601 0.008
74 89 2 82.368 55.694 38.39 12.165 2.997 2.575 0.024
74 92 4 59.502 50.245 37.756 1.488 0.696 1.537 0.014
74 95 4 39.444 48.371 37.584 1.899 0.588 1.397 0.221
74 99 4 64.161 52.321 37.733 1.986 0.618 1.478 0.031
74 158 1 123.666 35.592 37.762 0.386 0.883 0.691 -3.119
74 160 5 72.148 17.645 37.596 1.533 0.713 1.647 3.126
74 167 2 94.37 59.605 38.69 5.892 3.006 2.529 0.008
74 169 4 70.753 18.904 37.556 1.499 0.705 1.416 -3.093
74 170 4 72.828 16.684 37.723 0.932 0.6 1.361 3.134
74 171 4 68.745 15.02 37.529 1.166 0.649 1.586 -3.13
74 177 1 101.084 29.637 37.584 4.38 1.762 1.349 -3.102
74 180 4 122.293 30.379 38.102 0.304 0.216 0.622 3.131
74 187 1 116.286 63.731 38.226 2.126 1.071 0.901 0.002
74 195 4 34.812 45.65 37.549 1.239 0.512 1.33 -0.021
74 197 1 66.229 21.183 37.736 1.781 1.722 0.97 -3.13
74 198 1 101.046 59.982 37.737 1.414 1.198 0.739 0.032
74 202 4 77.073 16.731 37.587 0.994 0.618 1.684 -3.083
75 10 1 54.413 42.537 37.73 4.144 1.923 1.387 0.025
75 11 1 46.519 39.777 37.936 3.746 1.57 0.901 0
75 12 2 31.727 36.709 38.49 11.481 2.82 3.363 0.025
75 15 1 15.891 33.716 37.445 0.662 0.677 0.453 0.108
75 16 1 67.017 46.087 37.87 4.182 1.785 1.488 0.014
75 21 1 61.51 42.682 37.946 4.271 1.877 1.729 0.018
75 65 5 80.659 48.067 37.911 4.361 2.032 1.435 0.017
75 67 2 48.157 44.462 38.499 11.53 3.123 2.401 0.025
75 78 5 103.56 54.056 37.856 1.752 1.975 1.382 0.017
75 86 4 69.011 53.462 37.83 1.637 0.688 1.597 0.025
75 89 2 79.282 54.904 38.375 12.117 2.943 2.577 0.017
75 92 4 55.049 49.454 37.793 1.633 0.666 1.545 0.025
75 95 4 37.674 47.698 37.648 1.648 0.639 1.502 0.223
75 99 4 61.345 51.683 37.742 1.856 0.698 1.473 0.025
75 160 5 74.479 18.344 37.763 1.356 0.258 1.403 3.116
75 167 2 92.022 58.688 38.674 5.793 2.321 2.646 0.017
75 169 4 73.795 19.848 37.665 1.078 0.432 1.345 -3.115
75 170 4 75.516 17.5 37.656 1.862 0.596 1.598 3.076
75 171 4 70.874 15.417 38.036 0.642 0.56 0.661 -3.115
75 177 1 107.234 31.888 37.461 3.809 0.519 0.356 -3.08
75 182 5 62.921 13.508 37.7 0.814 0.505 1.422 -3.05
75 187 1 112.703 62.8 37.984 0.932 0.863 0.506 -0.084
75 195 4 32.687 45.112 37.703 0.606 0.574 1.231 -0.003
75 197 1 69.757 22.138 37.776 3.611 1.762 1.487 -3.117
75 198 1 97.424 59.236 37.566 0.635 1.299 0.435 0.018
75 202 4 79.013 17.384 37.623 1.547 0.452 1.683 -3.115
76 10 1 52.787 42.129 37.752 4.159 1.829 1.369 0.004
76 11 1 44.866 39.45 37.78 3.408 1.678 1.175 -0.002
76 12 2 30.048 36.358 38.546 11.061 2.595 3.433 -0.002
76 15 1 13.99 33.316 37.584 0.834 0.575 0.848 -0.022
76 16 1 65.577 45.755 37.904 4.231 1.89 1.468 -0.001
76 21 1 59.974 42.385 37.984 4.277 1.712 1.677 -0.003
76 65 5 77.884 47.44 37.936 4.355 2.064 1.448 0.024
76 67 2 46.075 44.192 38.426 11.178 2.649 2.342 0.024
76 78 5 100.961 53.51 38.028 2.374 1.984 1.602 0.017
76 86 4 65.884 52.709 37.858 1.871 0.668 1.557 0.016
76 89 2 76.14 54.337 38.36 12.117 2.906 2.53 0.032
76 92 4 50.644 48.686 37.743 1.643 0.657 1.46 0.047
76 95 4 36.591 47.447 37.588 1.691 0.541 1.288 0.042
76 99 4 58.425 51.002 37.747 1.971 0.67 1.471 -0.009
76 160 5 76.551 18.91 38.15 0.577 0.322 0.56 3.105
76 167 2 89.027 58.378 38.54 5.149 2.845 2.506 -0.005
76 169 4 77.263 20.576 37.556 1.177 0.553 1.611 3.087
76 170 4 78.483 18.575 37.689 0.221 0.134 1.269 0.002
76 182 5 64.582 13.786 37.684 1.416 0.679 1.551 3.134
76 187 1 109.189 61.999 37.917 0.23 0.876 0.267 0.078
76 195 4 30.49 44.628 37.674 0.852 0.719 1.234 -0.012
76 197 1 73.829 23.242 37.695 4.816 1.764 1.779 -3.116
76 198 1 95.888 58.956 37.62 4.009 1.587 1.135 0.01
76 202 4 81.388 17.995 37.713 1.808 0.49 1.493 -3.115
77 10 1 51.081 41.808 37.72 4.336 1.88 1.421 0.01
77 11 1 43.011 39.065 37.78 3.366 1.649 1.135 0.024
77 12 2 28.408 35.985 38.491 10.891 2.9 3.314 0.031
77 15 1 12.378 33.017 37.422 0.299 0.545 0.541 0.077
77 16 1 64.165 45.452 37.893 4.182 1.851 1.485 0.024
77 21 1 58.581 42.012 37.961 4.07 1.965 1.733 0.02
77 65 5 75.419 46.849 37.912 4.438 2.078 1.457 0.03
77 67 2 45.315 44.001 38.526 8.499 2.636 2.148 0.035
77 78 5 98.697 52.862 38.056 3.541 2.087 1.56 0.018
77 86 4 62.944 52.035 37.834 1.683 0.655 1.585 0.015
77 89 2 73.248 53.704 38.336 12.121 3.12 2.48 0.033
77 92 4 46.277 47.898 37.673 1.69 0.709 1.396 -0.007
77 95 4 35.849 47.936 37.601 1.484 0.652 1.266 -0.383
77 99 4 55.708 50.484 37.757 1.608 0.589 1.488 0.052
77 167 2 87.091 57.75 38.357 5.777 1.752 1.712 0.043
77 169 4 80.501 21.24 38.194 0.34 0.207 0.268 -3.032
77 170 4 81.713 19.438 38.2 0.319 0.567 0.484 -2.95
77 182 5 65.667 14.117 37.791 1.418 0.53 1.355 -3.053
77 187 1 106.444 61.486 38.029 1.518 1.283 0.426 0.043
77 195 4 28.644 44.251 37.652 0.864 0.637 1.744 -0.005
77 197 1 77.84 24.236 37.803 4.309 1.779 1.573 -3.117
77 198 1 91.864 57.923 37.653 2.179 1.844 1.003 -0.043
77 202 4 83.695 18.6 37.647 1.289 0.699 1.542 -3.019
77 213 4 69.555 17.104 37.679 0.781 0.212 1.081 -3.036
78 10 1 49.515 41.459 37.767 4.16 1.872 1.38 0
78 11 1 41.108 38.694 37.734 3.436 1.685 1.28 -0
78 12 2 26.711 35.703 38.668 10.889 2.617 3.542 -0
78 15 1 10.988 32.687 37.51 0.425 0.511 0.55 -0
78 16 1 62.728 45.107 37.902 4.174 1.803 1.458 0
78 21 1 57.078 41.711 37.996 4.053 1.909 1.668 0
78 65 5 73.155 46.339 38.138 4.496 2.069 1.907 0
78 67 2 41.996 43.365 38.437 11.193 2.672 2.363 0
78 78 5 96.184 52.31 38.052 4.198 2.023 1.798 0.036
78 86 4 59.838 51.256 37.811 2 0.596 1.585 -0
78 89 2 70.211 53.101 38.283 11.944 3.34 2.471 0.028
78 92 4 42.077 47.034 37.707 1.49 0.845 1.623 0
78 95 4 34.818 48.332 37.741 2.117 0.839 1.438 -0.771
78 99 4 53.127 50.102 37.722 1.475 0.679 1.506 0
78 167 2 83.98 57.053 38.326 4.326 1.658 1.721 0.009
78 170 4 81.597 20.076 37.493 0.164 0.166 0.67 -0.008
78 182 5 67.222 14.557 37.738 1.736 0.658 1.52 -3.013
78 187 1 102.654 60.529 37.977 0.411 0.977 0.279 0.017
78 195 4 26.459 43.817 37.663 0.569 0.659 1.314 -0.005
78 197 1 82.317 25.398 37.925 4.14 1.729 1.521 -3.134
78 198 1 89.73 57.648 37.684 4.17 1.802 1.2 0.004
78 213 4 72.226 17.703 37.705 0.798 0.547 1.397 -3.086
78 216 1 114.013 56.218 38.196 1.625 0.573 1.296 0.053
78 217 2 22.491 9.611 38.21 5.711 0.395 0.523 0.002
79 10 1 47.841 41.061 37.728 3.964 1.868 1.442 0.001
79 11 1 39.374 38.319 37.655 3.453 1.577 1.414 -0.023
79 12 2 24.998 35.237 38.596 11.014 2.675 3.407 0.013
79 16 1 61.218 44.741 37.874 4.182 1.812 1.528 0.04
79 21 1 55.405 41.342 37.952 4.27 1.861 1.749 0.02
79 65 5 71.186 45.876 37.886 4.392 2.093 1.511 0.024
79 67 2 40.86 42.813 38.436 10.16 2.658 2.354 0.051
79 78 5 93.241 51.639 37.996 3.763 2.144 1.653 -0.004
79 86 4 57.022 50.564 37.816 1.653 0.601 1.618 0.071
79 89 2 67.448 52.205 38.255 11.454 2.806 2.438 0.035
79 92 4 37.814 46.028 37.581 1.604 0.732 1.306 0.05
79 95 4 33.811 48.787 37.736 1.933 0.774 1.445 -0.681
79 99 4 50.443 49.867 37.693 1.322 0.559 1.457 -0.015
79 167 2 80.768 56.715 38.483 2.97 1.896 2.044 -0.028
79 170 4 83.474 20.458 37.71 1.35 0.677 1.689 -3.124
79 182 5 68.498 15.122 37.643 1.247 0.519 1.65 -3.118
79 187 1 100.008 60.15 37.986 1.585 1.181 0.627 0.035
79 195 4 24.435 43.355 37.673 0.688 0.517 1.26 0.078
79 197 1 86.778 26.496 37.882 4.127 1.697 1.472 -3.087
79 198 1 86.584 56.888 37.839 4.064 1.73 1.484 0.01
79 213 4 74.757 18.428 37.695 1.457 0.627 1.389 -3.043
79 216 1 111.73 55.694 38.241 1.58 0.467 1.211 -0.036
79 217 2 25.771 9.865 39.102 3.574 1.255 2.041 -3.115
79 223 4 87.743 20.049 37.795 0.806 0.357 1.412 -3.089
80 10 1 44.791 40.381 37.773 4.212 1.873 1.398 0.017
80 11 1 36.818 37.769 37.728 3.222 1.629 1.377 -0.037
80 12 2 23.207 34.896 38.743 9.611 2.622 3.559 -0.006
80 16 1 58.785 44.104 37.903 4.264 1.978 1.475 0.04
80 21 1 52.917 40.737 37.973 4.369 1.954 1.693 0.017
80 65 5 68.216 45.25 37.9 4.463 2.081 1.49 0.034
80 67 2 37.962 42.308 38.599 11.204 2.639 2.297 0.017
80 78 5 89.191 50.725 37.992 4.375 2.049 1.587 0.035
80 86 4 52.399 49.439 37.797 1.75 0.593 1.542 -0.034
80 89 2 62.847 51.048 38.211 11.525 2.75 2.355 0.037
80 92 4 31.422 44.555 37.629 1.528 0.667 1.359 0.006
80 95 4 31.533 48.837 37.916 1.423 0.687 1.48 -0
80 99 4 46.255 49.755 37.704 1.283 0.673 1.473 0.03
80 167 2 75.885 56.04 38.577 0.283 0.923 1.746 0.107
80 170 4 86.845 21.34 37.686 1.572 0.476 1.628 -3.091
80 187 1 95.11 58.912 38.141 1.833 1.031 0.901 0.035
80 195 4 21.064 42.73 37.556 0.77 0.76 1.632 0.011
80 197 1 94.064 28.287 37.86 3.972 1.683 1.102 -3.08
80 198 1 81.82 55.736 37.816 4.248 2.073 1.342 -0.008
80 213 4 78.653 19.473 37.826 1.635 0.599 1.253 3.139
80 216 1 107.902 54.868 38.045 1.582 0.621 1.579 -0.022
80 223 4 91.159 21.026 37.657 1.493 0.583 1.54 3.139
80 225 5 64.92 15.558 37.91 0.239 0.101 0.437 -3.095
81 10 1 42.468 39.833 37.742 3.89 1.844 1.374 0.021
81 11 1 34.9 37.406 37.781 3.406 1.655 1.375 -0.001
81 12 2 20.882 34.391 38.595 10.169 2.67 3.35 -0.014
81 16 1 56.877 43.683 37.89 4.352 1.802 1.479 0.036
81 21 1 50.847 40.295 37.962 4.263 1.879 1.728 0.016
81 65 5 66.14 44.768 37.882 4.38 2.08 1.421 0.009
81 67 2 36.514 41.839 38.495 11.187 2.65 2.392 0.035
81 78 5 86.115 50.003 38.012 4.233 2.147 1.671 -0.014
81 86 4 48.728 48.543 37.809 1.321 0.511 1.565 0.023
81 89 2 59.455 50.259 38.212 11.625 2.753 2.258 0.039
81 92 4 26.667 43.518 37.637 1.51 0.747 1.543 -0.008
81 95 4 29.059 48.351 37.863 1.422 0.668 1.499 0.006
81 170 4 89.686 22.175 37.791 1.434 0.449 1.482 -3.079
81 187 1 91.449 58.018 38.141 2.129 1.185 1.055 -0.046
81 195 4 18.408 42.088 37.663 1.032 0.504 1.549 0.018
81 197 1 98.973 29.931 37.812 2.92 1.041 1.051 -3.13
81 198 1 78.382 54.918 37.809 4.579 1.767 1.446 -0.009
81 213 4 81.452 20.194 37.799 1.534 0.428 1.344 3.139
81 216 1 104.863 54.279 38.023 1.688 0.707 1.185 0.04
81 217 2 47.251 13.957 39.626 0.854 0.937 0.318 0.101
81 223 4 93.848 21.759 37.81 0.69 0.587 1.306 -3.1
81 225 5 66.916 15.672 37.744 1.101 0.617 1.592 -3.119
82 10 1 39.454 39.144 37.715 4.109 1.828 1.399 -0
82 11 1 32.506 36.918 37.709 3.25 1.674 1.343 -0
82 12 2 18.674 33.836 38.576 9.358 2.601 3.214 -0
82 16 1 53.721 42.895 37.874 4.399 1.737 1.435 -0
82 21 1 47.025 39.321 37.948 4.26 2.112 1.746 0.015
82 65 5 62.886 44.074 37.884 4.362 1.994 1.426 -0
82 67 2 34.358 41.142 38.325 11.398 2.681 2.439 0.057
82 78 5 80.994 48.841 38.019 4.277 2.236 1.755 0
82 86 4 43.016 47.317 38.25 0.308 0.388 0.451 -0.049
82 89 2 53.784 48.915 38.197 12.312 3.01 2.286 0.018
82 92 4 19.1 42.01 37.364 1.621 0.695 0.937 0.013
82 95 4 23.658 47.05 37.856 1.229 0.566 0.977 -0.006
82 170 4 94.059 23.456 37.726 1.451 0.428 1.675 -3.056
82 187 1 85.537 56.794 37.883 2.676 1.426 1.716 -0
82 195 4 14.115 41.061 37.701 0.587 0.308 1.566 0.039
82 197 1 107.016 31.749 38.072 0.302 1.024 0.027 -3.115
82 198 1 72.495 53.632 37.857 4.464 1.895 1.357 -0
82 216 1 99.768 53.025 38.251 1.923 0.931 1.364 0
82 217 2 52.2 16.256 38.869 5.907 2.716 2.972 -3.085
82 223 4 98.315 23.092 37.635 0.935 0.409 1.219 -3.115
82 225 5 69.625 16.259 37.711 1.389 0.475 1.628 -3.066
82 232 1 79.453 27.103 37.929 0.913 1.104 0.916 -3.114
82 233 4 103.896 65.433 38.229 0.903 0.494 0.975 0.078
83 10 1 38.123 38.845 37.713 4.092 1.855 1.401 0.014
83 11 1 31.306 36.683 37.732 3.447 1.675 1.251 0.018
83 12 2 20.604 34.234 38.558 3.241 2.618 3.195 -0.011
83 16 1 52.127 42.506 37.888 4.321 1.753 1.47 0.044
83 21 1 45.371 38.956 37.948 4.36 1.968 1.701 0.019
83 65 5 61.374 43.724 37.886 4.42 1.975 1.448 0.017
83 67 2 33.316 41.255 38.381 11.346 2.631 2.27 -0.002
83 78 5 78.512 48.323 38.063 4.342 2.072 1.714 0.013
83 89 2 51.053 48.264 38.214 12.636 2.818 2.24 0.013
83 92 4 16.173 41.386 37.623 1.284 0.559 1.201 -0.002
83 95 4 20.672 46.255 37.925 1.266 0.396 0.746 0.063
83 170 4 96.318 24.075 38.299 0.36 0.454 0.572 -3.082
83 187 1 82.074 55.97 37.789 1.972 1.522 1.516 0.015
83 195 4 12.012 40.451 37.806 0.648 0.276 0.66 -0.033
83 198 1 69.714 53.046 37.849 4.596 1.918 1.463 0.01
83 216 1 97.103 52.345 38.083 1.67 1.138 1.374 0
83 217 2 56.237 17.33 38.559 11.442 2.942 3.615 -3.091
83 223 4 100.477 23.797 37.803 0.566 0.546 1.015 -3.12
83 225 5 71.268 16.572 37.704 0.972 0.593 1.735 -3.103
83 232 1 86.065 29.105 37.859 3.103 0.54 1.019 3.137
83 233 4 99.526 64.43 38.202 0.965 0.427 1.256 0.038
84 10 1 36.815 38.524 37.716 4.102 1.873 1.429 0.011
84 11 1 30.187 36.41 37.659 3.252 1.608 1.477 0.013
84 12 2 16.55 33.263 38.644 9.702 2.556 3.223 0.013
84 16 1 50.44 42.004 37.87 4.384 2.004 1.5 0.055
84 21 1 43.917 38.719 37.921 4.237 1.846 1.744 0.016
84 65 5 59.85 43.379 37.902 4.473 2.058 1.485 0.019
84 67 2 32.462 40.698 38.358 11.348 2.688 2.413 0.05
84 78 5 76.077 47.799 38.031 4.367 1.979 1.751 0.039
84 89 2 47.335 47.447 38.227 10.446 2.97 2.338 -0.001
84 92 4 13.433 40.604 37.322 1.269 0.614 0.774 0.021
84 170 4 98.682 24.524 37.83 0.786 0.67 1.256 -3.045
84 187 1 79.514 55.425 37.908 2.935 1.548 1.711 0.074
84 198 1 67.039 52.32 37.799 4.694 1.89 1.486 0.005
84 213 4 90.793 22.762 37.755 0.512 0.558 1.181 2.41
84 216 1 94.449 51.893 38.119 1.842 1.024 1.616 0.05
84 217 2 60.686 18.523 38.634 10.974 2.85 3.678 -3.095
84 232 1 91.335 30.076 37.892 3 1.252 1.001 -3.111
84 233 4 95.034 63.529 38.074 0.969 0.462 0.914 0.026
85 10 1 35.556 38.226 37.755 4.126 1.879 1.432 0.002
85 11 1 29.046 36.192 37.718 3.21 1.462 1.283 -0.01
85 12 2 19.462 33.914 38.658 2.427 2.577 2.913 -0.017
85 16 1 48.853 41.718 37.858 4.271 1.761 1.51 0.021
85 21 1 42.416 38.344 37.951 4.39 1.912 1.638 0.012
85 65 5 58.369 43.14 37.888 4.434 1.873 1.485 0.001
85 67 2 31.472 40.429 38.405 11.628 2.651 2.393 0.052
85 78 5 73.801 47.283 38.052 4.41 2.193 1.721 0.03
85 89 2 44.335 46.919 38.271 10.219 3.093 2.464 -0.004
85 92 4 10.796 39.823 37.541 1.305 0.751 1.315 0.014
85 170 4 101.059 25.357 37.649 1.473 0.537 1.612 3.14
85 187 1 76.977 54.869 37.959 4.025 1.637 1.629 0.026
85 198 1 64.338 51.713 37.837 4.522 1.854 1.475 0.026
85 216 1 92.811 51.356 38.197 4.149 1.271 1.535 0.017
85 217 2 65.305 20.855 38.768 10.364 0.811 3.172 -3.104
85 232 1 95.575 31.1 37.861 0.447 0.914 0.882 -3.13
85 233 4 90.776 62.455 38.241 0.631 0.763 1.113 0.005
85 243 5 8.355 39.822 37.564 0.457 0.414 1.153 -0.086
86 10 1 34.565 37.988 37.683 4.232 1.851 1.422 -0.002
86 11 1 27.778 35.877 37.662 3.759 1.575 1.416 -0.035
86 12 2 15.198 33.05 38.565 9.888 2.443 3.136 -0.021
86 16 1 47.509 41.313 37.835 4.252 1.889 1.483 0.026
86 21 1 41.163 38.047 37.911 4.334 1.879 1.692 0.028
86 65 5 56.961 42.785 37.842 4.468 1.931 1.489 0.004
86 67 2 30.788 40.198 38.432 11.393 2.646 2.267 0.063
86 78 5 71.534 46.738 38.026 4.451 2.121 1.754 0.018
86 89 2 42.703 46.476 38.233 12.744 2.783 2.521 0.003
86 92 4 8.383 39.177 37.536 1.312 0.57 1.348 0.094
86 170 4 103.151 25.977 37.667 0.577 0.281 1.306 -3.014
86 187 1 73.95 54.114 37.909 4.044 1.823 1.702 0.016
86 198 1 61.919 51.07 37.81 4.729 1.82 1.466 0.018
86 216 1 89.213 50.478 38.079 1.78 1.332 1.648 -0.002
86 217 2 70.635 21.725 38.492 11.608 1.686 3.441 -3.093
86 233 4 86.262 61.372 38.018 1.523 0.706 1.487 0
86 243 5 5.994 39.26 37.423 1.054 0.481 1.472 0.108
86 248 5 40.129 17.353 38.161 0.544 1.09 0.322 3.051
87 10 1 33.55 37.729 37.68 4.203 1.945 1.348 0.038
87 11 1 26.605 35.628 37.7 3.737 1.493 1.237 -0.025
87 12 2 14.926 32.794 38.579 9.635 2.416 3.164 0.016
87 16 1 46.358 41.061 37.825 4.17 1.736 1.456 0.018
87 21 1 40.206 37.861 37.889 4.168 1.834 1.687 0.01
87 65 5 55.577 42.453 37.864 4.524 1.933 1.454 0.009
87 67 2 29.751 39.717 38.523 11.499 2.758 2.011 0.083
87 78 5 69.382 46.228 38.029 4.342 2.084 1.736 0.004
87 89 2 39.986 45.998 38.27 12.698 3.036 2.588 -0.012
87 92 4 6.168 38.624 37.581 1.191 0.501 1.167 -0.008
87 170 4 105.555 26.448 38.069 0.758 0.532 0.368 3.063
87 187 1 70.393 53.208 37.865 2.747 1.987 1.521 0.059
87 198 1 59.493 50.513 37.811 4.771 1.944 1.486 0.045
87 216 1 86.867 49.918 38.077 1.897 1.302 1.619 0.015
87 233 4 81.707 60.227 38.033 1.164 0.595 1.471 0.03
87 243 5 4.051 38.811 37.506 0.399 0.586 1.294 -0.063
87 248 5 43.247 18.832 37.529 1.23 0.3 0.592 3.1
87 255 5 54.143 18.084 37.859 1.825 0.827 0.407 3.095
88 10 1 32.514 37.473 37.723 4.113 1.837 1.407 0.02
88 11 1 25.603 35.4 37.662 3.68 1.557 1.302 0.02
88 12 2 14.345 32.509 38.567 9.696 2.427 3.103 0.049
88 16 1 45.411 40.816 37.826 4.138 1.782 1.497 0.02
88 21 1 39.29 37.607 37.892 4.152 1.799 1.712 0.02
88 65 5 54.319 42.212 37.856 4.581 1.918 1.456 0.02
88 67 2 28.876 39.48 38.493 11.397 2.722 2.046 0.096
88 78 5 67.341 45.755 38.029 4.487 2.117 1.78 0.004
88 89 2 37.28 45.301 38.268 12.792 2.646 2.611 0.013
88 92 4 4.03 38.111 37.53 1.221 0.602 1.201 -0
88 170 4 107.673 27.225 37.649 0.682 0.366 1.068 -3.104
88 187 1 67.88 52.573 37.867 3.705 2.036 1.6 0.004
88 198 1 57.153 49.893 37.767 4.896 1.944 1.502 0.025
88 216 1 85.413 49.408 38.007 4.078 1.506 1.821 -0.01
88 233 4 77.018 59.267 38.03 1.394 0.583 1.525 0.041
88 243 5 2.04 38.334 37.463 0.816 0.521 1.243 -0
88 248 5 48.673 20.068 37.77 0.91 0.752 1.273 -3.133
88 255 5 57.63 18.637 37.696 1.733 1.9 1.202 -3.085
88 259 5 18.653 42.117 37.431 0.303 1.174 0.459 -0.092
89 10 1 31.476 37.235 37.702 4.201 1.888 1.422 0.011
89 11 1 24.502 35.109 37.624 3.512 1.5 1.328 -0.006
89 12 2 14.063 32.512 38.489 9.82 2.426 3.269 0.019
89 16 1 44.596 40.596 37.829 4.151 1.886 1.489 0.001
89 21 1 38.444 37.399 37.902 4.105 1.846 1.697 0.011
89 65 5 53.138 41.899 37.851 4.514 1.922 1.441 0.012
89 67 2 28.009 39.379 38.559 11.257 2.57 1.915 0.052
89 78 5 65.425 45.293 37.986 4.46 2.183 1.678 -0
89 89 2 34.752 44.725 38.273 12.827 2.711 2.679 0.019
89 92 4 1.758 37.606 37.449 1.193 0.518 1.24 -0.009
89 187 1 65.253 51.893 37.895 4.184 2.149 1.627 0.003
89 198 1 54.633 49.351 37.923 4.797 2.002 1.717 0.024
89 216 1 81.946 48.72 38.002 1.826 1.731 1.864 0
89 233 4 72.815 58.047 38.035 1.713 0.604 1.569 -0.027
89 243 5 0 37.878 37.684 0.868 0.542 1.343 0.024
89 248 5 54.429 21.559 37.77 2.263 0.866 1.255 -3.128
89 255 5 65.408 21.774 37.139 0.876 0.31 0.399 -3.108
89 259 5 17.754 42.689 37.382 0.178 0.872 0.472 0.034
89 265 1 79.745 19.809 37.709 0.367 1.563 1.431 -2.984
90 10 1 29.099 36.641 37.707 4.102 1.857 1.475 0
90 11 1 22.762 34.609 37.69 3.312 1.627 1.363 0
90 12 2 13.797 32.447 38.795 9.93 2.309 2.811 0
90 16 1 42.49 40.142 37.818 4.19 1.786 1.527 0
90 21 1 36.482 36.952 37.928 4.197 1.836 1.63 0
90 65 5 50.676 41.228 37.874 4.613 2.149 1.469 0
90 67 2 29.045 39.657 38.563 4.586 2.645 2.07 0
90 78 5 60.514 44.138 37.966 4.452 2.233 1.782 0.009
90 89 2 27.84 43.134 38.347 12.836 2.909 2.911 0.006
90 187 1 57.034 49.932 37.882 4.587 2.179 1.689 0.003
90 198 1 47.282 47.697 37.876 4.685 1.882 1.281 -0
90 216 1 76.122 47.251 38.009 4.079 1.848 1.827 -0
90 233 4 58.931 54.824 38.003 1.685 0.692 1.564 0
90 248 5 67.714 24.715 37.808 2.721 1.527 1.296 3.142
90 255 5 79.588 25.355 37.962 3.011 1.319 0.467 -3.1
90 259 5 15.803 40.845 37.772 0.141 1.398 0.226 0
90 265 1 84.532 20.468 38.128 0.677 0.389 0.765 -3.109
90 267 1 71.75 53.503 37.685 2.542 1.164 1.32 -0.008
90 269 2 95.828 51.294 38.384 2.077 0.838 1.847 0
90 273 4 73.004 16.024 37.277 0.503 0.201 1.013 -2.973
91 10 1 28.91 36.578 37.708 4.018 1.822 1.394 0.004
91 11 1 22.739 34.669 37.714 3.28 1.609 1.317 0.039
91 12 2 17.604 33.298 38.715 2.13 2.151 2.81 0.028
91 16 1 41.984 40.003 37.821 4.114 1.775 1.519 0.013
91 21 1 35.826 36.74 37.935 4.325 1.87 1.681 -0.002
91 65 5 49.955 41.156 37.865 4.512 1.932 1.471 0.028
91 67 2 25.095 38.507 38.479 11.27 2.634 2.355 0.032
91 78 5 59.264 43.863 38.038 4.426 2.162 1.792 0.022
91 89 2 25.731 42.683 38.373 13.074 2.777 2.862 0.008
91 187 1 54.256 49.268 37.916 4.425 2.139 1.662 0.019
91 198 1 44.851 47.133 37.77 4.826 1.984 1.451 0.007
91 216 1 74.098 46.73 38.12 4.078 1.831 1.816 0.036
91 233 4 54.649 53.752 38.014 1.95 0.739 1.561 0.138
91 248 5 74.17 26.949 37.753 2.331 0.399 1.042 -3.09
91 259 5 15.161 40.299 37.498 0.394 1.015 0.599 0.035
91 265 1 86.336 20.845 37.715 1.193 0.427 1.357 3.142
91 267 1 68.646 52.697 37.77 2.502 1.393 1.372 0.027
91 269 2 93.796 50.828 38.37 3.429 1.451 2.122 0.025
91 273 4 74.589 16.503 37.417 0.663 0.189 0.568 -2.966
92 10 1 28.823 36.589 37.739 4.133 1.904 1.395 0.026
92 11 1 22.757 34.686 37.73 3.39 1.549 1.424 0.009
92 12 2 16.534 33.004 38.671 4.085 2.067 2.988 0.009
92 16 1 41.48 39.871 37.835 4.175 1.885 1.461 0.024
92 21 1 35.385 36.69 37.923 4.264 1.87 1.669 0.004
92 65 5 49.345 40.961 37.866 4.529 2.021 1.459 0.037
92 67 2 26.928 38.993 38.429 5.937 2.754 2.354 0
92 78 5 58.221 43.588 37.995 4.443 2.224 1.744 0.02
92 89 2 24.001 42.263 38.262 13.049 2.64 2.622 0.016
92 187 1 51.572 48.627 37.918 4.254 2.156 1.681 0.036
92 198 1 42.683 46.579 37.777 4.701 2.075 1.465 0.006
92 216 1 72.064 46.255 38.134 4.07 1.725 1.904 0.031
92 233 4 50.345 52.674 37.947 1.831 0.83 1.591 0.015
92 248 5 77.469 27.16 37.885 2.232 1.588 1.1 3.142
92 259 5 14.642 40.17 37.719 0.155 0.5 0.04 0
92 265 1 87.621 21.249 38.278 0.456 0.348 0.257 -0.088
92 267 1 65.737 51.869 37.787 2.811 1.726 1.507 -0.013
92 269 2 90.394 50.206 38.549 2.147 1.489 1.937 0.053
92 273 4 76.45 17.077 38.143 0.419 0.332 0.483 3.083
92 277 5 86.336 19.713 38.05 0.715 0.335 0.303 -0.067
93 10 1 28.819 36.564 37.73 4.138 1.813 1.461 0.016
93 11 1 22.872 34.651 37.687 3.186 1.555 1.527 0.009
93 12 2 16.533 33.013 38.43 4.238 2.079 3.185 -0.002
93 16 1 41.033 39.824 37.848 4.18 1.739 1.462 -0.016
93 21 1 35.107 36.614 37.924 4.332 1.856 1.732 0.005
93 65 5 48.708 40.809 37.871 4.479 2.03 1.487 0.004
93 67 2 24.672 38.357 38.417 9.198 2.632 2.306 0.03
93 78 5 57.263 43.376 38.029 4.414 2.204 1.716 0.011
93 89 2 22.316 41.976 38.226 12.004 2.755 2.582 0.009
93 187 1 49.091 48.018 37.932 4.405 2.149 1.679 0.02
93 198 1 40.142 45.877 37.779 4.766 2.041 1.484 0.031
93 216 1 70.171 45.836 38.088 3.99 1.659 1.795 0.037
93 233 4 45.693 51.646 37.984 2.794 0.808 1.63 0.028
93 259 5 13.766 40 37.776 0.218 0.428 0.286 0.029
93 265 1 89.307 21.516 37.763 0.715 0.463 1.479 3.002
93 267 1 63.228 51.311 37.83 3.915 1.869 1.411 0.022
93 269 2 87.717 49.708 38.835 2.126 1.811 2.723 0.011
93 273 4 78.119 17.461 38.181 0.244 0.168 0.511 -3.112
93 277 5 87.909 20.016 37.657 0.818 0.319 1.26 -2.981
93 280 1 72.258 53.576 37.899 1.804 0.701 1.042 0.015
94 10 1 28.854 36.59 37.729 4.044 1.895 1.482 0.029
94 11 1 22.826 34.678 37.71 3.26 1.526 1.48 -0.007
94 12 2 13.888 32.563 38.724 9.408 2.152 2.996 -0.018
94 16 1 40.627 39.733 37.849 4.267 1.828 1.46 0.023
94 21 1 35.098 36.642 37.95 4.294 1.927 1.704 0.017
94 65 5 48.12 40.725 37.842 4.495 1.94 1.528 0.011
94 67 2 25.649 38.669 38.423 5.909 2.613 2.214 0.013
94 78 5 56.478 43.191 38.017 4.464 2.202 1.771 0.028
94 89 2 20.135 41.433 38.284 12.732 2.74 2.869 0.001
94 187 1 46.706 47.414 37.907 4.344 2.128 1.709 0.032
94 198 1 38.253 45.421 37.755 4.637 2.071 1.485 0.037
94 216 1 68.342 45.424 38.097 3.937 1.619 1.862 0.056
94 233 4 40.864 50.686 37.961 1.803 0.745 1.581 -0.003
94 265 1 90.886 21.985 38.235 0.809 0.35 0.63 -3.073
94 267 1 60.317 50.647 37.799 4.113 1.85 1.428 0.044
94 269 2 88.873 50.458 38.713 10.003 2.005 3.041 0.069
94 273 4 80.126 18.041 37.945 0.968 0.389 1.173 -3.041
94 277 5 89.523 20.407 38.133 0.643 0.45 0.387 -3.073
94 280 1 70.17 53.172 37.777 3.547 1.144 1.44 0.032
95 10 1 28.802 36.595 37.731 4.178 1.824 1.425 0.002
95 11 1 22.777 34.672 37.747 3.618 1.517 1.447 0.003
95 12 2 16.57 33.122 38.699 4.013 2.05 2.555 -0.009
95 16 1 40.425 39.742 37.852 4.243 1.707 1.494 0.004
95 21 1 35.009 36.648 37.939 4.527 1.816 1.707 -0.001
95 65 5 47.705 40.55 37.874 4.684 2.107 1.441 0.006
95 67 2 22.579 37.86 38.39 11.23 2.653 2.218 0.023
95 78 5 55.733 43.004 38.006 4.435 2.227 1.763 0.018
95 89 2 18.463 41.049 38.435 12.976 2.764 3.058 0.01
95 187 1 44.326 46.836 37.889 4.741 1.862 1.669 0.031
95 198 1 36.39 45.037 37.756 4.833 2.081 1.468 0.034
95 216 1 66.623 44.936 38.086 3.943 1.572 1.865 0.016
95 233 4 36.462 49.904 37.944 1.796 0.783 1.572 -0.032
95 267 1 57.456 49.994 37.818 4.262 1.814 1.462 0.011
95 269 2 86.727 49.754 38.695 10.703 2.156 2.869 0.021
95 273 4 81.946 18.421 37.897 0.966 0.581 0.904 -3.035
95 277 5 91.045 20.795 37.813 0.592 0.434 1.282 3.03
95 280 1 67.472 52.484 37.811 3.589 1.523 1.431 0.039
96 10 1 30.237 36.732 37.875 1.265 1.211 0.992 0.034
96 16 1 40.284 39.626 37.862 4.355 1.883 1.477 0.039
96 21 1 34.963 36.611 37.944 4.493 1.784 1.71 0.012
96 65 5 47.195 40.504 37.89 4.436 1.936 1.44 -0.011
96 78 5 54.992 42.855 38.026 4.582 2.183 1.71 0.007
96 187 1 41.934 46.225 37.945 4.776 1.883 1.598 0.039
96 198 1 35.111 44.665 37.748 3.454 1.784 1.46 0.025
96 216 1 64.81 44.508 38.111 3.291 1.532 1.848 0.003
96 233 4 31.098 48.833 37.959 1.931 0.719 1.582 -0.02
96 265 1 94.245 22.91 38.262 0.44 0.244 0.296 0.012
96 267 1 54.254 49.199 37.79 4.589 1.841 1.426 -0.007
96 269 2 83.843 48.953 38.765 10.83 2.74 3.327 -0.01
96 273 4 84.08 18.893 37.578 1.541 0.494 1.56 3.092
96 277 5 92.924 21.285 37.674 0.861 0.336 1.074 -3.007
96 280 1 64.29 51.823 37.755 3.63 1.79 1.417 0.025
97 10 1 28.782 36.608 37.742 4.207 1.821 1.46 0.032
97 16 1 40.142 39.541 37.861 4.375 1.848 1.427 -0.011
97 21 1 35.063 36.641 37.943 4.3 1.96 1.703 -0.009
97 65 5 47.092 40.538 37.88 4.644 1.861 1.477 0.014
97 78 5 54.212 42.666 37.994 4.444 2.155 1.761 0.001
97 187 1 39.868 45.735 38.071 4.536 1.905 1.321 0.002
97 198 1 32.554 44.138 37.739 4.806 2.116 1.488 0.003
97 216 1 63.32 44.194 38.1 2.941 1.475 1.885 -0.009
97 233 4 25.926 47.636 38.066 1.362 0.736 1.162 -0.008
97 265 1 96.098 23.45 38.251 0.509 0.308 0.395 -3.125
97 267 1 50.941 48.356 37.78 4.149 1.819 1.438 -0.011
97 269 2 80.729 48.449 38.787 10.789 2.537 3.082 0.006
97 277 5 94.846 21.888 38.11 0.602 0.329 0.69 3.102
97 280 1 61.501 51.187 37.8 3.988 1.965 1.434 -0.016
98 10 1 28.769 36.662 37.737 4.174 1.765 1.441 0.01
98 16 1 40.08 39.565 38.026 4.497 1.729 1.09 -0.015
98 21 1 35.042 36.623 37.932 4.258 1.944 1.724 0.01
98 65 5 47.147 40.525 37.847 4.738 1.866 1.451 0.018
98 78 5 53.728 42.585 37.988 4.451 2.166 1.73 0.014
98 187 1 38.122 45.231 37.887 4.384 1.722 1.584 -0.008
98 198 1 31.061 43.822 37.699 4.624 2.076 1.539 -0.008
98 216 1 62.253 43.934 38.062 2.927 1.512 1.89 0.006
98 233 4 21.555 46.583 38.103 1.134 0.562 0.958 0.001
98 267 1 48.589 47.713 37.786 4.145 1.752 1.471 0.042
98 269 2 78.341 47.836 38.663 10.761 2.595 2.949 -0.027
98 280 1 59.123 50.676 37.79 3.964 1.798 1.443 0
