0 3 1 42.212 43.287 37.595 4.583 1.885 1.459 -0.008
0 5 1 31.113 20.775 37.726 5.063 1.734 1.951 1.15
0 6 4 86.771 55.049 37.527 1.048 0.722 1.429 -0.092
0 8 1 90.014 57.667 37.548 3.083 1.861 1.846 -0.106
0 11 1 21.965 35.895 37.656 3.854 1.935 1.451 0.015
0 13 2 14.538 29.543 38.474 10.879 3.269 3.135 0.009
0 15 4 42.46 38.803 37.544 1.163 0.739 1.491 0.092
0 18 1 31.593 30.202 37.496 4.349 1.773 1.375 0.87
0 20 1 71.274 63.293 37.786 2.377 1.537 0.871 3.018
0 24 4 6.274 29.384 37.406 0.611 0.856 0.58 -0.007
0 26 1 61.147 49.683 37.774 4.832 2.075 1.918 -0.088
0 28 2 111.668 59.282 38.128 11.693 2.873 2.978 -0.103
0 29 4 12.019 20.575 37.913 3.004 1.136 2.311 -0.703
0 32 1 59.404 53.057 37.58 4.133 1.728 1.466 -0.088
0 34 2 43.598 47.735 38.148 10.462 2.748 2.453 -0.008
0 35 1 73.528 53.182 37.454 3.31 1.963 1.471 -0.134
0 36 1 25.564 40.604 38.066 3.872 1.875 1.123 0.037
1 3 1 46.689 44.823 37.585 4.469 2.074 1.393 -0.08
1 5 1 31.111 20.861 37.727 4.946 1.707 1.853 1.151
1 6 4 91.292 56.449 37.509 0.894 0.704 1.18 -0.172
1 8 1 94.569 58.795 37.642 1.437 1.816 1.727 -0.172
1 11 1 25.879 37.39 37.396 3.829 1.826 1.009 0.061
1 13 2 16.88 30.47 38.46 10.899 3.104 2.988 0.041
1 15 4 44.281 39.802 37.57 1.217 0.644 1.457 0.265
1 18 1 32.489 31.401 37.44 4.141 1.46 1.273 0.766
1 20 1 71.111 63.237 37.972 2.93 1.705 0.549 3.062
1 24 4 9.446 30.948 37.624 2.136 1.46 1.229 0.007
1 26 1 65.949 51.038 37.757 4.697 2.104 1.959 -0.08
1 28 2 107.961 58.1 38.096 0.642 2.6 2.451 -0.025
1 29 4 14.262 19.548 38.495 1.928 1.157 0.921 -0.842
1 32 1 64.371 54.523 37.568 4.035 1.754 1.434 -0.059
1 34 2 48.344 49.293 38.121 10.012 2.786 2.47 -0.03
1 35 1 78.115 54.183 37.386 2.83 1.518 1.427 -0.05
1 36 1 29.85 42.386 37.953 3.764 2.117 1.232 0.007
1 44 1 78.928 62.25 37.779 4.073 1.172 1.194 3.062
2 3 1 51.332 46.341 37.56 4.492 2.134 1.422 -0.086
2 5 1 31.183 20.888 37.693 5.013 1.709 1.853 1.178
2 6 4 95.883 57.831 37.346 1.073 0.737 1.48 -0.086
2 8 1 99.656 60.193 37.47 0.858 1.814 1.628 -0.086
2 11 1 29.754 38.946 37.402 3.981 1.877 0.976 0.03
2 13 2 19.122 31.415 38.689 10.947 3.308 2.856 0.03
2 15 4 46.138 40.647 37.55 1.145 0.744 1.42 -0.027
2 18 1 33.385 32.827 37.396 4.055 1.422 1.156 0.685
2 20 1 70.74 63.213 37.527 3.916 1.87 1.498 3.067
2 24 4 13.515 32.578 37.616 2.136 1.304 1.27 0.03
2 26 1 70.765 52.396 37.702 4.683 2.015 1.95 -0.086
2 28 2 110.687 58.922 38.107 2.046 2.556 2.841 -0.086
2 29 4 16.994 17.898 37.916 2.281 1.003 2.009 2.116
2 32 1 69.4 55.946 37.594 4.053 1.756 1.474 -0.086
2 34 2 53.606 50.965 38.071 10.037 2.702 2.413 -0.021
2 35 1 82.622 55.317 37.358 1.776 1.204 1.373 -0.086
2 36 1 34.293 44.09 37.753 3.973 1.948 1.645 0.03
2 44 1 77.116 61.865 37.92 3.645 1.84 0.942 3.067
3 3 1 56.111 47.922 37.528 4.363 2.062 1.475 -0.035
3 5 1 31.191 20.832 37.691 4.935 1.745 1.935 1.192
3 6 4 100.464 59.168 37.427 1.156 0.729 1.443 0.069
3 8 1 104.96 61.671 37.394 0.873 1.754 1.919 -0.017
3 11 1 34.053 40.552 37.648 3.574 1.776 1.431 0.057
3 13 2 21.42 31.974 38.416 11.117 3.067 3.226 0.159
3 15 4 47.799 41.383 37.524 1.717 0.749 1.442 -0.035
3 18 1 34.586 34.491 37.295 4.152 1.724 0.954 0.583
3 20 1 70.529 63.019 37.498 4.478 1.766 1.5 3.069
3 24 4 18.417 34.369 37.394 0.686 0.46 0.641 1.713
3 26 1 75.377 53.694 37.689 4.147 2.19 1.937 -0.035
3 28 2 117.614 60.866 38.407 11.866 3.294 3.863 -0.017
3 29 4 19.171 15.936 38.327 2.344 0.684 1.366 -1.108
3 32 1 74.606 57.365 37.549 4.056 1.739 1.439 -0.076
3 34 2 59.053 52.616 38.072 9.962 2.698 2.415 -0.021
3 35 1 87.649 56.619 37.393 1.773 1 1.408 -0.035
3 36 1 39.048 45.917 37.681 4.093 2.037 1.681 0.057
3 44 1 75.181 61.332 37.629 4.242 1.919 1.625 3.069
3 47 1 100.807 68.078 37.608 1.941 0.562 1.202 -3.104
4 3 1 60.796 49.384 37.529 4.425 2.024 1.444 0.02
4 5 1 31.277 21.589 37.677 3.308 1.645 1.833 1.194
4 6 4 105.232 60.783 37.382 1.214 0.755 1.566 -0.082
4 8 1 110.288 63.283 37.667 0.686 1.547 1.408 0.049
4 11 1 38.221 41.946 37.628 3.551 1.63 1.43 0.138
4 13 2 23.196 33.024 38.531 11.82 3.392 3.246 0.137
4 15 4 49.738 42.025 37.515 1.746 0.774 1.481 -0.054
4 18 1 36.176 35.919 37.268 4.19 1.611 0.916 0.597
4 20 1 70.763 63.112 37.548 3.979 1.845 1.48 3.099
4 24 4 22.764 36.091 37.494 0.445 0.491 0.4 -2.903
4 26 1 80.01 55.025 37.708 3.559 2.137 1.887 -0.063
4 28 2 119.973 61.9 38.398 11.848 3.046 3.853 -0.013
4 32 1 79.714 58.922 37.537 3.977 2.151 1.442 -0.067
4 34 2 64.675 54.168 38.04 9.806 2.711 2.39 -0.019
4 35 1 92.828 57.864 37.368 2.437 0.865 1.427 -0.06
4 36 1 43.979 47.576 37.712 4.053 2.016 1.619 0.027
4 44 1 73.898 60.96 37.642 4.4 1.937 1.61 3.099
4 47 1 98.664 67.712 37.942 1.956 1.672 0.589 3.109
4 53 3 126.252 60.174 37.417 0.233 0.453 1.299 -2.169
5 3 1 65.483 50.839 37.509 4.389 2.036 1.47 -0.013
5 5 1 31.391 22.472 37.608 1.423 1.292 1.748 0.957
5 6 4 110.1 62.191 37.44 0.953 0.626 1.193 -0.007
5 8 1 115.713 64.783 37.848 0.445 1.429 0.599 0
5 11 1 42.478 43.589 37.572 3.674 2.018 1.409 -0.009
5 13 2 25.84 33.731 38.437 11.248 3.119 3.131 0.224
5 15 4 51.722 42.603 37.491 1.62 0.666 1.416 -0.247
5 18 1 39.183 38.722 37.246 0.791 1.62 0.636 0.565
5 24 4 25.746 37.285 37.58 2.785 0.291 0.697 0.144
5 26 1 84.944 56.433 37.642 3.528 2.21 1.933 -0.013
5 28 2 118.894 61.477 38.036 4.201 2.617 2.851 -0.007
5 32 1 85.068 60.222 37.515 4.052 1.877 1.459 -0.058
5 34 2 70.536 55.605 37.955 9.743 2.257 2.398 -0.007
5 35 1 96.98 58.957 37.358 1.169 0.513 1.279 -0.007
5 36 1 49.111 49.244 37.644 3.989 1.847 1.69 0.004
5 47 1 95.305 66.806 38.014 0.942 1.712 0.476 3.099
5 53 3 126.145 60.006 37.523 0.309 0.508 1.37 3.14
5 58 5 118.696 78.354 37.375 2.256 0.21 0.09 3.103
6 3 1 70.123 52.223 37.514 4.244 1.992 1.486 0.002
6 6 4 115.201 63.723 37.572 0.536 0.463 1.169 -0.019
6 8 1 121.371 66.16 37.879 0.761 0.97 0.958 -0.019
6 11 1 47.174 45.21 37.495 3.633 1.934 1.474 0.006
6 13 2 27.511 35.135 38.55 11.366 3.474 3.092 0.084
6 15 4 53.662 43.018 37.486 1.809 0.708 1.458 -0.131
6 18 1 40.855 39.626 37.566 1.974 2.03 1.269 0.012
6 26 1 89.863 57.783 37.654 3.594 2.081 1.935 -0.035
6 28 2 125.443 63.459 37.96 12.011 2.735 3.026 -0.01
6 32 1 90.422 61.534 37.462 4.027 1.68 1.469 -0.032
6 34 2 76.374 56.947 37.973 9.962 1.793 2.299 -0.013
6 35 1 102.347 60.32 37.357 2.46 0.629 1.137 -0.045
6 36 1 54.146 50.742 37.629 4.515 1.843 1.683 -0.015
6 47 1 92.365 65.924 37.665 4.207 1.938 1.439 3.111
6 53 3 126.016 59.723 37.343 0.432 0.319 1.544 -1.61
6 58 5 116.65 78.544 37.45 3.713 1.868 0.75 3.126
6 59 1 49.264 56.87 37.697 1.142 0.336 0.947 3.123
6 60 5 58.588 56.18 37.584 0.757 0.048 0.255 3.087
7 3 1 74.559 53.566 37.513 4.242 2.025 1.422 -0.082
7 6 4 120.136 65.203 37.827 0.224 0.417 0.397 0.013
7 8 1 127.061 67.667 37.674 0.672 1.845 0.896 0
7 11 1 52.574 46.992 37.283 2.035 1.735 0.998 0.06
7 13 2 33.147 37.741 38.525 4.15 3.242 2.753 -0.042
7 15 4 55.701 43.453 37.444 1.632 0.694 1.361 -0.245
7 18 1 43.38 40.987 37.185 1.291 1.96 0.798 -0.005
7 26 1 94.563 59.14 37.662 3.46 2.365 1.948 0.006
7 28 2 124.774 63.134 37.978 4.224 2.845 3.171 -0.02
7 32 1 96.031 63 37.461 4.257 1.724 1.445 -0.034
7 34 2 82.312 58.182 37.928 10.784 1.169 2.252 -0.015
7 35 1 106.674 62.028 37.313 1.37 1.535 1.373 0.076
7 36 1 59.781 52.366 37.734 4.01 2.059 1.64 0.042
7 47 1 91.819 64.494 37.502 1.349 0.962 1.205 -0.024
7 53 3 126.011 59.372 37.425 0.381 0.537 1.613 2.969
7 58 5 115.318 78.068 37.511 4.224 1.741 0.719 3.113
7 59 1 50.556 59.672 39.373 1.743 0.5 1.028 3.104
7 60 5 60.107 57.266 37.819 4.011 1.6 1.171 -3.118
8 3 1 79.051 54.787 37.47 4.201 1.99 1.426 -0.001
8 6 4 125.323 66.734 37.917 0.154 0.322 0.252 -0.031
8 8 1 132.839 69.233 37.89 0.493 1.633 0.634 -0.02
8 11 1 56.653 48.216 37.343 3.242 1.725 1.061 0.007
8 13 2 35.137 38.411 39.052 4.12 3.111 1.932 0.002
8 15 4 57.64 43.895 37.418 1.516 0.694 1.078 0.017
8 18 1 45.918 42.354 37.245 0.866 1.744 0.62 -0.014
8 26 1 99.366 60.431 37.62 3.51 2.258 1.922 0.012
8 28 2 131.592 65.16 38.116 11.828 2.724 3.069 0.022
8 32 1 101.415 64.386 37.457 4.031 1.641 1.455 -0.044
8 34 2 85.475 59.052 37.934 3.937 1.337 2.22 0.041
8 35 1 111.884 62.905 37.299 1.32 0.669 1.366 0.008
8 36 1 64.963 53.722 37.611 4.51 2.011 1.522 -0.003
8 47 1 90.866 60.404 37.895 4.283 0.777 2.193 0.013
8 53 3 125.864 59.015 37.701 0.532 0.402 1.176 -1.571
8 58 5 113.918 77.813 37.339 4.153 1.993 1.186 -3.108
8 59 1 54.746 61.759 39.188 11.054 2.154 2.283 -3.131
8 60 5 60.747 57.393 38.008 2.5 1.526 0.803 -3.127
9 3 1 83.578 56.005 37.458 4.347 1.915 1.364 -0
9 6 4 130.679 68.212 37.887 0.171 0.376 0.262 -0.062
9 8 1 138.85 70.766 37.843 0.391 1.559 0.664 -0.107
9 11 1 62.082 49.903 37.292 1.554 1.703 0.857 -0.027
9 13 2 37.355 39.46 38.646 4.204 3.202 2.783 -0.027
9 15 4 59.839 44.425 37.463 0.876 0.566 1.385 -0.205
9 18 1 48.598 43.529 37.386 0.604 1.569 0.585 -0.027
9 26 1 104.115 61.685 37.611 3.626 2.122 1.906 -0.027
9 28 2 135.059 65.915 37.994 11.935 2.711 3.208 -0.009
9 32 1 106.978 65.905 37.424 4.206 1.858 1.442 -0.027
9 34 2 91.14 60.484 37.926 3.567 1.132 2.127 -0.021
9 35 1 117.029 64.184 37.301 1.219 0.688 1.312 -0.027
9 36 1 70.723 55.11 37.654 4.006 2.109 1.737 0
9 47 1 96.637 61.806 37.895 5.571 0.687 2.274 0.003
9 53 3 125.622 58.74 37.971 0.419 0.308 0.655 -0.323
9 59 1 54.711 62.113 38.927 10.945 3.147 2.875 -3.134
9 60 5 60.758 57.367 38.018 2.513 1.543 0.467 -0.029
9 66 1 143.471 79.231 37.721 4.031 1.519 1.674 3.012
10 3 1 88.259 57.31 37.432 4.179 2.064 1.453 -0.027
10 8 1 144.794 72.328 37.841 0.497 1.541 0.659 0
10 11 1 66.372 51.196 37.817 2.479 1.836 0.859 0.008
10 15 4 61.91 45.016 37.389 0.872 0.612 1.293 0.008
10 18 1 50.641 44.168 37.542 2.119 1.645 1.307 0.008
10 26 1 108.822 62.881 37.588 3.629 2.154 1.931 0.018
10 28 2 138.584 66.785 37.923 12.097 2.608 3.153 -0.002
10 32 1 112.583 67.222 37.376 4.371 1.771 1.46 -0.008
10 34 2 96.184 61.714 37.884 1.792 1.064 2.364 0.025
10 35 1 122.927 65.627 37.257 2.405 0.715 1.354 0.009
10 36 1 76.219 56.316 37.611 4.054 2.068 1.726 0.008
10 47 1 102.022 63.641 37.904 6.521 1.442 2.289 0.002
10 53 3 125.487 58.337 37.802 0.338 0.674 1.034 3.109
10 59 1 54.683 61.928 38.999 11.081 3.028 2.583 -3.14
10 60 5 60.84 57.275 38.08 2.495 1.224 0.63 3.139
10 66 1 140.408 78.433 38.219 3.88 1.65 0.831 -3.118
10 70 1 83.917 63.598 37.683 3.532 1.803 1.656 3.13
11 3 1 92.999 58.568 37.371 4.126 2.038 1.348 0
11 8 1 151.018 73.623 37.765 0.366 1.383 0.601 0.007
11 11 1 71.028 52.543 37.714 2.787 1.791 1 0
11 15 4 63.895 45.554 37.455 0.777 0.52 1.046 -0.024
11 18 1 54.142 45.157 37.178 0.587 1.606 0.586 0.034
11 26 1 113.729 64.093 37.565 3.675 2.036 1.912 -0.014
11 28 2 141.982 67.628 38.046 11.834 2.599 2.904 0.007
11 32 1 118.052 68.612 37.363 4.102 1.806 1.452 -0.02
11 35 1 128.439 67.005 37.254 2.351 0.74 1.215 -0.014
11 36 1 81.431 57.423 37.642 4.136 2.053 1.563 -0
11 47 1 106.134 64.989 37.905 10.382 2.078 2.321 0.008
11 53 3 125.03 58.206 37.395 0.277 0.333 1.357 -2.009
11 59 1 54.631 61.939 39.039 11.145 2.609 2.496 -3.11
11 60 5 61.532 57.523 38.098 0.737 1.173 0.371 -3.118
11 66 1 135.953 77.215 37.764 4.719 1.721 1.661 3.119
11 70 1 82.583 63.322 37.777 3.355 1.817 1.286 3.119
11 72 5 142.006 71.107 37.802 0.153 0.319 0.214 0.007
11 73 1 91.075 68.055 37.415 4.405 1.635 1.407 -3.126
12 3 1 97.723 59.831 37.4 4.117 2.157 1.428 -0.106
12 8 1 157.282 75.175 38.094 0.437 1.157 0.035 0.021
12 11 1 75.938 53.978 37.771 2.575 1.871 0.916 0.01
12 15 4 65.652 46.12 37.353 0.929 0.58 1.18 0.111
12 18 1 56.364 45.932 37.621 2.276 1.565 1.062 -0.023
12 26 1 118.709 65.351 37.588 3.75 2.161 1.895 0.01
12 28 2 145.607 68.473 37.999 11.97 2.642 3.049 0.01
12 32 1 123.5 69.956 37.387 3.993 1.782 1.441 0.01
12 35 1 134.07 68.352 37.326 2.337 0.648 1.113 0.044
12 36 1 86.4 58.529 37.631 4.521 2.128 1.626 -0.02
12 47 1 113.038 66.494 37.898 8.648 1.51 2.364 0.004
12 53 3 124.915 57.762 37.457 0.566 0.723 1.667 -0.869
12 59 1 58.368 62.618 39.231 3.732 1.68 1.871 3.112
12 60 5 61.342 57.513 38.221 0.605 1.272 0.05 0
12 66 1 132.687 75.712 38.206 4.716 0.94 1.047 -3.131
12 70 1 81.599 63.022 37.768 3.346 1.658 1.14 3.138
12 72 5 147.989 72.449 37.842 0.151 0.25 0.27 0.057
12 73 1 91.192 68.147 37.45 4.24 1.923 1.414 -3.139
13 3 1 102.365 60.923 37.426 4.18 2.027 1.505 0.002
13 8 1 163.643 76.856 38.039 0.549 2.2 0.145 0.001
13 11 1 81.452 55.504 37.449 1.171 1.529 0.51 -0.002
13 15 4 67.672 46.57 37.382 1.184 0.679 1.243 -0.052
13 18 1 60.138 47.149 37.1 0.86 1.325 0.514 0.022
13 26 1 123.8 66.657 37.57 3.661 2.142 1.896 -0.035
13 28 2 149.39 69.365 38.064 12.146 2.683 3.281 0.016
13 32 1 129.061 71.255 37.351 3.864 1.711 1.436 -0.011
13 35 1 139.262 69.754 37.456 0.992 0.389 0.783 0.033
13 36 1 91.396 59.537 37.653 4.394 1.921 1.43 0.002
13 47 1 118.077 68.401 37.907 10.303 2.837 2.413 0.02
13 53 3 124.648 57.575 37.535 0.94 0.989 1.708 -3.106
13 59 1 57.079 62.073 39.234 6.359 1.701 1.818 -3.095
13 60 5 61.393 57.336 38.114 0.645 1.148 0.347 -3.11
13 70 1 82.095 63.129 37.756 0.627 1.5 1.226 3.137
13 72 5 154.163 73.798 37.793 0.461 0.109 0.286 -1.584
13 73 1 91.692 68.145 37.533 3.217 1.707 1.242 -3.085
13 81 3 105.74 81.951 37.599 0.715 0.349 1.525 -0.014
14 3 1 107.079 62.085 37.373 4.135 2.052 1.413 0
14 11 1 85.331 56.483 37.756 2.636 1.719 0.919 0
14 15 4 69.724 46.963 37.35 0.864 0.55 1.038 0
14 18 1 62.896 48.087 37.577 2.074 1.543 1.134 0
14 26 1 129.045 67.894 37.509 3.397 2.127 1.927 0
14 28 2 152.993 70.221 37.967 11.857 2.642 3.051 0
14 32 1 134.705 72.359 37.289 3.874 1.042 1.429 0
14 35 1 144.93 71.651 37.418 0.61 1.525 0.72 0
14 36 1 96.279 60.664 37.569 4.421 1.893 1.692 0
14 47 1 123.377 69.651 37.914 11.14 2.599 2.454 0
14 53 3 124.026 57.327 37.588 1.223 0.762 1.675 -2.449
14 59 1 59.52 62.905 39.129 1.224 2.019 1.403 -3.133
14 70 1 81.476 63.012 38.084 0.665 1.399 0.575 -3.138
14 72 5 160.736 75.106 37.375 0.545 0.617 0.93 0
14 73 1 91.701 68.13 37.477 3.212 1.826 1.163 3.113
14 81 3 106.501 82.131 38.084 0.533 0.393 0.602 -3.017
15 3 1 111.787 63.24 37.357 4.138 1.98 1.378 -0.008
15 11 1 90.196 57.711 37.671 2.037 1.205 0.935 -0.008
15 15 4 71.514 47.291 37.452 1.267 0.749 1.082 0.01
15 18 1 67.319 49.353 37.062 0.468 1.154 0.375 -0.008
15 26 1 134.41 69.295 37.544 3.556 2.299 1.941 0.022
15 28 2 157.249 71.34 37.965 12.808 2.756 3.059 0.015
15 32 1 140.317 73.645 37.308 3.892 0.903 1.423 0.022
15 36 1 101.405 61.935 37.562 4.162 2.097 1.602 -0.008
15 47 1 129.509 71.142 37.933 11.601 2.803 2.521 0.022
15 53 3 123.879 57.171 37.615 0.645 0.736 1.718 -3.098
15 70 1 80.816 62.564 38.255 0.24 1.099 0.29 -3.114
15 72 5 166.804 76.287 37.093 0.602 0.658 1.775 0.022
15 73 1 91.734 68.116 37.576 3.094 1.658 1.136 -3.139
15 81 3 107.274 82.238 37.892 0.319 0.508 1.051 2.228
15 85 2 121.345 73.241 37.829 6.058 2.233 2.267 3.14
16 3 1 116.525 64.397 37.307 4.172 1.981 1.32 0.011
16 11 1 94.366 58.779 37.747 2.616 1.563 0.878 0.021
16 26 1 139.898 70.687 37.495 3.505 2.272 1.915 0.011
16 28 2 160.574 72.14 37.838 11.81 2.723 3.03 0.005
16 32 1 146.018 75.136 37.304 3.725 0.663 1.43 0.011
16 36 1 106.007 63.193 37.541 4.473 2.014 1.693 0.011
16 47 1 134.767 72.452 37.914 10.508 2.7 2.503 0.011
16 53 3 123.716 56.918 37.816 0.476 0.864 1.341 -2.818
16 72 5 172.996 77.548 37.19 1.019 0.58 1.209 0.011
16 73 1 92.434 68.342 37.87 1.411 1.406 0.435 -3.112
16 85 2 117.848 72.265 37.796 5.131 2.169 2.232 -3.14
16 86 5 133.595 85.093 36.909 0.417 0.3 0.662 3.133
16 88 1 182.865 81.257 37.397 0.458 1.596 1.221 0.011
17 3 1 121.294 65.595 37.349 4.16 1.97 1.364 -0.012
17 11 1 98.681 60.002 37.742 2.484 1.799 0.878 -0.007
17 26 1 145.495 72.141 37.5 3.403 2.314 1.974 0.005
17 28 2 164.919 73.209 37.852 12.831 2.766 2.871 0.012
17 32 1 151.77 76.419 37.231 3.703 0.497 1.434 -0.038
17 36 1 110.897 64.675 37.545 4.468 2.063 1.678 0.029
17 47 1 140.426 73.82 37.893 10.813 2.706 2.491 0.009
17 53 3 123.419 56.667 37.604 0.728 0.701 1.647 -2.711
17 72 5 158.123 73.17 37.941 0.816 0.484 0.05 0.078
17 73 1 92.607 68.156 37.846 1.023 1.108 0.252 3.131
17 81 3 108.528 82.575 37.613 0.766 0.453 1.565 0.071
17 85 2 114.813 71.432 37.899 4.579 2.108 1.928 -3.123
17 86 5 129.707 84.117 37.294 2.357 0.794 1.572 3.126
17 88 1 179.324 78.296 37.189 1.085 2.022 0.976 0.025
18 3 1 126.02 66.785 37.364 4.157 2.103 1.458 0.021
18 11 1 104.098 61.336 37.309 0.481 1.479 0.074 0.068
18 26 1 151.162 73.527 37.5 3.493 2.303 1.897 0.013
18 28 2 168.776 74.146 37.955 12.807 2.769 3.031 0.002
18 32 1 157.472 77.831 37.254 3.737 0.752 1.475 0.017
18 36 1 115.944 66.163 37.54 4.589 1.942 1.696 0.035
18 47 1 145.988 75.211 37.877 11.351 2.966 2.596 0.036
18 53 3 123.196 56.333 37.621 0.62 1.026 1.634 -3.081
18 81 3 109.295 82.839 37.687 0.354 0.412 1.44 3.116
18 85 2 111.541 70.47 37.944 4.394 2.149 1.937 -3.132
18 86 5 125.061 82.919 37.298 1.73 0.75 1.452 -3.131
18 88 1 185.505 79.708 37.241 0.802 1.643 1.27 0.016
19 3 1 130.882 67.952 37.37 4.179 2.048 1.487 -0.004
19 11 1 107.44 62.178 37.652 2.195 1.35 0.907 -0.019
19 26 1 156.94 74.965 37.466 3.51 2.254 1.944 0.016
19 28 2 172.783 75.085 37.909 12.982 2.867 3.072 -0.001
19 32 1 163.308 79.277 37.166 3.817 0.703 1.402 -0.019
19 36 1 121.205 67.74 37.511 4.521 2.026 1.722 -0.004
19 47 1 151.137 76.489 37.875 11.368 2.829 2.598 0.016
19 53 3 122.731 56.144 37.602 0.657 0.29 1.587 3.086
19 81 3 109.939 83.139 37.689 0.25 0.353 1.367 -3.12
19 85 2 108.456 69.729 38.369 4.215 1.963 1.099 3.132
19 86 5 121.073 81.871 37.403 1.319 0.523 1.229 -2.97
19 88 1 191.582 81.746 37.248 1.079 0.432 1.274 -0.009
19 95 5 87.313 59.953 37.346 0.646 0.86 0.513 -0.019
20 3 1 135.786 69.134 37.338 4.298 2.002 1.452 0.013
20 11 1 113.041 63.442 37.3 0.501 1.522 0.076 0.013
20 26 1 162.785 76.442 37.437 3.485 2.199 1.909 0.013
20 28 2 176.656 76.035 37.811 12.754 2.753 2.932 -0.002
20 32 1 169.136 80.874 37.194 3.996 0.818 1.452 0.013
20 36 1 126.849 69.37 37.492 4.104 2.06 1.681 0.049
20 47 1 156.351 77.743 37.867 11.758 2.686 2.57 0.013
20 53 3 122.661 55.685 37.579 0.441 0.604 1.709 0.106
20 81 3 110.631 83.334 37.894 0.175 0.318 1.001 3.136
20 85 2 105.891 68.961 38.252 3.353 1.934 1.132 -3.129
20 86 5 117.076 80.769 37.471 1.105 0.541 1.046 -3.099
20 88 1 197.928 83.222 37.068 0.744 0.682 1.311 0.013
20 95 5 92.869 61.542 37.131 0.292 1.122 0.309 0.013
20 98 1 157.596 94.1 37.186 3.848 1.781 1.524 3.108
20 100 1 143.744 81.057 37.454 4.325 2.133 1.733 3.116
21 3 1 140.86 70.35 37.334 4.127 2.06 1.46 -0.015
21 11 1 116.816 64.384 37.671 2.09 1.727 0.791 0.033
21 26 1 168.822 77.944 37.43 3.485 2.332 1.914 -0.015
21 28 2 180.773 77.079 37.812 12.982 3.042 2.873 0.015
21 32 1 174.921 82.36 37.165 3.728 0.882 1.416 -0.015
21 36 1 132.361 70.907 37.491 4.093 2.087 1.701 0.034
21 47 1 161.106 78.927 37.814 11.384 2.895 2.469 0.012
21 53 3 122.287 55.489 37.555 0.434 0.721 1.619 -2.214
21 85 2 103.326 68.286 38.069 2.682 2.025 1.572 3.05
21 86 5 112.97 79.706 37.279 1.06 0.573 0.764 3.101
21 88 1 203.793 84.556 37.151 1.038 0.512 1.356 -0.02
21 95 5 98.379 63.237 37.227 0.298 0.725 0.341 0.021
21 98 1 157.945 94.151 37.192 4.475 1.848 1.505 -3.137
21 100 1 140.214 80.121 37.445 4.311 1.996 1.672 3.077
22 3 1 145.91 71.598 37.339 4.131 1.98 1.48 -0.005
22 26 1 174.768 79.456 37.394 3.393 2.239 1.909 -0.005
22 28 2 184.755 78.029 37.747 12.773 2.753 2.887 0.01
22 32 1 180.918 83.796 37.133 3.785 0.957 1.364 -0.005
22 36 1 137.507 72.193 37.432 4.547 2.015 1.579 0.038
22 47 1 166.131 80.299 37.789 11.391 3.058 2.512 0.019
22 53 3 122.104 55.275 37.628 0.464 0.525 1.588 -0.052
22 85 2 101.829 67.713 38.329 0.228 1.916 0.789 -3.112
22 86 5 108.809 78.774 37.273 1.203 0.382 0.62 -2.864
22 88 1 209.799 85.952 37.18 0.616 0.638 1.16 -0.005
22 95 5 103.545 64.578 37.182 0.438 1.486 0.663 0.03
22 98 1 157.954 94.171 37.194 4.549 1.871 1.505 3.118
22 100 1 136.579 79.274 37.48 3.921 1.793 1.668 3.107
22 102 1 109.359 63.737 37.284 0.826 0.267 0.562 0.068
23 3 1 151.011 72.824 37.295 4.171 2.099 1.425 0
23 26 1 179.873 80.631 37.435 1.594 2.024 1.949 0
23 28 2 188.983 79.114 37.832 13.017 2.887 2.887 0.012
23 32 1 186.743 85.53 37.165 3.973 1.143 1.455 -0
23 36 1 142.693 73.364 37.462 4.532 2.07 1.616 0
23 47 1 171.265 81.462 37.813 11.349 2.803 2.516 0.02
23 53 3 121.972 54.851 37.685 0.541 0.559 1.528 0
23 81 3 112.76 83.729 37.621 0.305 0.32 1.364 0
23 95 5 108.758 65.954 37.305 0.665 1.553 0.785 -0
23 98 1 158.086 94.13 37.228 4.475 1.831 1.444 3.125
23 100 1 133.242 78.523 37.726 3.617 1.698 1.046 3.142
23 102 1 113.483 64.124 37.5 1.909 1.236 1.017 0
23 103 4 170.931 93.348 36.944 0.786 0.356 1.11 3.142
23 104 4 215.468 87.159 36.979 0.927 0.686 1.395 0
24 3 1 156.206 74.114 37.277 4.173 2.101 1.491 -0.014
24 26 1 186.684 82.47 37.367 3.471 2.269 1.918 -0.02
24 28 2 193.17 80.159 37.756 12.979 2.669 3.011 0.022
24 32 1 192.677 87.03 37.111 3.73 1.361 1.409 0.028
24 36 1 147.805 74.352 37.445 4.523 1.923 1.74 -0.003
24 47 1 176.618 82.722 37.788 11.348 2.743 2.604 0.031
24 53 3 121.656 54.815 37.793 0.543 0.482 1.034 0.166
24 81 3 113.35 83.793 37.47 0.679 0.541 1.436 2.715
24 95 5 114.161 67.027 37.33 0.594 0.934 0.482 -0.027
24 98 1 158.177 94.126 37.199 4.392 1.875 1.488 3.114
24 100 1 130.185 77.751 37.858 2.966 1.612 0.765 -3.112
24 102 1 118.049 65.825 37.267 1.385 0.329 0.728 -0.011
24 103 4 165.458 92.072 37.284 3.078 0.716 1.606 3.06
24 104 4 221.13 88.369 37.111 1.04 0.696 1.338 -0.004
24 107 5 210.255 83.786 36.952 0.365 1.819 0.393 0.036
25 3 1 161.545 75.444 37.251 4.15 2.088 1.41 0.014
25 26 1 192.522 84.014 37.374 3.493 2.134 1.839 0.025
25 28 2 197.449 81.267 37.78 13.098 2.822 2.928 0.03
25 32 1 198.786 88.641 37.158 3.885 1.185 1.452 -0.017
25 36 1 152.858 75.258 37.418 4.5 2.064 1.579 0.014
25 47 1 182.087 84.161 37.799 11.365 2.935 2.556 0.023
25 53 3 121.612 54.816 37.551 0.514 0.423 1.543 -0.009
25 95 5 119.355 68.272 37.354 0.786 1.23 0.567 0
25 98 1 158.145 94.082 37.232 4.485 1.763 1.517 3.132
25 100 1 127.086 77.133 37.8 2.979 1.62 0.754 -3.136
25 102 1 122.673 67.039 37.11 1.586 0.679 1.061 0
25 103 4 159.656 90.865 37.317 2.034 0.934 1.649 -3.123
25 104 4 226.697 89.427 37.003 0.944 0.684 1.384 0.021
25 107 5 216.557 85.569 36.869 0.335 1.317 0.395 0.021
26 3 1 166.941 76.758 37.261 4.168 2.079 1.375 0.006
26 26 1 198.5 85.532 37.357 3.419 2.303 1.813 0.013
26 28 2 201.757 82.359 37.842 13.041 2.823 2.849 0.014
26 32 1 204.831 90.194 37.127 3.854 1.115 1.429 0.013
26 36 1 157.883 76.214 37.44 4.534 1.958 1.523 0.006
26 47 1 187.752 85.452 37.785 11.367 2.669 2.537 0.011
26 98 1 158.144 94.155 37.221 4.414 1.975 1.453 3.114
26 100 1 125.183 76.567 37.964 1.107 1.469 0.498 0.006
26 102 1 127.109 68.05 37.124 1.361 0.566 1.091 0.006
26 103 4 154.565 89.608 37.308 2.052 0.568 1.628 -3.084
26 104 4 231.855 90.75 37.093 1.101 0.5 1.128 -3.117
26 107 5 222.839 87.232 36.898 0.42 1.02 0.602 -3.076
26 108 5 238.349 91.075 40.073 6.9 1.038 0.614 0.086
27 3 1 172.434 78.137 37.119 4.116 1.999 1.229 0.003
27 26 1 204.43 87.066 37.335 3.454 2.227 1.967 0.042
27 28 2 206.079 83.518 37.771 13.079 2.732 2.814 0.025
27 32 1 210.866 91.569 37.09 3.817 0.789 1.265 -0.055
27 36 1 162.817 77.348 37.374 4.554 1.778 1.635 -0.025
27 47 1 193.364 86.859 37.762 11.405 2.783 2.497 0.022
27 98 1 158.222 94.04 37.241 4.332 1.741 1.519 3.109
27 103 4 149.637 88.574 37.363 1.532 0.512 1.092 -3.128
27 104 4 237.198 92.008 36.981 1.178 0.453 1.025 -0.028
27 107 5 229.25 88.875 36.796 0.25 0.58 0.493 -0.028
27 109 1 183.05 90.698 37.432 5.97 1.959 1.818 -3.135
27 112 5 202.315 89.224 37.321 0.176 0.871 0.493 0.022
28 3 1 177.997 79.546 37.21 4.153 2.029 1.437 -0.024
28 26 1 210.4 88.7 37.343 3.464 2.231 1.934 0.009
28 28 2 210.483 84.618 37.727 13.278 2.831 2.907 0.018
28 32 1 217.047 93.192 37.038 3.968 1.055 1.397 0.003
28 36 1 167.784 78.236 37.348 4.572 1.66 1.669 0.039
28 47 1 199.194 88.276 37.753 11.407 2.715 2.551 0.022
28 103 4 144.58 87.402 37.5 1.535 0.49 1.222 -3.013
28 104 4 242.438 93.378 37.018 1.067 0.519 1.043 -0.029
28 108 5 234.94 93.613 36.963 0.219 0.347 0.254 0.184
28 109 1 175.797 88.877 37.478 3.967 1.843 1.652 -3.114
28 112 5 208.225 91.101 37.376 0.192 1.785 0.403 3.13
29 3 1 183.678 80.984 37.21 4.122 2.088 1.467 0.029
29 26 1 216.367 90.097 37.283 3.409 2.057 1.866 0.005
29 28 2 214.932 85.784 37.673 12.997 2.779 2.737 0.017
29 32 1 223.103 94.755 37.13 3.902 0.979 1.383 -0.028
29 36 1 172.828 79.426 37.387 4.195 1.779 1.655 0.039
29 47 1 204.846 89.668 37.706 11.334 2.795 2.454 0.022
29 103 4 139.813 86.174 37.213 1.229 0.53 0.711 -2.837
29 104 4 248.1 94.679 37.007 0.533 0.705 1.355 -0.059
29 108 5 241.295 95.524 37.18 0.572 0.602 0.67 -0.02
29 109 1 169.699 87.412 37.666 2.065 1.603 1.268 -3.14
29 117 3 219.95 80.366 37.339 0.574 0.584 1.588 2.886
29 119 4 204.298 102.74 37.084 1.419 0.854 1.483 3.034
30 3 1 189.508 82.494 37.153 4.147 2.039 1.375 0
30 26 1 221.658 91.499 37.314 2.057 2.024 1.835 0
30 28 2 219.653 86.962 37.638 13.456 2.898 2.609 0
30 32 1 229.208 96.282 37.11 3.932 1.302 1.449 0
30 36 1 177.639 80.479 37.321 4.556 1.885 1.56 0
30 47 1 210.57 91.073 37.649 11.34 2.568 2.487 0
30 104 4 253.261 96.131 36.939 1.296 0.651 1.12 0
30 108 5 247.576 96.808 36.984 0.778 0.731 1.288 0
30 109 1 163.002 85.669 37.602 2.238 1.774 0.32 -3.113
30 117 3 220.671 80.463 37.321 0.722 0.603 1.591 0.032
30 119 4 202.383 102.186 37.129 2.828 0.923 1.51 -3.138
31 3 1 195.394 83.961 37.157 4.182 2.117 1.469 0.016
31 26 1 228.324 93.204 37.306 3.383 2.12 1.908 0.009
31 28 2 223.974 88.073 37.666 12.999 2.819 2.749 0.005
31 32 1 235.313 97.796 36.957 3.884 1.222 1.394 0.018
31 36 1 182.901 81.694 37.302 4.204 2.136 1.631 0.031
31 47 1 216.299 92.517 37.686 11.334 2.78 2.534 0.018
31 104 4 258.502 97.481 36.903 0.851 0.717 1.336 -0.006
31 108 5 253.336 98.181 36.819 0.516 0.705 1.25 0.02
31 109 1 157.189 84.205 37.768 0.554 0.811 0.764 3.141
31 112 5 226.071 95.592 37.269 0.109 1.661 0.395 0.02
31 117 3 221.398 80.696 37.336 0.796 0.66 1.724 -0.038
31 119 4 200.02 101.539 37.118 2.426 0.909 1.5 3.135
32 3 1 201.31 85.482 37.169 4.141 2.084 1.375 0.044
32 26 1 234.311 94.578 37.215 3.415 2.266 1.823 0.067
32 28 2 228.553 89.217 37.538 13.148 3.2 2.475 0.001
32 32 1 241.425 99.323 36.974 3.679 1.399 1.342 0.087
32 36 1 188.101 82.942 37.214 4.016 1.915 1.641 0.019
32 47 1 222.1 93.939 37.665 11.463 2.939 2.52 0.025
32 104 4 263.641 98.866 37.101 1.007 0.714 1.002 0.105
32 108 5 258.972 99.715 37.233 0.49 0.569 0.461 -0.046
32 117 3 222.103 80.799 37.392 0.836 0.741 1.663 0.041
32 119 4 197.834 101.034 37.157 2.439 1.17 1.455 -3.13
33 3 1 207.14 87.031 37.118 4.188 2.069 1.456 -0.004
33 26 1 239.113 95.857 37.233 1.362 1.976 1.978 -0.027
33 28 2 233.432 90.26 37.571 13.401 3.318 2.701 0.028
33 32 1 247.529 100.969 36.905 3.699 1.408 1.324 -0.01
33 36 1 193.463 84.273 37.225 4.005 1.895 1.588 0.046
33 47 1 227.779 95.469 37.634 11.401 2.712 2.529 0.022
33 104 4 268.859 100.284 36.919 0.82 0.651 1.246 -0.055
33 108 5 264.38 100.926 36.751 0.314 0.378 0.506 -0.055
33 117 3 222.823 81.005 37.373 0.736 0.624 1.726 0.013
33 119 4 195.722 100.376 37.159 2.318 0.967 1.592 -3.133
34 3 1 212.92 88.565 37.144 4.146 2.095 1.482 0.006
34 26 1 245.996 97.621 37.165 3.45 2.126 1.844 0.007
34 28 2 237.848 91.617 37.559 12.985 2.955 2.628 0.016
34 32 1 253.74 102.658 36.903 3.805 1.417 1.365 0.007
34 36 1 198.984 85.647 37.407 3.815 2.007 1.403 -0.012
34 47 1 233.545 96.994 37.635 11.381 2.726 2.514 0.027
34 104 4 273.954 101.458 36.944 1.045 0.725 1.253 -0.148
34 108 5 269.827 102.28 36.85 0.434 0.576 1.157 -0.012
34 112 5 243.878 99.814 37.139 0.217 0.731 0.516 -0.038
34 117 3 223.604 81.067 37.381 0.984 0.613 1.752 0.044
34 119 4 193.695 99.801 37.195 2.037 0.873 1.212 -3.127
34 122 5 245.927 92.236 36.992 0.257 1.552 0.551 -0.038
35 3 1 218.701 90.083 37.177 4.2 2.109 1.337 0.041
35 26 1 251.871 99.103 37.201 3.399 2.111 1.851 0.023
35 28 2 242.66 92.789 37.519 12.956 2.792 2.54 0.026
35 32 1 259.867 104.228 36.944 3.703 1.738 1.507 0.016
35 36 1 204.382 86.915 37.451 4.093 2.14 1.309 0.041
35 47 1 239.38 98.417 37.605 11.328 2.924 2.502 0.042
35 104 4 278.792 102.607 36.766 1.106 0.606 1.254 0.057
35 108 5 274.805 103.503 36.634 0.224 0.314 0.534 0.042
35 112 5 249.603 101.358 37.073 0.164 0.972 0.326 0.058
35 117 3 224.295 81.201 37.363 0.855 0.68 1.695 -0.023
35 119 4 191.492 99.165 37.253 1.97 0.862 1.024 -3.117
35 122 5 251.756 93.741 37.043 0.271 1.72 0.591 0.007
35 123 4 290.975 103.88 36.873 1.4 0.77 1.252 -0.002
36 3 1 224.489 91.592 37.109 4.141 2.09 1.498 0
36 26 1 257.57 100.501 37.177 3.529 2.035 1.939 0.025
36 28 2 247.594 93.89 37.488 13.165 2.903 2.53 0.025
36 32 1 265.929 105.809 36.835 3.687 1.547 1.315 0.025
36 36 1 210.084 88.389 37.534 3.65 2.033 1.103 0
36 47 1 245.525 100.031 37.591 11.778 2.752 2.536 0.025
36 104 4 283.804 103.724 36.883 1.123 0.621 1.228 -0.007
36 108 5 279.986 104.907 36.897 0.535 0.451 0.876 -0.007
36 117 3 225.006 81.332 37.424 0.736 0.556 1.636 0.012
36 119 4 189.335 98.507 37.305 2.103 0.928 1.066 3.142
36 123 4 294.464 104.619 37.029 1.43 0.88 1.295 0
36 125 1 295.92 108.123 37.047 0.625 1.537 1.287 0
37 3 1 230.237 93.058 37.087 4.196 2.084 1.45 0
37 26 1 263.305 102.001 37.127 3.345 2.209 1.875 0
37 28 2 252.448 95.329 37.447 13.137 2.817 2.463 0.018
37 32 1 271.779 107.323 36.899 3.507 1.571 1.436 0
37 36 1 215.489 89.761 37.566 3.557 1.993 0.911 0
37 47 1 251.347 101.544 37.554 11.349 2.871 2.519 0.036
37 104 4 288.559 104.978 36.899 1.203 0.815 1.491 -0.099
37 108 5 283.079 106.08 36.886 4.729 0.902 1.131 -0.079
37 112 5 261.01 104.399 37.003 0.226 1.216 0.332 0.016
37 117 3 225.704 81.502 37.354 0.737 0.712 1.637 0.119
37 119 4 187.262 97.984 37.308 1.925 0.824 1.182 3.14
37 122 5 263.279 96.71 36.908 0.213 1.673 0.456 -0.049
37 123 4 297.91 105.432 36.886 1.525 0.946 1.205 -0.017
37 125 1 300.396 109.007 37.009 0.895 1.331 1.546 -0.045
37 127 5 187.563 85.576 37.073 0.271 0.275 0.342 0.095
38 3 1 235.946 94.494 37.096 4.187 2.041 1.376 0.024
38 26 1 269.023 103.366 37.124 3.482 2.232 1.941 0.024
38 28 2 257.299 96.614 37.453 13.052 2.836 2.432 0.016
38 32 1 277.881 108.78 36.829 3.737 1.444 1.203 0.023
38 36 1 220.876 91.06 37.471 3.992 1.806 0.953 0.025
38 47 1 257.405 103.131 37.574 11.385 2.679 2.532 0.021
38 104 4 293.436 106.04 36.859 1.765 0.798 1.169 -0.127
38 108 5 289.916 107.392 36.897 0.565 0.465 0.88 -0.108
38 112 5 266.659 106.155 37.029 0.166 1.873 0.278 0.038
38 117 3 226.53 81.472 37.295 0.363 0.334 1.609 0.094
38 122 5 268.888 98.4 37.01 0.356 1.812 0.574 0.016
38 123 4 301.339 106.236 36.946 1.403 0.843 1.411 -0.011
38 125 1 304.387 110.165 36.89 0.875 1.489 1.525 0.014
38 127 5 193.298 87.1 36.947 0.183 0.636 0.324 0.084
38 128 2 257.718 112.406 37.784 1.004 0.9 2.505 3.098
39 3 1 241.579 95.952 37.076 4.113 2.075 1.458 -0
39 26 1 274.608 104.926 37.139 3.375 2.183 1.944 -0
39 28 2 262.022 97.761 37.395 12.801 3.09 2.482 0.002
39 32 1 283.71 110.248 36.835 3.464 1.313 1.195 -0
39 36 1 226.637 92.546 37.461 3.348 2 1.089 -0
39 47 1 263.391 104.627 37.536 11.387 2.802 2.589 0.034
39 104 4 297.587 107.026 36.949 1.19 0.562 1.137 0.149
39 112 5 272.408 107.21 37.103 0.234 1.138 0.42 -0.019
39 117 3 227.262 81.583 37.312 0.313 0.429 1.443 -0.003
39 122 5 274.396 100.19 36.978 0.205 1.186 0.375 -0.019
39 123 4 304.703 107.094 36.899 1.449 1.022 1.627 -0.029
39 125 1 308.596 111.242 36.943 1.341 1.699 1.534 0.001
39 127 5 199.023 88.676 36.806 0.501 1.538 0.355 3.142
39 128 2 260.439 112.265 37.66 11.255 2.805 2.805 -3.081
40 3 1 247.177 97.351 37.019 4.194 2.044 1.458 0.028
40 26 1 280.064 106.32 37.144 3.464 2.074 1.945 0.035
40 28 2 267.496 99.268 37.407 11.509 2.648 2.388 0.023
40 32 1 289.863 111.832 36.795 3.758 1.453 1.297 -0.035
40 36 1 231.968 93.857 37.512 3.494 2.046 1.034 0.028
40 47 1 269.362 106.302 37.587 11.398 2.98 2.566 0.018
40 104 4 302.046 107.987 36.872 0.898 0.781 1.323 0.027
40 117 3 227.781 81.921 37.292 0.65 0.401 1.427 -0.01
40 122 5 280.135 101.1 36.902 1.246 0.262 0.342 -1.546
40 123 4 307.962 107.876 36.937 1.444 0.869 1.588 -0.076
40 125 1 312.165 112.019 37.037 0.582 1.722 1.399 -0.046
40 127 5 204.957 90.108 36.896 0.287 0.631 0.336 0.045
40 128 2 258.457 111.574 37.638 11.328 2.919 2.717 -3.084
41 3 1 252.757 98.809 37.022 4.238 2.008 1.424 -0.005
41 26 1 285.49 107.716 37.139 3.479 2.1 1.858 0.045
41 28 2 273.139 100.699 37.395 9.949 2.886 2.4 0.013
41 32 1 295.648 113.268 36.845 3.218 1.414 1.401 0.074
41 36 1 237.249 95.197 37.116 3.805 2.123 1.519 0.025
41 47 1 275.362 107.807 37.586 11.58 2.97 2.616 0.029
41 104 4 306.574 109.102 36.877 0.978 0.585 1.355 0.01
41 112 5 283.124 110.61 37.053 0.321 1.898 0.736 0.087
41 117 3 228.743 81.915 37.356 0.64 0.731 1.357 0.041
41 123 4 311.141 108.638 36.827 1.363 0.881 1.734 -0.042
41 125 1 315.74 112.957 36.993 0.603 1.712 1.344 0.017
41 127 5 210.779 91.557 36.969 0.36 0.708 0.548 0
41 128 2 256.295 110.802 37.64 11.383 2.694 2.708 -3.091
42 3 1 258.415 100.203 36.983 4.094 2.058 1.391 -0.025
42 26 1 290.113 108.854 37.073 1.89 1.982 1.904 0.052
42 28 2 276.251 101.631 37.338 12.847 2.527 2.252 0.015
42 32 1 301.797 114.997 36.866 3.734 1.399 1.374 0.052
42 36 1 242.598 96.547 37.297 3.704 1.942 1.061 0.052
42 47 1 281.124 109.238 37.525 11.338 2.868 2.546 0.034
42 104 4 310.604 109.987 36.845 0.875 0.565 1.2 0.47
42 112 5 288.571 111.312 37.039 0.189 0.371 0.462 -0.085
42 117 3 229.404 82.059 37.173 0.758 0.732 1.569 -3.046
42 123 4 314.419 109.521 36.851 1.481 0.854 1.595 0.015
42 125 1 319.32 113.845 36.849 1.017 1.605 1.569 0.062
42 127 5 216.536 93.063 36.871 0.31 0.715 0.294 -0.002
42 128 2 254.19 110.116 37.778 11.058 2.555 2.974 -3.085
43 3 1 264.084 101.684 36.907 4.254 2.062 1.294 0.003
43 26 1 295.878 110.4 37.096 3.444 2.208 1.87 -0.004
43 28 2 280.964 102.67 37.307 12.817 3.053 2.298 0
43 32 1 308.53 117.44 36.801 6.051 2.362 1.482 0.046
43 36 1 247.842 97.93 37.355 3.635 1.861 1.106 0.013
43 47 1 286.817 110.742 37.504 11.396 2.805 2.549 0.035
43 104 4 314.311 111.019 36.789 1.017 0.633 1.408 0.041
43 112 5 293.434 113.391 36.999 0.316 1.939 0.608 -0.004
43 117 3 230.192 82.226 37.349 0.457 0.623 0.802 -0.001
43 123 4 317.748 110.33 36.907 1.526 0.929 1.545 0.041
43 125 1 322.367 114.584 37.011 1.194 1.637 1.746 0.036
43 127 5 222.387 94.483 36.99 0.176 0.58 0.329 0.014
43 128 2 252.226 109.499 38.04 11.017 2.592 2.976 -3.092
44 3 1 269.97 103.222 36.9 4.103 1.938 1.331 0
44 26 1 300.695 111.66 37.023 3.352 2.23 1.894 0
44 28 2 285.451 103.73 37.289 12.507 3.254 2.383 0
44 32 1 313.448 118.515 36.743 4.337 1.824 1.397 0.006
44 36 1 253.227 99.317 37.219 4.052 2.13 1.316 0
44 47 1 292.21 112.13 37.432 11.405 2.571 2.504 0
44 104 4 317.867 112.08 36.756 1.24 0.742 1.424 0.006
44 112 5 298.186 114.77 36.941 0.279 1.851 0.605 0.024
44 117 3 230.775 82.372 37.224 0.558 0.468 1.206 0.057
44 123 4 320.915 111.221 36.737 1.848 0.918 1.678 0.006
44 125 1 325.432 115.439 36.932 1.555 1.781 1.716 0.006
44 127 5 227.923 95.892 36.984 0.587 1.54 0.691 0
44 128 2 250.199 108.776 38.077 11.038 2.867 3.512 -3.109
45 3 1 275.731 104.74 36.89 4.145 1.91 1.341 -0.032
45 26 1 305.32 112.757 37.054 3.332 2.021 1.893 -0.019
45 28 2 289.439 104.784 37.252 11.419 2.974 2.165 0.016
45 32 1 318.482 119.715 36.726 3.517 1.455 1.37 0.021
45 36 1 258.376 100.613 37.209 3.943 1.961 1.262 0.07
45 47 1 297.197 113.567 37.403 11.407 2.863 2.499 0.048
45 104 4 321.224 113.01 36.752 1.273 0.785 1.664 0.021
45 112 5 302.911 115.699 36.978 0.252 1.343 0.574 -0
45 123 4 324.778 112.259 36.805 2.377 0.893 1.788 0.021
45 125 1 328.208 116.266 36.829 1.362 1.815 1.8 0.021
45 127 5 233.598 97.544 36.969 0.653 1.352 0.652 -0.03
45 128 2 248.146 108.222 38.465 11.198 2.679 2.667 -3.1
46 3 1 281.308 106.101 36.865 4.044 1.953 1.336 -0.034
46 26 1 309.5 113.978 37.044 3.435 2.09 1.88 0.057
46 28 2 293.635 106.721 37.252 11.484 1.309 2.308 0.025
46 32 1 323.4 121.479 36.767 3.408 2.227 1.396 0.017
46 36 1 263.546 101.883 37.15 3.955 2.059 1.095 0.01
46 47 1 301.514 114.908 37.4 10.668 3.089 2.43 0.044
46 104 4 324.4 113.906 36.765 1.118 0.726 1.571 0.014
46 112 5 307.158 116.596 37.589 0.454 3.09 2.003 0
46 123 4 327.921 113.127 36.777 2.09 0.931 1.73 0.007
46 125 1 331.183 116.993 36.782 1.49 1.865 1.712 -0.002
46 127 5 239.579 98.964 36.858 0.281 0.659 0.337 -0.015
46 128 2 246.124 107.532 38.376 11.128 2.994 2.952 -3.132
47 3 1 286.392 107.368 36.845 4.182 2.005 1.358 -0.008
47 26 1 313.365 114.995 37.08 3.456 2.256 1.922 0.02
47 28 2 298.802 107.216 37.261 12.403 2.859 2.159 0.032
47 32 1 327.702 122.408 36.784 2.325 1.688 1.333 0.049
47 36 1 268.627 103.263 37.108 4.022 2.04 1.442 -0.008
47 47 1 306.388 116.272 37.35 11.346 3.013 2.488 0.048
47 104 4 327.659 114.714 36.767 1.412 0.705 1.521 0.054
47 123 4 331.196 114.048 36.812 2.036 0.957 1.636 0.03
47 125 1 334.032 117.802 36.994 1.563 1.921 1.628 0.045
47 127 5 244.766 100.249 36.86 1.831 1.764 0.782 0.022
47 128 2 243.896 106.982 38.445 11.32 2.66 2.522 -3.105
48 3 1 290.896 108.475 36.916 4.295 1.976 1.383 0.057
48 26 1 316.953 115.905 37.067 3.466 2.248 1.938 0.03
48 28 2 303.084 108.413 37.236 12.378 3.067 2.206 0.009
48 32 1 332.714 123.741 36.669 3.361 1.631 1.232 -0.022
48 36 1 273.812 104.557 37.045 3.957 1.998 1.68 0.026
48 47 1 310.922 117.47 37.49 11.327 3.039 2.66 0.054
48 104 4 331.046 115.431 36.774 1.891 0.693 1.657 0.08
48 123 4 334.437 114.899 36.808 2.095 0.906 1.844 0.011
48 125 1 337.834 118.92 36.844 3.58 1.885 1.843 0.076
48 127 5 250.517 102.008 37.012 0.781 1.155 0.586 -0.074
48 128 2 241.951 106.42 38.31 10.903 3.102 2.275 3.118
49 3 1 294.945 109.59 36.877 4.231 2.032 1.46 0.017
49 26 1 320.387 116.835 37.047 3.736 2.353 1.942 0.069
49 28 2 307.479 109.535 37.164 12.888 2.917 2.225 0.043
49 32 1 336.682 124.92 36.694 3.108 1.64 1.323 0.076
49 36 1 278.519 105.714 37.082 4.155 2.101 1.499 0.033
49 47 1 315.318 118.626 37.429 11.302 2.749 2.553 0.051
49 104 4 333.675 116.016 36.707 1.032 0.724 1.468 0.098
49 123 4 337.598 115.77 36.842 2.045 0.974 1.762 0.076
49 125 1 340.929 119.776 36.84 4.345 1.895 1.84 0.076
49 127 5 256.12 103.22 36.89 0.604 1.593 0.614 0.033
50 3 1 298.439 110.465 36.871 4.164 2.045 1.41 0.039
50 26 1 323.353 117.701 37.044 3.425 2.268 1.824 0.067
50 28 2 311.747 110.722 37.174 12.9 3.518 2.324 0.047
50 32 1 340.703 126.018 36.674 3.759 1.381 1.398 0.052
50 36 1 283.173 106.973 37.071 3.784 2.071 1.245 0.031
50 47 1 319.556 119.803 37.451 11.251 2.81 2.641 0.039
50 104 4 336.486 116.581 36.806 1.26 0.726 1.359 0.059
50 123 4 340.468 116.537 36.826 1.426 0.938 1.554 0.059
50 125 1 343.3 120.421 36.882 3.632 1.984 1.843 0.06
50 127 5 261.435 104.606 36.785 0.485 1.665 0.674 0.058
50 145 5 323.341 112.573 36.884 0.263 0.421 0.237 0
51 3 1 301.464 111.293 36.845 4.201 1.955 1.459 -0.009
51 26 1 326.24 118.532 37.002 3.451 2.279 1.947 0.073
51 28 2 317.491 112.682 37.169 9.272 2.185 2.313 0.027
51 32 1 343.222 126.772 36.732 2.291 1.206 1.396 0.028
51 36 1 287.096 107.94 36.934 4.237 1.892 1.604 -0.008
51 47 1 323.565 120.952 37.407 11.195 2.85 2.653 0.061
51 104 4 339.36 117.211 36.738 1.265 0.612 1.68 0.285
51 123 4 343.547 117.417 36.768 1.469 0.863 1.778 -0.008
51 125 1 346.355 121.351 36.802 4.174 1.88 1.773 0.033
51 127 5 266.264 105.759 36.76 1.697 1.622 0.907 0.407
51 145 5 326.159 113.608 36.756 0.29 1.215 0.419 0
51 146 5 352.68 124.094 37.061 0.408 0.439 1.133 0.044
52 3 1 304.238 111.96 36.838 4.153 2.009 1.449 0.067
52 26 1 328.835 119.343 37.038 3.526 2.336 1.924 0.07
52 28 2 321.171 113.289 37.187 10.34 2.933 2.323 0.04
52 32 1 345.98 127.549 36.746 1.767 1.077 1.501 0.051
52 36 1 290.831 108.849 37.154 4.145 1.917 1.108 -0.003
52 47 1 327.363 122.023 37.449 11.4 2.849 2.683 0.063
52 104 4 342.013 117.898 36.767 1.45 0.838 1.67 0.031
52 123 4 346.801 118.493 36.824 2.015 0.905 1.724 0.07
52 125 1 349.041 122.196 36.859 4.31 2.001 1.763 0.072
52 127 5 271.487 107.105 36.757 1.49 1.717 0.877 0.051
52 145 5 329.557 114.288 36.787 1.717 1.824 0.548 0.033
52 146 5 355.269 125.016 36.765 0.156 0.577 0.425 -0.037
52 147 4 341.113 140.283 36.758 0.983 0.584 1.151 -3.074
52 148 1 260.863 96.694 36.614 0.574 1.631 0.612 0.051
53 3 1 306.705 112.639 36.841 4.055 1.96 1.439 0.051
53 26 1 331.204 119.99 36.962 3.413 2.208 1.886 0.077
53 28 2 323.937 114.132 37.196 13.032 2.75 2.369 0.051
53 32 1 349.532 129.388 36.687 4.17 2.201 1.336 0.139
53 36 1 294.254 109.697 37.191 4.029 1.961 0.983 0.064
53 47 1 330.721 122.999 37.441 11.194 2.64 2.814 0.054
53 104 4 344.453 118.605 36.696 1.224 0.435 1.419 0.163
53 123 4 349.811 119.554 36.868 2.004 0.741 1.615 0.103
53 125 1 351.661 123.03 36.874 4.124 1.935 1.759 0.106
53 127 5 275.297 108.048 36.754 3.807 1.721 0.516 0.011
53 145 5 331.251 114.673 36.804 0.178 2.077 0.163 0.022
53 146 5 358.08 126.057 36.792 0.248 0.747 0.384 0.116
53 147 4 339.578 139.862 36.908 0.537 0.815 1.232 1.671
53 148 1 267.401 98.569 36.579 0.563 1.356 0.321 0.076
54 3 1 308.917 113.22 36.772 4.355 1.928 1.422 -0.002
54 26 1 333.299 120.602 37.014 3.49 2.047 1.872 0.04
54 28 2 327.669 115.149 37.226 13.001 2.829 2.528 0.058
54 32 1 350.688 128.972 36.805 1.033 0.636 1.008 0.101
54 36 1 297.437 110.721 37.247 3.947 2.073 0.931 -0.006
54 47 1 333.921 123.931 37.528 11.279 2.831 2.837 0.08
54 104 4 344.38 118.812 36.617 0.318 1.078 0.539 0.049
54 123 4 352.79 120.739 36.819 2.083 0.309 1.469 0.05
54 125 1 354.354 123.9 36.922 4.191 1.928 1.846 0.104
54 127 5 280.284 109.368 36.647 4.003 1.922 0.786 -0.017
54 145 5 333.434 114.885 36.656 0.224 1.013 0.406 0.049
54 146 5 360.865 127.061 36.409 0.24 0.681 1.055 0.082
54 147 4 338.03 139.47 36.704 1.362 0.495 1.573 -3.023
54 148 1 273.451 100.251 36.628 1.849 1.652 0.98 0.033
54 149 5 281.169 106.096 37.552 0.245 0.818 0.046 -0.024
55 3 1 310.883 113.734 36.814 4.282 2.021 1.444 0.046
55 26 1 335.017 121.202 37.024 3.555 2.232 1.969 0.046
55 28 2 331.757 116.361 37.276 13.529 2.9 2.492 0.081
55 32 1 352.9 129.688 36.939 1.574 0.532 1.105 0.059
55 36 1 300.388 111.383 37.275 3.963 1.997 1.011 0.046
55 47 1 336.884 124.81 37.506 11.249 2.852 2.824 0.098
55 104 4 345.446 119.334 36.645 0.339 1.548 0.488 -0.009
55 125 1 356.942 124.821 36.85 4.173 2.105 1.822 0.059
55 146 5 363.777 128.088 36.542 0.314 0.723 0.503 0.097
55 147 4 336.255 138.86 36.912 1.286 0.625 1.43 3.142
55 148 1 280.28 102.031 36.421 0.947 1.65 0.675 -0.009
55 149 5 270.695 103.251 37.488 0.211 0.83 0.094 -3.087
55 151 1 285.063 110.606 36.664 4.078 1.903 1.003 0.046
56 3 1 312.789 114.218 36.765 4.158 2.086 1.397 0.054
56 26 1 336.497 121.489 36.979 3.587 2.002 1.914 -0
56 28 2 335.241 117.408 37.284 13.241 3.086 2.668 0.103
56 36 1 302.886 112.091 37.371 3.829 2.014 0.83 0.075
56 47 1 339.632 125.671 37.563 11.256 2.625 2.904 0.118
56 104 4 346.234 119.621 36.581 0.491 1.392 0.745 0.118
56 125 1 359.599 125.745 36.816 4.284 2.002 1.801 0.154
56 146 5 367.047 129.134 36.897 0.543 0.735 1.486 0.154
56 147 4 334.549 138.301 36.789 1.197 0.614 1.59 -3.005
56 148 1 286.509 103.799 36.489 1.034 1.603 0.706 0.118
56 149 5 290.584 107.87 37.104 2.06 0.633 0.867 -0.007
56 151 1 289.873 111.817 36.602 3.787 1.907 0.946 0.118
56 153 1 345.692 123.416 36.924 1.091 0.498 1.025 0.106
56 155 2 346.944 135.957 38.005 2.682 1.968 3.472 -2.988
57 3 1 314.623 114.712 36.788 4.132 2.083 1.416 0.114
57 26 1 337.265 121.79 36.996 2.727 2.025 1.991 0.114
57 28 2 338.015 118.138 37.266 11.819 3.059 2.59 0.141
57 36 1 305.249 112.68 37.361 2.862 2.095 0.648 0.114
57 47 1 342.318 126.493 37.491 11.547 2.716 2.819 0.155
57 104 4 347.022 120.143 36.735 1.009 1.155 1.02 0.155
57 125 1 362.054 126.623 36.765 3.895 2.021 1.778 0.155
57 146 5 370.035 130.263 36.664 0.313 0.51 0.756 0.242
57 147 4 332.752 137.792 36.776 1.742 0.67 1.632 -2.923
57 148 1 292.306 105.312 36.525 1.746 1.769 1.06 0.114
57 149 5 294.992 109.008 36.799 0.718 0.481 0.516 0.114
57 151 1 294.234 112.961 36.57 4.008 1.866 0.99 0.114
57 153 1 346.829 123.777 36.713 2.492 0.793 1.444 0.155
57 155 2 344.507 134.814 37.667 6.103 2.542 3.011 -2.941
58 3 1 316.492 115.218 36.793 4.187 2.004 1.476 0.119
58 26 1 339.05 122.344 37.006 4.391 2.173 1.952 0.152
58 28 2 341.833 119.409 37.309 13.147 2.954 2.644 0.162
58 36 1 307.298 113.382 37.402 3.221 1.886 0.646 0.124
58 47 1 344.509 127.151 37.584 11.213 2.95 2.729 0.184
58 125 1 364.932 127.769 36.907 4.4 1.784 1.847 0.224
58 147 4 330.697 136.94 36.826 1.732 0.645 1.651 -2.985
58 148 1 297.093 106.45 36.795 4.11 1.829 1.539 0.124
58 149 5 298.188 109.937 37.098 1.71 0.926 0.795 0.124
58 151 1 298.613 114.071 36.941 3.844 1.803 1.645 0.124
58 153 1 346.704 123.952 36.782 1.554 0.834 1.403 0.169
58 155 2 340.834 133.54 37.525 7.134 2.571 3.065 -2.964
58 159 1 353.188 126.507 37.482 1.644 1.329 0.927 0.169
59 3 1 318.569 115.788 36.796 4.179 2.057 1.453 0.16
59 26 1 340.014 122.58 37.017 4.729 2.089 1.907 0.16
59 28 2 344.758 120.306 37.319 13.087 3.037 2.621 0.16
59 36 1 309.729 113.973 37.423 2.647 2.074 0.654 0.16
59 47 1 346.641 127.834 37.445 11.204 2.581 2.882 0.16
59 125 1 367.258 128.781 36.906 3.469 1.604 1.714 0.16
59 147 4 328.831 136.301 36.804 1.764 0.679 1.55 -2.945
59 148 1 304.077 108.149 36.439 1.073 1.721 0.822 0.16
59 149 5 301.038 110.835 36.841 2.464 1.218 1.445 0.16
59 151 1 303.556 115.493 36.726 1.814 1.888 1.102 0.16
59 153 1 347.659 124.332 36.705 3.071 1.157 1.463 0.16
59 155 2 336.113 132.013 37.421 8.092 2.575 2.755 -2.971
59 159 1 353.712 126.745 37.118 2.839 1.755 1.553 0.16
60 3 1 320.656 116.339 36.784 4.498 2.087 1.4 0.164
60 26 1 340.566 122.75 37.015 4.712 2.08 1.928 0.156
60 28 2 347.533 121.236 37.314 13.142 2.997 2.636 0.164
60 36 1 311.991 114.442 37.437 2.727 1.851 0.698 0.164
60 47 1 348.464 128.367 37.698 11.137 2.886 2.337 0.175
60 125 1 370.007 130.024 36.882 3.421 1.239 1.845 0.125
60 148 1 307.798 109.078 36.518 4.224 1.747 0.937 0.049
60 149 5 304.29 111.451 36.571 1.755 0.798 1.025 0.206
60 151 1 306.774 116.329 37.004 2.852 1.831 1.539 0.062
60 153 1 347.963 124.554 36.744 3.472 1.574 1.467 0.164
60 155 2 331.294 130.472 37.364 7.15 2.294 2.605 -2.98
60 159 1 354.317 126.835 36.988 4.128 1.627 1.923 0.164
60 160 1 291.627 108.133 36.834 1.796 1.068 1.327 0.053
61 3 1 323.082 117.023 36.775 4.46 2.035 1.459 0.131
61 26 1 340.762 122.761 37.009 4.773 2.045 1.872 0.117
61 28 2 350.235 122.108 37.313 13.301 2.954 2.587 0.147
61 36 1 314.12 115.089 37.441 2.706 1.87 0.652 0.114
61 47 1 349.786 128.858 37.516 11.174 2.646 2.939 0.136
61 125 1 370.437 130.886 36.733 3.353 2.221 1.532 0.056
61 148 1 312.952 110.459 36.707 4.09 1.624 1.422 0.002
61 149 5 306.809 112.263 36.534 1.054 0.991 0.982 0.046
61 151 1 310.337 117.269 36.926 2.546 1.651 1.662 0.118
61 153 1 348.087 124.695 36.841 3.616 1.683 1.609 0.117
61 155 2 326.719 129.161 37.443 7.238 2.465 2.806 -3.047
61 159 1 354.342 126.826 36.98 4.146 1.643 1.92 0.115
61 160 1 295.19 108.657 36.554 1.411 0.522 1.023 0.071
62 3 1 325.451 117.703 36.775 4.471 2.007 1.427 0.081
62 26 1 341.375 122.903 37.055 4.215 2.024 1.936 0.105
62 28 2 346.949 120.814 37.262 0.667 2.668 2.039 0.105
62 36 1 316.075 115.636 37.221 3.276 1.775 0.963 0.071
62 47 1 350.513 129.067 37.472 11.298 2.764 2.667 0.114
62 125 1 374.656 132.601 36.766 1.354 1.529 1.21 0.073
62 147 4 323.03 134.612 36.784 1.562 0.539 1.624 -3.111
62 148 1 317.906 111.643 36.56 3.934 1.822 1.183 0.04
62 149 5 308.158 112.798 36.815 2.589 1.463 1.443 0.029
62 151 1 313.373 118.133 36.763 2.774 1.845 1.146 0.071
62 153 1 348.127 124.75 36.773 3.662 1.899 1.447 0.122
62 155 2 322.146 127.928 37.525 7.014 2.468 2.946 -3.086
62 159 1 354.267 126.87 36.954 4.223 1.686 1.901 0.118
62 160 1 298.048 109.425 36.611 0.888 0.418 0.718 0.092
63 3 1 327.684 118.375 36.956 4.503 2.056 1.76 0.039
63 26 1 341.156 122.93 37.029 4.83 1.889 1.875 0.086
63 28 2 349.498 121.646 37.158 0.615 2.641 2.258 0.083
63 36 1 318.265 116.39 36.891 2.881 1.734 1.657 0.037
63 47 1 350.862 129.187 37.39 11.453 2.885 2.623 0.08
63 148 1 322.557 112.907 36.698 4.22 1.815 1.408 -0.003
63 149 5 310.224 113.391 36.789 2.559 1.341 1.481 0.006
63 151 1 316.976 119.051 36.673 1.632 1.76 1.143 0.009
63 153 1 348.217 124.745 36.978 3.628 1.796 1.866 0.063
63 155 2 317.202 126.503 37.67 7.05 2.443 3.102 -3.136
63 159 1 354.41 126.91 36.974 4.459 1.731 1.901 0.075
63 160 1 300.299 110.062 36.613 0.922 0.517 0.701 0.022
64 3 1 328.863 118.725 36.926 6.198 1.967 1.741 0.022
64 26 1 341.287 122.994 36.951 4.949 2.293 1.763 0.022
64 28 2 352.088 122.506 37.307 0.664 2.651 2 0.022
64 36 1 320.245 116.87 37.17 3.275 1.827 1.067 0.022
64 47 1 350.75 129.128 37.403 11.211 2.688 2.519 0.048
64 125 1 376.011 133.854 36.544 3.211 0.476 1.149 0.022
64 148 1 327.066 114.216 36.634 4.145 1.815 1.313 0.022
64 149 5 312.866 113.997 36.547 1.274 1.114 1.064 0.022
64 151 1 319.022 119.669 36.677 3.4 1.879 1.154 0.022
64 153 1 348.282 124.751 36.774 3.816 1.762 1.43 0.049
64 155 2 312.341 125.173 38.308 6.842 2.408 2.272 -3.139
64 159 1 354.378 126.923 37.019 4.451 1.825 1.956 0.022
64 160 1 302.118 110.51 36.768 1.738 0.513 1.097 0.022
64 162 1 290.094 104.774 36.65 1.678 1.735 0.796 0.022
65 3 1 331.285 119.452 36.837 4.5 1.988 1.449 0.008
65 26 1 341.469 123.057 37.022 4.753 2.199 1.863 -0
65 28 2 354.689 123.388 37.166 0.579 2.592 2.264 0.057
65 36 1 322.16 117.392 37.195 2.988 1.744 1.089 0.012
65 47 1 350.82 128.744 37.347 11.166 1.909 2.41 0.035
65 125 1 375.787 133.777 36.635 2.779 0.324 1.201 0.052
65 147 4 316.847 132.913 36.8 1.108 0.597 1.632 3.132
65 148 1 331.488 115.525 36.793 3.732 1.789 1.552 0.025
65 149 5 314.078 114.203 36.833 2.807 1.231 1.488 -0.038
65 151 1 321.606 120.172 36.974 4.079 1.744 1.58 -0.099
65 153 1 348.937 124.958 36.815 2.623 1.563 1.453 0.033
65 155 2 307.918 124.042 38.619 5.268 2.461 2.088 3.133
65 159 1 354.377 127 37.038 4.462 1.932 1.91 0.017
65 160 1 304.339 111.093 36.64 0.97 0.365 0.784 -0.051
65 162 1 296.071 106.277 36.441 0.816 1.635 0.681 -0.005
66 3 1 332.572 119.825 36.767 4.423 1.955 1.386 -0.031
66 26 1 341.523 123.077 37.03 4.646 2.256 1.927 -0.005
66 28 2 357.261 124.264 37.166 0.684 2.645 2.261 0.04
66 36 1 324.787 118.319 37.453 4.75 2.004 0.769 -0.031
66 47 1 350.794 129.002 37.312 11.111 2.536 2.327 0.029
66 125 1 375.732 133.825 36.607 3.306 0.536 1.065 -0.023
66 147 4 314.66 132.276 37.001 1.315 0.412 1.14 3.103
66 148 1 335.426 116.805 36.766 3.779 1.833 1.519 -0.031
66 149 5 316.684 115.054 36.558 1.054 1.097 0.9 -0.041
66 153 1 348.578 124.942 37.066 3.797 1.899 0.97 -0.005
66 155 2 302.62 122.625 38.448 5.259 2.429 1.763 3.127
66 159 1 354.381 126.994 37.059 4.692 1.949 1.912 0.021
66 160 1 305.636 111.464 36.487 1.846 0.503 0.883 -0.041
66 162 1 301.396 107.709 36.514 1.032 1.722 0.911 -0.041
67 3 1 333.611 119.957 36.708 4.459 1.621 1.354 0
67 26 1 341.539 123.031 36.999 4.625 2.255 1.81 0
67 28 2 359.855 125.168 37.301 0.667 2.639 2.092 0
67 36 1 325.316 118.592 37.422 2.375 2.242 0.636 0
67 47 1 350.919 128.795 37.274 11.082 2.186 2.235 -0.011
67 125 1 375.839 133.792 36.611 3.613 0.541 0.974 -0
67 147 4 312.766 131.686 37.096 0.751 0.363 0.859 -3.139
67 148 1 339.087 117.948 36.717 3.762 1.805 1.371 0
67 149 5 318.473 115.429 36.451 0.848 0.885 0.697 -0
67 153 1 348.561 124.885 36.834 3.894 1.965 1.473 -0.014
67 155 2 297.266 121.115 38.365 5.114 2.355 2.112 -3.13
67 159 1 354.54 126.856 37.043 4.573 1.833 1.919 -0
67 160 1 307.525 112.364 36.847 1.712 1.397 1.226 -0.042
67 162 1 306.085 109.022 36.755 2.245 1.767 1.28 0
68 3 1 334.296 120.029 36.712 4.506 1.388 1.386 -0.041
68 26 1 341.593 123.003 37 4.619 2.167 1.834 -0.005
68 28 2 362.366 126.025 37.351 0.614 2.653 2.05 -0.005
68 36 1 326.101 119.027 37.543 3.385 2.262 0.29 -0.005
68 47 1 350.815 128.558 37.278 10.695 1.437 2.356 0.003
68 125 1 375.863 134.212 36.831 3.805 1.357 1.45 -0.002
68 147 4 310.421 131.021 36.973 0.824 0.558 0.95 2.93
68 148 1 342.539 119.144 36.661 3.789 1.945 1.273 -0.005
68 149 5 319.147 115.759 36.862 2.485 1.31 1.339 -0.005
68 153 1 348.593 124.872 36.826 3.906 1.974 1.482 -0.024
68 159 1 354.662 127.006 36.914 4.196 1.791 1.019 -0.005
68 160 1 309.734 112.463 36.654 1.294 0.318 0.876 -0.005
68 162 1 311.374 110.496 36.651 1.933 1.879 0.905 -0.005
69 3 1 334.798 119.995 36.769 4.195 1.132 1.36 -0.007
69 26 1 341.51 123.004 37.013 4.513 2.219 1.872 -0.009
69 28 2 364.968 126.946 37.355 0.729 2.649 1.994 -0.007
69 36 1 327.502 118.765 37.484 1.032 1.008 0.336 -0.007
69 47 1 350.828 129.138 37.372 11.09 2.707 2.355 0.005
69 125 1 375.806 134.263 36.812 3.938 1.394 1.506 -0.007
69 148 1 345.758 120.221 36.805 3.762 1.798 1.477 -0.009
69 149 5 321.17 116.146 36.665 0.727 0.663 0.731 0.001
69 153 1 348.635 124.871 36.829 3.887 1.981 1.443 -0.011
69 159 1 354.671 127.181 37.078 4.762 2.269 1.885 -0.007
69 160 1 311.674 112.983 36.646 0.651 0.237 0.634 -0.007
69 162 1 316.209 111.898 36.663 2.217 1.88 1.423 -0.007
70 3 1 335.253 120.071 36.627 3.84 1.043 1.217 0
70 26 1 341.447 122.952 37.034 4.33 2.197 1.853 0
70 28 2 367.536 127.867 37.204 0.63 2.645 2.367 0.037
70 36 1 327.69 118.569 37.491 1.551 0.625 0.254 -0.016
70 47 1 350.862 129.06 37.361 10.969 2.677 2.486 0.015
70 125 1 375.978 134.012 36.864 4.054 1.006 1.469 -0.001
70 148 1 348.708 121.303 36.663 3.931 1.816 1.273 -0.016
70 149 5 322.304 116.154 36.421 0.553 0.224 0.756 -0.026
70 153 1 348.676 124.773 36.853 3.925 1.688 1.578 -0.012
70 159 1 354.682 127.05 37.071 4.864 2.288 1.913 0
70 160 1 313.02 113.241 36.605 1.184 0.425 0.978 -0.055
70 162 1 321.026 113.325 36.806 2.42 1.84 1.235 -0.016
71 3 1 335.8 120.14 36.636 2.832 0.742 1.297 0
71 26 1 341.41 122.922 36.993 4.241 2.272 1.898 0
71 28 2 370.173 128.817 37.359 0.724 2.64 2.12 0.014
71 47 1 350.918 129.002 37.433 10.843 2.566 2.528 0.007
71 125 1 375.846 134.286 36.862 4.195 1.517 1.409 0.014
71 148 1 351.822 122.425 36.743 3.748 1.832 1.395 0.014
71 149 5 322.414 116.453 36.899 1.756 0.728 1.096 0.02
71 153 1 348.734 124.665 36.809 3.812 1.571 1.42 0.014
71 159 1 354.862 127.049 37.08 4.685 2.015 1.999 0.014
71 162 1 325.566 114.77 36.718 2.344 1.891 1.45 0
72 3 1 335.333 119.95 36.619 3.82 0.733 1.111 -0.027
72 26 1 341.402 122.915 36.793 4.119 2.145 1.311 -0.02
72 28 2 372.826 129.807 37.237 0.705 2.659 2.343 0.024
72 47 1 349.96 127.704 37.469 8.112 0.639 2.665 -0.009
72 125 1 375.842 134.245 36.886 4.116 1.476 1.455 -0.01
72 148 1 354.662 123.433 36.754 4.016 1.803 1.389 0.041
72 153 1 348.719 124.526 36.816 3.707 1.399 1.444 0.021
72 159 1 354.843 127.082 37.077 4.668 2.11 1.928 0.041
72 162 1 330.159 116.153 36.763 2.386 1.942 1.352 0.016
73 3 1 335.814 120.078 36.642 2.711 0.606 0.926 -0.013
73 26 1 341.566 122.163 36.715 4.016 0.636 1.32 0.011
73 28 2 375.336 130.744 37.363 0.508 2.633 2.115 0.06
73 47 1 348.164 126.912 38.123 4.289 0.155 1.508 -0.002
73 125 1 375.783 134.33 36.89 4.246 1.732 1.416 -0.014
73 148 1 357.273 124.388 36.733 4.231 1.886 1.374 0.008
73 153 1 348.769 124.426 36.803 3.677 1.147 1.491 0.003
73 159 1 355.045 126.994 37.044 4.429 1.807 1.923 0.018
73 162 1 334.449 117.447 36.722 2.79 2.005 1.526 0.017
74 3 1 336.969 120.423 36.516 0.196 0.275 0.285 0.007
74 26 1 341.56 122.105 36.711 4.079 0.563 1.324 -0.017
74 28 2 378.027 131.796 37.396 0.75 2.651 2.098 0.015
74 125 1 375.807 134.368 36.872 4.243 1.774 1.447 -0.043
74 148 1 359.861 125.294 36.791 4.291 1.85 1.478 0.015
74 153 1 348.814 124.331 36.739 3.517 0.815 1.372 0.015
74 159 1 355.024 126.807 37.044 4.5 1.411 1.919 0.015
74 162 1 338.728 118.747 36.714 2.526 1.959 1.42 0.015
74 177 5 427.844 131.643 36.912 3.762 0.586 0.452 1.496
74 178 1 410.532 133.971 37.245 4 1.324 1.442 -0.837
75 26 1 341.472 122.482 36.978 3.905 1.331 1.69 0.042
75 28 2 380.462 132.762 37.435 0.644 2.631 2.144 0.082
75 125 1 375.959 134.451 36.901 4.607 1.792 1.421 -0.026
75 148 1 362.475 126.268 36.773 3.948 1.728 1.384 0.013
75 153 1 348.793 124.219 36.747 3.618 0.687 1.305 -0.006
75 159 1 355.155 126.714 37.085 4.094 1.272 1.969 0.038
75 162 1 342.933 119.994 36.708 2.308 1.83 1.392 0.007
75 177 5 429.432 126.614 36.725 2.645 1.851 1.162 1.378
75 178 1 413.138 132.394 37.225 3.493 1.593 1.372 -1.024
75 182 4 377.78 151.65 36.961 1.232 0.66 1.51 -3.085
75 185 1 415.215 150.532 36.674 0.84 0.754 0.635 0.03
76 28 2 382.893 133.741 37.469 0.655 2.643 2.201 -0.004
76 125 1 376.051 134.409 36.913 4.593 1.811 1.473 -0.004
76 148 1 364.896 127.171 36.776 3.949 1.801 1.353 -0.004
76 153 1 348.735 124.17 36.759 3.513 0.681 1.463 -0.004
76 159 1 355.144 126.564 37.045 3.953 0.943 1.926 -0.004
76 162 1 346.561 121.118 36.774 2.958 2.062 1.472 -0.004
76 177 5 428.879 126.415 36.864 2.937 0.552 0.797 1.444
76 178 1 415.256 129.558 36.949 4.484 0.701 1.649 -1.201
76 182 4 376.027 151.006 37.545 0.235 0.166 0.146 -3.033
76 185 1 414.304 150.822 37.072 0.533 0.417 0.808 -1.608
76 189 1 426.957 136.091 36.785 2.568 1.789 1.41 1.56
77 28 2 385.383 134.7 37.448 0.586 2.633 2.106 -0.03
77 125 1 376.124 134.528 37.01 4.497 1.75 0.961 -0.03
77 148 1 367.303 128.099 36.822 3.947 1.844 1.373 -0.039
77 153 1 348.822 124.094 36.694 3.339 0.511 1.219 -0.077
77 159 1 355.178 126.478 37.033 3.65 1.005 1.768 -0.077
77 162 1 349.838 122.141 36.723 3.209 1.982 1.374 -0.077
77 177 5 428.088 129.23 36.988 0.531 0.521 1.116 -1.602
77 178 1 417.365 126.553 37.053 3.6 0.462 1.587 -1.322
77 182 4 374.075 150.377 37.529 0.447 0.298 0.265 0.151
77 185 1 409.009 147.719 36.727 1.356 0.39 1.112 -0.714
77 189 1 426.198 136.936 36.836 4.269 1.273 1.009 1.695
77 194 1 354.777 131.852 37.954 2.955 1.617 2.097 -0.077
77 196 2 434.791 118.209 37.6 11.826 3.842 3.507 1.437
78 28 2 387.815 135.601 37.356 0.742 2.649 2.369 0.025
78 125 1 376.224 134.49 36.915 4.65 1.758 1.475 0.025
78 148 1 369.743 128.971 36.84 3.781 1.845 1.473 0.025
78 153 1 350.105 124.48 36.448 0.455 0.265 0.774 0.002
78 159 1 355.362 126.485 37.029 3.449 0.734 1.941 -0
78 162 1 353.664 123.374 36.712 2.432 2.073 1.353 0
78 177 5 427.545 131.938 36.816 3.142 1.103 1.241 1.483
78 178 1 419.462 124.082 36.994 4.548 1.851 1.856 -1.474
78 182 4 372.066 149.738 37.538 0.466 0.211 0.24 0
78 185 1 408.879 148.33 37.145 2.348 1.733 2.004 2.575
78 189 1 425.339 139.089 36.717 3.588 1.62 1.251 1.683
78 194 1 354.455 131.032 38.066 2.886 1.153 1.919 -0
78 196 2 433.456 119.427 37.693 10.964 1.236 2.995 1.432
78 203 3 397.236 132.011 36.59 0.106 0.144 0.325 0
79 28 2 390.011 136.396 37.477 0.55 2.661 2.084 -0.09
79 125 1 376.34 134.548 36.919 4.657 1.963 1.458 0
79 148 1 372.08 129.807 36.862 3.78 1.856 1.512 0.038
79 153 1 349.775 124.271 36.56 1.227 0.284 0.894 0.047
79 159 1 355.322 126.345 37.029 3.321 0.659 1.716 0.066
79 162 1 356.596 124.311 36.782 3.121 1.985 1.425 0.066
79 177 5 427.474 133.109 36.734 4.675 1.829 1.208 1.572
79 178 1 420.936 120.529 37.037 4.588 1.774 1.843 -1.522
79 182 4 370.038 149.23 36.9 1.744 0.73 1.621 3.142
79 185 1 405.358 149.211 37.387 4.772 1.65 1.481 2.572
79 189 1 424.21 139.719 36.884 3.375 0.642 1.213 1.838
79 194 1 354.377 130.83 38.166 3.249 1.333 2.05 0.016
79 196 2 433.607 122.054 37.793 11.769 3.037 3.068 1.421
79 203 3 397.31 131.993 36.737 0.139 0.203 0.319 -0.003
80 28 2 392.284 137.161 37.458 0.608 2.649 2.17 -0.142
80 125 1 376.605 134.611 36.915 4.25 1.963 1.469 -0.027
80 148 1 374.381 130.693 36.837 3.781 1.922 1.358 -0.027
80 153 1 349.793 124.292 36.599 1.124 0.23 0.824 -0
80 159 1 355.355 126.332 37.079 3.242 0.707 1.811 -0.052
80 162 1 359.956 125.439 36.861 2.32 1.936 1.208 -0.027
80 177 5 426.762 134.918 36.683 4.733 1.8 1.218 1.628
80 178 1 422.019 116.906 37.352 4.302 1.607 0.805 -1.732
80 182 4 368.049 148.583 36.915 1.737 0.668 1.59 3.123
80 185 1 402.791 149.493 37.29 3.483 1.884 1.525 2.692
80 189 1 423.357 140.632 36.585 0.272 1.094 1.024 0.306
80 194 1 353.66 130.418 38.062 4.336 1.663 2.259 -0.027
80 196 2 433.038 124.128 37.604 12.163 3.067 3.433 1.412
80 203 3 397.318 131.977 36.643 0.162 0.149 0.376 -0
80 216 1 419.903 152.041 36.655 1.618 1.245 0.869 0.533
81 28 2 400.443 138.438 37.535 12.726 2.684 2.717 -0.236
81 125 1 376.633 134.599 36.909 4.209 1.89 1.465 -0.026
81 148 1 376.666 131.523 36.844 3.809 1.904 1.395 -0.026
81 159 1 355.352 126.176 37.029 3.125 0.677 1.922 0.056
81 162 1 362.876 126.399 36.898 2.152 2.082 1.219 -0.026
81 177 5 425.965 136.64 36.83 4.766 1.708 1.474 1.637
81 178 1 423.526 112.957 37.071 4.544 1.985 1.758 -1.64
81 182 4 366.072 147.852 36.859 1.651 0.612 1.483 3.138
81 194 1 352.335 129.787 38.043 7.328 2.278 2.467 0.056
81 196 2 432.815 126.383 37.741 12.09 3.248 3.458 1.463
81 203 3 397.28 131.968 36.604 0.163 0.178 0.577 -1.442
81 216 1 419.317 152.259 36.928 4.214 1.482 1.459 2.06
81 218 1 427.377 167.393 36.992 4.32 0.778 1.161 -0.913
81 219 1 419.486 176.335 37.161 2.705 0.436 1.112 -1.36
81 220 1 385.359 143.936 36.632 3.864 0.781 0.796 0.02
81 221 1 400.918 149.6 37.329 2.702 1.727 1.563 -0.373
81 224 1 376.956 140.543 36.959 4.404 0.369 0.659 0.02
81 225 5 391.285 150.763 37.35 0.806 0.505 0.738 0.112
81 227 1 404.415 129.114 36.543 0.108 0.115 0.403 -1.442
82 28 2 402.578 138.349 37.52 12.55 2.902 2.679 -0.308
82 125 1 376.643 134.562 36.91 4.209 1.808 1.425 0
82 148 1 379.026 132.331 36.743 3.777 1.9 1.14 0
82 159 1 356.488 126.562 36.579 0.568 1.189 0.902 0
82 162 1 365.537 127.305 37.097 2.235 1.877 0.902 0
82 177 5 424.925 137.273 36.843 2.423 0.545 1.464 1.775
82 178 1 424.552 108.833 37.095 4.486 1.781 1.494 -1.673
82 182 4 364.138 147.203 36.88 1.731 0.604 1.59 -2.955
82 194 1 353.044 129.717 38.174 5.823 1.474 2.454 0
82 196 2 432.223 128.549 37.722 11.911 3.06 3.466 1.46
82 203 3 397.313 131.927 36.628 0.161 0.163 0.498 2.836
82 216 1 418.119 153.548 36.959 4.636 1.872 1.515 2.052
82 218 1 429.23 166.389 36.973 3.818 0.501 1.185 2.353
82 219 1 422.35 173.757 37.062 2.27 1.709 1.32 1.983
82 220 1 384.967 143.702 36.645 3.982 0.644 0.753 0.054
82 221 1 396.319 149.558 37.199 4.846 2.056 1.976 2.914
82 224 1 376.409 140.282 36.789 4.227 0.373 0.985 0.054
82 225 5 386.476 149.709 36.982 3.887 1.484 1.54 -3.095
82 227 1 404.412 129.087 36.592 0.161 0.182 0.488 2.195
83 28 2 404.693 137.879 37.541 12.552 2.71 2.732 -0.445
83 125 1 376.744 134.633 36.87 3.898 1.978 1.445 -0.008
83 148 1 381.392 133.202 36.909 3.754 1.871 1.546 0.026
83 159 1 356.478 126.668 36.485 0.848 0.514 0.85 0.044
83 162 1 368.314 128.321 36.732 1.823 1.791 1.436 0.056
83 178 1 425.578 104.833 37.142 3.957 1.857 1.547 -1.664
83 182 4 362.4 146.497 36.81 1.278 0.52 1.552 -3.06
83 194 1 353.192 129.654 38.125 5.524 1.572 2.225 0.064
83 196 2 431.708 131.019 37.734 11.782 2.997 3.546 1.475
83 203 3 397.358 131.905 36.617 0.309 0.317 0.562 -0.245
83 216 1 416.717 154.622 36.93 4.567 1.799 1.48 2.138
83 218 1 430.395 166.3 37.401 1.613 0.915 0.703 2.244
83 219 1 422.701 172.46 37.107 4.307 0.553 1.594 -1.162
83 220 1 384.193 143.272 36.678 3.279 0.428 0.752 0.054
83 221 1 393.555 148.975 37.183 3.183 1.923 1.926 3.032
83 224 1 375.879 140.051 36.793 3.752 0.273 1.011 0.054
83 225 5 381.941 148.275 37.013 4.066 1.955 1.609 -3.13
83 227 1 404.401 129.088 36.544 0.138 0.232 0.571 -0.245
83 232 1 416.655 147.407 36.9 2.244 1.657 1.456 2.225
84 28 2 406.815 137.116 37.528 12.577 2.85 2.712 -0.54
84 125 1 376.706 134.575 36.899 4.033 1.957 1.423 0.003
84 148 1 383.69 134.021 36.785 3.923 1.974 1.251 0.07
84 159 1 355.303 126.213 36.561 2.865 0.391 0.772 0.061
84 162 1 370.597 129.068 37.194 1.901 2.022 0.694 -0.018
84 178 1 431.597 113.69 37.504 4.748 0.414 0.803 1.442
84 182 4 360.251 145.675 37.076 0.91 0.527 0.982 -3.018
84 194 1 352.717 129.334 38.31 6.758 1.79 2.889 0.02
84 196 2 431.247 129.858 37.686 4.912 1.458 3.246 1.524
84 203 3 397.281 131.97 36.595 0.211 0.181 0.569 -2.238
84 216 1 415.301 155.668 36.907 4.605 1.735 1.298 2.256
84 218 1 433.36 165.527 37.165 3.273 0.635 1.093 -0.689
84 219 1 424.42 171.362 37.053 4.085 1.293 1.52 -1.112
84 220 1 384.031 143.153 36.95 3.219 0.331 0.715 0.021
84 221 1 389.92 147.963 37.322 4.991 1.717 1.739 3.123
84 224 1 375.413 139.855 36.781 3.554 0.278 0.972 0.021
84 225 5 377.462 146.555 36.99 3.763 1.735 1.561 -3.089
84 227 1 404.442 129.068 36.558 0.242 0.176 0.513 0.329
84 232 1 415.508 147.926 36.933 4.435 1.825 1.325 2.332
84 236 1 422.773 147.322 36.756 3.045 1.77 1.277 2.107
84 239 5 416.71 181.936 36.549 1.444 1.122 0.451 1.623
85 28 2 408.82 136.048 37.464 12.496 2.766 2.569 -0.645
85 125 1 376.709 134.455 36.86 4.076 1.578 1.412 0.109
85 148 1 386.116 134.896 36.851 3.701 1.928 1.354 0.139
85 159 1 356.279 126.162 36.493 1.129 1.218 1.005 0.086
85 162 1 373.316 130.067 37.199 1.775 2.017 0.589 0.109
85 178 1 431.336 114.789 37.495 3.573 0.179 0.783 1.55
85 182 4 358.242 144.978 37.135 0.866 0.401 0.854 -2.972
85 194 1 353.281 129.537 38.23 5.551 1.445 2.431 0.09
85 196 2 432.621 132.961 37.838 0.779 0.3 0.668 -1.55
85 203 3 397.361 131.98 36.618 0.132 0.176 0.471 -0.416
85 216 1 413.57 156.625 36.992 4.891 1.688 1.521 2.394
85 219 1 425.415 170.034 37.269 3.169 0.423 1.387 2.173
85 220 1 383.378 142.964 36.791 2.546 0.286 0.526 0.094
85 221 1 386.869 146.604 37.224 3.784 0.833 0.803 -2.989
85 224 1 375.034 139.718 36.798 3.351 0.248 1.014 0.094
85 225 5 373.319 145.12 36.97 2.375 1.632 1.547 -3.07
85 227 1 404.48 129.055 36.52 0.157 0.112 0.402 -0.72
85 232 1 413.324 149.014 36.959 4.42 1.814 1.398 2.476
85 236 1 421.028 148.654 36.905 3.712 1.748 1.105 2.205
85 239 5 417.113 180.974 36.527 4.088 1.049 0.575 1.66
85 242 4 430.79 180.987 36.93 1.092 0.184 1.441 1.833
85 244 1 422.716 121.223 36.875 4.212 1.432 1.463 -2.787
85 245 1 419.756 144.245 36.928 3.43 1.87 1.404 2.205
85 246 4 441.357 154.111 37.145 0.994 0.334 0.608 0.642
85 248 5 414.08 191.959 36.392 0.785 1 0.401 1.636
86 28 2 410.686 134.613 37.537 12.575 2.755 2.748 -0.738
86 125 1 376.789 134.435 36.878 4.053 1.591 1.468 0.165
86 148 1 388.368 135.653 36.96 3.893 1.913 1.503 0.131
86 159 1 356.431 126.63 36.65 0.698 0.405 0.611 0.199
86 162 1 375.999 131.088 37.229 1.971 1.916 0.641 0.165
86 178 1 431.451 117.394 37.12 5.149 1.821 1.793 1.622
86 194 1 353.307 129.433 38.361 5.511 1.49 2.278 0.138
86 203 3 397.382 131.906 36.644 0.153 0.268 0.525 -3.066
86 216 1 412.075 157.252 36.975 4.969 1.772 1.447 2.52
86 219 1 428.011 168.913 37.021 4.15 1.709 1.678 -0.787
86 220 1 383.057 142.796 36.737 1.925 0.269 0.623 0.151
86 221 1 382.546 144.959 36.904 4.973 1.099 1.412 -2.935
86 224 1 374.634 139.552 36.926 2.79 0.244 0.781 0.151
86 225 5 368.279 143.147 37.354 1.647 1.096 0.639 -2.935
86 232 1 410.914 149.874 36.994 4.328 1.82 1.464 2.629
86 236 1 418.757 150.168 36.875 4.621 1.829 1.302 2.39
86 239 5 418.011 178.38 36.656 4.344 0.976 0.58 -1.305
86 242 4 429.987 183.462 37.091 1.478 0.475 1.188 -1.413
86 244 1 421.703 119.594 36.954 4.203 1.36 1.45 -2.345
86 245 1 418.121 145.263 36.949 4.813 1.784 1.521 2.403
86 246 4 444.035 155.92 36.95 1.064 0.625 1.039 0.813
86 248 5 414.368 189.712 36.591 0.25 0.956 0.083 -1.411
86 250 1 435.541 165.616 37.205 1.365 1.134 0.689 -0.264
86 252 2 428.121 141.992 37.691 3.996 3.101 3.095 1.735
87 28 2 412.435 132.854 37.555 12.598 2.905 2.73 -0.794
87 125 1 377.048 134.497 36.891 3.446 1.522 1.417 0.275
87 148 1 390.698 136.281 36.876 3.926 1.909 1.312 0.275
87 159 1 356.523 126.602 36.637 0.311 0.495 0.624 0.515
87 162 1 378.104 131.795 37.159 3.264 1.854 0.894 0.275
87 178 1 430.424 118.243 37.088 4.073 0.428 1.716 1.813
87 194 1 353.156 129.419 38.425 5.73 1.666 2.456 0.275
87 203 3 397.403 131.955 36.662 0.17 0.223 0.44 -3.098
87 216 1 410.166 157.904 37.035 4.09 1.812 1.51 2.676
87 219 1 429.773 167.831 37.155 4.085 1.744 1.738 -0.55
87 220 1 382.728 142.734 36.768 1.607 0.376 0.562 0.292
87 221 1 378.336 143.745 37.261 4.27 1.668 1.758 -2.884
87 224 1 374.325 139.446 37.032 2.52 0.737 0.565 0.189
87 225 5 362.938 140.994 37.013 2.836 1.054 0.674 -2.884
87 232 1 408.074 150.46 37.031 4.949 1.645 1.469 2.827
87 236 1 416.584 151.34 36.935 5.133 1.881 1.315 2.6
87 239 5 418.218 177.313 36.596 0.811 0.278 0.576 1.814
87 242 4 432.645 186.858 37.031 2.928 0.811 1.543 2.125
87 244 1 421.089 117.555 36.868 4.085 1.442 1.467 -1.983
87 245 1 415.886 146.398 37.015 4.729 1.88 1.484 2.58
87 246 4 446.903 157.671 37.189 0.875 0.477 0.786 0.778
87 248 5 414.437 188.256 36.7 1.807 1.259 0.939 -1.439
87 250 1 438.471 165.497 37.451 2.589 1.64 0.5 -0.084
87 252 2 427.995 141.256 37.741 10.407 3.061 3.223 1.881
88 28 2 413.962 130.761 37.509 12.568 2.917 2.657 -0.853
88 125 1 377.105 134.453 37.008 3.433 1.505 1.15 0.392
88 148 1 392.97 136.837 36.939 3.659 1.875 1.419 0.309
88 162 1 380.751 132.871 36.83 3.349 1.936 1.508 0.392
88 194 1 353.444 129.643 38.668 5.182 1.806 1.734 0.386
88 203 3 397.411 131.958 36.641 0.124 0.109 0.566 3.072
88 216 1 409.589 157.636 37.293 2.994 0.991 0.944 2.897
88 219 1 431.57 167.066 37.477 3.766 1.72 0.963 -0.406
88 220 1 382.527 142.599 36.703 1.225 0.284 0.641 0.463
88 221 1 374.631 142.388 37.392 3.744 2.006 1.418 -2.792
88 224 1 374.138 139.406 37.014 2.817 0.21 0.503 0.292
88 225 5 358.639 139.805 36.907 0.555 1.418 0.503 -2.741
88 232 1 405.034 150.921 37.028 4.417 1.822 1.475 3.026
88 236 1 413.924 152.412 36.979 4.935 1.94 1.322 2.872
88 239 5 420.594 173.126 36.625 3.629 1.425 0.554 -1.17
88 242 4 432.595 186.957 37.007 2.851 0.764 1.198 -1.023
88 244 1 420.815 115.104 36.861 4.133 1.76 1.502 -1.717
88 245 1 413.546 147.35 37.002 4.792 1.83 1.479 2.78
88 246 4 449.961 159.505 37.354 0.706 0.874 0.703 0.023
88 248 5 415.232 187.158 36.236 4.165 1.947 1.327 1.806
88 250 1 441.481 165.875 37.003 3.496 1.802 1.018 0.169
88 252 2 427.048 142.766 37.608 11.989 3.142 2.901 2.063
88 269 1 401.091 130.88 36.598 0.12 0.167 0.528 2.901
88 273 3 399.77 166.77 36.913 0.373 0.492 1.519 -0.93
88 274 5 411.029 148.404 36.907 1.08 0.207 0.234 -2.037
89 28 2 415.497 128.457 37.532 12.565 3.267 2.671 -0.884
89 125 1 377.409 134.581 37.079 2.355 1.577 0.939 0.444
89 148 1 395.132 137.399 36.853 3.747 1.941 1.303 0.361
89 162 1 383.195 133.735 36.856 4.159 1.88 1.477 0.482
89 194 1 353.901 129.865 38.651 3.858 1.541 1.865 0.421
89 203 3 397.444 131.95 36.638 0.179 0.203 0.395 0.177
89 216 1 407.045 158.003 37.024 4.499 1.176 1.498 3.104
89 219 1 434.192 166.186 37.122 4.282 1.772 1.641 -0.183
89 220 1 382.674 142.608 36.738 1.143 0.222 0.576 0.47
89 221 1 369.772 140.421 37.546 3.179 1.782 0.9 -2.661
89 224 1 374.418 139.479 36.947 2.474 0.196 0.612 0.492
89 232 1 402.07 150.693 36.977 4.485 1.271 1.4 -3.036
89 236 1 411.314 153.101 37.017 4.261 1.791 1.459 3.023
89 239 5 420.999 171.368 36.808 2.596 0.195 0.994 2.154
89 242 4 432.622 188.152 37.292 4.646 2.103 1.258 2.23
89 244 1 420.62 112.362 36.754 4.179 1.42 0.914 -1.478
89 250 1 445.015 166.807 36.847 3.836 1.607 1.248 0.412
89 252 2 425.22 145.385 37.626 11.976 2.991 2.883 2.292
89 269 1 401.095 130.855 36.57 0.145 0.163 0.525 0.177
89 273 3 399.855 166.272 37.022 0.377 0.419 1.218 -0.968
89 274 5 410.452 148.205 37.045 4.792 1.959 1.488 2.988
89 279 5 399.276 131.5 36.61 0.138 0.146 0.507 0.177
89 280 1 432.633 126.915 36.405 1.079 1.421 0.557 1.883
90 28 2 416.483 125.694 37.557 12.811 2.734 2.775 -0.908
90 125 1 378.396 135.161 36.696 0.495 0.99 0.553 0.544
90 148 1 396.984 137.639 36.989 4.351 2.031 1.588 0.429
90 162 1 385.788 134.751 36.847 4.261 1.974 1.456 0.581
90 194 1 353.739 129.916 38.602 3.437 1.735 1.698 0.58
90 216 1 404.93 157.991 36.974 4.721 0.994 1.494 -2.971
90 219 1 434.781 165.92 37.33 1.906 0.844 1.409 1.764
90 220 1 382.377 142.467 36.841 0.155 0.735 0.341 -0.894
90 221 1 366.475 139.406 37.225 0.624 1.184 0.501 -2.568
90 232 1 399.106 150.604 36.969 4.435 1.728 1.469 -2.818
90 236 1 409.455 153.293 37.335 4.765 1.878 0.799 3.096
90 239 5 423.541 168.843 36.737 4.594 1.065 0.602 -0.689
90 242 4 432.36 187.1 37.359 2.409 0.788 0.769 2.144
90 244 1 420.948 109.342 36.833 4.355 1.818 1.509 -1.289
90 252 2 423.496 147.21 37.579 12.08 3.179 2.606 2.469
90 269 1 401.09 130.844 36.601 0.222 0.22 0.567 0.205
90 273 3 400.018 165.813 37 0.506 0.505 1.522 -1.192
90 274 5 407.566 148.742 37.058 4.841 2.067 1.444 -3.086
90 279 5 399.307 131.486 36.589 0.155 0.226 0.591 0.205
90 280 1 431.902 128.541 36.84 4.978 1.365 1.428 2.006
90 287 5 427.621 124.385 36.714 0.603 0.391 1.07 -0.582
91 28 2 417.684 122.776 37.587 12.538 2.971 2.812 -0.858
91 148 1 399.156 137.854 37.243 4.176 1.935 2.049 0.431
91 162 1 388.312 135.612 36.865 4.344 1.848 1.508 0.677
91 194 1 353.895 129.978 38.734 3.206 1.672 1.624 0.72
91 216 1 402.686 158.224 36.878 4.587 1.697 1.483 -2.738
91 220 1 382.591 142.542 36.886 0.707 0.128 0.178 0.724
91 232 1 396.339 150.186 36.963 3.828 1.899 1.519 -2.624
91 236 1 407.668 153.62 36.985 3.387 1.839 1.392 -2.953
91 239 5 425.174 167.205 37.06 3.856 0.921 1.567 2.812
91 242 4 432.59 186.999 37.142 2.676 0.954 1.493 2.404
91 244 1 421.343 106.141 36.863 4.191 1.745 1.538 -1.111
91 252 2 421.533 148.903 37.515 12.078 2.845 2.586 2.664
91 269 1 401.127 130.852 36.585 0.231 0.237 0.538 -0.312
91 273 3 399.974 165.39 37.318 0.591 0.402 0.62 -0.24
91 274 5 404.658 149.195 37.04 4.903 2.149 1.477 -2.927
91 279 5 399.304 131.472 36.617 0.205 0.214 0.622 -0.464
91 280 1 431.232 131.737 36.839 5.024 1.838 1.461 2.194
91 287 5 426.664 123.466 37.187 3.422 2.106 1.985 2.876
91 294 1 433.432 121.485 36.742 1.762 1.817 1.238 2.156
92 28 2 418.581 119.618 37.601 12.544 2.73 2.844 -0.833
92 148 1 401.21 137.91 36.922 4.185 1.843 1.435 0.438
92 162 1 390.755 136.475 36.905 4.454 1.962 1.46 0.733
92 194 1 354.046 130.038 38.515 3.502 1.602 2.072 0.799
92 216 1 400.691 158.046 37.366 2.905 1.577 0.677 -2.605
92 232 1 394.122 149.693 37.073 1.69 1.539 1.226 -2.606
92 236 1 404.651 153.859 36.982 4.108 1.767 1.389 -2.77
92 244 1 421.934 102.691 36.677 4.197 1.727 1.098 -0.952
92 252 2 419.73 150.397 37.64 12.023 3.26 2.793 2.857
92 269 1 401.112 130.811 36.638 0.115 0.155 0.479 3.009
92 273 3 400.171 164.667 37.347 0.399 0.301 0.335 -1.314
92 274 5 401.525 149.311 36.998 4.827 1.985 1.504 -2.75
92 279 5 399.269 131.418 36.616 0.125 0.104 0.548 -2.955
92 280 1 429.882 134.953 36.884 4.372 1.681 1.536 2.378
92 287 5 426.155 123.192 37.065 4.932 2.208 1.824 3.125
92 294 1 432.879 123.717 36.832 4.933 1.701 1.448 2.222
93 28 2 419.444 116.236 37.636 12.565 2.76 2.922 -0.766
93 148 1 403.196 137.62 37.111 4.254 1.86 1.793 0.468
93 162 1 393.125 137.152 36.934 4.414 2.004 1.458 0.844
93 194 1 354.966 130.366 38.59 1.498 2.1 1.477 -2.237
93 216 1 397.469 157.091 36.924 3.295 0.829 1.548 -2.399
93 236 1 401.596 153.729 36.884 5.031 1.864 1.359 -2.59
93 244 1 422.661 99.106 36.79 4.097 1.742 0.989 -0.85
93 252 2 417.494 151.719 37.61 12.396 2.803 2.689 3.071
93 269 1 401.094 130.749 36.591 0.177 0.168 0.499 0.803
93 273 3 400.005 164.081 37.252 0.329 0.499 0.733 -1.329
93 274 5 398.295 149.058 36.989 4.657 1.803 1.426 -2.556
93 279 5 399.275 131.397 36.645 0.119 0.13 0.525 0.803
93 280 1 428.485 137.711 36.954 4.403 1.643 1.612 2.62
93 287 5 425.227 123.279 37.247 5.291 2.023 2.033 -2.812
93 294 1 432.07 127.284 36.843 4.242 1.829 1.496 2.347
93 305 1 444.83 166.26 37.159 4.14 1.797 1.718 0.786
93 306 1 439.339 157.593 36.999 1.241 1.702 1.157 1.309
94 28 2 420.151 112.682 37.614 12.537 2.79 2.941 -0.686
94 148 1 405.196 137.033 36.972 4.17 1.882 1.473 0.378
94 162 1 395.37 137.73 36.891 4.559 1.997 1.458 0.899
94 194 1 354.147 130.288 38.892 3.894 1.965 1.127 0.994
94 216 1 394.998 156.857 37.085 3.278 1.345 1.147 -2.369
94 236 1 399.16 153.476 36.845 4.893 1.782 1.166 -2.38
94 244 1 422.994 96.546 36.601 1.265 0.743 0.776 -0.686
94 252 2 415.487 152.628 37.615 12.015 2.789 2.524 -2.994
94 269 1 401.092 130.756 36.68 0.078 0.117 0.302 -0.423
94 273 3 399.804 163.616 36.992 0.691 0.519 1.406 -1.418
94 274 5 395.579 148.86 36.942 3.231 1.88 1.368 -2.369
94 279 5 399.259 131.383 36.571 0.126 0.119 0.549 -0.423
94 280 1 426.734 140.218 36.991 4.452 1.705 1.552 2.854
94 287 5 423.98 122.767 37.236 5.26 2.301 2.006 -2.468
94 294 1 431.215 130.403 36.863 4.356 1.78 1.459 2.47
94 305 1 446.773 166.872 37.32 2.334 1.692 1.526 1.024
94 306 1 442.166 159.358 37.157 3.864 1.723 1.542 1.153
94 311 1 432.659 164.467 37.211 4.322 1.201 1.417 0.451
94 314 1 434.443 119.447 36.905 2.816 1.834 1.452 2.345
94 315 1 412.229 118.88 36.554 0.153 0.123 0.552 1.235
95 28 2 420.817 109.033 37.53 12.489 2.772 2.888 -0.6
95 148 1 407.015 136.252 36.869 4.189 1.891 1.233 0.376
95 162 1 397.587 138.117 36.938 4.684 1.987 1.524 0.949
95 216 1 392.832 156.225 37.29 2.863 0.278 0.836 -1.973
95 236 1 396.693 153.123 36.847 4.676 1.824 1.253 -2.228
95 252 2 413.167 153.589 37.702 12.204 2.891 2.814 -2.796
95 273 3 399.368 163.001 36.942 0.57 0.399 1.323 1.001
95 274 5 392.158 148.195 37.502 1.745 1.326 0.357 -2.159
95 279 5 399.237 131.388 36.645 0.117 0.15 0.539 -2.671
95 280 1 424.744 142.583 37.036 4.544 1.731 1.58 3.068
95 287 5 422.978 122.277 37.243 5.415 2.295 2.101 -2.092
95 294 1 430.332 133.518 36.907 4.284 1.556 1.425 2.648
95 305 1 449.512 168.111 37.326 2.319 1.665 1.346 1.204
95 306 1 442.893 159.97 37.077 1.109 1.79 1.539 1.342
95 311 1 435.39 164.51 36.791 4.317 1.803 0.821 0.715
95 314 1 433.773 122.245 36.884 4.553 1.847 1.531 2.592
95 315 1 412.237 118.873 36.546 0.131 0.171 0.527 2.768
95 317 1 425.875 170.905 36.76 1.491 1.15 0.51 -1.823
96 28 2 421.46 105.145 37.505 12.609 2.747 2.773 -0.519
96 148 1 408.668 135.254 36.977 4.328 1.886 1.432 0.275
96 162 1 399.548 138.237 36.923 4.495 1.942 1.531 0.968
96 216 1 392.526 156.687 37.056 2.643 1.428 1.096 -2.136
96 236 1 395.627 152.637 36.904 1.192 2.006 1.096 -0.292
96 252 2 410.627 154.282 37.769 12.254 2.825 3.221 -2.573
96 274 5 379.695 144.219 37.348 2.022 1.25 0.5 -1.885
96 280 1 422.313 144.525 37.078 4.492 1.351 1.542 -2.991
96 287 5 421.949 121.469 37.277 5.309 1.957 2.045 -1.738
96 294 1 429.194 136.373 36.899 4.358 1.339 1.427 2.808
96 305 1 451.629 169.078 37.53 0.207 1.539 1.268 1.423
96 306 1 445.98 161.894 36.858 3.484 1.67 1.131 1.375
96 311 1 438.353 164.562 37.11 4.302 1.579 1.506 0.932
96 314 1 432.828 125.891 36.903 4.466 1.802 1.423 2.699
96 315 1 412.25 118.863 36.592 0.128 0.162 0.534 -0.678
96 317 1 427.008 170.241 36.67 4.183 1.211 0.854 -2.944
96 320 1 429.82 121.008 36.967 4.259 1.989 1.504 2.951
96 322 1 419.902 175.616 36.708 4.089 1.249 0.894 3.082
97 28 2 421.258 106.489 37.557 1.847 2.626 2.799 -0.444
97 148 1 410.297 133.948 37.017 3.958 1.948 1.483 0.313
97 162 1 401.523 138.262 36.937 4.199 1.936 1.436 0.984
97 216 1 390.904 156.272 36.957 3.047 1.421 1.326 -2.026
97 236 1 393.207 152.103 36.749 0.15 1.186 0.444 -2.083
97 252 2 407.941 154.632 37.751 12.165 2.698 3.089 -2.371
97 274 5 382.81 140.777 37.473 0.585 1.32 0.23 1.305
97 280 1 419.899 146.507 37.116 4.405 1.714 1.585 -2.774
97 287 5 421.189 120.323 37.226 5.256 1.966 2.106 -1.311
97 294 1 428.064 139.193 36.942 4.343 1.693 1.435 2.991
97 305 1 454.848 170.389 37.968 0.128 1.27 0.016 1.478
97 306 1 448.3 163.344 37.073 3.56 1.505 1.451 1.478
97 311 1 441.396 165.325 36.796 4.325 1.78 0.765 1.212
97 314 1 431.855 129.488 36.943 4.484 1.768 1.474 2.821
97 315 1 412.262 118.862 36.599 0.096 0.127 0.478 2.531
97 317 1 429.579 168.936 36.702 4.093 1.727 0.597 -2.735
97 320 1 429.245 121.624 36.994 4.344 2.035 1.465 -3.098
97 322 1 421.715 173.795 36.851 4.664 1.745 0.998 -3.062
97 327 1 432.131 114.592 37.284 2.796 1.898 0.84 2.725
98 28 2 422.263 101.072 37.907 4.282 2.61 2.866 -0.31
98 148 1 411.633 132.522 36.929 3.83 1.857 1.266 0.327
98 162 1 403.184 138.133 36.968 3.469 1.998 1.445 0.951
98 216 1 389.471 156.076 36.891 3.678 1.741 1.376 -1.881
98 252 2 405.234 154.842 37.735 12.159 2.794 3.048 -2.17
98 274 5 381.804 139.521 36.833 1.228 0.203 0.712 1.413
98 280 1 417.078 147.967 37.074 4.381 1.745 1.556 -2.556
98 287 5 420.691 118.662 37.257 5.058 2.009 2.079 -0.96
98 294 1 426.517 141.742 36.989 4.319 1.636 1.396 -3.088
98 306 1 450.696 164.911 36.864 3.553 1.659 1.036 1.564
98 311 1 442.779 165.586 37.166 0.293 0.865 0.088 1.564
98 314 1 430.781 133.027 36.936 4.586 1.814 1.486 2.942
98 315 1 412.261 118.864 36.627 0.157 0.212 0.484 -3.094
98 317 1 431.888 167.82 36.835 4.786 1.663 0.95 0.589
98 320 1 428.447 122.084 37.013 4.187 2.058 1.462 -2.854
98 322 1 423.742 171.786 36.906 4.653 1.975 1.244 0.253
98 327 1 432.062 114.859 37.25 4.605 1.761 0.988 2.817
98 330 1 456.856 113.766 37.609 0.33 1.51 0.598 1.258
98 333 4 445.922 93.543 37.158 2.979 1.226 1.137 -0.29
98 336 5 434.935 105.301 37.276 1.417 0.486 0.444 2.817
98 338 1 370.334 131.427 36.75 3.019 0.402 0.803 1.413
99 28 2 422.606 98.318 37.812 1.301 2.56 2.601 -0.24
99 148 1 412.829 131.055 36.87 3.756 1.952 1.178 0.293
99 162 1 405.09 137.719 36.968 3.069 1.982 1.507 0.89
99 216 1 388.924 155.948 36.979 3.202 1.704 1.383 -1.802
99 252 2 402.243 154.553 37.857 12.07 2.637 3.25 -1.98
99 274 5 381.973 139.632 36.859 1.999 0.295 0.873 1.523
99 280 1 414.133 149.131 37.004 4.365 1.676 1.354 -2.384
99 287 5 420.506 116.831 37.225 4.74 1.984 1.978 -0.634
99 294 1 424.674 144.046 36.972 4.24 1.813 1.412 -2.898
99 306 1 453.368 166.431 36.715 3.658 1.672 0.687 1.572
99 311 1 447.893 167.988 36.797 4.245 1.472 0.669 1.531
99 314 1 429.52 136.375 36.959 4.474 1.877 1.465 3.055
99 315 1 412.259 118.856 36.623 0.144 0.193 0.479 2.812
99 317 1 434.375 166.373 37.009 4.636 0.484 0.518 -2.393
99 320 1 427.746 122.32 37.028 4.365 2.104 1.463 -2.598
99 322 1 426.003 170.025 37.131 4.563 1.852 1.479 0.43
99 327 1 431.907 116.041 37.104 4.492 1.854 1.304 2.901
99 333 4 446.527 90.571 37.534 2.447 1.208 0.65 2.914
99 336 5 434.162 105.952 37.389 3.734 2.007 0.684 2.909
99 338 1 370.547 132.297 36.723 4.188 1.761 1.503 1.523
100 28 2 423.478 92.91 37.658 3.33 2.554 2.786 -0.237
100 148 1 413.84 129.458 37.015 3.796 1.883 1.554 0.165
100 162 1 407.886 136.784 37.033 4.446 1.859 1.325 0.836
100 216 1 388.752 155.818 37.235 2.263 1.399 0.874 -1.793
100 252 2 399.191 154.079 37.893 12.059 2.798 3.218 -1.817
100 274 5 382.125 139.794 36.965 2.531 0.398 1.279 1.499
100 280 1 411.073 150.021 36.987 4.398 1.667 1.352 -2.217
100 287 5 420.587 114.819 37.236 5.049 1.88 2.041 -0.383
100 294 1 422.533 146.161 36.978 4.246 1.629 1.428 -2.694
100 306 1 456.279 168.145 36.846 3.361 1.511 0.819 1.648
100 311 1 449.62 168.798 36.958 0.139 1.247 0.633 1.637
100 314 1 428.032 139.68 36.961 4.37 1.798 1.495 -3.079
100 315 1 412.248 118.824 36.603 0.169 0.203 0.448 -0
100 317 1 437.366 166.036 36.821 4.361 1.156 0.89 1.002
100 320 1 426.941 122.426 37.03 4.209 2.087 1.488 -2.326
100 322 1 428.315 168.031 37.378 4.575 0.933 0.924 0.647
100 327 1 431.774 117.256 37.02 4.627 1.847 1.514 2.885
100 333 4 447.188 87.247 37.181 2.723 1.164 1.261 2.978
100 336 5 433.801 107.475 37.342 3.745 1.937 0.56 2.955
100 338 1 370.902 132.371 36.719 3.688 1.731 1.234 1.53
100 342 1 434.756 99.532 36.983 3.084 1.226 0.68 2.974
100 344 5 440.513 75.742 37.12 0.783 1.628 0.331 3.022
100 345 5 442.137 82.92 36.719 0.252 0.686 0.049 2.996
101 28 2 425.308 84.278 37.828 11.788 2.589 3.014 -0.11
101 148 1 414.593 127.896 36.97 4.234 1.925 1.425 0.15
101 162 1 409.651 135.652 37.003 4.413 2.002 1.477 0.843
101 252 2 396.065 153.394 37.795 12.28 2.76 3.245 -1.698
101 274 5 382.346 139.845 37.014 2.678 0.446 1.269 1.594
101 280 1 408.02 150.574 37.084 4.389 1.645 1.559 -2.068
101 287 5 420.872 112.823 37.232 4.051 1.942 1.979 -0.193
101 294 1 420.104 147.952 36.99 4.161 1.656 1.475 -2.518
101 311 1 453.174 170.753 37.15 0.207 1.279 0.056 -1.438
101 314 1 426.287 142.846 37.009 4.346 1.87 1.52 -2.952
101 315 1 412.237 118.803 36.63 0.236 0.316 0.534 3.037
101 317 1 440.691 166.094 36.879 4.271 1.693 0.913 1.196
101 320 1 426.305 122.381 37.049 4.166 2.084 1.447 -2.136
101 322 1 430.889 167.3 37.184 3.899 1.728 1.483 0.793
101 327 1 431.577 118.512 37.009 4.331 1.862 1.48 2.964
101 330 1 457.667 113.95 37.525 2.27 1.537 0.894 1.536
101 333 4 447.868 84.114 37.378 2.506 1.184 0.962 3.01
101 336 5 433.479 109.124 37.3 3.81 1.998 0.752 3.014
101 338 1 371.563 132.787 36.856 2.152 2.088 1.271 1.624
101 342 1 434.428 100.926 37.256 2.46 1.439 0.576 3.032
101 344 5 439.97 77.43 37.359 2.108 1.543 0.783 2.988
101 345 5 441.499 86.9 37.025 3.435 1.471 0.557 2.988
101 349 1 437.828 90.153 36.835 0.406 0.851 0.733 3.041
102 28 2 426.227 79.734 38.596 11.712 2.554 1.429 -0.067
102 148 1 415.339 125.98 36.957 4.296 1.953 1.368 0.094
102 162 1 411.284 134.415 37.038 4.42 2 1.436 0.607
102 252 2 392.915 152.409 37.73 11.951 2.13 3.121 -1.623
102 274 5 382.461 139.903 36.976 2.591 0.468 1.325 1.651
102 280 1 405.112 150.909 37.056 4.03 1.789 1.573 -1.967
102 287 5 421.155 110.92 37.244 2.349 2.007 2.022 -0.067
102 294 1 417.395 149.422 37.035 4.2 1.6 1.436 -2.379
102 314 1 424.346 145.816 36.992 4.349 1.832 1.467 -2.807
102 315 1 412.245 118.839 36.63 0.161 0.16 0.513 0
102 317 1 444.101 166.374 36.824 4.279 1.861 1.026 1.418
102 320 1 426.058 122.235 37.039 4.658 2.112 1.455 -2.005
102 322 1 433.661 165.84 37.161 4.191 0.749 1.437 0.986
102 327 1 431.336 119.793 37.098 3.52 1.862 1.307 3.042
102 330 1 457.953 113.9 37.727 2.695 1.549 0.858 1.423
102 333 4 448.277 81.252 37.584 1.603 1.028 0.488 -0.093
102 336 5 433.131 110.502 37.303 4.006 1.842 0.9 3.037
102 342 1 434.079 102.898 37.276 3.21 1.296 0.741 3.042
102 344 5 439.775 79.017 37.285 3.229 1.954 0.937 3.042
102 345 5 440.513 91.53 37.095 2.232 1.472 0.797 3.042
102 349 1 437.496 91.445 37.236 1.582 1.006 0.422 3.042
102 352 1 423.941 170.991 36.702 4.446 1.956 0.715 0.521
102 353 3 395.343 159.937 37.28 0.158 0.149 0.552 -1.444
103 28 2 425.825 80.558 38.594 0.575 2.579 1.027 -0.111
103 148 1 415.912 124.054 36.94 4.462 1.921 1.367 0.013
103 162 1 412.573 132.972 36.977 4.268 2.01 1.538 0.488
103 252 2 389.452 151.569 37.622 12.051 2.737 3.212 -1.582
103 280 1 400.842 150.731 36.792 2.4 1.268 0.97 -1.879
103 287 5 421.846 107.847 37.244 2.368 2.006 2.029 -0.075
103 294 1 414.624 150.724 37.033 4.189 1.672 1.405 -2.23
103 314 1 421.92 148.359 37.025 4.348 1.782 1.449 -2.655
103 315 1 412.247 118.824 36.655 0.17 0.208 0.544 0.019
103 317 1 446.922 166.98 36.813 3.063 1.64 0.735 1.54
103 320 1 425.621 122.046 37.038 4.786 2.077 1.417 -1.884
103 322 1 437.054 165.794 37.15 4.161 1.769 1.325 1.16
103 327 1 431.193 121.574 37.108 3.12 2.222 1.339 3.09
103 330 1 457.877 113.962 37.675 2.656 1.58 1.063 1.518
103 333 4 449.068 77.874 37.289 1.692 1.207 1.308 -0.071
103 336 5 432.852 111.91 37.285 4.214 1.866 0.871 3.062
103 342 1 433.848 104.269 37.34 3.072 1.741 0.859 3.074
103 344 5 439.102 81.07 37.278 3.46 1.443 0.585 3.043
103 345 5 439.153 96.547 37.318 1.893 0.372 0.445 2.97
103 349 1 436.916 92.944 37.157 2.888 1.659 1.258 3.01
103 352 1 427.136 168.206 36.865 1.929 1.647 1.073 0.724
103 353 3 394.618 159.706 37.179 0.518 0.629 0.639 -1.471
104 28 2 428.155 70.382 38.766 12.192 2.568 0.959 -0.034
104 148 1 416.509 121.715 36.961 4.44 1.907 1.429 -0.018
104 162 1 413.626 131.505 37.005 4.356 2.046 1.488 0.406
104 252 2 385.975 150.515 38.162 12.114 2.423 2.311 -1.552
104 280 1 398.555 150.685 36.589 4.334 1.721 0.625 -1.769
104 287 5 422.824 103.581 37.249 4.617 2.033 2.035 -0.01
104 294 1 411.688 151.667 36.977 4.174 1.721 1.399 -2.147
104 314 1 419.193 150.468 37.047 4.375 1.781 1.541 -2.471
104 315 1 412.216 118.813 36.665 0.144 0.148 0.458 -0.633
104 317 1 449.024 167.639 37.115 0.323 1.324 0.073 1.803
104 320 1 424.938 121.842 37.064 4.454 2.071 1.469 -1.723
104 322 1 440.471 165.802 37.21 4.085 1.732 1.368 1.336
104 327 1 430.41 123.9 37.02 3.44 1.8 1.42 3.066
104 330 1 457.939 114.133 37.548 2.836 1.285 1.256 1.508
104 336 5 432.723 113.281 37.248 4.266 2.22 0.958 3.066
104 342 1 433.621 105.179 37.431 3.953 1.693 0.626 3.066
104 344 5 438.586 83.455 37.228 3.137 1.404 0.618 3.066
104 345 5 438.303 103.589 37.036 2.197 1.215 1.114 3.066
104 349 1 436.562 95.226 37.279 2.889 1.758 1.51 2.98
104 352 1 428.788 166.991 36.729 4.15 1.081 0.689 0.714
105 28 2 427.902 70.688 38.756 1.441 2.572 1.085 -0.023
105 148 1 417.108 119.108 36.867 4.443 1.898 1.254 -0.027
105 162 1 414.551 129.719 36.923 4.314 2.055 1.509 0.296
105 252 2 382.507 149.497 38.279 11.995 2.503 1.95 -1.547
105 280 1 396.233 150.348 36.678 1.784 1.67 0.934 -1.669
105 287 5 423.46 100.368 37.306 4.045 1.96 1.978 -0.035
105 294 1 408.647 152.262 36.998 4.099 1.807 1.344 -2.043
105 314 1 416.179 152.114 37.079 4.295 1.725 1.475 -2.314
105 315 1 412.185 118.797 36.629 0.178 0.191 0.575 -1.327
105 320 1 424.425 121.401 37.054 4.541 1.899 1.477 -1.563
105 322 1 442.555 165.761 37.198 1.427 1.079 1.108 1.166
105 327 1 429.654 126.156 36.98 3.048 1.718 1.442 -3.097
105 330 1 458.259 114.261 37.634 3.67 1.2 1.316 1.544
105 336 5 432.248 114.658 37.291 4.388 1.819 0.951 3.074
105 342 1 433.274 106.597 37.414 3.951 1.695 0.701 3.045
105 344 5 438.14 85.532 37.343 3.579 1.471 0.92 3.059
105 345 5 437.146 107.699 36.899 3.552 1.664 1.515 3.074
105 349 1 436.299 97.078 37.22 3.683 1.686 1.635 2.95
105 352 1 431.818 165.665 36.736 4.042 0.975 0.35 0.896
105 353 3 393.445 159.013 36.849 0.412 0.477 1.404 -2.786
105 362 5 447.242 62.28 36.718 0.353 1.365 0.068 3.059
106 28 2 429.051 64.159 38.827 4.861 2.473 0.906 -0.067
106 148 1 417.845 116.054 36.88 4.127 1.923 1.251 -0.011
106 162 1 415.528 126.96 36.97 2.72 1.985 1.513 0.176
106 252 2 378.832 147.966 38.438 11.703 1.721 2.009 -1.509
106 287 5 424.392 96.337 37.255 4.751 2.072 2.039 -0.062
106 294 1 405.311 152.546 37.003 4.237 1.174 0.944 -1.906
106 314 1 413.049 153.248 36.95 4.27 1.675 1.359 -2.133
106 315 1 412.124 118.792 36.671 0.214 0.159 0.482 0.953
106 320 1 423.771 120.867 37.067 4.536 1.88 1.457 -1.324
106 327 1 428.522 128.909 37.108 3.111 1.697 1.237 -3.007
106 330 1 457.903 114.54 37.627 2.886 0.556 1.281 1.593
106 336 5 431.884 116.066 37.229 4.486 1.721 1.091 3.112
106 342 1 432.977 108.176 37.323 4.507 1.73 0.964 3.061
106 344 5 437.664 87.78 37.097 3.607 1.372 1.469 3.067
106 345 5 436.227 111.911 37.006 4.317 1.721 1.353 3.069
106 349 1 436.067 99.276 37.196 4.129 1.787 1.77 2.933
106 352 1 435.021 164.891 36.763 4.113 0.899 0.677 1.082
106 353 3 392.789 158.679 36.67 0.658 0.283 0.796 -1.323
106 362 5 446.135 67.202 36.705 0.66 1.53 0.308 -3.001
107 28 2 431.003 55.934 38.8 11.845 2.608 1.215 -0.03
107 148 1 418.662 112.89 37.146 4.175 1.884 1.775 -0.008
107 162 1 415.806 125.466 37.01 4.19 1.992 1.509 -0.03
107 252 2 375.904 147.407 38.179 9.721 2.284 2.322 -1.516
107 287 5 425.306 92.397 37.295 4.847 1.948 2.037 -0.03
107 294 1 401.856 152.426 36.901 3.978 1.018 1.093 -1.845
107 314 1 409.815 153.895 36.962 4.143 1.808 1.31 -2.013
107 320 1 423.155 120.009 37.049 4.441 1.87 1.453 -1.066
107 327 1 427.044 131.993 36.987 3.792 1.817 1.42 -2.952
107 336 5 431.399 117.436 37.261 4.4 1.753 1.039 -3.097
107 342 1 432.716 109.449 37.242 4.258 1.813 1.129 3.075
107 344 5 437.237 89.999 37.203 3.93 1.57 1.194 3.111
107 345 5 435.328 115.615 36.92 3.19 1.848 1.499 3.115
107 349 1 436.006 101.883 37.223 4.024 1.756 1.856 2.908
107 353 3 391.959 158.368 36.928 0.312 0.563 1.055 2.82
107 362 5 445.39 70.634 36.927 3.631 1.734 1.019 2.999
108 28 2 430.806 56.226 38.629 1.126 2.486 0.877 -0.017
108 148 1 419.53 109.443 36.95 4.185 1.942 1.388 0
108 162 1 416.287 123.121 36.98 4.235 1.945 1.522 -0.059
108 287 5 426.382 87.686 37.231 4.323 1.939 2.007 -0.025
108 294 1 398.257 152.157 37.077 4.235 1.141 1.007 -1.737
108 314 1 406.704 154.224 37.043 3.879 1.641 1.409 -1.921
108 320 1 422.662 118.815 37.039 4.497 2.085 1.504 -0.775
108 327 1 425.347 134.688 37.021 3.812 1.538 1.386 -2.833
108 336 5 430.952 118.638 37.267 4.123 1.66 0.966 -3.042
108 342 1 432.4 110.886 37.367 3.889 1.459 0.923 3.106
108 344 5 436.707 92.414 37.068 4.159 1.69 1.622 3.103
108 345 5 434.313 119.541 37 2.332 1.652 1.361 -3.138
108 349 1 435.989 104.639 37.199 3.987 2.11 1.889 2.913
108 362 5 444.589 75.402 36.831 4.257 1.687 1.269 3.049
109 28 2 432.94 46.165 38.681 11.835 2.692 0.971 -0.035
109 148 1 420.51 105.765 36.966 4.145 1.837 1.396 0.011
109 162 1 416.724 120.531 36.971 4.213 2.051 1.497 -0.025
109 287 5 427.253 83.793 37.256 4.94 1.915 1.979 -0.021
109 294 1 395.342 151.828 37.007 2.46 1.31 1.042 -1.674
109 314 1 403.269 154.034 37.143 4.088 1.133 1.06 -1.796
109 320 1 422.554 117.258 37.021 4.257 2.128 1.51 -0.455
109 327 1 423.389 137.597 36.985 4.202 1.778 1.446 -2.729
109 336 5 430.34 119.7 37.261 3.862 1.713 1.009 -2.931
109 342 1 432.153 112.169 37.261 3.214 1.548 0.669 3.126
109 344 5 436.224 94.695 37.213 4.044 1.683 1.283 3.077
109 345 5 433.306 123.386 37.033 1.433 1.17 1.241 -2.957
109 349 1 435.748 107.628 37.215 4.097 1.874 1.883 2.922
109 362 5 443.821 80.194 37.008 4.74 1.957 1.494 3.067
110 28 2 434.058 41.758 38.422 10.537 2.678 1.802 -0.015
110 148 1 421.582 101.919 37.039 4.162 1.906 1.503 0.035
110 162 1 417.387 117.811 36.898 4.21 1.897 1.445 -0.077
110 287 5 428.417 78.778 37.267 5.958 1.884 2.008 -0.013
110 320 1 422.843 115.436 37.019 4.146 2.021 1.489 -0.23
110 327 1 421.337 140.009 36.887 3.868 1.783 1.236 -2.651
110 336 5 429.704 120.585 37.255 3.33 1.719 1.035 -2.806
110 342 1 431.931 113.582 37.191 3.2 1.563 1.163 3.095
110 344 5 435.65 97.208 37.238 4.283 1.773 1.339 3.123
110 349 1 435.351 110.806 37.184 4.048 1.701 1.798 2.963
110 362 5 442.969 84.911 36.989 4.878 1.751 1.512 3.04
110 382 1 446.336 70.471 36.898 4.473 0.809 1.282 -3.127
110 383 4 445.991 79.515 36.727 0.62 0.315 1 -3.14
111 28 2 435.101 36.14 38.61 11.714 2.659 1.396 -0.038
111 148 1 422.712 98.201 37.019 4.205 1.89 1.415 0.025
111 162 1 417.956 114.878 36.945 4.208 1.997 1.424 -0.034
111 287 5 429.209 74.644 37.271 4.702 1.985 1.969 -0.059
111 320 1 423.504 112.513 36.96 2.115 1.888 1.326 -0.067
111 327 1 418.759 142.544 36.856 4.126 1.701 1.028 -2.592
111 336 5 428.738 121.582 37.24 3.664 1.599 0.99 -2.593
111 342 1 431.661 114.949 36.926 3.217 1.555 1.346 3.134
111 344 5 435.063 99.601 37.223 4.208 1.718 1.329 3.103
111 349 1 434.989 114.049 37.184 4.057 1.703 1.86 2.995
111 362 5 442.278 89.688 36.986 4.768 1.864 1.471 3.026
111 382 1 446.135 74.3 37.14 4.62 1.804 1.773 3.07
111 383 4 445.056 82.772 36.999 1.022 0.448 1.4 0
112 28 2 434.943 36.659 37.916 0.31 2.566 2.163 -0.041
112 148 1 423.894 94.414 37.005 4.272 1.861 1.407 0.021
112 162 1 418.831 111.697 36.932 4.09 1.908 1.403 -0.041
112 287 5 430.309 69.604 37.279 5.14 1.948 2.061 -0.055
112 320 1 423.941 110.959 37.007 3.54 2.036 1.501 -0.041
112 327 1 416.791 143.804 37.043 1.223 1.032 0.418 -2.53
112 336 5 428.027 122.049 37.371 2.809 1.49 0.551 -2.365
112 342 1 431.295 116.26 36.964 3.185 1.298 0.963 3.095
112 344 5 434.58 102.145 37.23 4.092 1.722 1.261 3.095
112 349 1 434.584 116.422 37.133 2.309 1.643 1.799 3.053
112 362 5 441.648 93.936 36.993 4.56 1.929 1.483 3.04
112 382 1 445.419 78.123 37.118 4.159 1.914 1.726 3.065
112 383 4 444.514 85.33 36.632 0.388 0.176 0.606 3.02
112 387 1 448.602 50.845 36.922 2.337 1.116 0.734 3.064
112 390 3 453.26 76.419 37.691 0.263 0.295 0.353 -0.175
113 28 2 437.489 25.56 37.821 12.763 2.724 2.924 -0.021
113 148 1 425.196 90.405 36.987 4.214 1.855 1.414 0.036
113 162 1 419.851 107.937 36.974 3.382 1.972 1.446 -0.031
113 287 5 431.379 64.446 37.283 5.569 1.892 2.005 -0.031
113 320 1 424.683 107.708 36.999 2.229 2.051 1.343 -0.024
113 336 5 426.123 122.636 37.026 4.241 2.112 1.159 -2.309
113 342 1 431.158 117.738 36.827 3.056 1.605 0.871 3.096
113 344 5 434.06 104.553 37.084 3.918 1.86 0.814 3.092
113 349 1 433.78 120.514 37.008 3.973 1.669 1.599 3.096
113 362 5 440.639 98.206 36.99 4.334 1.237 1.45 3.051
113 382 1 444.633 81.301 37.169 4.342 1.808 1.773 3.12
113 383 4 443.474 89.023 36.968 1.601 0.632 1.439 3.12
113 387 1 447.737 55.969 37.015 3.579 1.745 1.33 3.097
113 390 3 453.327 75.818 37.25 0.342 0.309 1.203 -3.119
114 28 2 438.577 21.024 37.826 11.893 2.668 2.895 0.025
114 148 1 426.524 86.288 37.015 4.296 1.892 1.367 0.01
114 162 1 421.148 104.12 36.989 2.747 2.026 1.452 0.176
114 287 5 432.496 59.149 37.335 5.999 1.877 2.065 -0.006
114 320 1 425.357 104.842 36.996 2.277 1.796 1.352 -0.015
114 336 5 424.882 122.051 36.902 3.735 0.703 1.336 -1.892
114 342 1 431.322 118.111 36.977 0.297 0.929 0.51 3.103
114 344 5 433.58 106.893 36.963 3.505 1.802 0.736 3.103
114 349 1 432.323 123.457 36.672 3.446 0.285 0.944 3.09
114 362 5 440.029 101.891 36.962 3.034 1.314 1.517 3.103
114 382 1 443.95 84.443 37.135 4.767 1.879 1.725 3.103
114 383 4 442.664 91.749 36.771 0.415 0.254 0.964 3.073
114 387 1 446.663 61.132 37.039 4.33 1.841 1.41 3.103
114 390 3 453.478 75.32 37.141 0.65 0.481 1.407 0.025
115 28 2 439.142 18.665 37.752 4.183 2.63 2.409 0.038
115 148 1 427.834 81.816 37.044 4.216 1.796 1.468 0.095
115 162 1 422.451 100.286 37.031 2.411 1.864 1.332 0.138
115 287 5 433.549 54.018 37.371 5.829 1.904 2.02 0.001
115 320 1 426.045 102.024 37.07 2.785 1.951 1.389 -0.001
115 336 5 423.449 121.64 37.068 1.874 0.798 1.361 -1.578
115 344 5 433.484 107.403 36.982 0.23 1.188 0.484 -3.11
115 362 5 439.725 105.162 36.741 1.356 1.759 1.008 -3.114
115 382 1 443.321 87.803 37.047 4.707 1.83 1.633 -3.137
115 383 4 441.332 95.036 36.933 1.502 0.56 1.413 -2.866
115 387 1 445.495 66.331 37.082 4.275 1.848 1.399 3.128
115 390 3 453.626 74.771 37.204 0.631 0.47 1.347 0.004
116 28 2 441.073 11.111 37.715 9.678 2.779 2.998 0.053
116 148 1 429.344 77.023 37.019 3.96 1.898 1.422 0.086
116 162 1 423.623 96.442 37.006 2.663 1.996 1.437 0.068
116 287 5 434.777 48.168 37.391 5.017 1.869 2.038 0.013
116 320 1 426.761 98.96 37.033 2.872 1.95 1.443 0.033
116 336 5 423.146 121.151 37.099 1.882 0.39 1.234 -1.254
116 362 5 438.611 110.41 36.7 4.338 1.784 1.132 -3.131
116 382 1 442.623 91.043 37.066 4.297 1.91 1.618 3.122
116 383 4 440.169 98.075 36.934 1.358 0.647 1.336 -3.108
116 387 1 444.287 71.246 37.069 4.414 1.753 1.47 3.141
116 390 3 453.717 74.084 37.468 0.411 0.476 0.851 -3.098
