0 4 3 71.258 15.357 37.62 0.521 0.549 1.575 0.046
0 13 4 60.287 47.41 37.561 1.666 0.768 1.529 -3.066
0 23 1 69.621 22.917 37.415 4.205 1.882 1.489 0.033
1 4 3 72.968 15.754 37.71 0.405 0.556 1.361 -0.666
1 13 4 55.146 46.212 37.457 1.066 0.531 1.523 -3.111
1 23 1 69.64 22.931 37.423 4.253 1.877 1.47 0.006
1 29 3 31.86 7.213 37.977 0.231 0.473 0.972 -0.002
2 4 3 73.548 15.985 38.065 0.375 0.528 0.575 -0.014
2 13 4 53.441 45.908 37.565 1.147 0.742 1.532 -3.078
2 23 1 69.579 22.936 37.396 4.131 1.908 1.512 0.002
2 29 3 32.223 7.282 37.681 0.494 0.56 1.588 -3.119
3 4 3 74.032 16.152 38.153 0.312 0.481 0.382 -0
3 13 4 51.745 45.418 37.583 1.53 0.54 1.416 -3.104
3 23 1 69.595 22.906 37.418 4.149 1.919 1.48 0
3 29 3 32.341 7.477 37.654 0.198 0.482 1.541 0.171
4 4 3 74.482 16.342 38.125 0.254 0.3 0.348 0.001
4 13 4 50.229 45.147 37.503 1.677 0.73 1.618 3.142
4 23 1 69.648 22.916 37.419 4.266 1.895 1.471 -0.002
4 29 3 32.445 7.512 37.689 0.407 0.462 1.568 0.597
4 38 3 49.623 49.422 37.701 0.456 0.495 1.367 -1.447
5 4 3 75.04 16.426 38.099 0.283 0.41 0.335 -0.383
5 13 4 48.66 44.641 37.479 1.499 0.384 1.063 -3.086
5 23 1 69.595 22.959 37.423 4.172 1.809 1.469 0.029
5 29 3 32.767 7.587 37.685 0.182 0.368 1.56 -1.563
5 38 3 49.902 49.569 37.681 0.403 0.546 1.357 -1.621
5 44 3 33.558 44.887 37.518 0.366 0.404 0.922 -1.551
6 4 3 75.61 16.555 37.979 0.433 0.445 0.546 -0.035
6 13 4 47.146 44.367 37.505 1.544 0.699 1.548 -3.12
6 23 1 69.582 22.973 37.415 4.154 1.722 1.485 0.009
6 38 3 50.018 49.7 37.777 0.545 0.574 1.225 1.547
6 44 3 33.978 44.813 37.637 0.327 0.382 1.104 3.085
7 4 3 76.101 16.772 38.072 0.347 0.4 0.334 -0
7 13 4 45.253 43.813 37.525 1.455 0.431 1.439 3.099
7 23 1 69.613 22.918 37.42 4.198 1.824 1.478 0.024
7 38 3 50.329 49.725 37.689 0.406 0.399 1.322 0
7 44 3 34.268 44.782 37.526 0.488 0.319 0.845 0.015
7 48 3 33.386 7.604 37.698 0.519 0.336 1.039 1.203
7 49 3 14.608 3.068 38.026 0.081 0.224 0.655 3.142
7 50 3 9.862 0 38.086 0.232 0.538 0.415 0
8 4 3 76.529 16.906 38.11 0.254 0.31 0.327 -0.02
8 13 4 43.551 43.572 37.489 1.307 0.683 1.469 -3.126
8 23 1 69.585 22.941 37.424 4.163 1.793 1.474 0.01
8 38 3 50.491 49.851 37.755 0.368 0.438 1.259 -3.12
8 44 3 34.736 44.868 37.553 0.481 0.387 0.91 0.025
8 48 3 33.548 7.676 37.711 0.357 0.722 1.537 0.009
8 49 3 14.05 2.805 37.806 0.315 0.376 1.181 -0.004
8 50 3 10.564 0.466 38.267 0.196 0.302 0.757 -0.004
9 13 4 42.147 43.327 37.556 1.675 0.708 1.579 -3.091
9 23 1 69.618 22.912 37.423 4.201 1.859 1.471 0.027
9 44 3 35.212 44.936 37.754 0.292 0.439 1.238 0.177
9 48 3 33.804 7.586 37.702 0.351 0.547 1.547 0.141
9 49 3 13.287 2.604 37.658 0.578 0.659 1.459 0.086
9 50 3 11.284 0.585 38.271 0.238 0.716 0.734 0.065
10 13 4 39.103 42.508 37.491 1.302 0.389 1.271 -3.055
10 23 1 69.611 22.961 37.408 4.212 1.811 1.504 0.017
10 44 3 36.445 45.232 37.674 0.299 0.427 1.43 -0.814
10 48 3 34.298 7.776 37.732 0.429 0.546 1.484 -3.038
10 49 3 11.875 2.246 37.631 0.639 0.733 1.487 -3.061
10 50 3 12.875 0.98 38.268 0.213 0.668 0.723 -3.037
10 58 3 51.028 49.913 37.713 0.417 0.431 1.366 -1.333
11 13 4 37.616 42.208 37.518 1.221 0.603 1.163 3.128
11 23 1 69.619 22.933 37.413 4.207 1.821 1.492 0.01
11 44 3 37.016 45.277 37.718 0.264 0.306 1.376 3.119
11 48 3 34.58 7.763 37.728 0.367 0.705 1.498 0.028
11 49 3 11.529 2.104 37.646 0.621 0.569 1.461 3.069
11 50 3 13.623 1.22 38.27 0.169 0.448 0.684 -0.098
11 58 3 51.186 50.009 37.72 0.596 0.316 1.353 -3.038
11 59 3 78.832 17.369 38.106 0.341 0.365 0.376 0.03
12 13 4 36.029 41.751 37.541 0.413 0.703 1.026 1.628
12 23 1 69.716 22.923 37.396 4.343 1.873 1.524 0.007
12 44 3 37.56 45.323 37.722 0.712 0.513 1.377 -3.104
12 48 3 34.852 7.745 37.84 0.434 0.793 1.269 0.005
12 49 3 10.619 1.868 37.987 0.158 0.351 0.697 -0.011
12 50 3 14.341 1.41 38.264 0.264 0.658 0.68 0.07
12 58 3 51.401 50.075 37.702 0.538 0.487 1.382 -1.503
12 59 3 79.277 17.514 38.099 0.185 0.4 0.38 0.019
12 64 5 10.222 9.517 37.962 0.408 0.749 0.299 -0.005
13 13 4 34.263 41.317 37.439 1.38 0.407 1.452 3.142
13 23 1 69.699 22.901 37.421 4.164 1.889 1.468 0
13 44 3 38.215 45.334 37.729 0.265 0.442 1.325 -1.192
13 48 3 35.106 7.935 37.845 0.291 0.711 1.215 -0.058
13 50 3 15.067 1.654 38.279 0.187 0.342 0.663 0
13 58 3 51.623 50.052 37.69 0.461 0.654 1.334 -0.798
13 59 3 79.838 17.582 38.088 0.192 0.456 0.377 0
13 64 5 11.221 9.458 37.964 0.537 0.932 0.297 0.035
14 13 4 33.285 41.041 37.36 1.071 0.319 1.264 -3.054
14 23 1 69.776 22.926 37.414 4.212 1.891 1.465 0.02
14 44 3 38.78 45.313 37.775 0.374 0.352 1.307 0.011
14 48 3 35.425 7.962 37.87 0.37 0.711 1.231 0.015
14 58 3 51.82 50.012 37.708 0.626 0.519 1.376 0.013
14 59 3 80.367 17.74 38.012 0.235 0.504 0.538 0.041
14 64 5 11.738 9.301 38.115 0.606 0.066 0.012 -1.555
15 13 4 29.894 40.122 37.422 0.964 0.344 1.354 0.103
15 23 1 69.813 22.945 37.416 4.201 1.84 1.461 -0.002
15 48 3 35.893 8.178 37.861 0.279 0.56 1.207 -0.098
15 58 3 52.303 49.833 37.655 0.264 0.365 1.464 -0.25
15 59 3 81.562 17.918 37.808 0.266 0.441 0.901 0
15 64 5 12.584 9.714 37.986 0.423 1.069 0.285 0
15 71 3 17.383 2.061 38.297 0.227 0.424 0.632 0
16 13 4 28.985 40.128 37.419 1.104 0.425 1.308 -3.098
16 23 1 69.809 22.971 37.416 4.193 1.854 1.463 0.037
16 48 3 36.094 8.435 37.892 0.317 0.575 1.208 0.365
16 58 3 52.444 49.815 37.514 0.274 0.315 1.139 -1.774
16 59 3 82.237 18.022 37.659 0.438 0.498 1.196 0.075
16 71 3 18.239 2.27 38.314 0.324 0.66 0.655 -3.11
17 23 1 69.79 22.935 37.423 4.134 1.891 1.461 0.024
17 48 3 36.571 8.613 37.898 0.334 0.636 1.202 0.05
17 59 3 83.383 18.274 37.632 0.462 0.591 1.263 0.057
17 71 3 19.861 2.582 38.197 0.254 0.565 0.883 3.118
17 76 3 53.432 19.854 37.552 0.717 0.594 1.665 1.645
18 23 1 69.8 22.962 37.421 4.17 1.824 1.463 0.014
18 48 3 36.763 8.817 37.897 0.314 0.715 1.213 -0.154
18 59 3 83.783 18.443 37.603 0.341 0.523 1.282 0
18 71 3 20.657 2.769 37.995 0.326 0.503 1.235 0
18 76 3 53.109 20.518 37.553 0.929 0.698 1.634 1.621
18 78 3 53.214 49.949 37.809 0.181 0.369 1.166 -0.903
19 23 1 69.794 22.948 37.421 4.117 1.846 1.471 0.013
19 48 3 36.878 8.928 37.795 0.319 0.772 1.417 0.303
19 59 3 84.302 18.419 37.648 0.197 0.364 1.155 3.068
19 71 3 21.297 2.939 38.166 0.581 0.357 0.933 1.515
19 76 3 53.063 21.093 37.611 0.685 0.709 1.588 -3.064
19 78 3 53.472 50.059 37.672 0.421 0.349 0.851 3.092
19 83 3 38.128 45.263 37.732 0.555 0.371 1.309 -3.103
20 23 1 69.792 22.932 37.427 4.147 1.921 1.464 0.007
20 59 3 84.917 18.617 37.556 0.499 0.593 1.384 0.011
20 71 3 22.038 3.125 38.015 0.288 0.562 1.23 0.01
20 76 3 52.922 21.771 37.936 0.413 0.512 0.997 1.163
20 78 3 53.674 49.958 37.907 0.277 0.316 0.709 -3.13
20 83 3 37.568 45.23 37.737 0.581 0.333 1.351 -3.112
21 23 1 69.768 22.989 37.428 4.12 1.824 1.466 -0.004
21 59 3 85.377 18.753 37.556 0.655 0.538 1.369 0.051
21 71 3 22.749 3.43 38.038 0.319 0.502 1.209 0.011
21 76 3 52.829 22.459 38.231 0.304 0.315 0.387 1.645
21 78 3 53.855 49.937 37.919 0.23 0.259 0.99 -1.124
21 83 3 36.968 45.225 37.715 0.399 0.599 1.392 -1.547
22 23 1 69.766 22.99 37.43 4.132 1.779 1.46 0.01
22 59 3 85.98 18.798 37.522 0.599 0.483 1.414 0.034
22 71 3 23.62 3.48 37.829 0.174 0.629 1.167 0
22 76 3 52.723 23.231 38.241 0.271 0.331 0.382 1.448
22 78 3 53.992 50.105 37.682 0.207 0.332 1.43 -1.309
22 83 3 36.325 45.121 37.518 0.564 0.301 0.995 3.142
22 87 3 37.434 9.051 37.9 0.385 0.76 1.222 0.034
22 89 3 56.585 7.988 38.155 0.516 0.413 1.447 1.339
22 92 3 57.113 8.832 38.044 0.601 0.595 1.392 1.381
23 23 1 69.741 22.995 37.433 4.08 1.775 1.464 0.008
23 59 3 86.603 18.931 37.527 0.603 0.566 1.393 0.084
23 71 3 24.594 3.692 37.937 0.45 0.545 1.4 0
23 76 3 52.899 24.01 37.683 0.401 0.535 1.621 0.763
23 83 3 35.587 44.936 37.772 0.317 0.376 1.238 -1.276
23 87 3 37.677 9.204 37.74 0.558 0.517 1.553 0.064
23 89 3 56.546 8.696 38.118 0.503 0.581 1.533 1.668
23 92 3 57.064 9.366 38.022 0.622 0.583 1.449 1.129
24 23 1 69.762 22.963 37.433 4.101 1.828 1.461 -0.006
24 59 3 87.28 19.061 37.557 0.686 0.591 1.316 -0.071
24 71 3 25.392 3.888 37.948 0.295 0.575 1.373 0.029
24 76 3 53.06 24.709 37.674 0.634 0.788 1.69 0.621
24 87 3 37.933 9.29 37.768 0.354 0.443 1.495 -3.084
24 89 3 56.469 9.081 37.973 0.614 0.455 1.552 1.593
24 92 3 56.981 9.982 37.922 0.554 0.477 1.498 1.687
24 94 5 15.503 10.256 38.044 0.384 0.978 0.324 -0.038
24 96 5 75.422 47.317 37.232 4.313 2.395 0.558 3.065
25 23 1 69.787 22.962 37.43 4.167 1.882 1.471 0.023
25 59 3 87.726 19.198 37.637 0.553 0.549 1.15 1.463
25 71 3 26.049 4.066 37.97 0.407 0.576 1.321 0.032
25 76 3 53.417 25.285 37.66 0.628 0.506 1.66 1.183
25 87 3 37.964 9.1 37.679 0.792 0.448 1.66 -2.902
25 89 3 56.361 9.617 38.127 0.434 0.297 1.254 0.815
25 92 3 56.964 10.482 38.072 0.282 0.479 1.21 0.812
25 96 5 70.066 46.207 37.42 4.822 2.24 1.324 -3.141
25 99 5 78.735 43.3 37.107 1.933 0.049 0.196 3.13
26 23 1 69.793 22.922 37.431 4.15 1.875 1.468 -0.007
26 59 3 89.007 19.342 37.803 0.092 0.161 0.383 -0
26 71 3 28.071 4.656 38 0.331 0.281 1.279 -0
26 76 3 53.921 26.986 37.786 0.754 0.669 1.739 1.046
26 87 3 37.608 8.953 37.771 0.391 0.67 1.504 3.124
26 89 3 55.767 10.817 38.277 0.228 0.311 0.431 0.926
26 92 3 57.336 11.577 38.001 0.576 0.517 0.879 0.73
26 94 5 15.812 10.301 38.056 0.424 0.871 0.273 0
26 96 5 58.892 44.018 38.226 12.11 2.742 2.992 3.139
26 99 5 76.121 43.077 37.136 4.589 0.886 0.533 -3.138
26 102 1 59.626 39.702 37.581 6.052 1.825 1.422 -3.115
27 23 1 69.794 22.966 37.437 4.167 1.891 1.461 0.055
27 59 3 89.531 19.731 37.889 0.265 0.342 0.572 -0.05
27 71 3 28.737 4.765 37.934 0.279 0.692 1.041 -3.118
27 76 3 54.002 27.471 37.873 0.69 0.598 1.61 1.467
27 87 3 37.334 8.892 37.807 0.353 0.715 1.437 0.011
27 89 3 55.125 11.096 38.182 0.492 0.476 0.5 -0
27 92 3 57.638 11.893 37.904 0.654 0.519 0.949 0.055
27 96 5 54.014 43.058 38.32 12.22 2.953 2.963 3.123
27 99 5 68.543 41.62 37.354 4.328 1.609 1.02 3.138
27 102 1 51.412 37.804 37.61 4.421 1.83 1.392 3.138
28 23 1 69.792 22.959 37.435 4.15 1.835 1.465 0.009
28 59 3 90.035 19.728 37.85 0.231 0.417 0.545 0
28 71 3 29.526 4.905 38.027 0.285 0.516 1.197 -0.159
28 76 3 54.004 27.969 37.883 0.526 0.552 1.568 1.404
28 87 3 37.106 8.707 37.741 0.306 0.586 1.533 -3.008
28 89 3 54.626 11.381 38.292 0.263 0.181 0.303 0
28 92 3 58.035 12.226 37.838 0.378 0.513 1.022 0.715
28 94 5 15.906 10.36 38.069 0.426 0.871 0.277 0
28 96 5 48.81 41.896 38.343 11.235 2.716 3.012 3.129
28 99 5 60.809 39.866 37.624 5.894 1.762 1.429 -3.134
28 102 1 43.746 35.969 37.597 4.267 1.663 1.462 -3.139
28 103 1 22.51 9.524 37.828 1.706 0.801 0.905 0
29 23 1 69.771 22.919 37.435 4.077 1.908 1.464 0
29 59 3 90.532 19.864 37.842 0.2 0.572 0.585 -0.261
29 71 3 30.091 5.151 38.067 0.69 0.663 1.633 -3.047
29 76 3 54.087 28.582 37.951 0.482 0.83 1.624 0.556
29 87 3 36.908 8.586 37.761 0.531 0.68 1.535 -3.097
29 89 3 54.033 11.517 38.297 0.257 0.233 0.304 -3.142
29 92 3 58.537 12.412 37.806 0.462 0.613 1.185 0.644
29 96 5 44.405 41.024 38.341 10.794 2.629 3.112 3.141
29 99 5 52.605 38.07 37.602 4.599 1.674 1.437 -3.131
29 102 1 35.926 33.545 37.613 3.317 0.311 1.008 -3.103
29 103 1 24.004 9.917 37.857 0.485 0.384 0.868 0.054
30 23 1 69.8 22.975 37.444 4.15 1.826 1.456 0.029
30 59 3 91.053 19.968 37.841 0.274 0.47 0.583 -0
30 71 3 30.952 5.423 37.947 0.338 0.536 1.406 -0
30 76 3 54.291 29.183 37.938 0.612 0.451 1.584 1.592
30 87 3 36.583 8.486 37.738 0.282 0.59 1.558 -2.807
30 92 3 58.984 12.718 37.809 0.427 0.554 1.324 0.795
30 96 5 40.044 40.241 38.515 10.666 2.71 2.928 3.126
30 99 5 45.332 36.471 37.603 4.037 1.836 1.482 -3.115
30 102 1 28.041 32.525 37.555 3.504 1.541 0.688 -3.134
30 103 1 24.854 10.094 37.878 0.282 0.565 0.804 0
31 23 1 69.786 23.031 37.433 4.162 1.717 1.49 0.025
31 59 3 91.603 20.01 37.845 0.214 0.488 0.607 0.026
31 71 3 31.557 5.576 38.066 0.556 0.516 1.603 3.092
31 76 3 54.484 29.818 37.976 0.688 0.627 1.605 1.188
31 87 3 36.34 8.251 37.739 0.479 0.612 1.558 -3.13
31 92 3 59.466 12.727 37.771 0.549 0.437 1.406 0.051
31 94 5 15.988 10.39 38.075 0.472 0.795 0.27 0.087
31 96 5 35.55 39.156 38.094 11.215 2.593 2.495 3.131
31 99 5 37.778 34.786 37.59 3.749 1.818 1.436 3.131
31 102 1 20.605 30.966 37.609 2.107 1.43 0.815 3.131
31 103 1 26.053 10.378 37.991 0.41 0.392 0.554 -0.041
32 23 1 69.802 22.93 37.434 4.129 1.913 1.45 0
32 59 3 92.094 20.071 37.745 0.161 0.343 0.479 -0.013
32 71 3 32.265 5.852 37.999 0.613 0.646 1.739 -2.991
32 76 3 54.613 30.261 38.003 0.744 0.721 1.549 1.337
32 87 3 35.974 8.06 37.719 0.719 0.696 1.601 -3.052
32 92 3 59.887 12.886 37.664 0.469 0.48 1.501 0.481
32 94 5 15.964 10.38 38.086 0.466 0.883 0.32 -0.006
32 96 5 32.679 38.695 38.081 8.683 2.517 2.186 3.12
32 99 5 30.408 33.149 37.696 3.063 1.715 1.15 -3.117
32 103 1 27.058 10.687 38.193 0.095 0.344 0.256 -0.046
32 107 1 69.748 42.209 37.364 2.87 1.564 0.96 -3.114
33 23 1 69.798 22.933 37.442 4.13 1.861 1.466 0.001
33 71 3 33.134 6.066 37.866 0.708 0.379 1.594 0
33 76 3 54.931 30.855 38.02 0.566 0.614 1.63 1.448
33 87 3 35.864 8.079 37.804 0.619 0.767 1.432 3.103
33 92 3 60.606 12.948 37.687 0.517 0.483 1.583 0.018
33 94 5 15.964 10.378 38.085 0.45 0.869 0.291 0.009
33 96 5 27.009 37.6 38.16 10.65 2.591 2.06 3.119
33 99 5 21.609 31.16 37.734 1.505 1.53 0.716 -3.106
33 103 1 28.595 11.205 38.201 0.14 0.331 0.21 3.103
33 107 1 61.886 40.477 37.673 5.621 2.01 1.662 3.136
33 111 5 23.684 10.151 38.141 0.451 0.37 0.239 3.103
34 23 1 69.772 22.972 37.423 4.102 1.805 1.506 0.014
34 71 3 34.676 6.784 37.812 0.567 0.623 1.692 3.005
34 76 3 55.203 31.822 38.057 0.621 0.553 1.57 1.226
34 87 3 35.115 7.889 37.863 0.416 0.669 1.294 -0.137
34 92 3 61.653 13.174 37.653 0.366 0.475 1.524 1.493
34 96 5 20.294 36.22 38.307 8.242 2.484 1.773 3.118
34 107 1 46.567 36.884 37.681 4.012 1.76 1.672 3.118
34 111 5 25.857 10.255 38.123 0.406 0.524 0.352 -3.108
35 23 1 69.779 22.92 37.415 4.089 1.886 1.514 0.011
35 71 3 35.456 7.06 37.825 0.317 0.537 1.61 0.251
35 76 3 55.232 32.226 38.009 0.567 0.754 1.569 1.171
35 87 3 34.821 7.886 37.862 0.248 0.647 1.206 0.175
35 96 5 15.899 35.322 38.571 10.558 2.524 3.081 3.129
35 107 1 39.908 34.988 37.673 3.503 0.95 1.614 -3.1
35 111 5 27.02 10.389 38.156 0.416 0.422 0.214 0.025
35 114 3 62.116 13.283 37.633 0.405 0.616 1.512 1.18
36 23 1 69.786 23.011 37.445 4.179 1.833 1.457 0.018
36 71 3 35.998 7.386 37.816 0.611 0.34 1.673 -3.112
36 76 3 55.313 32.563 38 0.493 0.548 1.582 1.187
36 87 3 34.545 7.826 37.93 0.388 0.628 1.126 0.004
36 96 5 12.681 34.637 38.835 10.715 2.35 2.852 -3.138
36 107 1 32.978 33.382 37.751 3.023 1.028 1.168 -3.089
36 111 5 28.454 10.679 38.18 0.297 0.456 0.264 0.069
36 114 3 62.651 13.293 37.853 0.657 0.538 1.114 0.021
36 116 1 69.452 41.516 37.375 3.358 0.804 1.014 -3.13
37 23 1 69.787 22.934 37.439 4.129 1.868 1.466 0.001
37 71 3 36.862 7.309 37.845 0.461 0.454 1.563 -0.001
37 76 3 55.373 32.795 37.998 0.693 0.728 1.585 1.386
37 87 3 34.251 7.531 37.926 0.254 0.54 1.062 -3.122
37 96 5 9.824 34.208 38.845 10.617 2.793 3.083 3.091
37 107 1 25.513 31.953 37.768 3.56 1.764 1.42 3.13
37 111 5 29.814 11.102 38.159 0.36 0.394 0.334 0.042
37 114 3 63.148 13.445 37.754 0.63 0.449 1.3 -0.076
37 116 1 62.907 40.51 37.723 5.642 1.832 1.709 -3.134
38 23 1 69.773 22.945 37.439 4.122 1.879 1.465 0.008
38 71 3 37.515 7.447 37.991 0.626 0.743 1.763 2.976
38 76 3 55.347 32.916 37.978 0.509 0.616 1.619 1.296
38 87 3 34.023 7.502 37.943 0.32 0.727 1.092 0.135
38 96 5 7.854 33.843 38.844 9.001 2.592 3.298 3.097
38 107 1 19.639 30.629 37.935 0.961 1.685 0.857 3.138
38 111 5 31.326 11.48 38.111 0.354 0.467 0.117 0.024
38 114 3 63.607 13.596 37.803 0.525 0.406 1.219 -0.059
38 116 1 55.667 38.951 37.675 4.3 2.148 1.707 3.138
39 23 1 69.759 22.968 37.441 4.111 1.847 1.461 0.002
39 71 3 38.54 7.664 38.041 0.354 0.566 1.13 -3.134
39 76 3 55.373 32.869 38.011 0.431 0.558 1.548 1.514
39 87 3 33.694 7.336 37.924 0.279 0.488 1.128 0.038
39 96 5 5.686 33.418 38.768 7.22 2.488 2.813 3.118
39 114 3 64.132 13.853 37.962 0.427 0.58 0.907 1.299
39 116 1 47.867 37.026 37.73 4.368 1.867 1.744 -3.114
40 23 1 69.77 22.925 37.436 4.11 1.874 1.465 0.011
40 71 3 39.26 7.817 38.228 0.177 0.487 0.771 -0.024
40 76 3 55.408 32.867 37.973 0.385 0.485 1.597 1.582
40 87 3 33.415 7.125 37.908 0.212 0.563 1.097 3.098
40 96 5 4.401 33.063 38.813 5.183 2.234 2.816 3.119
40 114 3 64.645 14.057 37.986 0.58 0.293 0.797 -0
40 116 1 41.35 35.484 37.659 3.926 1.723 1.701 -3.105
41 23 1 69.776 22.955 37.434 4.13 1.769 1.465 0.017
41 76 3 55.385 32.887 37.98 0.445 0.493 1.616 1.565
41 87 3 33.203 7.009 37.931 0.349 0.564 1.116 -3.078
41 96 5 3.292 32.99 38.814 2.964 2.606 3.035 3.119
41 114 3 65.128 14.264 38.026 0.565 0.232 0.775 0.002
41 116 1 34.739 33.449 37.724 3.938 1 1.206 -3.132
41 125 5 36.768 12.786 38.109 0.38 0.313 0.315 -0
42 23 1 69.771 22.956 37.413 4.111 1.82 1.504 -0.015
42 76 3 55.38 32.877 38.016 0.439 0.599 1.541 1.11
42 114 3 66.621 14.597 37.697 0.594 0.317 1.417 0.036
42 125 5 42.463 13.554 38.048 0.621 0.464 0.157 -0.009
42 129 1 59.774 40.047 37.638 4.071 1.869 1.586 -3.089
43 23 1 69.769 22.95 37.434 4.12 1.837 1.465 0.016
43 76 3 55.4 32.859 37.984 0.545 0.453 1.61 -3.093
43 114 3 67.147 14.591 37.797 0.696 0.433 1.208 -0.058
43 125 5 44.49 13.809 37.861 0.861 0.566 0.618 -0.026
43 129 1 53.846 38.698 37.679 4.429 2.004 1.603 -3.071
43 132 3 31.998 7.133 38.008 0.296 0.283 0.923 -3.129
44 23 1 69.784 22.962 37.434 4.15 1.858 1.466 0.034
44 76 3 55.392 32.853 37.988 0.386 0.491 1.603 1.552
44 114 3 67.596 14.742 37.68 0.526 0.457 1.366 0
44 125 5 46.241 14.129 37.712 0.71 0.523 0.951 -0.041
44 129 1 48.01 37.047 37.669 4.29 1.712 1.672 -3.101
44 132 3 31.656 7.032 38.009 0.343 0.524 0.941 -2.958
45 23 1 69.779 22.955 37.42 4.116 1.86 1.492 0.007
45 76 3 55.398 32.83 38.025 0.416 0.502 1.53 1.729
45 114 3 68.156 14.758 37.656 0.685 0.52 1.471 0.126
45 129 1 42.009 35.671 37.615 3.931 1.703 1.303 -3.058
45 132 3 31.352 6.952 38.096 0.349 0.532 0.789 -3.096
46 23 1 69.789 22.953 37.42 4.135 1.838 1.489 0.009
46 76 3 55.404 32.826 37.991 0.444 0.578 1.605 1.72
46 114 3 68.708 14.901 37.638 0.53 0.688 1.491 1.672
46 132 3 31.118 6.853 37.995 0.324 0.576 1.001 -3.136
47 23 1 69.794 22.918 37.434 4.125 1.923 1.465 -0.01
47 76 3 55.4 32.864 38.027 0.427 0.522 1.536 1.571
47 114 3 69.599 15.116 37.617 0.76 0.456 1.497 -0.004
47 132 3 30.594 6.894 37.996 0.271 0.511 0.956 3.043
47 145 3 46.357 9.468 38.271 0.515 0.415 0.995 -3.136
48 23 1 69.802 22.943 37.433 4.145 1.882 1.464 0.022
48 76 3 55.392 32.863 37.986 0.574 0.483 1.609 0.002
48 114 3 70.527 15.357 37.621 0.757 0.549 1.493 -0.071
48 132 3 30.044 6.674 37.975 0.41 0.638 1.026 -0.001
48 145 3 47.663 9.986 38.213 0.386 0.614 0.852 -0.057
48 151 3 55.6 50.397 37.461 0.481 0.57 1.019 -0.045
48 156 3 56.96 8.614 38.052 0.374 0.66 1.394 1.119
48 158 5 51.329 14.364 38.132 0.107 0.193 0.115 -3.103
49 23 1 69.798 22.944 37.431 4.133 1.865 1.459 -0.001
49 76 3 55.393 32.851 37.983 0.488 0.563 1.616 1.681
49 114 3 70.973 15.566 37.612 0.658 0.42 1.493 0.007
49 132 3 29.863 6.605 37.977 0.465 0.644 1.014 -2.63
49 145 3 48.409 10.298 38.247 0.292 0.649 1.014 0.202
49 151 3 55.849 50.211 37.713 0.419 0.503 1.444 -1.504
49 156 3 56.791 9.044 38.044 0.615 0.656 1.416 1.327
49 158 5 53.49 14.637 37.791 0.72 0.605 0.785 0.043
49 160 4 54.157 41.464 37.576 1.647 0.615 1.557 3.127
50 23 1 69.989 22.987 37.428 4.121 1.893 1.463 0.012
50 76 3 55.398 32.876 38.026 0.46 0.563 1.523 1.283
50 114 3 72.288 15.754 37.536 0.579 0.541 1.539 0.096
50 132 3 29.073 6.372 37.95 0.222 0.502 1.038 -0.326
50 145 3 50.294 10.826 37.978 0.311 0.571 1.306 0.078
50 151 3 56.568 50.048 38.177 0.294 0.216 0.504 -0.008
50 156 3 56.666 10.235 38.117 0.319 0.652 1.121 1.086
50 158 5 62.483 16.707 37.749 0.954 0.608 0.872 0.014
50 160 4 58.029 39.38 37.588 4.5 1.718 1.513 -3.096
50 164 3 37.37 8.436 38.094 0.382 0.356 0.822 0.039
51 23 1 70.182 23.091 37.426 4.205 1.737 1.458 0.002
51 76 3 55.363 32.84 37.975 0.44 0.522 1.605 1.579
51 114 3 72.821 15.844 37.562 0.724 0.461 1.481 0
51 132 3 28.89 6.267 37.93 0.26 0.549 0.989 3.142
51 145 3 50.878 10.957 37.835 0.648 0.612 1.801 0
51 151 3 56.853 50.216 37.71 0.399 0.578 1.42 -1.184
51 156 3 56.652 10.56 38.065 0.277 0.523 1 0.891
51 158 5 64.005 17.129 38.048 0.778 0.316 0.391 0
51 160 4 50.58 37.692 37.618 4.35 1.931 1.515 -3.116
51 164 3 36.831 8.225 37.701 0.301 0.418 1.57 3.123
51 170 4 60.016 16.032 37.509 1.757 0.822 1.396 -0
51 171 5 106.302 36.278 37.924 0.621 0.831 0.258 0
52 23 1 70.461 23.144 37.422 4.128 1.7 1.439 0.013
52 76 3 55.287 32.898 37.961 0.468 0.575 1.651 1.57
52 114 3 73.314 15.935 37.577 0.585 0.678 1.501 1.607
52 132 3 28.57 6.329 37.825 0.239 0.603 0.786 -0.035
52 145 3 51.573 10.912 38.154 0.604 0.738 1.153 0.005
52 151 3 57.178 50.363 37.713 0.547 0.333 1.428 0.023
52 156 3 56.69 10.889 38.155 0.423 0.473 0.887 -2.787
52 158 5 65.729 17.451 37.831 0.995 0.672 0.675 0.032
52 160 4 43.015 35.721 37.642 4.194 1.603 1.531 -3.092
52 164 3 36.279 7.855 37.709 0.516 0.592 1.578 3.122
52 170 4 61.689 16.433 37.556 1.591 0.738 1.268 -0.023
52 171 5 107.218 36.261 37.902 0.315 0.69 0.263 0.049
52 174 1 64.364 39.482 37.684 4.187 1.738 1.441 -3.107
53 23 1 70.913 23.262 37.417 4.143 1.768 1.43 0.013
53 76 3 55.285 32.899 37.967 0.441 0.639 1.64 1.499
53 114 3 73.824 16.084 37.565 0.733 0.525 1.518 -0.136
53 132 3 28.311 6.1 37.811 0.222 0.275 0.791 -3.102
53 145 3 52.477 11.123 38.369 0.407 0.527 0.708 3.018
53 151 3 57.4 50.388 37.691 0.399 0.299 1.474 1.553
53 156 3 56.712 11.311 38.173 0.413 0.233 0.708 3.073
53 158 5 67.247 17.81 37.474 1.823 0.619 1.487 0.009
53 160 4 35.779 34.002 37.434 2.96 1.615 0.909 -3.113
53 164 3 35.787 7.633 37.769 0.762 0.5 1.436 3.061
53 170 4 63.178 16.812 37.865 1.065 0.799 0.676 0.009
53 171 5 107.916 36.432 37.916 0.685 1.191 0.3 0.009
53 174 1 57.291 37.775 37.745 4.362 1.84 1.502 3.14
54 23 1 71.507 23.284 37.416 3.867 1.775 1.476 0.032
54 76 3 55.409 32.92 37.986 0.481 0.602 1.607 1.806
54 114 3 74.279 16.247 37.597 0.612 0.476 1.438 0.052
54 145 3 53.066 11 38.425 0.547 0.724 0.59 0.046
54 158 5 68.889 18.163 37.379 1.733 0.655 1.603 0.064
54 160 4 29.257 32.616 37.529 0.204 1.494 0.71 -3.116
54 164 3 35.11 7.303 37.752 0.543 0.499 1.474 0.06
54 170 4 65.358 17.307 37.805 0.524 0.56 0.777 0.042
54 171 5 108.72 36.535 37.88 0.763 1.083 0.325 0.088
54 174 1 49.852 36.091 37.673 4.264 1.773 1.647 -3.112
54 180 4 37.619 12.622 37.971 0.291 0.62 0.589 0.011
54 182 5 76.021 19.996 38.123 0.198 0.17 0.18 0.01
55 23 1 72.26 23.485 37.424 3.647 1.771 1.471 0.025
55 76 3 55.595 33.074 38.004 0.575 0.622 1.578 1.216
55 114 3 74.806 16.297 37.611 0.542 0.459 1.552 -0.183
55 145 3 53.926 11.166 38.407 0.226 0.59 0.542 -3.021
55 158 5 70.387 18.491 37.419 1.519 0.634 1.562 0.053
55 160 4 21.322 30.862 37.594 0.345 1.467 0.523 3.041
55 164 3 34.499 7.023 37.732 0.814 0.466 1.498 -2.934
55 170 4 66.862 17.594 37.74 1.586 0.808 0.859 0.045
55 171 5 109.326 36.773 37.866 1.059 1.221 0.287 -0
55 174 1 42.758 34.573 37.742 3.357 1.854 1.569 -3.105
55 180 4 39.138 12.724 38.049 0.305 0.443 0.383 0
55 182 5 77.747 20.472 37.782 0.862 0.414 0.849 0.083
55 185 3 108.177 23.458 37.427 0.52 0.412 1.472 -0
55 187 3 27.813 6.018 38.186 0.202 0.525 0.483 3.119
55 188 3 56.402 11.834 38.261 0.144 0.344 0.308 1.651
56 23 1 73.496 23.72 37.392 3.538 1.852 1.455 -0.004
56 76 3 55.613 32.992 37.951 0.423 0.597 1.52 1.433
56 114 3 75.412 16.434 37.641 0.496 0.364 1.486 -0
56 145 3 54.618 11.228 38.405 0.255 0.514 0.514 0.224
56 151 3 58.292 50.702 37.835 0.367 0.392 1.121 1.54
56 158 5 71.985 18.869 37.419 1.456 0.51 1.587 -0.012
56 164 3 33.995 6.844 37.699 0.416 0.453 1.481 0
56 170 4 68.58 18.011 37.46 1.864 0.717 1.441 -0
56 171 5 110.171 36.948 37.872 1.136 0.98 0.258 0
56 174 1 35.608 32.76 37.798 2.668 1.35 1.147 -3.095
56 180 4 40.645 12.812 38.08 0.261 0.341 0.361 0
56 182 5 79.502 20.947 37.595 1.267 0.448 1.142 0.015
56 185 3 108.703 23.529 37.678 0.199 0.42 0.99 0
56 187 3 27.526 6.165 38.019 0.174 0.281 0.846 3.116
56 188 3 56.489 12.109 38.27 0.144 0.331 0.312 1.571
57 23 1 75.38 24.108 37.372 3.251 1.716 1.405 0.058
57 76 3 55.628 33.043 37.95 0.579 0.562 1.513 1.59
57 114 3 76.094 16.561 37.532 0.635 0.405 1.48 0.027
57 145 3 55.545 11.382 38.408 0.602 0.431 0.653 0.443
57 158 5 74.336 19.378 37.409 1.339 0.601 1.505 0.111
57 164 3 33.003 6.519 38.043 0.246 0.336 0.748 3.092
57 170 4 70.833 18.615 37.628 1.621 0.651 0.953 0.122
57 171 5 111.558 37.337 37.889 0.971 0.846 0.296 -0.006
57 174 1 25.058 30.62 37.636 2.189 1.692 0.944 -3.14
57 180 4 43.258 13.052 37.835 0.891 0.551 0.848 0.052
57 182 5 81.983 21.627 37.337 1.306 0.495 1.566 0.047
57 185 3 109.5 23.557 37.897 0.154 0.263 0.598 0
57 187 3 27.112 5.974 37.986 0.307 0.512 0.868 3.092
57 188 3 56.342 12.26 38.265 0.15 0.333 0.307 1.424
57 192 4 59.674 16.058 37.857 1.085 0.612 0.686 -0.011
57 193 4 38.728 13.234 37.956 0.668 0.526 0.534 0.052
57 196 3 56.699 8.937 37.957 0.456 0.599 1.573 1.367
58 23 1 78.698 24.751 37.396 3.232 1.769 1.461 0.046
58 76 3 55.635 33.019 37.931 0.572 0.567 1.511 1.647
58 114 3 77.324 16.797 37.568 0.742 0.453 1.467 0.034
58 145 3 57.427 11.767 37.992 0.393 0.597 1.389 0.33
58 158 5 78.399 20.45 37.723 0.847 0.485 0.848 0.031
58 164 3 31.45 6.177 37.919 0.276 0.436 0.983 -0.019
58 170 4 75.112 19.718 37.746 1.354 0.611 0.807 0.088
58 171 5 114.026 37.822 37.886 1.072 1.1 0.334 0.015
58 180 4 46.806 13.615 37.409 1.527 0.604 1.521 0.016
58 182 5 86.487 22.881 37.538 1.061 0.535 1.366 0.195
58 185 3 110.661 24.065 37.453 0.165 0.2 0.951 -3.113
58 187 3 26.411 5.906 38.116 0.294 0.53 0.564 -0.163
58 188 3 56.304 12.382 38.22 0.175 0.398 0.377 1.688
58 192 4 63.516 16.998 37.425 1.659 0.752 1.581 0.022
58 193 4 42.153 13.779 38.076 0.15 0.375 0.343 -0.022
58 196 3 56.42 10.036 37.985 0.384 0.274 1.182 0.028
59 23 1 79.932 25.046 37.377 3.165 1.807 1.44 0.029
59 76 3 55.632 32.981 37.965 0.456 0.573 1.438 1.491
59 114 3 77.815 16.881 37.565 0.7 0.598 1.448 0.018
59 145 3 58.105 11.961 37.957 0.637 0.639 1.445 0.073
59 158 5 79.89 20.823 37.744 0.951 0.461 0.725 0.075
59 170 4 77.048 20.205 37.627 1.381 0.697 0.936 0.075
59 171 5 114.929 38.113 37.86 1.161 1.029 0.343 0.003
59 180 4 48.393 13.991 37.45 1.67 0.517 1.496 0.012
59 182 5 88.53 23.34 37.686 1.007 0.558 0.988 0
59 185 3 111.162 24.036 37.594 0.316 0.347 1.259 0.085
59 187 3 26.082 5.789 38.11 0.336 0.577 0.569 -3.07
59 188 3 56.3 12.393 38.232 0.282 0.429 0.414 1.503
59 192 4 65.281 17.4 37.422 1.75 0.767 1.589 -0.032
59 193 4 43.601 14.03 38.098 0.171 0.298 0.329 0.012
59 196 3 56.498 10.373 37.892 0.352 0.559 1.368 1.488
60 23 1 81.17 25.388 37.366 3.187 1.621 1.414 0.027
60 76 3 55.617 32.968 37.944 0.523 0.655 1.465 1.049
60 114 3 78.257 16.998 37.6 0.575 0.439 1.547 0.004
60 145 3 58.753 12.047 37.841 0.754 0.709 1.812 -3.017
60 158 5 81.182 21.185 37.825 0.804 0.495 0.678 0.085
60 170 4 78.846 20.642 37.448 1.474 0.644 1.386 0.134
60 171 5 115.412 38.273 37.734 0.334 1.278 0.081 0.051
60 180 4 50.128 14.322 37.463 1.816 0.613 1.512 0.005
60 182 5 90.589 23.847 37.859 0.785 0.352 0.589 0.099
60 185 3 111.604 24.152 37.599 0.301 0.565 1.265 -0.067
60 187 3 25.83 5.722 38.067 0.312 0.626 0.614 -3.126
60 188 3 56.258 12.391 38.199 0.352 0.479 0.391 1.706
60 192 4 67.043 17.908 37.408 1.705 0.605 1.601 -0.02
60 193 4 45.183 14.15 37.777 0.573 0.61 0.647 3.11
60 196 3 56.687 10.714 37.896 0.3 0.419 1.194 -2.369
60 201 3 30.075 6.114 37.861 0.479 0.286 1.071 3.116
60 203 2 71.258 43.946 37.657 4.444 1.82 1.159 -3.121
61 23 1 82.263 25.764 37.429 3.096 1.793 1.231 0.016
61 76 3 55.6 32.909 37.939 0.442 0.645 1.459 0.771
61 114 3 78.703 17.113 37.867 0.416 0.34 0.953 0
61 145 3 59.446 12.299 37.887 0.523 0.49 1.713 -3.127
61 158 5 82.611 21.611 37.767 0.812 0.452 0.674 0.003
61 170 4 80.469 21.024 37.372 1.759 0.613 1.466 0.003
61 171 5 117.177 38.594 37.844 2.167 1.272 0.317 -0
61 180 4 51.81 14.635 37.456 1.885 0.6 1.577 -0
61 185 3 112.141 24.138 37.671 0.24 0.383 1.029 0
61 187 3 25.495 5.656 38.073 0.234 0.574 0.543 -2.936
61 192 4 68.857 18.279 37.412 1.671 0.674 1.545 0
61 193 4 46.717 14.346 37.613 0.906 0.736 1.019 0
61 196 3 56.648 11.008 38.035 0.222 0.585 0.851 1.201
61 201 3 29.539 5.961 37.85 0.238 0.37 1.039 3.142
61 203 2 66.68 43.587 38.233 8.781 2.855 2.763 3.133
62 23 1 83.577 25.933 37.519 3.147 1.616 1.179 0.01
62 76 3 55.644 32.999 37.905 0.557 0.571 1.513 0.455
62 114 3 79.323 17.264 38.027 0.657 0.383 0.682 0.049
62 145 3 60.399 12.326 38.185 0.475 0.677 1.108 0.069
62 158 5 84.21 22.033 37.647 0.796 0.588 0.935 0.014
62 170 4 81.843 21.352 37.342 1.684 0.712 1.478 0.027
62 171 5 118.07 38.817 37.837 2.131 1.264 0.325 -0.013
62 180 4 53.489 14.938 37.492 1.868 0.584 1.544 0.039
62 187 3 25.233 5.542 38.083 0.267 0.51 0.578 3.127
62 192 4 70.829 18.794 37.43 1.839 0.631 1.54 -0.071
62 193 4 48.133 14.697 37.588 1.067 0.758 1.16 0.027
62 196 3 56.712 11.322 38.15 0.255 0.371 0.484 1.497
62 201 3 28.874 5.743 37.813 0.526 0.475 1.135 -3.141
62 203 2 60.974 42.256 38.237 10.696 2.759 2.866 3.132
63 23 1 85.023 26.317 37.506 3.158 1.538 1.105 0.064
63 76 3 55.624 32.912 37.964 0.508 0.45 1.568 -2.617
63 114 3 79.759 17.37 37.865 0.515 0.363 0.934 0.052
63 145 3 61.001 12.494 38.149 0.466 0.468 1.105 0.037
63 158 5 85.914 22.552 37.676 0.823 0.453 0.763 0.014
63 170 4 83.323 21.775 37.307 1.558 0.59 1.454 0.154
63 171 5 118.846 39.111 37.837 2.108 0.979 0.273 0.031
63 180 4 55.09 15.236 37.409 1.847 0.503 1.54 0.032
63 187 3 24.926 5.361 38.165 0.137 0.248 0.386 3.141
63 192 4 72.733 19.22 37.38 1.623 0.632 1.513 0.024
63 193 4 49.441 14.986 37.745 0.849 0.698 0.808 0.071
63 201 3 28.259 5.631 37.671 0.62 0.357 1.342 0.128
63 203 2 54.347 40.937 38.285 11.076 2.707 2.919 -3.133
63 210 5 69.467 48.06 37.176 1.375 0.448 0.564 -3.077
63 213 5 41.617 20.894 37.323 0.103 0.292 0.317 0.039
64 23 1 86.923 26.748 37.457 3.202 1.576 1.228 0.028
64 76 3 55.653 32.918 37.986 0.606 0.402 1.495 0.209
64 114 3 80.364 17.436 37.626 0.519 0.471 1.512 0.006
64 145 3 61.913 12.619 38.192 0.712 0.572 1.075 -3.135
64 158 5 88.02 23.04 37.706 0.77 0.49 0.661 0
64 170 4 85.243 22.256 37.352 1.694 0.654 1.56 0.012
64 180 4 57.017 15.648 37.454 1.79 0.574 1.565 0.062
64 187 3 24.668 5.342 37.995 0.231 0.479 0.577 3.017
64 192 4 75.049 19.762 37.407 1.718 0.603 1.572 0.006
64 193 4 50.936 15.351 37.889 0.505 0.558 0.554 0
64 201 3 27.412 5.398 37.584 0.565 0.486 1.429 3.057
64 203 2 46.68 39.358 38.323 10.704 2.615 3.037 -3.121
64 210 5 64.919 46.87 37.203 1.372 0.502 0.816 3.142
64 213 5 41.191 20.43 37.53 2.545 1.285 0.876 0
64 216 5 109.554 35.426 37.29 0.264 0.398 0.498 0.005
64 217 5 76.289 43.065 37.329 0.464 0.807 0.311 3.081
64 218 5 38.415 12.844 37.886 0.204 0.502 0.453 0
65 23 1 88.805 27.187 37.433 3.308 1.625 1.224 0.04
65 76 3 55.64 32.905 37.999 0.452 0.522 1.469 1.798
65 114 3 80.903 17.641 37.967 0.604 0.361 0.8 -0.015
65 145 3 62.706 12.873 38.372 0.291 0.468 0.625 0.123
65 158 5 90.059 23.431 37.709 0.931 0.531 0.898 0.053
65 170 4 87.059 22.76 37.334 1.64 0.669 1.557 0.053
65 180 4 58.532 16.002 37.455 2.004 0.599 1.609 0.085
65 187 3 24.359 5.351 38.106 0.235 0.432 0.308 3.142
65 192 4 76.992 20.148 37.36 1.699 0.643 1.529 0
65 193 4 52.518 15.615 37.949 0.591 0.628 0.628 0.04
65 201 3 26.897 5.191 37.673 0.439 0.294 1.187 0.149
65 203 2 40.004 37.88 38.28 11.022 2.615 3.048 -3.118
65 210 5 60.727 45.895 37.312 0.924 0.45 0.946 3.123
65 213 5 41.667 20.823 37.627 2.511 0.633 0.628 0
65 216 5 112.038 35.986 37.295 0.418 0.351 0.549 0.039
65 217 5 72.193 41.647 37.357 3.618 0.406 0.754 -3.126
65 218 5 40.386 12.861 37.454 0.947 0.732 1.324 -0.017
65 222 1 32.322 14.282 38.017 1.824 2.061 0.521 -0.017
66 23 1 91.112 27.7 37.504 3.081 1.7 1.203 -0.085
66 76 3 55.647 32.919 37.978 0.44 0.51 1.579 1.236
66 114 3 81.502 17.753 37.596 0.376 0.526 1.402 -0.969
66 145 3 63.624 13.012 38.284 0.285 0.622 0.746 -2.617
66 158 5 92.484 23.993 37.8 0.888 0.348 0.673 0.188
66 170 4 89.34 23.429 37.388 1.448 0.574 1.358 0.133
66 180 4 60.374 16.386 37.464 2.158 0.681 1.546 0.037
66 187 3 24.003 5.252 38.132 0.268 0.282 0.317 0
66 192 4 79.303 20.628 37.39 1.694 0.583 1.508 0.022
66 193 4 54.493 16.004 37.96 0.179 0.546 0.45 0
66 201 3 26.069 4.895 37.866 0.24 0.307 0.916 -3.14
66 203 2 32.824 36.321 37.912 9.524 2.424 2.001 -3.118
66 210 5 56.387 44.982 37.349 1.448 0.513 1.144 -3.125
66 213 5 43.726 21.109 37.369 0.603 0.683 0.196 0
66 216 5 114.271 36.43 37.334 0.265 0.539 0.277 0.057
66 217 5 63.706 39.844 37.288 3.31 0.631 0.818 0.036
66 218 5 42.047 12.871 37.452 1.671 0.563 1.479 0
66 222 1 32.633 14.639 37.923 1.802 1.416 0.755 0
67 23 1 96.654 28.821 37.383 2.397 1.576 1.351 0.029
67 76 3 55.655 32.959 37.986 0.483 0.526 1.494 0.351
67 114 3 83.085 18.332 37.957 0.685 0.344 0.724 -0.059
67 145 3 65.667 13.43 37.775 0.767 0.642 1.839 0.047
67 158 5 98.531 25.207 37.775 0.979 0.345 0.66 0.087
67 170 4 95.455 25.074 37.692 1.244 0.547 0.67 0.021
67 180 4 64.993 17.421 37.458 1.941 0.608 1.6 0.026
67 192 4 84.709 22.069 37.373 1.701 0.653 1.569 0.019
67 193 4 60.074 17.432 37.973 0.557 0.596 0.53 0.055
67 203 2 18.602 32.435 38.191 0.205 0.9 1.179 -3.129
67 213 5 45.691 21.365 37.66 2.281 1.313 0.502 0.055
67 216 5 118.9 37.285 37.165 0.159 0.481 0.532 -0.012
67 217 5 61.984 38.35 37.315 3.137 0.172 0.717 -3.13
67 218 5 46.849 13.483 37.443 1.654 0.562 1.401 -0.054
67 222 1 35.06 15.086 38.093 0.857 1.771 0.272 0
67 229 3 59.118 12.755 37.624 0.577 0.544 1.449 0.057
68 23 1 99.113 29.271 37.383 3.317 1.584 1.193 0.019
68 76 3 55.682 32.908 37.943 0.397 0.337 1.469 0.5
68 114 3 83.579 18.562 37.995 0.659 0.341 0.685 -3.121
68 145 3 66.423 13.568 37.797 0.704 0.674 1.762 -0.004
68 158 5 100.797 25.724 37.714 1.073 0.354 0.516 -0.063
68 170 4 97.792 25.563 37.701 1.214 0.624 0.683 -0.063
68 180 4 66.635 17.796 37.453 1.865 0.601 1.605 0.019
68 192 4 86.766 22.628 37.378 1.892 0.669 1.554 0.019
68 193 4 62.186 17.849 37.97 0.304 0.538 0.442 0.022
68 213 5 46.841 21.577 37.674 2.181 1.345 0.539 0.026
68 216 5 120.519 37.557 37.29 0.55 0.74 0.581 -0.016
68 217 5 54.978 36.75 37.251 1.36 0.158 0.348 -3.128
68 218 5 48.49 13.974 37.415 1.429 0.696 1.537 0.013
68 222 1 35.82 15.145 38.073 2.485 1.594 0.592 -0.021
68 229 3 59.714 12.965 37.761 0.481 0.677 1.257 0.047
68 231 5 112.543 28.072 37.678 0.444 0.379 0.589 0.002
69 23 1 101.059 29.617 37.469 3.448 1.503 1.123 -0.038
69 76 3 55.671 32.938 37.987 0.401 0.382 1.531 0.442
69 114 3 83.968 18.734 38.023 0.381 0.103 0.661 -0.066
69 145 3 67.157 13.773 37.774 0.784 0.662 1.757 -0
69 158 5 103.002 26.195 37.737 0.978 0.369 0.466 -0.026
69 170 4 99.995 26.038 37.72 0.992 0.582 0.713 -0.018
69 180 4 68.257 18.209 37.431 1.898 0.509 1.577 -0.009
69 192 4 88.72 23.162 37.393 1.757 0.588 1.569 -0.068
69 193 4 64.628 18.28 37.887 0.534 0.602 0.475 0
69 216 5 122.35 37.706 37.473 0.747 0.647 1.204 -0.119
69 218 5 50.342 14.454 37.437 0.974 0.591 1.3 0
69 222 1 37.64 15.674 38.005 1.908 1.663 0.548 0
69 229 3 60.373 13.227 37.658 0.313 0.544 1.315 0
69 231 5 114.769 28.573 37.405 0.727 0.28 1.283 0
70 23 1 103.254 29.97 37.31 3.609 1.657 1.494 -0.061
70 76 3 55.706 32.96 37.769 0.376 0.382 0.64 -0
70 114 3 84.572 18.832 38.038 0.316 0.266 0.596 -3.059
70 145 3 67.948 13.933 37.75 0.793 0.624 1.795 0.034
70 158 5 105.286 26.726 37.782 0.933 0.434 0.477 -0.096
70 170 4 102.444 26.501 37.738 0.953 0.558 0.672 -0.096
70 180 4 69.913 18.567 37.417 1.85 0.546 1.532 -0.018
70 192 4 90.862 23.607 37.366 1.729 0.687 1.474 -0.037
70 193 4 66.923 18.751 37.871 0.543 0.604 0.472 -0.018
70 216 5 124.057 38.176 37.209 0.412 0.445 0.543 -0.042
70 218 5 51.82 14.914 37.409 1.378 0.567 1.321 -0.071
70 222 1 39.088 16.043 37.925 1.571 1.709 0.56 -0.071
70 229 3 60.971 13.344 37.809 0.285 0.6 0.894 3.105
70 231 5 117.203 28.93 37.462 1.06 0.474 1.257 -0.032
71 23 1 104.938 30.247 37.53 2.365 1.616 1.112 -0.042
71 145 3 68.623 14.073 37.778 0.857 0.655 1.744 3.125
71 158 5 107.609 27.336 37.728 1.011 0.375 0.657 -0.036
71 170 4 104.953 27.109 37.805 1.191 0.539 0.582 -0.068
71 180 4 71.575 18.997 37.415 1.815 0.591 1.5 -0.028
71 192 4 92.957 24.128 37.384 1.723 0.65 1.538 -0.001
71 193 4 69.365 19.299 37.761 0.75 0.67 0.697 -0.028
71 216 5 126.216 38.497 37.291 0.371 0.422 0.52 -0.045
71 218 5 53.438 15.379 37.359 1.357 0.814 1.349 -0.031
71 222 1 40.082 16.176 37.784 1.999 1.598 1.163 -0.013
71 229 3 61.58 13.596 37.744 0.357 0.594 0.971 -0.137
71 231 5 119.423 29.358 37.483 0.834 0.434 0.633 -0.023
71 238 3 118.498 25.017 37.666 0.23 0.164 0.764 -0.078
72 23 1 107.777 30.798 37.308 3.449 1.499 1.439 -0.014
72 145 3 69.389 14.227 37.745 0.876 0.693 1.809 0.014
72 158 5 109.918 27.833 37.768 0.931 0.345 0.5 -0.001
72 170 4 107.329 27.614 37.778 0.987 0.565 0.55 -0.001
72 180 4 73.263 19.35 37.411 1.828 0.599 1.595 0.027
72 192 4 95.311 24.681 37.381 1.764 0.596 1.542 -0.053
72 193 4 71.794 20.039 37.703 0.917 0.625 0.937 0.027
72 216 5 128.632 38.902 37.127 0.693 0.257 0.549 -0.024
72 218 5 55.03 15.717 37.435 1.511 0.592 1.448 0.021
72 222 1 41.217 16.54 37.583 2.334 1.654 1.411 0.054
72 229 3 62.127 13.773 37.659 0.465 0.535 1.063 -3
72 231 5 121.67 29.663 37.738 0.751 0.399 0.951 -0.041
72 238 3 118.971 24.916 37.525 0.509 0.523 1.34 3.139
73 23 1 111.012 31.384 37.481 3.937 1.623 1.217 -0.006
73 145 3 70.244 14.452 37.714 0.595 0.669 1.641 0.01
73 158 5 112.822 28.346 37.816 0.941 0.273 0.698 -0.019
73 170 4 110.385 28.312 37.796 1.203 0.629 0.418 -0.019
73 180 4 75.212 19.797 37.39 1.869 0.465 1.623 0.022
73 192 4 97.933 25.311 37.364 1.718 0.56 1.497 -0.006
73 193 4 74.603 20.936 37.609 1.12 0.649 1.164 0.022
73 216 5 131.58 39.412 37.268 0.297 0.163 0.517 -0.01
73 218 5 57.394 16.258 37.385 1.003 0.753 1.299 0.008
73 222 1 42.132 16.605 37.489 3.434 1.632 1.181 0.008
73 229 3 62.958 13.744 37.718 0.22 0.384 0.97 3.139
73 231 5 124.444 30.115 37.675 0.546 0.313 0.534 0.031
73 238 3 119.503 24.954 37.634 0.292 0.487 1.472 -0.027
73 242 4 111.818 26.867 37.399 1.323 0.566 1.551 -3.089
73 243 5 99.067 48.172 37.24 2.734 0.107 0.321 0.021
73 244 1 51.384 19.622 37.22 3.217 0.283 1.015 0.008
73 245 3 86.213 19.072 37.993 0.498 0.421 0.728 0.035
74 23 1 117.517 32.847 37.556 3.527 1.706 1.062 0.019
74 145 3 72.196 14.933 38.118 0.306 0.698 0.949 0.113
74 158 5 119.073 28.995 37.684 0.731 0.448 0.813 -0.003
74 170 4 116.941 29.649 37.85 1.078 0.496 0.578 -0.003
74 180 4 79.611 20.742 37.334 1.793 0.556 1.459 0.002
74 192 4 103.458 26.466 37.378 1.72 0.657 1.547 -0.036
74 193 4 81.061 22.425 37.532 1.268 0.861 1.221 0.002
74 218 5 61.514 16.906 37.278 1.395 0.588 1.376 0.002
74 222 1 45.624 17.48 37.623 1.877 1.531 1.346 -0.016
74 229 3 64.587 14.192 37.72 0.412 0.642 0.959 3.132
74 231 5 130.385 31.289 37.546 1.184 0.46 1.158 -0.003
74 238 3 120.821 25.085 37.731 0.43 0.566 1.232 -0.097
74 242 4 107.432 26.219 37.435 1.228 0.621 1.592 3.082
74 243 5 99.573 47.32 37.322 1.476 1.488 0.172 3.108
74 244 1 55.416 20.072 37.115 1.808 1.069 0.512 -0.016
74 245 3 87.5 19.288 37.586 0.788 0.488 1.453 0.269
74 249 5 151.485 43.451 37.24 0.531 0.304 0.324 0.079
75 23 1 120.072 33.534 37.558 3.5 1.6 1.002 0.097
75 145 3 72.916 15.099 37.898 0.309 0.588 1.348 3.124
75 158 5 121.461 29.097 37.403 1.071 0.465 1.228 -0.011
75 170 4 119.613 30.178 37.796 1.027 0.57 0.538 -0.011
75 180 4 81.441 21.135 37.739 0.986 0.394 0.907 0.004
75 192 4 105.718 26.951 37.394 1.677 0.598 1.602 -0.076
75 193 4 83.465 22.884 37.564 1.041 0.833 1.092 0.004
75 218 5 63.189 17.202 37.286 1.371 0.55 1.398 -0.031
75 222 1 45.922 18.113 37.41 3.17 0.401 0.754 -0.029
75 229 3 65.127 14.221 37.578 0.376 0.66 1.209 3.124
75 231 5 132.883 31.722 37.591 1.23 0.399 0.972 0.033
75 238 3 121.242 25.3 37.871 0.27 0.225 0.829 3.118
75 242 4 105.875 25.877 37.5 1.408 0.691 1.531 3.065
75 243 5 94.492 45.461 37.456 1.16 0.148 0.631 3.134
75 244 1 56.503 20.432 37.309 1.601 1.021 0.872 -0.029
75 245 3 88.042 19.411 37.557 0.725 0.447 1.507 0.082
75 249 5 155.093 44.158 37.603 1.422 0.785 1.139 0.033
75 250 5 142.7 41.342 37.251 0.715 0.451 0.842 0.033
76 23 1 122.538 34.144 37.64 3.319 1.699 0.959 0.035
76 145 3 73.532 15.185 37.733 0.576 0.612 1.6 -0.046
76 158 5 124.279 29.351 37.358 1.611 0.563 1.47 -0.077
76 170 4 122.275 30.589 37.81 1.075 0.583 0.68 -0.055
76 180 4 82.786 21.645 37.792 0.293 0.482 0.668 0.009
76 192 4 108.044 27.339 37.396 1.711 0.558 1.523 -0.12
76 193 4 85.933 23.331 37.589 1.119 0.66 1.036 0.009
76 218 5 64.806 17.403 37.288 1.424 0.59 1.224 -0.026
76 222 1 47.772 17.876 37.59 1.928 1.447 1.422 -0.039
76 229 3 65.778 14.436 37.578 0.341 0.58 1.459 -0.141
76 231 5 135.11 32.264 37.413 1.132 0.429 0.877 -0.064
76 238 3 121.706 25.156 37.959 0.202 0.524 0.744 -0.225
76 242 4 104.576 25.848 37.474 1.621 0.581 1.5 3.068
76 243 5 89.88 44.398 37.487 2.703 0.156 0.574 3.117
76 244 1 58.437 20.827 37.033 0.876 0.835 0.502 -0.019
76 245 3 88.603 19.497 37.63 0.658 0.415 1.483 -0.014
76 249 5 157.794 45.032 37.317 0.801 0.389 0.332 -0.03
76 250 5 146.169 42.07 37.537 1.119 0.946 1.241 -0.03
77 23 1 125.157 34.946 37.721 3.462 1.641 0.699 0.062
77 145 3 74.212 15.449 37.88 0.541 0.303 1.496 3.141
77 158 5 126.908 29.717 37.312 1.437 0.52 1.391 -0.06
77 170 4 125.127 31.059 37.712 1.108 0.57 0.672 -0.06
77 180 4 84.72 22.192 37.798 0.61 0.434 0.358 -0.018
77 192 4 110.469 27.65 37.407 1.649 0.553 1.6 -0.164
77 193 4 88.392 23.832 37.712 1.011 0.665 0.844 -0.052
77 218 5 66.538 17.837 37.372 1.37 0.44 1.279 -0.016
77 222 1 48.939 18.886 37.417 1.449 0.557 0.81 -0.001
77 229 3 66.316 14.581 37.52 0.382 0.604 1.37 3.14
77 231 5 137.078 32.534 37.704 0.812 0.381 1.088 -0.026
77 238 3 122.209 25.231 37.755 0.339 0.551 1.138 -0.013
77 244 1 60.144 21.11 37.143 0.401 1.041 0.526 -0.001
77 245 3 89.148 19.577 37.54 0.497 0.437 1.494 -0.07
77 249 5 160.628 45.591 37.537 0.366 0.582 0.554 -0.038
77 250 5 149.14 42.621 37.312 0.299 0.863 0.555 -0.038
77 258 5 68.307 27.073 37.348 0.315 0.642 0.032 -0.001
78 23 1 127.859 35.602 37.713 3.751 1.659 0.731 0.028
78 145 3 75.16 15.487 37.759 0.377 0.696 1.357 0.016
78 158 5 129.187 30.151 37.384 1.265 0.505 1.287 -0.093
78 170 4 127.781 31.567 37.643 1.206 0.642 0.883 0.003
78 180 4 86.26 22.562 37.887 0.448 0.467 0.616 0
78 192 4 112.998 27.997 37.409 1.716 0.621 1.585 -0.125
78 193 4 90.574 24.449 37.893 0.544 0.532 0.54 0
78 218 5 68.245 18.307 37.624 0.719 0.511 0.782 -0.038
78 222 1 50.341 19.132 37.411 1.408 0.301 0.813 0.004
78 229 3 66.973 14.772 37.51 0.305 0.553 1.386 -0.022
78 231 5 139.342 33 37.721 1.006 0.397 1.095 0.005
78 238 3 122.683 25.293 37.625 0.653 0.584 1.443 0.073
78 244 1 62.016 21.592 37.15 0.501 1.074 0.535 -0.001
78 245 3 89.625 19.649 37.575 0.576 0.441 1.385 0.014
78 249 5 163.765 46.462 37.546 0.558 0.9 0.582 -0.024
78 250 5 152.437 43.32 37.3 0.372 1.085 0.6 0.011
78 258 5 70.721 27.456 37.347 0.465 1.003 0.076 -0.017
78 261 4 101.464 25.391 37.447 1.731 0.733 1.622 3.098
79 23 1 130.345 36.428 37.595 3.9 1.785 0.929 0.025
79 145 3 75.775 15.642 37.646 0.984 0.527 1.586 -3.141
79 158 5 132.116 30.807 37.524 1.481 0.486 1.309 0.019
79 170 4 130.6 32.065 37.581 1.26 0.468 0.863 0.019
79 180 4 88.184 23.126 37.87 0.798 0.454 0.593 0.035
79 192 4 115.729 28.324 37.383 1.887 0.639 1.511 -0.07
79 193 4 93.036 25.106 37.99 0.571 0.404 0.308 -0.038
79 222 1 52.119 18.877 37.442 1.701 1.768 0.802 -0.038
79 229 3 67.457 14.846 37.344 0.514 0.556 1.143 -0.032
79 231 5 141.379 33.384 37.665 0.775 0.474 1.044 0.019
79 238 3 123.271 25.398 37.58 0.753 0.574 1.446 -0.067
79 244 1 64.303 22.142 37.072 0.443 1.039 0.283 -0.038
79 245 3 90.122 19.704 37.575 0.432 0.435 1.324 3.119
79 250 5 155.823 44.065 37.516 0.703 1.254 1.279 -0.036
79 258 5 72.959 27.756 37.076 0.733 1.591 0.679 -0.038
79 261 4 100.188 25.21 37.416 1.756 0.687 1.631 -3.117
80 23 1 132.8 37.043 37.538 3.971 1.662 1.199 0.052
80 145 3 76.687 15.891 37.688 0.506 0.55 1.66 0.036
80 158 5 134.499 31.388 37.632 0.985 0.493 1.007 0.005
80 170 4 133.471 32.619 37.563 1.354 0.634 1.241 0.005
80 180 4 89.71 23.551 37.645 1.411 0.499 0.729 0.013
80 192 4 118.314 28.74 37.424 1.641 0.591 1.57 -0.036
80 193 4 95.293 25.794 37.984 0.23 0.285 0.225 0.013
80 222 1 54.27 19.956 37.39 0.603 0.509 0.518 0
80 229 3 68.197 15.1 37.536 0.324 0.488 1.505 0.036
80 231 5 143.687 33.809 37.632 0.719 0.406 0.69 -0.002
80 238 3 123.756 25.512 37.575 0.671 0.532 1.515 -0.058
80 244 1 65.397 22.294 37.084 3.374 1.467 0.506 0.013
80 245 3 90.627 19.787 37.535 0.417 0.52 1.462 0.013
80 250 5 159.181 45.124 37.478 1 1.31 0.727 -0.013
80 258 5 75.363 28.669 37.074 0.814 1.175 0.513 0.013
80 261 4 98.955 25.008 37.448 1.657 0.706 1.611 -3.128
80 265 5 62.262 18.804 37.966 0.261 1.093 0.026 0.013
81 23 1 136.066 37.982 37.472 3.927 1.894 1.353 -0.024
81 145 3 77.739 16.163 37.752 0.253 0.42 1.503 -0.001
81 158 5 137.979 32.216 37.948 0.642 0.322 0.378 -0.028
81 170 4 137.409 33.493 37.76 1.463 0.544 0.85 -0.012
81 180 4 92.228 24.35 37.335 1.784 0.494 1.411 0
81 192 4 122.137 29.403 37.41 1.753 0.561 1.566 -0.124
81 193 4 98.755 26.674 37.959 0.28 0.435 0.329 -0.026
81 222 1 56.787 20.343 37.371 0.515 0.774 0.512 -0.017
81 229 3 69.048 15.362 37.635 0.498 0.564 1.278 -0.013
81 231 5 146.692 34.638 37.733 0.715 0.457 0.896 -0.038
81 238 3 124.418 25.707 37.621 0.447 0.273 1.294 -0.191
81 244 1 69.342 23.231 37.126 2.086 1.31 0.345 0
81 245 3 91.311 20.078 37.62 0.185 0.066 0.456 -0.031
81 250 5 163.37 46.44 37.474 0.656 0.893 0.773 0
81 258 5 78.585 29.347 37.079 0.861 1.303 0.47 -0.013
81 261 4 97.517 24.748 37.883 0.21 0.404 0.453 -0.026
81 265 5 64.466 19.482 37.958 0.24 1.014 0.029 0
82 23 1 142.245 39.802 37.433 3.922 1.706 1.404 0.04
82 145 3 79.673 16.601 37.701 0.332 0.573 1.592 3.064
82 158 5 144.552 33.671 37.51 1.033 0.486 1.289 0.014
82 180 4 96.53 25.469 37.32 2.159 0.447 1.462 0.01
82 193 4 105.15 27.847 37.71 1.194 0.721 0.946 0.01
82 222 1 61.755 21.389 37.354 0.828 0.984 0.515 0.006
82 229 3 70.681 15.875 37.666 0.287 0.581 1.136 3.073
82 231 5 152.829 36.43 37.856 0.869 0.448 0.717 0.014
82 238 3 125.558 25.738 38.046 0.282 0.208 0.722 0.179
82 244 1 76.71 24.903 37.126 1.156 1.401 0.504 0.006
82 245 3 92.588 20.217 37.539 0.697 0.496 1.332 -0.087
82 258 5 84.589 30.447 37.025 0.942 1.557 0.719 0.006
82 261 4 93.816 23.98 37.87 0.419 0.365 0.561 0.01
82 265 5 68.711 20.891 37.811 0.739 1.027 0.298 0.006
82 270 2 54.01 22.375 38.539 10.504 2.989 3.077 0.002
82 272 4 78.102 20.854 37.535 0.579 0.725 1.067 0.006
83 23 1 145.009 40.466 37.42 4.453 1.64 1.371 0.037
83 145 3 80.399 16.765 37.785 0.345 0.588 1.341 0.062
83 158 5 147.083 34.174 37.442 1.349 0.551 1.407 0.003
83 180 4 98.45 25.731 37.369 1.811 0.496 1.375 -0.004
83 193 4 107.562 28.278 37.502 1.451 0.638 1.462 -0.003
83 222 1 63.594 21.791 37.234 0.861 1.138 0.8 0.015
83 229 3 71.295 15.996 37.541 0.481 0.578 1.364 -0.042
83 231 5 155.343 37.115 37.914 0.61 0.293 0.554 0.106
83 244 1 78.594 25.23 37.137 3.772 1.805 0.979 0.003
83 258 5 86.714 31.02 37.101 0.729 1.768 0.716 0.007
83 261 4 92.534 23.6 37.721 0.322 0.479 0.759 -0.014
83 265 5 70.763 21.668 37.846 0.611 0.976 0.304 -0.006
83 270 2 56.153 22.761 38.51 11.351 2.961 3.136 0.026
83 272 4 79.835 21.369 37.315 0.759 0.704 1.546 -0.033
83 273 5 147.41 35.682 37.993 0.519 0.421 0.283 0.026
84 23 1 147.297 41.258 37.442 4.026 1.335 1.166 0.081
84 145 3 81.134 17.025 37.87 0.329 0.575 1.381 3.078
84 158 5 149.637 34.72 37.466 0.858 0.601 1.592 -0.013
84 180 4 100.211 25.941 37.38 1.784 0.492 1.462 -0.008
84 193 4 110.037 28.566 37.442 1.625 0.835 1.581 0.222
84 222 1 65.639 22.293 37.11 0.427 1.119 0.334 0.039
84 229 3 71.968 16.208 37.431 0.237 0.557 1.014 3.031
84 231 5 157.668 37.781 38.029 0.458 0.395 0.219 -3.064
84 244 1 82.207 26.332 37.12 2.354 1.307 0.532 -0.031
84 258 5 89.06 31.463 37.106 0.506 1.06 0.41 0.023
84 261 4 91.043 23.236 37.773 0.323 0.397 0.63 -3.062
84 270 2 58.473 23.813 38.472 11.375 3.021 2.728 -0.026
84 272 4 81.461 21.801 37.414 0.666 0.499 1.035 -0.082
84 273 5 150.131 36.536 37.561 1.112 0.542 1.446 0.067
84 275 3 126.606 25.649 37.667 0.774 0.522 1.491 -0.077
84 276 4 134.775 31.566 37.448 1.144 0.595 1.52 -0.046
84 277 3 93.672 20.378 37.561 0.359 0.342 1.343 -3.127
85 23 1 149.873 41.891 37.447 3.572 1.445 1.12 0.057
85 145 3 81.9 17.093 37.737 0.328 0.539 1.629 0.055
85 158 5 152.04 35.331 37.493 1.361 0.583 1.489 0.152
85 180 4 102.131 26.152 37.679 1.074 0.539 0.9 -0.041
85 193 4 112.645 28.977 37.434 1.62 0.814 1.551 -0.041
85 222 1 66.246 22.356 37.508 3.439 1.519 1.035 0.035
85 229 3 72.484 16.25 37.581 0.696 0.613 1.423 0.033
85 244 1 84.742 26.926 37.2 3.873 1.434 0.869 -0.002
85 258 5 89.99 31.607 37.412 2.636 1.442 0.873 -0.002
85 261 4 89.115 22.771 37.366 1.405 0.688 1.413 -3.101
85 270 2 61.291 24.077 38.893 11.207 3.02 2.348 0.035
85 272 4 82.973 22.199 37.753 0.187 0.354 0.358 -3.101
85 273 5 153.199 37.24 37.517 1.415 0.604 1.467 0.152
85 275 3 127.05 25.72 37.671 0.495 0.59 1.476 -0.046
85 276 4 137.866 32.289 37.438 1.659 0.551 1.437 0.027
85 277 3 94.097 20.611 37.811 0.447 0.437 0.832 -0.005
86 23 1 152.789 42.736 37.52 3.761 1.362 1.464 0.06
86 145 3 82.582 17.427 37.844 0.342 0.386 1.392 3.129
86 158 5 154.522 36.075 37.809 0.871 0.471 0.917 -0.009
86 180 4 103.954 26.353 37.829 0.883 0.522 0.578 -0.04
86 193 4 115.419 29.215 37.414 1.69 0.77 1.518 -0.04
86 222 1 68.456 22.83 37.5 3.381 1.642 1.041 0.07
86 229 3 73.235 16.469 37.576 0.292 0.561 1.391 3.111
86 244 1 87.764 27.488 37.15 3.809 1.816 1.103 0.012
86 258 5 92.522 32.322 37.213 1.942 1.875 1.067 0.035
86 261 4 87.513 22.444 37.304 1.3 0.613 1.429 0.001
86 270 2 63.926 24.534 38.865 11.322 3.059 2.246 0.085
86 273 5 156.19 37.805 37.485 1.588 0.581 1.574 0.02
86 275 3 127.589 25.78 37.663 0.433 0.589 1.525 -0.099
86 276 4 140.929 32.966 37.488 1.177 0.523 1.25 -0.058
86 277 3 94.654 20.75 37.719 0.393 0.477 1.002 -0.056
87 23 1 156.421 43.845 37.605 3.885 1.327 1.284 0.069
87 145 3 83.573 17.39 37.683 0.497 0.427 1.599 0.002
87 180 4 105.834 26.419 37.789 1.413 0.57 0.745 -0.085
87 193 4 119.001 29.486 37.437 1.881 0.89 1.484 -0.008
87 222 1 72.641 23.922 37.376 2.095 1.09 0.729 -0.004
87 229 3 73.973 16.609 37.867 0.271 0.464 0.678 -0.045
87 244 1 91.435 28.366 37.205 4.006 1.607 1.07 0.002
87 258 5 95.482 32.994 37.116 0.818 1.704 0.595 0.001
87 261 4 85.806 21.957 37.972 0.203 0.348 0.286 -0.028
87 270 2 66.998 25.743 38.787 11.287 3.058 2.161 0.008
87 273 5 159.598 38.585 37.491 1.794 0.63 1.583 0.008
87 275 3 128.198 25.94 37.695 0.494 0.603 1.478 -0.106
87 276 4 144.19 33.909 37.864 0.611 0.459 0.47 -0.002
87 277 3 95.324 20.901 37.612 0.565 0.513 1.555 -0.063
87 286 1 81.907 25.56 37.432 2.034 1.463 1.019 0.014
88 23 1 159.219 44.705 37.393 3.749 1.299 1.077 0.067
88 145 3 84.309 17.58 37.659 0.39 0.663 1.634 3.121
88 180 4 107.706 26.6 37.443 1.772 0.602 1.497 -0.07
88 193 4 122.009 29.847 37.46 1.84 0.84 1.566 -0.069
88 222 1 74.501 24.086 37.387 1.944 1.704 1.243 0.007
88 244 1 94.421 28.948 37.243 4.016 1.963 1.164 0.009
88 258 5 96.464 33.16 37.312 2.879 1.846 1.011 0.009
88 270 2 69.515 26.232 38.528 11.148 2.917 2.559 0.007
88 275 3 128.807 26.123 37.644 0.197 0.261 0.976 -3.136
88 277 3 95.823 21.093 37.584 0.412 0.515 1.606 -0.122
88 286 1 84.682 26.267 37.368 2.698 1.406 1.214 0.007
89 23 1 161.954 45.491 37.471 3.522 1.341 0.805 0.077
89 145 3 85.115 17.683 37.681 0.428 0.621 1.579 0.067
89 180 4 109.544 26.86 37.416 1.865 0.544 1.613 0.002
89 193 4 125.071 30.334 37.46 1.877 0.826 1.546 0.002
89 222 1 77.023 24.949 37.36 1.873 1.465 0.905 0.023
89 244 1 97.245 29.667 37.346 4.073 1.615 1.418 0.001
89 258 5 98.285 33.653 37.333 2.844 1.822 1.117 0.001
89 270 2 71.726 26.687 38.706 11.235 3.185 2.814 0.023
89 275 3 129.143 26.108 37.685 0.559 0.605 1.506 0.027
89 277 3 96.268 21.177 37.596 0.607 0.494 1.579 0.118
89 286 1 87.553 27.039 37.395 2.818 1.506 1.303 0.003
89 290 3 75.26 16.787 37.844 0.272 0.687 0.695 3.13
90 23 1 169.249 47.941 37.399 3.444 0.968 0.745 0.103
90 145 3 86.978 18.265 37.678 0.341 0.623 1.502 -3.124
90 180 4 114.227 27.485 37.429 1.841 0.694 1.615 -0.075
90 193 4 133.45 31.657 37.71 1.269 0.561 0.925 -0.094
90 222 1 83.092 25.917 37.301 3.555 2.06 1.58 -0.016
90 244 1 103.709 31.144 37.35 4.489 1.967 1.364 0.009
90 258 5 102.255 34.543 37.49 3.108 1.809 1.496 0.009
90 270 2 76.836 27.588 38.679 11.312 3.008 2.421 0.052
90 275 3 130.453 26.235 37.679 0.552 0.598 1.515 -0.019
90 277 3 97.628 21.456 37.948 0.462 0.439 0.821 -3.136
90 286 1 94.709 28.923 37.399 3.45 1.5 1.527 0.036
90 290 3 76.883 16.923 37.579 0.382 0.636 1.113 3.109
91 23 1 172.922 49.189 37.352 3.495 1.468 0.645 0.006
91 145 3 87.647 18.578 37.588 0.498 0.553 1.699 0
91 180 4 116.077 27.757 37.416 1.906 0.581 1.578 -0.033
91 193 4 137.098 32.246 37.43 1.813 0.641 1.501 -0.022
91 222 1 85.426 26.457 37.387 4.063 1.992 1.505 -0.003
91 244 1 106.341 31.771 37.408 4.336 1.924 1.445 0.015
91 258 5 103.498 34.874 37.455 2.896 1.813 1.285 -0.003
91 270 2 77.073 27.756 38.784 14.278 3.042 2.528 0.002
91 275 3 130.89 26.287 37.676 0.427 0.485 1.517 2.24
91 277 3 98.097 21.558 37.874 0.456 0.511 0.933 -0.021
91 286 1 97.402 29.473 37.403 3.331 1.856 1.226 -0.003
91 290 3 77.515 17.028 37.475 0.519 0.62 1.293 0
92 23 1 175.141 49.701 37.777 1.367 1.136 1.096 0.028
92 180 4 117.86 28.024 37.446 1.967 0.604 1.587 0.037
92 193 4 140.537 32.974 37.434 1.89 0.553 1.521 0.05
92 222 1 88.071 27.131 37.455 4.075 1.681 1.46 -0.016
92 244 1 108.889 32.438 37.431 4.356 1.93 1.462 0.033
92 258 5 104.393 35.108 37.515 2.841 1.724 1.412 0.041
92 270 2 79.151 27.903 38.78 12.836 3.118 2.432 0.033
92 275 3 131.335 26.397 37.685 0.665 0.538 1.494 0.011
92 277 3 98.577 21.634 37.636 0.507 0.535 1.463 3.028
92 286 1 99.628 29.907 37.367 3.768 1.958 1.446 0.035
92 290 3 78.178 17.142 37.503 0.369 0.535 1.289 2.991
