0 2 1 47.841 7.723 37.17 2.419 0.808 0.839 0
0 3 5 14.182 79.456 37.243 0.823 0.321 0.459 -0.012
0 4 3 52.505 44.751 37.536 0.569 0.689 1.44 -3.055
0 6 1 30.531 86.437 36.822 3.877 0.306 1.045 -0.038
0 7 1 32.245 77.356 37.167 4.203 1.494 1.398 0
0 8 5 49.813 40.545 37.926 0.195 0.502 0.366 -0.019
0 10 5 41.82 74.77 37.7 0.165 0.236 0.223 -0.528
0 14 1 36.518 60.229 37.2 3.563 1.88 1.445 -0
0 17 4 50.585 32.723 37.237 1.863 0.754 1.511 0
0 21 5 15.653 78.226 37.311 0.42 0.387 0.471 0.042
0 22 3 53.189 43.789 37.567 0.7 0.64 1.685 -3.055
0 27 3 50.943 54.293 37.373 0.568 0.559 1.517 -1.425
0 30 1 42.722 42.502 37.388 3.994 2.103 1.67 0
0 33 3 14.506 64.879 37.162 0.411 0.622 1.494 0.039
0 35 1 44.096 22.3 37.473 4.133 2.262 1.67 0
0 39 1 42.704 57.063 37.293 4.252 1.974 1.678 0
0 40 1 48.399 51.194 36.926 0.385 0.272 0.787 3.108
0 41 3 53.112 44.915 37.601 0.687 0.531 1.602 -3.055
0 42 4 46.773 52.166 37.181 1.718 0.718 1.517 0
0 43 4 27.645 22.638 37.229 1.101 0.452 1.622 -3.131
0 47 2 26.865 100.836 37.521 3.675 2.005 2.161 -0.014
0 48 1 35.572 74.725 37.231 3.065 1.857 0.98 0
0 49 3 43.289 85.092 37.549 0.429 0.565 1.087 -2.999
0 51 3 52.498 43.556 37.44 0.55 0.524 1.634 -3.055
1 2 1 47.324 10.089 37.16 1.937 0.689 0.825 -0
1 3 5 13.809 81.143 37.251 0.238 0.314 0.495 -3.131
1 4 3 52.584 44.24 37.469 0.539 0.605 1.675 -3.111
1 6 1 30.161 87.621 37.046 3.984 0.55 1.539 0
1 7 1 32.107 78.169 37.123 4.293 1.408 1.539 -0
1 8 5 49.356 42.656 37.939 0.221 0.248 0.228 0.17
1 10 5 40.999 78.653 37.596 0.221 0.372 0.398 0.041
1 14 1 36.34 61.119 37.187 3.616 1.887 1.473 0
1 17 4 49.936 36.113 37.243 1.887 0.733 1.537 -0.022
1 21 5 15.16 80.307 37.303 0.451 0.436 0.494 3.115
1 22 3 53.327 43.221 37.584 0.489 0.603 1.636 -3.111
1 27 3 51.096 54.035 37.38 0.615 0.485 1.514 -3.137
1 30 1 42.243 44.587 37.376 3.92 2.139 1.696 0
1 33 3 14.435 65.406 37.375 0.625 0.484 1.134 0.01
1 35 1 43.639 24.664 37.224 2.68 2.212 1.314 0
1 39 1 42.472 58.271 37.232 4.256 1.861 1.594 0.004
1 40 1 48.465 51.267 36.926 0.421 0.437 0.722 0.014
1 41 3 53.297 44.374 37.552 0.731 0.535 1.684 -3.111
1 42 4 46.086 55.541 37.165 1.752 0.845 1.492 0.006
1 43 4 27.956 21.021 37.526 1.248 0.389 0.869 -3.126
1 47 2 26.415 102.993 37.549 3.645 1.768 2.155 0
1 48 1 35.195 76.443 37.116 3.079 1.874 1.219 0
1 49 3 43.437 84.409 37.597 0.459 0.571 1.06 3.107
1 51 3 52.645 42.902 37.419 0.639 0.597 1.621 -3.111
1 52 2 60.158 92.512 38.143 6.789 2.359 2.36 3.113
2 2 1 46.873 12.374 37.144 1.534 0.549 0.807 0
2 3 5 13.357 83.266 37.112 0.499 0.338 0.675 0.002
2 4 3 52.729 43.502 37.487 0.638 0.613 1.456 3.13
2 6 1 29.526 88.762 37.086 3.775 1.353 1.48 0
2 7 1 32.027 79.008 37.16 4.119 1.166 1.482 0
2 8 5 48.955 44.747 37.946 0.229 0.239 0.223 3.13
2 10 5 40.056 82.67 37.429 0.822 0.492 0.616 0.263
2 14 1 36.181 61.962 37.191 3.706 1.87 1.458 0
2 17 4 49.151 39.626 37.451 0.875 0.535 0.974 -0.012
2 21 5 14.755 82.263 37.266 0.661 0.486 0.44 0.016
2 22 3 53.388 42.616 37.597 0.468 0.534 1.618 3.13
2 27 3 51.11 53.802 37.413 0.398 0.643 1.462 -1.514
2 30 1 41.837 46.403 37.383 3.994 2.122 1.663 0
2 33 3 14.467 65.84 37.189 0.543 0.639 1.503 0.092
2 35 1 43.143 26.506 37.154 2.308 1.978 1.075 0
2 39 1 42.242 59.485 37.287 4.358 1.903 1.687 0
2 40 1 48.516 51.235 36.913 0.456 0.406 0.701 3.14
2 41 3 53.381 43.897 37.472 0.496 0.524 1.627 3.13
2 42 4 45.36 58.739 37.137 1.503 0.841 1.507 0
2 43 4 27.982 19.816 37.476 0.552 0.492 0.756 -3.107
2 47 2 25.835 105.301 37.528 3.711 1.804 2.199 0.002
2 48 1 34.731 78.386 37.224 2.999 1.683 0.976 0
2 49 3 43.587 83.779 37.599 0.391 0.54 1.119 3.138
2 51 3 52.885 42.427 37.639 0.455 0.554 1.138 3.13
2 52 2 60.032 92.239 38.088 6.461 2.098 2.564 3.119
2 56 5 52.235 0.674 37.002 0.241 1.495 0.353 0
3 2 1 46.409 14.145 37.548 2.175 0.823 1.043 -0.006
3 3 5 12.939 85.146 37.251 0.245 0.399 0.453 -3.098
3 4 3 52.84 43.067 37.716 0.286 0.562 1.084 -3.013
3 6 1 29.218 90.241 37.115 4.036 1.33 1.452 0.001
3 7 1 31.918 80.049 37.06 3.938 0.918 1.335 0.009
3 8 5 48.689 47.002 37.499 0.664 0.792 1.083 0.159
3 10 5 39.445 86.434 37.248 0.687 0.658 0.845 0.005
3 14 1 35.967 62.963 37.206 3.796 1.802 1.443 -0.003
3 17 4 48.593 42.629 37.864 0.083 0.132 0.099 0.1
3 21 5 14.344 84.245 37.289 0.495 0.344 0.45 -3.106
3 22 3 53.501 42.059 37.967 0.247 0.345 1.016 -2.78
3 27 3 51.105 53.669 37.408 0.509 0.571 1.602 -1.637
3 30 1 41.483 48.187 37.39 4.004 2.072 1.647 0.019
3 33 3 14.333 66.332 37.278 0.522 0.594 1.212 -3.089
3 35 1 42.826 28.644 37.111 1.417 1.863 0.961 0.011
3 39 1 42.075 60.616 37.396 4.25 2.054 1.919 0.002
3 40 1 48.54 51.264 36.928 0.343 0.375 0.788 0.134
3 41 3 53.59 43.341 37.599 0.6 0.48 1.537 -3.132
3 42 4 44.584 61.927 37.798 0.151 0.04 0.043 -0.008
3 43 4 28.425 18.104 37.619 1.173 0.417 0.737 0.074
3 47 2 25.362 107.708 37.533 3.676 1.957 2.237 0
3 48 1 34.337 80.477 37.148 3.065 1.861 1.096 0.005
3 49 3 43.83 83.023 37.269 0.617 0.842 1.794 -0.042
3 51 3 53.047 41.915 37.869 0.403 0.303 0.77 -2.821
3 52 2 60.167 91.864 38.014 5.661 2.125 2.595 -3.14
3 56 5 50.877 6.355 37.085 0.83 1.461 0.416 0.004
3 59 3 51.28 71.648 37.613 0.396 0.465 0.989 -1.621
3 61 5 25.972 72.518 37.678 0.477 0.404 0.573 -3.129
4 2 1 46.041 16.476 37.288 1.721 0.57 0.952 -0.004
4 3 5 12.505 87.101 37.22 0.177 0.215 0.497 0.005
4 4 3 53.008 42.535 37.793 0.333 0.585 0.916 -3.132
4 6 1 28.886 91.789 37.075 3.845 1.336 1.475 -0.004
4 7 1 31.417 81.316 37.142 4.304 1.284 1.536 -0.004
4 8 5 48.006 49.191 37.445 1.187 0.7 1.216 0.026
4 10 5 38.645 90.338 37.484 0.423 0.384 0.517 -0.018
4 14 1 35.809 63.709 37.213 3.599 1.843 1.434 -0.004
4 17 4 47.876 45.831 37.892 0.195 0.236 0.227 0.037
4 22 3 53.603 41.546 37.889 0.224 0.38 0.989 -3.132
4 27 3 51.058 53.721 37.396 0.351 0.498 1.608 -1.421
4 30 1 41.1 49.869 37.366 3.98 2.124 1.686 -0.004
4 33 3 14.19 66.74 37.21 0.48 0.591 1.647 3.086
4 35 1 42.4 30.227 37.175 1.918 2.191 1.102 -0.004
4 39 1 41.822 61.797 37.38 4.292 2.151 1.864 -0.004
4 40 1 48.548 51.277 36.912 0.305 0.278 0.649 3.124
4 41 3 53.683 42.787 37.698 0.39 0.363 1.079 -3.132
4 42 4 43.825 65.183 37.731 0.271 0.262 0.255 -0.019
4 43 4 28.594 16.861 37.193 0.68 0.458 1.579 -3.083
4 47 2 24.737 110.208 37.473 3.629 1.887 2.269 -0.004
4 48 1 33.779 83.315 37.361 4.125 2.068 0.964 -0.004
4 49 3 43.844 82.446 37.229 0.781 0.541 1.606 3.118
4 51 3 53.31 41.379 37.745 0.275 0.235 0.376 -3.132
4 52 2 60.286 91.326 37.94 4.533 2.163 2.442 -3.126
4 56 5 49.709 11.212 37.212 1.429 1.663 0.811 -0.004
4 59 3 50.654 71.522 37.596 0.348 0.623 1.041 -1.524
4 61 5 26.653 70.591 37.616 0.823 0.671 0.88 -3.055
5 2 1 45.603 18.349 37.183 2.178 0.663 0.771 0.067
5 3 5 12.112 89.239 37.087 0.507 0.489 0.765 -3.096
5 4 3 53.307 41.967 37.839 0.255 0.535 0.748 -3.081
5 6 1 28.576 93.316 37.105 3.85 1.417 1.408 0.012
5 7 1 31.207 82.737 37.074 4.454 1.114 1.263 -0.013
5 8 5 47.511 51.286 37.356 1.294 0.716 1.388 0.072
5 10 5 37.852 94.382 37.394 0.4 0.573 0.559 0.034
5 14 1 35.647 64.641 37.197 3.591 1.862 1.434 0.019
5 27 3 51.067 53.771 37.411 0.613 0.42 1.524 -3.136
5 30 1 40.756 51.58 37.378 4.07 2.088 1.681 0.019
5 33 3 14.092 67.206 37.267 0.513 0.548 1.63 -2.857
5 35 1 42.109 31.872 37.237 2.728 2.149 1.252 0.063
5 39 1 41.549 62.95 37.231 4.337 2.052 1.597 0.006
5 40 1 48.566 51.322 36.948 0.333 0.313 0.656 -3.051
5 41 3 53.941 42.229 37.694 0.562 0.669 1.004 -3.114
5 42 4 43.107 68.557 37.406 0.666 0.85 0.926 -0.936
5 43 4 28.923 15.255 37.639 0.827 0.457 0.572 -3.112
5 47 2 24.074 112.78 37.525 3.568 1.93 2.46 0.011
5 48 1 33.277 85.219 37.295 3.074 1.746 1.041 0.01
5 49 3 44.105 81.626 37.212 0.85 0.581 1.668 0.073
5 51 3 53.783 40.958 37.954 0.326 0.442 0.808 -3.128
5 52 2 60.142 91.473 38.049 4.728 1.765 2.119 -3.136
5 56 5 48.621 16.625 37.174 0.531 1.7 0.576 -0.005
5 59 3 50.03 71.289 37.582 0.423 0.534 1.089 -1.278
5 61 5 27.223 68.752 37.352 0.89 0.712 1.473 -3.081
5 68 5 26.363 21.656 37.669 0.894 0.751 0.76 -0.093
6 2 1 44.984 20.36 37.375 2.15 0.96 1.333 0.043
6 3 5 11.815 91.246 37.284 0.362 0.459 0.504 0.034
6 4 3 53.48 41.511 37.751 0.213 0.481 0.807 -3.048
6 6 1 28.43 94.957 36.873 3.773 1.091 1.109 0.046
6 7 1 30.744 84.106 37.071 4.304 1.315 1.377 0.013
6 8 5 47.099 53.171 37.221 1.705 0.758 1.64 0.039
6 10 5 37.058 98.278 37.382 0.756 0.653 0.589 0.045
6 14 1 35.408 65.652 37.185 3.816 1.808 1.431 -0.003
6 17 4 46.464 52.388 37.543 0.816 0.69 0.885 0.043
6 27 3 51.093 53.649 37.364 0.374 0.726 1.546 -1.502
6 30 1 40.463 53.066 37.369 4.052 2.123 1.651 0.043
6 33 3 13.998 67.595 37.304 0.454 0.464 0.865 -3.031
6 35 1 41.582 33.836 37.411 2.791 2.111 1.603 0.043
6 39 1 41.296 64.063 37.28 4.307 1.957 1.68 -0.001
6 40 1 48.466 51.304 36.826 0.353 0.325 0.595 -3.103
6 41 3 54.132 41.714 37.82 0.54 0.618 0.962 -3.048
6 42 4 42.496 71.799 37.124 1.701 0.736 1.477 0.043
6 43 4 29.283 13.609 37.522 1.093 0.493 0.625 -2.982
6 47 2 23.64 115.381 37.544 3.694 1.87 2.441 -0.02
6 48 1 32.909 87.831 37.387 3.246 1.767 0.889 0.046
6 49 3 44.309 80.976 37.233 0.693 0.623 1.724 3.063
6 51 3 53.909 40.438 37.82 0.305 0.478 0.983 -3.048
6 52 2 60.284 91.433 37.954 4.584 2.083 2.276 -3.133
6 56 5 47.741 20.769 37.289 1.428 1.659 0.723 0.042
6 59 3 49.497 71.259 37.485 0.42 0.684 1.137 -1.486
6 61 5 27.874 66.883 37.365 1.106 0.793 1.558 -3.126
6 68 5 26.241 22.322 37.643 0.794 0.553 0.725 -3.136
6 72 3 53.21 40.167 37.651 0.306 0.139 0.345 -3.07
7 2 1 44.253 24.487 37.321 1.955 0.773 1.262 -0
7 3 5 10.825 95.194 37.31 0.342 0.375 0.538 3.105
7 4 3 53.731 40.406 37.773 0.31 0.568 0.934 -3.009
7 6 1 27.653 98.52 37.092 3.854 1.006 1.321 -0
7 7 1 30.123 87.091 37.09 4.343 1.328 1.446 -0
7 8 5 46.249 57.26 37.261 1.498 0.659 1.573 0.044
7 14 1 34.96 67.902 37.209 3.633 1.943 1.419 0
7 17 4 45.132 58.56 37.167 1.921 0.757 1.597 0.044
7 27 3 51.241 53.128 37.735 0.45 0.613 0.84 -3.032
7 30 1 39.83 56.22 37.359 3.978 2.13 1.677 0
7 33 3 13.674 68.565 37.515 0.7 0.605 1.143 -3.015
7 35 1 40.991 37.362 37.451 3.134 1.725 1.679 0
7 39 1 40.697 66.267 37.292 4.315 1.725 1.666 0
7 41 3 54.491 40.602 37.876 0.493 0.641 0.695 -3.009
7 42 4 41.334 78.301 37.525 0.289 0.507 0.528 3.126
7 47 2 22.736 119.01 37.508 0.389 1.957 2.134 0.055
7 48 1 31.954 92.631 37.466 3.242 1.638 0.747 0
7 49 3 44.74 79.72 37.278 0.516 0.606 1.782 -3.071
7 51 3 54.213 39.372 38.11 0.193 0.321 0.538 -3.009
7 52 2 60.298 91.36 37.745 4.568 2.083 2.036 3.141
7 56 5 45.782 29.36 37.384 0.646 1.415 0.283 0
7 68 5 25.824 23.336 37.584 0.496 0.748 0.588 0.062
7 72 3 53.525 39.023 37.762 0.424 0.495 0.969 -3.009
8 2 1 43.747 26.142 37.363 2.497 0.826 1.447 -0.008
8 3 5 10.316 97.381 37.352 0.679 0.512 0.538 -3.086
8 4 3 53.918 39.828 37.782 0.261 0.429 0.826 -3.095
8 6 1 27.207 100.363 36.912 3.714 1.024 0.897 -0.017
8 7 1 29.681 88.62 37.127 4.414 1.548 1.45 -0.017
8 8 5 45.756 59.355 37.187 1.687 0.678 1.642 -0.008
8 14 1 34.638 69.393 37.21 3.616 2.125 1.455 -0.017
8 17 4 44.473 61.806 37.168 1.977 0.692 1.536 -0.008
8 27 3 51.419 52.707 37.391 0.443 0.59 1.468 -3.093
8 30 1 39.524 57.713 37.353 4.076 2.116 1.67 -0.008
8 33 3 13.676 69.002 37.233 0.779 0.458 1.695 -3.107
8 35 1 40.822 38.131 37.441 4.414 1.808 1.611 -0.008
8 39 1 40.484 67.286 37.301 4.289 1.707 1.666 -0.008
8 41 3 54.582 40.031 37.823 0.49 0.631 1.022 -3.095
8 42 4 40.552 81.736 37.702 0.243 0.26 0.275 3.121
8 47 2 22.154 121.574 37.567 0.363 1.9 2.238 0.044
8 48 1 31.804 93.578 37.296 0.683 1.626 0.43 -0.017
8 49 3 44.957 79.141 37.294 0.571 0.631 1.846 3.14
8 52 2 60.4 91.189 37.827 4.138 2.122 1.866 3.06
8 56 5 45.175 32.326 37.663 2.426 1.484 0.893 -0.008
8 68 5 25.993 24.188 37.678 0.808 0.275 0.908 0.404
8 72 3 53.67 38.483 37.825 0.404 0.487 0.707 -3.095
8 77 5 11.805 96.338 37.384 0.592 0.44 0.473 -3.086
8 78 4 29.291 61.336 37.397 1.478 0.898 1.599 3.108
9 2 1 43.371 28.07 37.335 2.521 0.829 1.442 0
9 3 5 9.922 99.206 37.354 0.46 0.415 0.512 -0.072
9 4 3 54.061 39.258 37.736 0.278 0.301 0.864 3.118
9 6 1 26.774 102.52 36.886 4.128 1.016 0.962 -0.004
9 7 1 29.384 90.122 37.128 4.212 1.484 1.468 -0.004
9 8 5 45.291 61.343 37.193 1.655 0.694 1.672 0
9 14 1 34.396 71.207 37.209 3.671 2.015 1.418 -0.025
9 17 4 43.846 65.022 37.156 1.614 0.7 1.551 0
9 27 3 51.419 52.419 37.341 0.598 0.573 1.531 -3.105
9 30 1 39.21 59.257 37.365 4.011 2.143 1.694 0
9 33 3 13.559 69.41 37.533 0.686 0.471 1.112 0.028
9 35 1 40.671 39.465 37.153 4.499 1.494 1.17 0
9 39 1 40.374 68.02 37.298 4.344 1.635 1.677 0
9 41 3 54.724 39.463 37.799 0.423 0.662 1.037 3.118
9 42 4 39.894 85.096 37.542 0.352 0.469 0.506 -0.03
9 47 2 21.283 125.576 37.625 3.52 1.917 2.299 0.065
9 48 1 31.125 96.648 37.123 2.996 1.716 0.787 -0.004
9 49 3 45.134 78.545 37.296 0.756 0.644 1.724 2.664
9 52 2 60.357 91.121 37.802 3.982 2.067 1.914 3.115
9 56 5 44.137 36.387 37.356 1.241 1.822 0.426 0
9 68 5 25.806 24.871 37.613 0.699 0.531 0.952 -0.034
9 72 3 53.839 37.936 37.731 0.449 0.597 0.878 3.118
9 77 5 11.308 98.109 37.338 0.46 0.395 0.512 -0.072
9 78 4 29.613 59.483 37.505 1.099 0.498 1.413 3.14
9 83 1 48.715 57.123 36.92 0.382 0.302 0.678 -3.105
10 2 1 43.029 29.967 37.34 2.421 0.789 1.424 -0.011
10 3 5 9.358 101.333 37.305 0.742 0.291 0.611 3.133
10 4 3 54.175 38.653 37.794 0.271 0.239 0.742 -3.101
10 6 1 26.307 104.465 37.026 3.879 1.07 0.726 0.024
10 7 1 29.046 91.818 37.137 4.377 1.524 1.481 0.013
10 8 5 44.768 63.309 37.16 1.661 0.691 1.604 0.031
10 14 1 34.172 73.27 37.212 3.532 1.824 1.457 -0.073
10 17 4 43.13 68.166 37.845 0.299 0.122 0.136 -0.005
10 27 3 51.565 51.972 37.345 0.691 0.599 1.508 -3.12
10 30 1 38.921 60.747 37.314 3.866 2.112 1.664 -0.008
10 33 3 13.55 69.647 37.454 0.347 0.342 0.99 0.012
10 35 1 40.431 40.738 37.087 4.639 1.513 1.272 -0.013
10 39 1 40.278 68.566 37.411 4.401 1.648 1.473 -0.01
10 41 3 54.814 38.879 37.694 0.399 0.624 0.918 -3.126
10 42 4 39.227 88.483 37.426 0.281 0.639 0.684 -0.006
10 48 1 31.104 97.248 37.152 1.018 1.516 0.784 0.009
10 49 3 45.317 77.878 37.27 1.001 0.561 1.752 3.11
10 52 2 60.195 90.969 37.741 3.953 1.997 1.871 3.115
10 56 5 43.424 39.811 37.431 1.411 1.891 0.392 -0.003
10 68 5 25.725 25.512 37.684 0.762 0.381 0.617 -3.027
10 72 3 54.028 37.401 37.694 0.391 0.609 0.939 -3.094
10 77 5 10.924 100.323 37.27 0.599 0.514 0.331 -3.054
10 78 4 30.037 57.851 37.695 1.285 1.159 1.004 -3.129
10 83 1 48.735 57.082 36.897 0.398 0.288 0.668 -0.07
11 2 1 42.766 31.922 37.25 1.944 0.642 1.414 -0.014
11 3 5 8.981 103.355 37.421 0.735 0.345 0.663 -3.126
11 6 1 26.175 104.986 37.036 0.794 1.083 0.743 -0.027
11 7 1 28.812 93.482 37.085 4.328 1.373 1.377 -0.014
11 8 5 44.242 65.08 37.583 0.737 0.684 0.896 3.044
11 14 1 33.971 75.396 37.195 3.534 1.769 1.404 -0.121
11 17 4 42.541 71.47 37.45 1.433 0.822 1.019 -0.014
11 27 3 51.676 51.633 37.389 0.413 0.569 1.571 3.117
11 30 1 38.631 62.056 37.317 3.95 2.158 1.623 -0.014
11 33 3 13.514 70.313 37.756 0.578 0.466 0.717 0.148
11 35 1 39.993 41.88 37.403 4.312 1.776 1.734 -0.014
11 39 1 40.292 69.077 37.374 4.418 1.806 1.538 -0.014
11 41 3 54.991 38.258 37.661 0.555 0.553 1.228 3.136
11 42 4 38.475 91.979 37.451 0.425 0.687 0.616 -0.014
11 48 1 30.522 100.033 37.32 2.861 1.521 0.24 0.015
11 49 3 45.525 77.19 37.307 1.031 0.536 1.747 3.044
11 52 2 60.544 89.865 37.792 1.674 2.015 1.83 3.039
11 56 5 42.754 42.814 37.463 1.109 1.987 0.282 -0.014
11 72 3 54.207 36.831 37.646 0.514 0.696 0.798 3.123
11 77 5 10.49 102.077 37.283 0.243 0.363 0.245 0.015
11 78 4 30.268 56.196 37.79 1.05 0.716 0.815 3.024
11 83 1 48.739 57.062 36.893 0.341 0.264 0.657 3.117
12 2 1 42.377 33.171 37.361 2.415 0.745 1.396 -0.012
12 6 1 25.485 108.472 36.997 3.575 0.926 1.548 -0.009
12 7 1 28.437 95.094 37.014 4.324 1.381 1.348 -0.038
12 8 5 43.748 67.145 37.905 0.177 0.182 0.153 -1.73
12 14 1 33.626 77.447 37.171 3.576 1.971 1.463 -0.102
12 17 4 41.849 74.696 37.158 1.449 0.55 1.579 0.021
12 27 3 51.689 51.349 37.344 0.743 0.422 1.531 3.141
12 30 1 38.346 63.424 37.303 3.872 2.041 1.617 -0.012
12 33 3 13.318 70.762 37.851 0.534 0.388 0.391 -3.136
12 35 1 40.052 43.159 37.177 4.47 1.206 1.259 -0.012
12 39 1 40.173 69.57 37.273 4.466 1.85 1.701 -0.004
12 41 3 55.055 37.746 37.764 0.311 0.505 0.744 -3.136
12 42 4 37.775 95.227 37.151 0.936 0.606 0.919 0.004
12 48 1 30.374 100.398 37.507 1.207 1.002 0.486 -0.024
12 49 3 45.741 76.437 37.295 0.911 0.462 1.791 -3.111
12 52 2 60.607 89.837 37.758 1.739 2.196 1.827 3.073
12 56 5 42.09 45.631 37.695 1.461 1.928 0.596 -0.012
12 72 3 54.306 36.271 37.656 0.39 0.458 0.587 -3.136
12 78 4 30.587 54.636 37.902 0.597 0.766 0.551 3.074
12 83 1 48.78 57.046 36.912 0.213 0.264 0.552 -1.73
13 2 1 42.152 34.763 37.27 2.024 0.802 1.424 -0.006
13 6 1 24.992 110.761 36.755 3.915 0.96 1.254 -0.036
13 7 1 28.123 96.824 37.078 4.233 1.362 1.366 -0.007
13 8 5 43.302 69.182 37.934 0.18 0.185 0.285 -0.926
13 14 1 33.442 79.582 37.195 3.739 1.893 1.425 -0.133
13 17 4 41.128 78.022 37.779 0.385 0.238 0.325 -3.103
13 27 3 51.798 50.914 37.419 0.56 0.529 1.481 3.123
13 30 1 38.102 64.614 37.331 3.95 2.123 1.662 -0.017
13 33 3 13.288 71.192 37.644 0.54 0.443 0.868 -3.052
13 35 1 39.577 44.281 37.417 4.367 1.518 1.724 -0.019
13 39 1 40.126 69.842 37.307 4.692 1.836 1.684 -0.017
13 41 3 55.104 37.149 37.752 0.458 0.721 1.071 -3.131
13 42 4 37.044 98.85 37.371 0.517 0.568 0.534 -0.072
13 48 1 29.881 102.612 37.212 2.966 1.781 0.48 -0.03
13 49 3 45.907 75.817 37.337 0.884 0.488 1.752 -3.071
13 52 2 60.619 89.797 37.768 1.37 1.994 1.816 -3.124
13 56 5 41.479 48.124 37.552 2.09 2.065 0.357 -0.004
13 72 3 54.219 35.618 37.603 0.382 0.382 0.858 3.139
13 78 4 30.968 52.92 37.899 0.382 0.66 0.518 3.117
13 83 1 48.813 57.086 36.896 0.283 0.333 0.405 3.034
13 93 3 54.208 36.929 37.741 0.312 0.288 0.602 3.126
13 95 3 80.09 73.311 37.985 0.387 0.669 1.67 -2.363
14 2 1 41.839 36.263 37.203 1.733 0.629 0.865 -0.008
14 6 1 24.488 112.858 36.816 3.752 1.054 1.096 -0.001
14 7 1 27.736 98.568 37.164 4.312 1.405 1.199 -0.018
14 8 5 42.881 71.474 37.241 1.413 0.709 1.657 -0.008
14 14 1 33.187 81.619 37.17 3.441 1.814 1.465 -0.115
14 17 4 40.416 81.479 37.171 1.539 0.608 1.43 -0.068
14 27 3 51.946 50.578 37.394 0.32 0.516 1.369 3.056
14 30 1 37.823 65.868 37.346 3.912 2.101 1.645 -0.008
14 33 3 13.095 71.594 37.628 0.695 0.505 0.887 -0.092
14 35 1 39.294 45.455 37.42 4.514 1.582 1.673 -0.008
14 39 1 40.022 70.044 37.31 4.58 1.91 1.687 -0.016
14 41 3 55.312 36.681 37.75 0.331 0.576 0.892 3.104
14 48 1 29.558 103.923 37.229 3 1.607 0.436 -0.018
14 49 3 46.101 75.096 37.337 0.661 0.595 1.816 3.073
14 52 2 60.643 89.323 37.637 0.39 1.846 1.19 3.109
14 56 5 40.906 50.537 37.688 1.257 1.974 0.352 -0.008
14 72 3 54.392 35.196 37.611 0.355 0.42 0.646 3.049
14 78 4 31.409 51.233 37.99 0.397 0.425 0.226 -3.102
14 83 1 48.779 57.091 36.884 0.292 0.304 0.647 -3.041
14 93 3 54.919 35.323 38.021 0.206 0.292 0.785 3.104
14 95 3 79.532 73.634 37.984 0.567 0.511 1.388 3.075
15 2 1 41.608 37.52 37.232 1.944 0.529 1.352 -0
15 6 1 24.294 113.847 37.025 1.452 0.946 0.725 -0.023
15 7 1 27.398 100.25 37.277 4.21 1.401 1.009 -0.023
15 8 5 42.616 73.193 37.686 0.645 0.742 0.769 -0.029
15 14 1 32.985 83.546 37.2 3.317 1.827 1.415 -0.119
15 17 4 39.76 84.898 37.604 0.386 0.518 0.486 -0.055
15 27 3 51.934 50.222 37.452 0.575 0.625 1.532 3.126
15 30 1 37.54 67.134 37.344 3.964 2.094 1.677 0
15 33 3 13.041 72.003 37.509 0.621 0.346 1.192 -3.082
15 35 1 39.162 46.738 37.397 4.334 1.287 1.663 0
15 39 1 40.057 69.974 37.347 4.747 1.894 1.77 0
15 41 3 55.405 36.151 37.664 0.364 0.464 0.952 -3.068
15 48 1 29.519 104.007 37.265 0.615 1.067 0.433 -0.023
15 49 3 46.234 74.48 37.681 0.495 0.419 1.122 -3.089
15 52 2 60.904 89.483 37.901 0.59 1.522 1.72 -3.13
15 56 5 40.379 52.858 37.668 1.431 1.897 0.602 0
15 72 3 54.602 34.581 37.839 0.41 0.574 0.621 3.049
15 78 4 31.737 49.689 38.056 0.149 0.381 0.271 -3.14
15 95 3 78.852 73.934 37.935 0.75 0.467 1.445 -2.886
15 103 3 64.393 68.302 37.791 0.343 0.562 1.268 -1.898
16 2 1 41.182 39.85 37.237 1.921 0.621 1.369 -0.009
16 6 1 23.291 118.943 36.906 3.89 0.923 0.88 -0.012
16 7 1 26.779 103.433 37.202 4.326 1.448 1.122 -0.012
16 8 5 41.851 77.269 37.235 1.509 0.772 1.566 -0.008
16 14 1 32.605 86.613 37.16 3.337 1.704 1.441 -0.113
16 17 4 38.511 90.944 37.372 0.967 0.632 0.931 0.022
16 27 3 52.138 49.418 37.667 0.308 0.62 1.061 0.09
16 30 1 37.065 69.278 37.317 3.997 2.111 1.651 -0.012
16 33 3 12.93 72.84 37.29 0.664 0.501 1.697 0.524
16 35 1 38.466 49.055 37.417 3.983 1.686 1.647 -0.009
16 39 1 40.063 69.999 37.286 4.8 1.825 1.647 -0.009
16 41 3 55.62 35.121 37.822 0.347 0.277 0.603 -3.067
16 48 1 29.315 106.328 37.274 0.687 1.477 0.354 0.005
16 49 3 46.686 73.327 37.685 0.419 0.722 1.05 -2.851
16 56 5 39.499 56.063 37.717 0.878 1.609 0.501 -0.009
16 72 3 54.915 33.517 37.826 0.287 0.245 0.619 2.786
16 93 3 54.988 34.025 37.945 0.307 0.26 0.855 -2.564
16 95 3 77.929 74.713 37.935 0.487 0.791 1.356 1.397
16 103 3 64.377 68.269 38.19 0.475 0.317 0.432 -0.01
16 107 1 16.226 102.456 37.402 2.104 1.419 0.82 3.13
17 2 1 40.759 41.056 37.36 2.057 0.739 1.235 -0.01
17 6 1 23.066 119.767 36.834 1.232 0.861 0.828 -0.006
17 7 1 26.448 104.654 37.129 3.318 1.628 1.125 -0.006
17 8 5 41.6 79.247 37.203 1.58 1.046 1.594 -0.01
17 14 1 32.509 87.853 37.122 3.277 1.835 1.492 -0.105
17 17 4 37.67 94.569 37.447 1.228 0.576 0.743 -0.018
17 27 3 52.181 49.013 37.746 0.257 0.486 0.943 3.056
17 30 1 36.803 70.422 37.337 4.077 2.091 1.669 -0.01
17 33 3 12.806 73.23 37.292 0.718 0.455 1.524 0.047
17 35 1 38.115 50.444 37.407 4.228 1.772 1.74 -0.01
17 39 1 40.088 70.123 37.287 4.315 1.745 1.668 -0.01
17 41 3 55.767 34.661 37.847 0.33 0.271 0.635 3.095
17 48 1 28.922 107.164 37.146 0.267 1.048 0.224 -0.024
17 49 3 46.78 72.782 37.329 0.84 0.649 1.594 -3.111
17 56 5 39.116 57.857 37.73 1.446 1.631 0.595 -0.01
17 93 3 55.009 33.63 37.989 0.288 0.555 0.875 3.095
17 95 3 77.397 74.992 37.91 0.736 0.488 1.335 -2.255
17 103 3 64.398 68.245 37.932 0.375 0.54 0.932 -1.567
17 107 1 17.506 96.453 37.322 3.127 1.544 1.039 3.1
18 2 1 40.367 42.171 37.329 2.314 0.96 1.377 0.002
18 6 1 22.661 121.978 36.781 1.43 0.866 0.805 -0.005
18 7 1 25.954 106.805 36.94 4.064 1.68 1.422 0.006
18 8 5 41.01 81.283 37.664 0.87 0.748 0.708 -0.026
18 14 1 32.374 88.86 37.14 3.304 1.799 1.469 -0.118
18 27 3 52.298 48.829 37.728 0.319 0.436 0.97 -3.126
18 30 1 36.555 71.579 37.298 4.032 2.111 1.681 0.009
18 33 3 12.689 73.662 37.528 0.723 0.645 1.158 -0.01
18 35 1 37.661 52.009 37.166 4.46 2.157 1.299 0.002
18 39 1 39.978 70.147 37.26 4.358 1.542 1.703 0.006
18 41 3 55.96 34.199 37.838 0.349 0.436 0.621 -3.074
18 48 1 28.38 109.421 37.152 3.2 1.388 0.373 0.003
18 49 3 46.994 71.939 37.312 0.976 0.643 1.694 3.126
18 56 5 38.764 59.35 37.713 1.295 1.704 0.677 0.01
18 95 3 76.799 75.553 37.89 0.44 0.75 1.581 -1.559
18 103 3 64.378 68.24 37.649 0.463 0.276 1.393 -0.099
18 107 1 18.715 90.797 37.07 3.291 1.609 1.59 -3.112
19 2 1 40.166 43.644 37.204 2.159 0.983 1.511 0.026
19 6 1 22.216 123.861 36.785 1.226 0.689 0.852 0.029
19 7 1 25.58 108.691 37.046 4.466 1.666 1.215 -0.026
19 8 5 40.471 83.521 37.168 1.679 0.697 1.66 -0.051
19 14 1 32.289 89.7 37.151 3.168 1.803 1.419 -0.091
19 27 3 52.362 48.608 37.892 0.209 0.379 0.497 -3.096
19 30 1 36.293 72.766 37.323 3.914 2.115 1.672 0.007
19 33 3 12.546 74.099 37.542 0.666 0.555 1.162 0.095
19 35 1 37.183 54.083 37.414 4.44 2.223 1.723 0.026
19 39 1 39.929 70.119 37.298 4.15 1.635 1.679 0.026
19 41 3 56.048 33.664 37.735 0.38 0.487 0.687 3.043
19 48 1 29.027 109.34 37.252 0.728 0.902 0.397 -0.026
19 49 3 47.136 71.264 37.322 0.78 0.541 1.79 -3.132
19 56 5 38.385 60.993 37.718 1.203 1.445 0.617 0.026
19 95 3 76.282 76.032 37.988 0.621 0.509 1.269 3.131
19 103 3 64.416 68.295 37.66 0.342 0.547 1.273 -2.035
19 107 1 20.023 84.963 37.134 4.148 1.647 1.579 -3.116
19 118 3 54.364 32.567 37.906 0.177 0.295 0.423 3.026
19 120 2 58.778 95.067 37.949 1.62 0.314 1.813 3.038
20 2 1 39.877 45.085 37.28 2.103 0.85 1.06 0.013
20 6 1 21.651 127.056 36.633 3.694 0.863 0.73 0.026
20 7 1 25.247 110.394 37.027 4.334 1.672 1.523 0.026
20 8 5 40.101 85.697 37.163 1.701 0.803 1.636 -0.072
20 14 1 32.257 90.416 37.14 3.068 1.917 1.464 -0.079
20 27 3 52.483 48.447 37.729 0.458 0.389 0.574 3.107
20 30 1 36.084 73.87 37.309 4.028 2.09 1.658 0.013
20 33 3 12.491 74.534 37.513 0.619 0.529 1.319 -0.089
20 35 1 36.725 56.129 37.398 4.392 2.153 1.732 0.013
20 39 1 40.047 70.133 37.273 3.998 1.624 1.65 0.013
20 41 3 56.265 33.123 37.691 0.494 0.464 1.159 2.954
20 48 1 28.216 111.254 37.324 3.093 1.088 0.791 0.107
20 49 3 47.288 70.653 37.299 0.608 0.679 1.668 -2.977
20 56 5 38.08 62.542 37.689 1.222 1.499 0.659 0.013
20 95 3 75.757 76.517 37.976 0.587 0.387 1.268 2.841
20 103 3 64.435 68.259 37.613 0.384 0.585 1.446 -1.86
20 107 1 21.5 79.055 37.732 2.13 0.934 0.407 0.013
20 118 3 54.263 32.035 37.784 0.262 0.293 0.309 3.057
20 120 2 58.917 94.755 37.848 2.315 0.45 1.819 3.119
20 127 1 41.589 84.582 36.779 0.221 0.267 0.578 -0.086
20 128 4 25.363 32.536 37.611 0.384 0.657 0.624 0.007
20 129 3 82.348 72.962 37.933 0.436 0.554 1.472 -2.413
21 2 1 39.437 46.548 37.3 2.179 0.851 1.123 0.019
21 6 1 21.505 127.158 36.929 0.255 0.79 0.719 0.007
21 7 1 24.85 112.133 37.031 4.244 1.775 1.359 0.007
21 8 5 39.678 87.766 37.557 1.029 0.717 0.861 0.036
21 14 1 32.185 90.852 37.136 2.768 1.744 1.448 -0.142
21 27 3 52.441 48.44 37.674 0.522 0.429 0.772 -3.121
21 30 1 35.821 75.131 37.307 3.942 2.107 1.688 0.03
21 33 3 12.396 74.976 37.453 0.687 0.476 1.167 -3.098
21 35 1 36.427 58.177 37.178 4.557 1.882 1.314 0.085
21 39 1 40 70.078 37.272 4.083 1.506 1.642 0.034
21 41 3 56.338 32.637 37.537 0.244 0.42 0.827 0.126
21 49 3 47.499 69.993 37.382 0.498 0.598 1.767 3.139
21 56 5 37.707 64.129 37.654 0.753 1.601 0.588 0.042
21 95 3 75.32 77.079 37.83 0.609 0.54 1.61 -2.95
21 103 3 64.445 68.313 37.633 0.331 0.487 1.489 -1.843
21 107 1 22.754 73.068 37.254 2.978 1.64 1.434 3.138
21 118 3 55.485 32.534 37.815 0.217 0.447 0.384 0.184
21 120 2 59.612 94.484 37.809 2.648 1.688 1.826 3.134
21 127 1 41.604 84.569 36.768 0.209 0.205 0.51 -2.581
21 128 4 25.772 33.412 38.123 1.439 0.583 1.7 1.945
21 129 3 81.984 72.276 38 0.487 0.697 1.459 -2.483
22 2 1 39.139 48 37.256 2.276 0.948 1.043 0.026
22 6 1 21.245 129.107 36.681 1.025 0.698 0.595 0.006
22 7 1 24.53 113.95 37.001 4.302 1.618 1.52 -0
22 8 5 39.222 90.075 37.359 1.345 0.728 1.195 0
22 14 1 32.109 91.535 37.138 3.067 2.047 1.448 0
22 27 3 52.433 48.478 37.554 0.529 0.518 0.811 -3.072
22 30 1 35.546 76.367 37.295 3.96 2.14 1.678 0.026
22 33 3 12.335 75.549 37.499 0.386 0.509 1.267 -0.021
22 35 1 35.865 60.214 37.363 4.552 2.085 1.764 0.026
22 39 1 39.973 69.945 37.264 4.298 1.348 1.684 0.026
22 49 3 47.614 69.356 37.364 0.354 0.656 1.74 -2.976
22 56 5 37.501 65.151 37.689 1.225 1.651 0.638 0.026
22 95 3 75.008 77.562 37.868 0.447 0.653 1.534 -3.069
22 103 3 64.523 68.294 37.695 0.509 0.636 1.318 -2.924
22 107 1 23.986 67.475 37.165 3.005 1.524 1.594 -3.116
22 118 3 55.751 32.026 37.858 0.169 0.312 0.722 -3.1
22 120 2 59.202 94.055 37.845 2.563 0.687 1.864 3.104
22 127 1 41.623 84.567 36.755 0.206 0.185 0.487 -3.076
22 128 4 25.996 33.039 38.302 2.073 1.184 1.75 -3.008
22 129 3 81.733 71.64 37.994 0.674 0.407 1.495 -3.101
22 135 5 28.498 111.272 37.006 0.134 0.411 0.15 -0.098
23 2 1 38.7 49.921 37.1 1.945 0.975 1.33 -0
23 6 1 20.915 130.805 37.001 1.267 0.807 1.286 0
23 7 1 24.173 115.421 37.059 3.852 1.718 1.443 0
23 8 5 38.885 92.065 37.118 1.781 0.754 1.684 0.083
23 14 1 32.071 91.952 37.14 2.706 2.037 1.428 0
23 27 3 52.481 48.503 37.638 0.435 0.456 1.092 -3.106
23 30 1 35.372 77.275 37.318 3.911 2.124 1.717 0
23 33 3 12.309 75.846 37.52 0.733 0.6 1.193 -3.071
23 35 1 35.476 62.076 37.374 4.603 2.109 1.726 -0
23 39 1 40.051 70 37.26 4.122 1.55 1.644 0
23 49 3 47.883 68.807 37.356 0.605 0.637 1.716 3.078
23 56 5 37.247 66.345 37.677 1.257 1.67 0.653 0
23 95 3 74.394 78.141 37.874 0.374 0.66 1.522 1.407
23 103 3 64.531 68.267 37.681 0.4 0.548 1.332 -1.815
23 107 1 25.205 61.734 37.409 2.86 1.51 1.17 3.142
23 118 3 55.891 31.458 37.797 0.11 0.303 0.736 -3.125
23 120 2 59.164 93.775 37.866 3.052 0.547 1.859 3.085
23 127 1 41.622 84.566 36.758 0.225 0.201 0.545 0.492
23 128 4 26.188 34.039 38.325 1.284 0.517 1.379 3.022
23 129 3 81.729 70.866 38.008 0.558 0.746 1.485 -2.759
23 135 5 27.875 112.489 37.423 1.74 1.067 0.728 0.025
24 2 1 37.955 52.906 37.163 3.744 1.081 1.219 -0.001
24 6 1 20.623 132.878 36.731 0.442 0.57 0.597 -0.018
24 7 1 23.663 118.416 37.042 3.894 1.549 1.456 0.012
24 14 1 31.911 93.186 37.133 2.829 2.042 1.435 0.006
24 27 3 52.457 48.451 37.567 0.364 0.44 1.1 0.055
24 30 1 35.165 78.339 37.339 3.993 2.125 1.717 0.015
24 33 3 12.101 76.633 37.52 0.633 0.533 1.171 3.142
24 35 1 34.886 65.287 37.366 4.474 1.999 1.719 0.019
24 39 1 39.586 69.999 37.261 4.008 0.619 1.557 0.019
24 49 3 48.242 67.587 37.604 0.321 0.643 1.139 0.085
24 56 5 36.885 68.287 37.676 1.158 1.638 0.636 0.019
24 95 3 73.648 79.07 37.825 0.481 0.643 1.573 -2.774
24 103 3 64.655 68.189 37.616 0.293 0.552 1.41 -1.89
24 107 1 27.317 51.428 37.82 1.662 1.34 0.286 3.136
24 118 3 56.113 30.438 37.678 0.255 0.39 0.778 -0.006
24 120 2 60.057 93.259 37.869 3.117 2.012 1.914 3.121
24 128 4 27.027 35.115 37.693 0.785 0.751 0.759 3.098
24 129 3 81.598 69.372 37.981 1.148 0.57 1.539 2.709
24 135 5 27.445 114.29 37.232 2.949 1.287 0.446 -0.006
24 141 3 49.435 59.944 37.567 0.28 0.423 0.8 0.141
25 2 1 37.49 54.971 37.169 4.038 1.1 1.281 0.009
25 7 1 23.432 120.152 36.815 3.978 1.221 0.952 -0.011
25 14 1 31.793 93.933 37.138 2.801 2.032 1.416 0.009
25 27 3 52.494 48.427 37.694 0.395 0.483 0.901 -3.08
25 30 1 35.036 78.907 37.317 3.986 2.162 1.699 0.009
25 33 3 11.985 77.005 37.255 0.764 0.555 1.616 0.041
25 35 1 34.415 66.866 37.369 4.683 2.021 1.728 0.009
25 39 1 39.646 69.993 37.216 3.949 0.72 1.607 0.009
25 49 3 48.519 66.943 37.783 0.342 0.622 1.062 2.985
25 56 5 36.692 69.038 37.717 1.324 1.584 0.561 0.009
25 95 3 73.264 79.623 37.918 0.624 0.446 1.523 0.631
25 103 3 64.726 67.999 38.058 0.39 0.371 0.645 -1.714
25 107 1 28.552 45.435 37.677 1.838 1.252 0.27 -3.067
25 120 2 60.164 92.895 37.793 3.22 2.106 2.05 3.136
25 128 4 27.429 35.313 37.981 0.811 0.537 0.116 2.988
25 129 3 81.497 68.73 38.098 0.76 0.458 1.505 -2.881
25 135 5 27.899 113.904 37.247 0.603 0.5 0.39 0.005
25 141 3 49.39 59.399 37.493 0.419 0.357 0.981 3.134
26 2 1 37.022 57.585 37.134 3.424 0.979 1.14 0.042
26 7 1 23.228 120.594 36.895 1.513 1.343 0.791 0.004
26 14 1 31.683 94.678 37.13 2.843 2.049 1.43 0.007
26 27 3 52.457 48.5 37.687 0.351 0.343 0.916 -0.016
26 30 1 34.899 79.552 37.31 3.842 2.105 1.715 0.03
26 33 3 11.867 77.472 37.219 0.598 0.502 1.68 0.064
26 35 1 34.101 68.627 37.31 4.405 2.006 1.597 0.021
26 39 1 39.496 69.949 37.224 3.936 0.442 1.534 0.006
26 49 3 48.546 66.262 37.664 0.408 0.649 1.311 0.089
26 56 5 36.5 69.798 37.685 1.239 1.615 0.628 0.006
26 95 3 72.843 80.405 37.941 0.935 0.507 1.469 -3.085
26 103 3 64.718 67.892 38.047 0.772 0.318 0.68 -1.597
26 120 2 60.263 92.661 37.782 3.235 2.24 2.074 3.121
26 128 4 27.721 35.657 37.771 0.907 0.459 0.541 -3.11
26 129 3 81.44 68.06 37.969 0.545 0.624 1.289 3.034
26 135 5 27.118 115.785 37.222 2.975 1.348 0.449 0.006
26 141 3 49.244 58.807 37.516 0.51 0.626 0.925 -0.098
26 147 4 37.043 100.353 37.259 1.032 0.654 1.327 -0.012
26 148 3 32.126 137.545 37.655 0.253 0.369 0.717 -0.113
27 2 1 36.305 60.062 37.172 2.777 1.269 1.357 0.024
27 7 1 22.97 122.295 36.844 1.603 1.233 0.816 -0.014
27 14 1 31.543 95.324 37.138 2.783 2.054 1.44 -0
27 27 3 52.43 48.499 37.625 0.294 0.392 1.006 3.071
27 30 1 34.813 80.005 37.291 4.132 2.126 1.657 0.007
27 33 3 11.741 78.05 37.445 0.309 0.54 1.394 -0.073
27 35 1 33.748 70.158 37.362 4.559 2.011 1.742 0.011
27 39 1 39.58 69.828 37.193 4.201 0.549 1.6 0.048
27 49 3 48.737 65.665 37.465 0.322 0.492 1.707 -0.025
27 56 5 36.317 70.768 37.665 1.54 1.657 0.635 0.019
27 95 3 72.66 80.919 37.847 0.574 0.521 1.357 -2.99
27 103 3 64.466 67.887 38.064 0.46 0.346 0.712 -1.925
27 120 2 60.291 92.328 37.913 3.067 2.194 1.901 -3.125
27 128 4 28.065 35.949 37.681 0.863 0.433 0.551 3.08
27 129 3 81.266 67.337 38.011 0.563 0.662 1.341 2.305
27 141 3 49.34 58.219 37.425 0.383 0.5 1.063 3.066
27 147 4 36.779 102.369 37.676 0.334 0.471 0.42 3.083
27 148 3 32.178 138.346 37.694 0.736 0.587 0.657 -0.237
27 153 1 50.993 104.17 37.542 0.211 0.847 0.679 -1.475
28 2 1 35.966 61.485 37.183 4.066 1.344 1.396 -0
28 7 1 22.66 123.646 36.771 1.076 1.182 0.951 -0
28 14 1 31.385 95.93 37.153 2.715 2.01 1.39 -0.037
28 27 3 52.48 48.335 37.606 0.289 0.557 0.981 3.125
28 30 1 34.698 80.577 37.301 4.064 2.167 1.672 -0
28 33 3 11.658 78.288 37.243 0.439 0.412 1.357 0.053
28 35 1 33.344 71.765 37.318 4.698 2.117 1.645 -0
28 39 1 40.047 70.092 37.264 3.551 1.569 1.633 0
28 49 3 48.709 65.061 37.489 0.38 0.401 1.621 0.019
28 56 5 36.215 71.291 37.693 1.1 1.693 0.572 -0
28 103 3 64.386 67.977 37.917 0.477 0.453 0.924 -1.416
28 120 2 60.455 92.148 37.785 2.969 2.385 2.068 3.134
28 128 4 28.579 36.224 37.688 0.782 0.395 0.476 -0.002
28 129 3 81.313 66.63 37.98 0.577 0.594 1.297 -2.757
28 141 3 49.314 57.615 37.571 0.463 0.68 1.166 -3.14
28 147 4 36.266 104.677 37.699 0.242 0.316 0.203 3.127
28 148 3 32.099 138.818 37.686 0.537 0.623 0.641 0.012
28 153 1 51.841 104.279 37.494 1.962 0.913 0.709 -1.609
29 2 1 35.546 63.656 37.196 3.596 1.343 1.4 -0.014
29 7 1 22.379 125.075 36.746 1.207 1.165 0.967 -0.07
29 14 1 31.28 96.53 37.144 2.694 2.074 1.468 0.005
29 27 3 52.474 48.149 37.794 0.197 0.483 0.592 0.104
29 30 1 34.566 81.311 37.291 4.092 2.122 1.65 0.005
29 33 3 11.653 78.863 37.418 0.721 0.511 1.224 -0.023
29 35 1 33.025 73.498 37.329 4.632 2.147 1.645 -0.014
29 39 1 39.908 70.07 37.275 3.747 1.416 1.625 0.006
29 56 5 36.059 72.015 37.649 1.098 1.559 0.64 0.032
29 103 3 64.453 68.102 37.896 0.465 0.572 0.999 -1.542
29 120 2 60.487 91.909 37.894 2.829 2.409 1.904 3.134
29 129 3 81.348 65.903 37.99 0.448 0.621 1.368 0.183
29 141 3 49.428 57.056 37.428 0.421 0.626 1.436 -0.003
29 147 4 35.787 106.848 37.629 0.373 0.471 0.361 -0.032
29 148 3 32.209 139.186 37.727 0.205 0.782 0.656 -0.023
29 153 1 52.177 104.291 37.531 3.105 0.776 0.671 -1.555
30 2 1 35.138 65.166 37.2 3.873 1.556 1.467 0.023
30 7 1 22.067 126.489 36.796 1.289 1.151 0.788 0.026
30 14 1 31.187 97.028 37.115 2.714 2.038 1.42 0.03
30 27 3 52.683 47.826 37.614 0.222 0.518 1.015 -3.116
30 30 1 34.429 82.028 37.266 4.105 2.13 1.699 0.033
30 33 3 11.63 79.219 37.427 0.612 0.512 1.215 0.062
30 35 1 32.647 75.095 37.333 4.738 2.236 1.691 0.007
30 39 1 39.908 70.052 37.23 3.684 1.339 1.722 0.034
30 56 5 35.922 72.645 37.668 1.162 1.65 0.618 -0.002
30 103 3 64.509 68.256 37.684 0.315 0.411 1.486 -1.64
30 120 2 60.617 91.416 37.843 3.063 2.463 2.162 3.113
30 129 3 81.619 65.191 38.049 0.54 0.613 1.355 -1.947
30 141 3 49.461 56.415 37.347 0.421 0.549 1.157 -3.118
30 147 4 35.27 109.159 37.451 0.748 0.531 0.613 -0.019
30 148 3 32.034 139.723 37.726 0.346 0.599 0.618 -0
30 153 1 52.298 104.397 37.609 3.043 0.984 1.262 -1.566
30 157 1 48.183 31.96 37.101 1.78 1.387 0.821 0.036
30 158 5 26.4 119.736 37.222 3.016 1.704 0.398 0.018
31 2 1 34.777 66.758 37.212 3.971 1.549 1.327 -0.013
31 7 1 21.737 128.165 36.849 2.39 1.093 0.753 0.016
31 14 1 31.027 97.4 37.144 2.812 2.05 1.447 -0.004
31 27 3 52.721 47.419 37.518 0.194 0.487 0.711 0.005
31 30 1 34.24 82.859 37.289 4 2.129 1.625 -0.009
31 33 3 11.59 79.676 37.405 0.744 0.552 1.213 3.139
31 35 1 32.322 76.777 37.353 4.726 2.193 1.708 -0.013
31 39 1 39.465 70.002 37.105 3.534 0.351 1.404 -0.005
31 56 5 35.696 73.612 37.601 1.81 1.616 0.784 -0.013
31 120 2 60.5 91.217 37.973 3.03 2.232 1.847 3.137
31 129 3 81.899 64.449 37.724 0.404 0.672 1.35 -2.997
31 141 3 49.552 55.852 37.568 0.347 0.528 0.804 0.015
31 148 3 31.963 140.299 37.366 0.225 0.441 0.679 -0.007
31 153 1 52.339 104.246 37.639 2.984 0.836 1.212 -1.546
31 157 1 47.506 35.228 36.993 0.577 1.029 0.341 0.026
31 158 5 26.462 119.333 37.135 0.186 0.83 0.478 -0.003
32 2 1 34.398 68.393 37.188 4.055 1.562 1.458 0.008
32 7 1 21.647 128.87 36.644 1.498 0.909 0.817 0.017
32 14 1 30.99 97.558 37.086 2.668 2.015 1.43 0.017
32 27 3 52.747 47.028 37.499 0.225 0.302 0.692 -3.111
32 30 1 34.095 83.644 37.262 3.976 2.13 1.682 0.008
32 33 3 11.564 80.154 37.23 0.625 0.564 1.604 0.017
32 35 1 31.956 78.511 37.341 4.635 2.214 1.767 0.008
32 39 1 40.003 70.341 37.462 3.135 1.523 1.257 0.008
32 56 5 35.573 74.333 37.663 1.767 1.618 0.68 0.008
32 120 2 60.56 91.039 37.907 2.77 2.165 1.954 3.134
32 129 3 82.281 63.72 38.131 0.454 0.626 1.403 -3.117
32 141 3 49.567 55.203 37.554 0.371 0.538 0.757 -2.934
32 148 3 31.356 140.695 37.351 0.194 0.252 0.654 -0.124
32 153 1 52.26 104.328 37.601 3.052 0.832 1.248 -1.555
32 157 1 46.856 37.892 36.896 0.787 1.322 0.681 0.008
32 158 5 25.863 121.637 37.302 3.031 1.206 0.811 0.017
33 2 1 33.686 71.347 37.242 4.216 1.745 1.45 0.044
33 7 1 21.327 130.674 36.696 1.459 0.826 0.621 0.025
33 14 1 30.892 97.826 37.123 2.709 2.037 1.439 -0.001
33 27 3 52.901 46.083 37.486 0.198 0.499 0.759 -0.037
33 30 1 33.874 84.696 37.291 3.901 2.13 1.666 -0.009
33 33 3 11.364 80.899 37.241 0.531 0.527 1.548 -3.111
33 35 1 31.375 81.457 37.364 4.973 2.039 1.732 -0.009
33 56 5 35.104 76.153 37.468 1.897 1.496 0.961 0.044
33 120 2 60.525 90.963 37.938 2.752 2.105 1.95 3.118
33 129 3 82.848 62.536 37.677 0.501 0.613 1.498 2.994
33 141 3 49.836 54.195 37.531 0.415 0.451 0.85 0.076
33 148 3 31.116 141.907 37.443 0.745 0.645 0.994 0.033
33 153 1 52.342 104.336 37.613 3.053 0.796 1.243 -1.519
33 157 1 45.721 42.517 36.75 0.503 1.385 0.655 0.053
33 158 5 25.882 122.522 37.32 1.279 1.173 0.731 0.044
34 2 1 33.2 73.125 37.186 3.985 1.808 1.437 0.016
34 7 1 21.076 132.682 36.428 3.717 0.429 0.647 0.001
34 14 1 30.893 97.9 37.089 2.696 2.022 1.46 0.016
34 27 3 52.858 45.526 37.839 0.245 0.529 0.658 -3.11
34 30 1 33.83 84.957 37.259 4.061 2.147 1.643 0.016
34 33 3 11.36 81.399 37.242 0.766 0.512 1.521 -0.048
34 35 1 30.982 83.218 37.369 4.998 2.182 1.725 0.016
34 56 5 34.968 76.781 37.455 2.043 1.516 0.999 0.016
34 120 2 60.521 90.899 37.979 2.6 2.199 1.879 3.109
34 129 3 83.123 61.832 37.717 0.701 0.568 1.415 3.126
34 141 3 49.949 53.578 37.501 0.415 0.579 0.857 3.109
34 148 3 31.139 142.228 37.494 0.515 0.738 0.944 -0.117
34 153 1 52.428 104.215 37.663 3.015 0.53 1.162 -1.508
34 157 1 45.134 44.992 36.921 0.356 1.164 0.297 0.038
34 158 5 25.645 123.445 37.339 1.274 1.051 0.682 0.001
35 2 1 32.781 74.749 37.214 4.158 2.013 1.456 0.032
35 7 1 21.259 132.151 36.413 1.298 0.219 0.573 -0.045
35 14 1 30.876 97.956 37.082 2.676 1.955 1.433 0.017
35 27 3 53.026 44.986 37.796 0.266 0.44 0.636 0.05
35 30 1 33.791 85.24 37.261 3.869 2.146 1.637 0.032
35 33 3 11.156 81.823 37.319 0.493 0.518 1.53 3.067
35 35 1 30.645 84.967 37.348 5.114 2.076 1.749 0.022
35 56 5 34.87 77.41 37.445 2.142 1.586 0.939 0.032
35 120 2 60.556 90.884 37.967 2.644 2.171 1.914 3.088
35 129 3 83.478 61.245 37.713 0.558 0.636 1.395 0.432
35 141 3 50.164 53.02 37.476 0.16 0.52 0.868 0.009
35 148 3 31.114 142.6 37.492 0.742 0.571 0.881 0.058
35 153 1 52.127 104.253 37.631 2.248 0.772 1.156 -1.644
35 157 1 44.651 47.1 36.841 0.824 1.15 0.561 0.002
35 158 5 25.552 124.356 37.315 1.202 0.82 0.693 -0.027
36 2 1 32.396 76.459 37.221 4.126 1.999 1.457 0.031
36 14 1 30.829 98.146 37.121 2.707 2.032 1.432 0.015
36 27 3 53.016 44.564 37.638 0.233 0.524 0.366 -0.069
36 30 1 33.796 85.161 37.355 4.124 2.123 1.826 0.015
36 33 3 11.168 82.26 37.424 0.592 0.545 1.401 -3.097
36 35 1 30.241 86.754 37.348 5.118 2.253 1.72 0.015
36 56 5 34.729 77.839 37.466 2.374 1.547 1.015 0.031
36 120 2 61.249 93.042 37.838 6.541 4.196 2.118 3.12
36 129 3 83.832 60.545 37.914 0.484 0.699 1.057 3.048
36 141 3 50.294 52.415 37.58 0.305 0.394 0.661 0.08
36 148 3 31.031 142.528 37.48 0.571 0.865 1.001 0.012
36 153 1 52.644 104.157 37.586 3.03 0.337 1.09 -1.512
36 157 1 44.23 49.259 37.028 0.581 0.979 0.371 0.027
36 158 5 25.408 125.109 37.265 1.244 0.865 0.772 -0.009
37 2 1 32.003 78.172 37.219 4.171 2.03 1.498 0.012
37 14 1 30.82 98.51 37.099 2.722 2.058 1.399 0.057
37 27 3 53.26 44.135 37.792 0.199 0.596 0.651 3.111
37 30 1 33.782 85.263 37.277 3.899 2.105 1.679 -0.009
37 33 3 11.11 82.59 37.362 0.387 0.336 1.028 0.056
37 35 1 29.823 88.503 37.338 4.998 2.16 1.737 -0.009
37 56 5 34.623 78.292 37.455 2.403 1.459 1.048 0.074
37 120 2 60.98 94.057 37.918 8.817 4.119 1.94 3.12
37 141 3 50.435 51.851 37.554 0.253 0.551 0.627 3.121
37 148 3 31.091 142.447 37.508 0.349 0.738 0.911 -0.154
37 153 1 52.768 104.152 37.491 2.768 0.246 0.991 -1.566
37 157 1 43.736 50.485 37.071 1.573 1.049 0.714 0.057
37 158 5 25.226 125.74 37.277 1.259 0.725 0.701 0.031
37 173 3 49.185 58.626 37.596 0.261 0.445 1.197 -2.891
38 2 1 31.639 79.847 37.22 4.184 2.068 1.44 -0
38 14 1 30.647 99.008 37.104 2.693 2.027 1.444 0
38 27 3 53.415 43.71 37.735 0.19 0.589 0.709 -2.963
38 30 1 33.769 85.262 37.297 3.904 2.148 1.699 0
38 33 3 10.907 83.282 37.23 0.561 0.617 1.516 -3.051
38 35 1 29.578 90.169 37.356 4.948 1.98 1.702 0
38 56 5 34.615 78.594 37.415 2.313 1.553 1.111 0
38 120 2 60.969 94.113 37.812 8.949 4.041 2.145 3.12
38 141 3 50.589 51.301 37.665 0.243 0.534 0.353 -3.137
38 148 3 31.123 142.617 37.543 0.433 0.717 0.965 0.035
38 153 1 53.014 104.17 37.528 1.717 0.169 0.375 -1.509
38 157 1 43.327 52.136 37.073 1.594 0.759 0.696 0
38 158 5 24.944 126.242 37.303 1.291 0.894 0.726 0
38 173 3 49.351 57.914 37.4 0.505 0.387 1.509 -3.058
39 2 1 31.243 81.622 37.22 4.23 2.046 1.515 0.007
39 14 1 30.472 99.7 37.08 2.657 2.045 1.456 -0.015
39 27 3 53.607 43.226 37.733 0.154 0.181 0.66 -3.134
39 30 1 33.796 85.117 37.259 4.08 2.156 1.606 -0.015
39 33 3 10.866 83.6 37.403 0.645 0.667 1.415 0.924
39 35 1 29.236 91.722 37.601 4.608 1.542 1.137 -0.051
39 56 5 34.632 78.737 37.443 2.266 1.647 1.049 -0.015
39 141 3 50.752 50.751 37.682 0.232 0.423 0.308 3.137
39 157 1 42.946 53.608 37.121 1.602 0.66 0.648 -0.031
39 158 5 24.927 126.036 37.065 0.279 1.046 0.312 0.009
39 173 3 49.515 57.311 37.414 0.433 0.567 1.489 -3.133
39 181 3 31.105 142.743 37.559 0.235 0.888 0.935 -0
39 182 1 63.409 110.319 37.951 2.977 1.863 1.335 0.26
40 2 1 30.897 83.277 37.229 4.235 2.083 1.458 0.011
40 14 1 30.36 100.508 37.085 2.758 2.013 1.442 0.011
40 27 3 53.772 42.745 37.566 0.261 0.512 0.34 0.098
40 30 1 33.794 85.22 37.268 3.88 2.143 1.637 0.011
40 33 3 10.747 84.151 37.498 0.435 0.449 1.199 1.769
40 35 1 28.906 93.591 37.281 3.992 1.934 1.661 0.033
40 56 5 34.557 78.807 37.453 2.23 1.559 1.007 0.011
40 141 3 50.996 50.288 37.676 0.282 0.518 0.313 0.079
40 157 1 42.927 54.87 37.311 1.898 0.979 0.986 0.017
40 158 5 24.859 126.586 37.363 1.255 0.962 0.588 -0.038
40 173 3 49.635 56.644 37.362 0.365 0.554 1.592 0.108
40 181 3 30.959 142.957 37.541 0.35 0.539 0.959 0.007
40 182 1 63.396 109.976 38.113 2.981 1.311 1.038 -3.011
41 2 1 30.518 84.991 37.223 4.146 2.088 1.509 0.004
41 14 1 30.16 101.474 37.093 2.653 2.003 1.431 0.013
41 30 1 33.857 85.162 37.256 4.179 2.207 1.628 -0.026
41 33 3 10.712 84.529 37.232 0.62 0.513 1.729 -0.027
41 35 1 28.745 94.879 37.305 4.529 1.948 1.744 0.013
41 56 5 34.523 78.877 37.465 2.119 1.554 0.971 0.005
41 141 3 51.147 49.709 37.656 0.301 0.542 0.306 -3.136
41 158 5 24.866 126.635 37.406 1.146 0.865 0.539 0.035
41 173 3 49.702 56.009 37.503 0.35 0.639 1.313 -3.136
41 181 3 30.906 143.531 37.571 0.593 0.367 0.918 0.014
41 182 1 63.303 110.319 38.274 1.954 1.62 0.713 -2.694
41 188 1 5.559 145.28 38.174 1.573 0.63 1.094 -3.082
42 2 1 29.836 88.514 37.234 4.412 2.067 1.527 0.022
42 14 1 29.688 103.523 37.089 2.741 1.937 1.41 0.015
42 30 1 33.714 85.699 37.283 4.073 2.117 1.631 0.022
42 33 3 10.452 85.478 37.212 0.767 0.52 1.459 -3.076
42 35 1 27.978 98.21 37.403 4.856 2.089 1.939 0.015
42 56 5 34.529 78.71 37.476 2.43 1.465 1.023 0.081
42 141 3 51.246 48.613 37.665 0.209 0.433 0.317 0.005
42 173 3 49.945 54.575 37.448 0.376 0.612 1.437 0.01
42 181 3 30.26 144.299 37.563 0.293 0.202 0.934 -0.122
42 182 1 63.831 109.317 37.869 2.289 1.621 1.573 -3.102
42 188 1 8.085 137.679 37.902 3.172 2.431 2.761 -3.121
43 2 1 29.522 90.059 37.209 4.396 1.97 1.494 0.025
43 14 1 29.586 104.557 37.057 2.696 1.93 1.455 0.025
43 30 1 33.641 86.183 37.236 3.915 2.06 1.672 0.047
43 33 3 10.405 85.999 37.19 0.641 0.577 1.698 0.128
43 35 1 27.681 99.589 37.276 4.607 2.069 1.743 0.025
43 56 5 34.55 78.929 37.433 2.133 1.547 1.036 0.042
43 141 3 51.18 48.149 37.732 0.342 0.473 0.653 -3.126
43 173 3 50.123 53.975 37.493 0.284 0.584 1.181 -3.106
43 181 3 30.359 145.106 37.631 0.947 0.604 0.946 -1.56
43 182 1 63.883 108.913 37.619 1.993 1.649 1.777 -3.118
43 188 1 9.166 134.277 37.883 4.434 3.172 2.8 -3.122
44 2 1 29.211 91.539 37.22 4.379 1.998 1.476 0.017
44 14 1 29.369 105.512 37.082 2.685 1.862 1.408 0.017
44 30 1 33.539 86.673 37.268 4.035 2.074 1.642 0.017
44 33 3 10.192 86.414 37.286 0.561 0.597 1.669 1.231
44 35 1 27.425 100.855 37.281 4.667 2.081 1.742 0.017
44 56 5 34.458 79.089 37.418 1.821 1.456 1.024 0.069
44 141 3 50.854 47.879 37.701 0.281 0.382 0.706 0.116
44 173 3 50.177 53.347 37.451 0.533 0.629 1.248 -3.096
44 181 3 29.972 145.402 37.324 0.39 0.653 1.186 -0.032
44 182 1 63.492 108.305 37.648 1.237 0.28 1.297 -3.106
44 188 1 9.923 130.993 37.987 6.291 3.08 2.904 -3.141
44 200 3 64.395 67.771 37.872 0.381 0.708 0.901 -1.576
45 2 1 28.866 92.867 37.219 4.485 2.076 1.46 0.018
45 14 1 29.161 106.478 37.074 2.725 1.956 1.408 0.018
45 30 1 33.418 87.355 37.258 4.087 2.108 1.655 0.016
45 33 3 10.136 86.849 37.429 0.594 0.538 1.347 3.099
45 35 1 27.196 101.918 37.27 4.746 2.075 1.744 0.018
45 56 5 34.479 79.474 37.384 1.819 1.506 1.06 0.016
45 173 3 50.275 52.748 37.457 0.456 0.616 1.28 -0.058
45 181 3 29.801 146.09 37.548 0.52 0.308 0.676 -0.026
45 188 1 10.388 128.267 38.239 9.962 3.151 2.783 -3.12
45 200 3 64.425 67.719 37.644 0.312 0.612 1.459 -2.116
46 2 1 28.587 94.164 37.205 4.535 2.01 1.483 0.012
46 14 1 28.964 107.428 37.047 2.647 2.024 1.44 0.012
46 30 1 33.216 88.322 37.225 3.978 2.116 1.684 0.012
46 33 3 9.997 87.262 37.085 0.522 0.641 1.499 0.039
46 35 1 27.013 102.792 37.254 4.637 2.132 1.759 0.012
46 56 5 34.333 79.687 37.423 2.045 1.359 1.032 0.012
46 173 3 50.5 52.073 37.519 0.421 0.599 1.332 -3.084
46 181 3 29.984 146.572 37.591 0.365 0.762 0.933 -0.289
46 188 1 11.324 124.529 38.337 10.681 3.141 2.544 -3.119
46 200 3 64.566 67.708 37.648 0.468 0.58 1.477 -3.104
47 2 1 28.38 95.356 37.204 4.531 1.968 1.482 0.001
47 14 1 28.766 108.388 37.049 2.656 2.003 1.425 0.005
47 30 1 33.071 89.178 37.26 4.154 2.098 1.652 0.002
47 33 3 9.8 87.797 37.241 0.33 0.441 1.412 -3.107
47 35 1 26.872 103.691 37.26 4.697 2.034 1.738 0.004
47 56 5 34.345 79.982 37.429 2.432 1.551 1.098 -0.005
47 173 3 50.597 51.44 37.37 0.283 0.524 1.045 -0.022
47 181 3 29.794 147.204 37.463 0.411 0.488 1.293 -0.141
47 188 1 12.183 119.855 38.255 11.64 3.093 2.433 -3.1
47 200 3 64.456 67.65 37.615 0.441 0.435 1.489 0.038
48 2 1 28.208 96.329 37.193 4.506 1.924 1.487 0
48 14 1 28.586 109.334 37.06 2.715 2.019 1.439 0
48 30 1 32.911 90.036 37.24 4.136 2.141 1.66 0
48 33 3 9.653 88.165 37.256 0.719 0.659 1.506 3.103
48 35 1 26.688 104.436 37.255 4.65 2.077 1.739 0
48 56 5 34.228 80.656 37.355 2.129 1.65 1.14 0
48 173 3 50.772 50.789 37.433 0.224 0.532 1.034 -3.062
48 181 3 29.839 148.028 37.514 0.741 0.451 0.9 -0.002
48 188 1 13.362 115.465 37.882 11.859 3.041 2.945 3.135
48 200 3 64.435 67.566 37.612 0.343 0.446 1.474 -1.719
49 2 1 28.066 97.023 37.194 4.53 1.943 1.47 0.008
49 14 1 28.444 110.216 37.039 2.689 2.056 1.484 0.008
49 30 1 32.726 90.974 37.246 4.169 2.103 1.62 0.006
49 33 3 9.505 88.63 37.295 0.761 0.582 1.597 0.108
49 35 1 26.583 105.086 37.331 4.639 2.052 1.874 0.008
49 56 5 34.046 81.426 37.341 1.854 1.531 1.113 0.006
49 173 3 50.903 50.106 37.322 0.258 0.631 1.068 3.009
49 181 3 29.862 148.336 37.409 0.229 0.53 0.657 0.024
49 188 1 14.139 111.013 37.847 11.94 3.049 2.8 -3.118
49 200 3 64.501 67.472 37.591 0.313 0.465 1.295 -3.092
50 2 1 27.89 98.025 37.186 4.38 2.051 1.472 -0.004
50 14 1 28.191 111.402 37.06 2.738 2.053 1.436 -0.004
50 30 1 32.429 92.345 37.255 4.146 2.108 1.634 -0.006
50 33 3 9.435 89.388 37.307 0.504 0.73 1.613 1.782
50 35 1 26.387 105.947 37.337 4.782 2.029 1.885 -0.004
50 56 5 33.822 82.473 37.328 1.968 1.531 1.185 0.001
50 173 3 51.276 49.084 37.36 0.545 0.575 1.13 -0.017
50 181 3 29.827 149.278 37.444 0.403 0.486 0.911 -0.123
50 188 1 15.507 103.918 37.703 11.964 3.342 2.905 -3.11
50 200 3 64.478 67.535 37.645 0.29 0.567 1.282 -2.192
51 2 1 27.759 98.517 37.181 4.354 2.107 1.488 -0.014
51 14 1 28.11 111.944 37.035 2.746 2.033 1.457 0.015
51 30 1 32.263 93.247 37.239 4.186 2.095 1.635 -0.014
51 35 1 26.332 106.283 37.264 4.771 2.105 1.73 0.015
51 56 5 33.634 83.283 37.294 1.927 1.549 1.194 -0.018
51 173 3 51.441 48.479 37.269 0.328 0.562 1.194 -0.057
51 181 3 29.833 149.867 37.188 0.225 0.357 1.087 -0.187
51 188 1 16.704 99.114 37.768 11.04 2.973 2.606 -3.12
51 200 3 64.545 67.578 37.622 0.43 0.377 1.345 -1.735
51 221 3 29.097 149.768 37.31 0.352 0.477 1.338 -0.108
52 2 1 27.733 98.882 37.179 4.409 2.029 1.49 -0.004
52 14 1 28.027 112.324 37.048 2.703 2.016 1.464 -0.004
52 30 1 32.089 94.122 37.24 4.154 2.132 1.664 -0.004
52 35 1 26.29 106.536 37.319 4.769 1.956 1.83 -0.004
52 56 5 33.56 83.767 37.421 2.427 1.626 1.092 -0.007
52 173 3 51.669 47.913 37.648 0.178 0.322 0.35 -2.998
52 188 1 17.657 94.838 37.773 11.095 3.078 2.793 -3.131
52 200 3 64.507 67.54 37.608 0.454 0.523 1.381 3.132
52 221 3 29.118 150.327 37.549 0.354 0.448 0.851 -0.05
52 230 1 15.101 118.208 37.381 2.951 1.171 0.793 3.106
53 2 1 27.625 99.256 37.181 4.407 2.115 1.466 -0.006
53 14 1 27.963 112.524 37.071 2.681 2.027 1.418 -0.006
53 30 1 31.91 95.009 37.24 4.153 2.123 1.626 -0.006
53 35 1 26.273 106.705 37.272 4.83 1.999 1.731 -0.006
53 56 5 33.32 84.751 37.294 2.142 1.559 1.204 -0.006
53 188 1 18.683 90.468 37.853 11.122 2.984 2.93 -3.122
53 200 3 64.464 67.538 37.636 0.342 0.391 1.361 -3.056
53 221 3 28.978 150.984 37.507 0.458 0.521 0.902 -0.102
53 230 1 16.515 112.077 37.685 1.537 1.142 0.279 3.14
53 234 3 9.045 90.827 37.272 0.318 0.501 1.567 -3.079
54 2 1 27.567 99.587 37.176 4.356 2.105 1.458 0.024
54 14 1 27.996 112.672 37.059 2.76 2.014 1.415 0.025
54 30 1 31.713 95.708 37.258 4.324 2.085 1.647 0.024
54 35 1 26.296 106.787 37.265 4.804 1.993 1.724 0.025
54 56 5 33.102 85.552 37.336 2.182 1.534 1.201 0.025
54 188 1 19.506 86.119 38.003 11.158 2.764 2.975 -3.114
54 200 3 64.47 67.498 37.664 0.447 0.389 1.443 -1.702
54 221 3 29.086 151.568 37.529 0.353 0.816 1.163 -0.007
54 230 1 18.324 104.835 37.189 3.548 1.401 1.328 -3.128
54 234 3 8.936 91.215 37.438 0.513 0.524 1.32 3.121
55 2 1 27.484 99.969 37.186 4.326 2.086 1.466 -0.022
55 14 1 27.908 112.677 37.061 2.686 2.029 1.415 -0.022
55 30 1 31.494 96.689 37.247 4.07 2.101 1.673 -0.022
55 35 1 26.167 107.033 37.246 4.318 2 1.635 0.022
55 56 5 32.9 86.439 37.302 1.978 1.599 1.248 0.029
55 188 1 20.398 82.007 38.219 11.074 2.665 2.826 -3.12
55 200 3 64.471 67.545 37.651 0.459 0.45 1.384 -3.139
55 230 1 19.438 100.206 37.112 4.322 1.797 1.56 -3.102
55 234 3 8.917 91.674 37.465 0.744 0.431 1.248 0.051
56 2 1 27.44 100.228 37.302 4.367 2.091 1.734 0.009
56 14 1 27.933 112.726 37.069 2.678 2.039 1.407 -0
56 30 1 31.279 97.623 37.257 3.937 2.087 1.639 0.009
56 35 1 26.125 107.188 37.241 4.369 1.972 1.622 -0
56 56 5 32.711 87.226 37.228 2.074 1.562 1.397 0.023
56 188 1 21.383 77.815 38.268 11.227 2.618 2.903 -3.111
56 200 3 64.467 67.524 37.582 0.247 0.55 1.425 -2.825
56 230 1 20.365 96.078 37.159 1.703 1.625 1.358 -3.128
56 234 3 8.922 92.064 37.354 0.414 0.313 0.968 3.121
56 243 3 28.702 152.899 37.281 0.725 0.567 1.779 -0.374
56 245 3 29.256 152.765 37.28 0.334 0.42 1.773 -0.342
57 2 1 27.403 100.348 37.176 4.327 2.068 1.479 0.004
57 14 1 27.817 112.729 37.058 2.756 1.82 1.465 0.011
57 30 1 31.112 98.369 37.245 4.014 2.121 1.638 0.004
57 35 1 26.158 107.089 37.24 4.163 2.012 1.632 0.01
57 56 5 32.599 88.086 37.209 2.18 1.583 1.456 0.004
57 188 1 22.223 73.81 38.454 11.008 2.698 2.75 -3.115
57 200 3 64.464 67.537 37.802 0.252 0.462 0.932 -3.115
57 230 1 21.578 90.685 37.128 1.65 1.471 1.497 -3.139
57 234 3 8.922 92.621 37.361 0.468 0.687 1.496 -0.047
57 243 3 28.538 153.403 37.275 0.589 0.459 1.278 -0.106
57 245 3 29.087 153.31 37.468 0.362 0.535 0.881 -0.14
58 2 1 27.401 100.329 37.208 4.345 2.07 1.529 0.005
58 14 1 27.941 112.722 37.087 2.721 2.072 1.416 -0.004
58 30 1 30.996 98.879 37.28 4.013 2.106 1.689 -0.003
58 35 1 26.095 107.162 37.265 4.35 1.86 1.634 -0.008
58 56 5 32.394 88.933 37.262 2.2 1.556 1.368 0.003
58 188 1 23.159 69.968 38.364 11.069 2.686 3.202 -3.113
58 200 3 64.536 67.458 37.761 0.468 0.35 0.949 1.396
58 234 3 8.816 93.066 37.367 0.602 0.473 1.47 3.126
58 243 3 28.45 153.902 37.201 0.449 0.636 1.498 -0.137
58 245 3 29.016 153.803 37.368 0.246 0.408 0.668 -0.138
58 253 5 45.713 60.838 37.572 0.257 0.332 0.752 0.029
58 254 5 17.636 68.627 37.646 0.201 0.419 0.245 -3.116
59 2 1 27.425 100.345 37.2 4.404 2.05 1.477 0.001
59 14 1 27.88 112.852 37.091 2.968 2.042 1.432 0.001
59 30 1 30.791 99.681 37.265 3.936 2.122 1.676 0.001
59 35 1 26.101 107.154 37.256 4.294 1.862 1.648 0.001
59 56 5 31.974 90.72 37.304 2.415 1.53 1.355 0.001
59 188 1 24.823 62.534 38.842 11.362 2.776 2.349 -3.108
59 200 3 64.538 67.371 37.736 0.254 0.602 0.959 -2.882
59 234 3 8.744 94.045 37.263 0.67 0.499 1.464 0.05
59 243 3 28.138 155.108 37.262 0.345 0.282 1.44 -1.534
59 245 3 28.628 155.107 37.186 0.194 0.349 1.004 0
59 253 5 44.25 62.981 37.791 0.285 0.351 0.258 0.293
59 254 5 16.334 75.022 37.187 0.605 0.536 1.412 0.082
60 2 1 27.457 100.362 37.194 4.311 2.035 1.459 0.017
60 14 1 27.92 112.716 37.089 2.698 2.039 1.444 -0.005
60 30 1 30.758 99.854 37.241 3.962 2.134 1.655 0.012
60 35 1 26.117 107.139 37.382 4.249 1.885 1.901 0.021
60 56 5 31.741 91.708 37.155 2.115 1.545 1.554 0.013
60 188 1 25.384 60.011 38.832 11.095 2.633 2.473 -3.106
60 200 3 64.774 67.251 37.734 0.532 0.196 0.905 -1.499
60 234 3 8.62 94.5 37.304 0.579 0.419 1.616 0.002
60 243 3 28.104 155.551 37.039 0.49 0.523 1.89 -0.012
60 245 3 28.643 155.617 37.191 0.302 0.572 1.071 -0.012
60 253 5 43.6 65.661 37.82 0.307 0.459 0.34 -0.03
60 254 5 15.797 77.683 37.399 0.466 0.565 0.798 -3.139
61 2 1 27.475 100.335 37.2 4.336 2.034 1.482 0.012
61 14 1 27.952 112.708 37.063 2.694 2.044 1.455 0.015
61 30 1 30.772 99.918 37.245 3.943 2.141 1.642 0.015
61 35 1 26.069 107.389 37.3 3.738 1.882 1.575 0.015
61 56 5 31.679 92.39 37.303 2.308 1.62 1.289 0.015
61 188 1 25.969 57.819 38.656 11.035 2.872 2.281 -3.118
61 200 3 64.729 66.944 37.722 0.222 0.45 0.905 -3.014
61 234 3 8.637 94.945 37.458 0.409 0.435 1.082 0.215
61 243 3 27.959 156.196 37.2 0.405 0.532 1.588 -0.778
61 245 3 28.437 156.238 37.186 0.235 0.358 1.098 -0.563
61 253 5 43.27 68.719 37.689 1.054 1.178 0.636 0.017
61 254 5 15.166 80.68 37.189 0.792 0.939 1.323 -3.099
61 260 4 35.605 106.013 37.364 1.626 0.729 0.919 0.039
62 2 1 27.485 100.376 37.196 4.31 1.985 1.477 -0.001
62 14 1 27.946 112.732 37.121 2.677 2.023 1.409 0.003
62 30 1 30.766 99.933 37.249 3.934 2.114 1.657 -0.001
62 35 1 26.079 107.397 37.305 3.688 1.867 1.551 0
62 56 5 31.658 92.498 37.329 3.227 1.597 1.26 -0.006
62 188 1 26.453 55.84 38.524 11.053 2.734 2.763 -3.118
62 200 3 64.79 66.716 37.723 0.506 0.166 0.908 -1.474
62 234 3 8.354 95.557 37.377 0.555 0.536 1.451 3.117
62 243 3 27.791 156.791 37.184 0.415 0.515 1.582 -0.026
62 245 3 28.293 156.807 37.164 0.201 0.505 1.098 0.039
62 253 5 42.308 70.925 37.741 0.469 0.354 0.574 0.01
62 254 5 14.695 83.559 37.224 1.121 0.651 1.343 3.122
62 260 4 34.856 109.355 37.092 1.899 0.796 1.531 -0.004
63 2 1 27.484 100.4 37.181 4.257 1.975 1.494 0.014
63 14 1 27.944 112.738 37.085 2.661 2.038 1.473 0.004
63 30 1 30.786 99.933 37.228 3.877 2.105 1.621 0.008
63 35 1 26.15 107.071 37.239 4.369 1.875 1.676 0.01
63 56 5 31.435 93.323 37.391 2.535 1.516 1.143 0.019
63 188 1 26.779 53.985 38.795 11.046 2.709 2.28 -3.108
63 200 3 65.001 66.466 37.737 0.274 0.45 0.963 0.015
63 234 3 8.335 95.829 37.222 0.605 0.495 1.764 0.023
63 243 3 27.719 157.462 37.26 0.579 0.482 1.402 -0.045
63 245 3 28.22 157.363 37.016 0.247 0.453 1.362 -0.076
63 254 5 14.15 86.586 37.035 1.317 0.833 1.534 0.019
63 260 4 34.221 113.073 37.684 0.316 0.449 0.313 0.022
64 2 1 27.511 100.398 37.178 4.306 1.96 1.481 -0.007
64 14 1 27.973 112.76 37.095 2.69 2.022 1.479 0.005
64 30 1 30.796 99.93 37.288 3.888 2.106 1.726 0.021
64 35 1 26.169 107.065 37.229 4.372 1.891 1.68 0.017
64 56 5 31.4 93.466 37.41 2.757 1.437 1.092 0.004
64 188 1 27.17 52.285 38.791 10.941 2.692 2.292 -3.113
64 200 3 64.982 66.229 37.809 0.152 0.438 0.778 -0
64 234 3 8.262 96.322 37.172 0.73 0.544 1.606 0.424
64 243 3 27.7 158.173 37.235 0.534 0.381 1.437 -0.074
64 245 3 28.147 157.967 37.095 0.2 0.251 1.186 -0.019
64 254 5 13.504 89.213 37.044 1.561 0.759 1.582 0.057
64 260 4 33.419 116.805 37.322 2.101 0.622 0.953 -0.062
65 2 1 27.522 100.393 37.17 4.288 1.983 1.483 0.031
65 14 1 27.984 112.761 37.075 2.677 2.041 1.437 0.031
65 30 1 30.783 99.964 37.224 3.899 2.105 1.64 0.031
65 35 1 26.099 107.433 37.245 3.624 1.916 1.624 0.031
65 56 5 31.372 93.55 37.273 2.836 1.458 1.357 0.031
65 188 1 27.525 51.03 38.812 10.17 2.739 2.278 -3.092
65 200 3 65.021 66.008 37.706 0.193 0.542 0.977 -3.088
65 234 3 8.105 96.691 37.507 0.582 0.464 1.145 -0.046
65 243 3 27.952 158.481 37 0.423 0.532 1.376 0.032
65 254 5 12.829 92.17 37.061 1.789 0.764 1.622 -0.014
65 260 4 32.761 120.431 37.043 1.763 0.75 1.497 0.017
66 2 1 27.512 100.389 37.162 4.288 1.978 1.486 0.013
66 14 1 27.954 112.763 37.076 2.697 2.03 1.449 0.005
66 30 1 30.779 99.973 37.221 3.902 2.106 1.644 0.013
66 35 1 26.147 107.127 37.282 4.266 1.892 1.539 0.013
66 56 5 31.317 93.722 37.253 2.591 1.366 1.387 0.013
66 188 1 27.656 50.495 38.761 7.923 2.701 2.414 -3.109
66 200 3 65.215 65.824 37.804 0.203 0.512 0.783 0.006
66 234 3 8.076 97.103 37.383 0.544 0.504 1.372 -0.029
66 243 3 27.696 159.1 37.069 0.467 0.538 1.215 -0.056
66 254 5 12.122 95.057 37.035 1.628 0.794 1.499 -0.003
66 260 4 32.023 124.122 37.367 1.493 0.685 0.761 -0
66 266 4 35.401 107.029 37.049 1.879 0.854 1.464 0
66 267 1 11.511 126.135 37.094 2.393 1.408 0.944 -3.134
67 2 1 27.533 100.309 37.159 4.45 1.973 1.485 0.02
67 14 1 27.943 112.75 37.076 2.675 2.028 1.472 0.004
67 30 1 30.788 99.956 37.228 3.919 2.129 1.664 0.02
67 35 1 26.135 107.116 37.242 4.462 1.87 1.614 -0.003
67 56 5 31.295 93.769 37.246 2.596 1.389 1.396 0.001
67 188 1 28.76 47.478 38.705 11.118 2.158 2.169 -3.113
67 200 3 65.339 65.74 37.843 0.285 0.489 0.706 3.081
67 234 3 7.867 97.684 37.359 0.291 0.506 1.178 3.085
67 243 3 27.53 159.684 36.963 0.29 0.278 1.41 -0.032
67 254 5 11.512 97.723 37.152 1.531 0.662 1.31 3.116
67 260 4 31.258 127.95 37.246 1.455 0.62 0.754 -0.043
67 266 4 34.66 110.089 36.981 1.348 0.856 1.517 -0.033
67 267 1 13.22 120.254 36.749 0.49 0.769 0.295 -3.118
67 269 5 39.84 86.258 37.809 0.142 0.359 0.381 0.014
68 2 1 27.489 100.409 37.152 4.233 1.937 1.49 -0.013
68 14 1 27.922 112.757 37.033 2.712 1.981 1.42 -0.012
68 30 1 30.777 99.944 37.203 3.936 2.105 1.639 0.018
68 35 1 26.146 107.068 37.218 4.353 1.888 1.65 0.011
68 56 5 31.267 93.83 37.263 2.528 1.401 1.317 -0.005
68 188 1 28.934 45.339 38.688 10.919 2.68 2.255 -3.102
68 200 3 65.488 65.498 37.665 0.503 0.278 1.053 -1.507
68 234 3 7.769 97.922 37.287 0.573 0.434 1.532 0.038
68 243 3 27.181 160.154 37.424 0.259 0.965 1.054 0.007
68 254 5 10.97 100.672 37.218 1.475 0.598 1.123 0.007
68 260 4 30.451 131.627 37.298 0.97 0.567 0.818 0.034
68 266 4 34.336 112.836 37.583 1.864 0.513 0.178 0.012
68 267 1 14.27 116.062 37.137 4.369 1.481 0.864 -3.137
68 269 5 39.091 89.515 37.778 0.183 0.296 0.106 -0.021
68 271 3 45.061 82.222 37.528 0.284 0.524 0.568 -0.021
69 2 1 27.47 100.388 37.153 4.244 1.924 1.479 0
69 14 1 27.92 112.755 37.037 2.705 1.972 1.486 0
69 30 1 30.771 99.933 37.197 3.94 2.113 1.623 0
69 35 1 26.115 107.089 37.31 4.456 1.855 1.465 -0.02
69 56 5 31.269 93.799 37.269 2.618 1.407 1.329 0
69 188 1 29.595 42.195 38.657 10.932 2.693 2.324 -3.11
69 200 3 65.6 65.383 37.668 0.437 0.203 1.013 2.277
69 234 3 7.547 98.485 37.201 0.583 0.496 1.693 0.009
69 243 3 27.006 161.148 37.549 0.713 1.15 0.79 3.03
69 254 5 10.296 104.517 37.296 0.66 0.353 0.978 -0.043
69 260 4 29.223 137.262 37.424 0.169 0.351 0.294 0.018
69 266 4 32.959 118.262 37.026 1.46 0.922 1.244 0
69 267 1 15.917 109.5 37.459 1.523 1.071 0.465 3.117
69 269 5 38.071 94.243 37.59 0.663 0.592 0.758 -0.013
69 271 3 44.973 82.086 37.614 0.401 0.461 0.462 3.136
70 2 1 27.505 100.295 37.146 4.428 1.988 1.491 0.008
70 14 1 27.932 112.746 37.065 2.707 2.041 1.461 0.008
70 30 1 30.766 99.93 37.238 3.935 2.111 1.697 0.008
70 35 1 26.112 107.084 37.3 4.395 1.917 1.487 0.008
70 56 5 31.267 93.791 37.249 2.577 1.356 1.368 0.008
70 200 3 65.739 65.282 37.777 0.357 0.449 0.791 3.138
70 234 3 7.496 98.936 37.143 0.686 0.488 1.588 -0.017
70 243 3 26.682 161.537 37.586 0.363 0.406 0.716 3.138
70 254 5 9.543 107.459 37.257 0.94 0.59 0.982 0.02
70 260 4 28.29 140.659 37.144 1.081 0.719 0.747 -0.065
70 266 4 32.252 121.78 37.054 1.461 0.857 1.213 0.008
70 267 1 17.231 104.148 37.523 2.114 1.337 0.418 -3.068
70 269 5 37.353 97.467 37.605 0.547 0.486 0.751 -0.016
70 271 3 44.886 81.894 37.617 0.548 0.37 0.457 3.142
71 2 1 27.478 100.371 37.151 4.247 1.994 1.482 -0.01
71 14 1 27.919 112.713 37.047 2.665 2.019 1.401 -0.009
71 30 1 30.756 99.916 37.223 3.935 2.119 1.703 -0.01
71 35 1 26.06 107.381 37.287 3.691 1.86 1.51 -0.009
71 56 5 31.29 93.792 37.246 2.571 1.409 1.377 -0.01
71 200 3 65.767 65.123 37.787 0.341 0.239 0.781 -1.432
71 234 3 7.522 99.394 37.19 0.641 0.563 1.723 -3.14
71 243 3 26.517 162.234 37.562 0.618 0.387 0.755 -3.095
71 254 5 8.927 110.199 37.181 1.408 0.468 1.228 -3.094
71 266 4 31.48 125.162 37.357 1.174 0.729 0.544 0.02
71 267 1 18.772 98.76 37.162 4.025 1.723 1.192 -3.118
71 271 3 44.839 81.866 37.601 0.313 0.542 0.497 2.957
72 2 1 27.494 100.371 37.152 4.237 1.972 1.482 0.01
72 14 1 27.939 112.718 37.045 2.688 2.018 1.401 0.01
72 30 1 30.777 99.894 37.23 3.959 2.114 1.684 0.01
72 35 1 26.118 107.087 37.225 4.474 1.899 1.647 0.01
72 56 5 31.251 93.805 37.249 2.62 1.416 1.371 0.01
72 200 3 65.789 65.029 37.816 0.25 0.415 0.714 -3.142
72 234 3 7.381 99.783 37.265 0.573 0.522 1.564 -0.043
72 243 3 26.497 162.83 38.076 0.682 0.388 1.786 3.135
72 254 5 8.164 113.14 36.999 0.861 0.427 1.472 -0.038
72 266 4 30.811 128.695 37.232 1.206 0.749 0.75 0.01
72 267 1 20.052 93.982 37.059 3.062 1.576 1.366 -3.105
72 271 3 44.494 81.868 37.658 0.359 0.443 0.386 3.135
72 279 5 35.829 104.586 37.824 0.221 0.147 0.204 -0.137
73 2 1 27.509 100.349 37.152 4.28 1.976 1.485 0.022
73 14 1 27.949 112.737 37.046 2.73 2.04 1.402 0.022
73 30 1 30.776 99.879 37.223 3.881 2.104 1.679 0.022
73 35 1 26.131 107.073 37.277 4.253 1.904 1.533 0.022
73 56 5 31.32 93.821 37.254 2.625 1.468 1.368 0.022
73 200 3 65.712 64.943 37.83 0.255 0.246 0.708 -2.983
73 234 3 7.345 100.292 37.295 0.561 0.534 1.516 -0.118
73 243 3 26.655 163.117 38.218 0.861 0.509 1.477 3.142
73 254 5 7.264 116.194 36.876 1.323 0.625 1.561 0.009
73 266 4 30.16 132.054 37.322 0.786 0.505 0.331 0.056
73 267 1 21.149 89.151 37.352 1.554 1.139 0.841 -3.133
73 271 3 44.498 81.725 37.625 0.473 0.525 0.468 3.051
73 279 5 35.205 108.091 37.096 1.771 0.631 1.66 0.02
74 2 1 27.477 100.351 37.16 4.257 1.952 1.478 -0.02
74 14 1 27.903 112.696 37.066 2.669 2.018 1.442 -0.021
74 30 1 30.777 99.903 37.216 3.952 2.104 1.682 -0.02
74 35 1 26.127 107.005 37.274 4.357 1.854 1.546 -0.016
74 56 5 31.286 93.794 37.257 2.586 1.433 1.372 -0.02
74 200 3 65.742 65.009 37.832 0.273 0.312 0.723 1.023
74 234 3 7.175 100.697 37.253 0.624 0.575 1.377 3.108
74 243 3 26.531 163.86 37.397 0.129 0.284 0.458 -0.087
74 254 5 6.649 118.522 37.043 1.487 0.452 1.388 -0.035
74 271 3 44.405 81.638 37.636 0.621 0.445 0.462 -3.123
74 279 5 34.407 111.672 37.713 0.509 0.323 0.412 -0.062
75 2 1 27.474 100.375 37.157 4.223 2.004 1.486 -0.008
75 14 1 27.914 112.702 37.053 2.702 2.031 1.425 -0.008
75 30 1 30.775 99.897 37.245 3.94 2.114 1.706 -0.008
75 35 1 26.122 107.056 37.272 4.476 1.861 1.556 -0.008
75 56 5 31.32 93.825 37.261 2.633 1.426 1.366 -0.008
75 200 3 65.706 65.107 37.849 0.3 0.341 0.695 -3.142
75 234 3 7.053 101.138 37.231 0.667 0.505 1.418 -0.032
75 243 3 26.48 164.42 37.383 0.181 0.338 0.451 0.09
75 254 5 5.969 120.945 36.867 1.543 0.546 1.585 0.046
75 271 3 44.232 81.691 37.631 0.257 0.265 0.408 -3.126
75 279 5 33.619 115.403 37.545 0.776 0.417 0.694 0.12
76 2 1 27.538 100.388 37.16 4.21 1.882 1.486 -0.003
76 14 1 27.928 112.698 37.071 2.675 2.043 1.456 0.01
76 30 1 30.776 99.909 37.233 3.936 2.114 1.679 0.01
76 35 1 26.14 107.02 37.281 4.388 1.878 1.538 0.01
76 56 5 31.278 93.807 37.268 2.647 1.415 1.362 0.009
76 234 3 7.021 101.586 37.262 0.622 0.574 1.579 -0.075
76 254 5 5.343 123.9 36.903 0.943 0.536 1.63 -0.044
76 279 5 32.901 119.191 37.137 1.765 0.544 1.511 -0.03
77 2 1 27.481 100.371 37.162 4.216 1.998 1.487 0.006
77 14 1 27.923 112.701 37.066 2.683 2.042 1.438 -0.003
77 30 1 30.784 99.879 37.219 3.907 2.114 1.656 0.006
77 35 1 26.111 107.069 37.276 4.496 1.861 1.546 -0.017
77 56 5 31.277 93.823 37.267 2.622 1.416 1.37 0.006
77 234 3 6.833 101.944 37.215 0.624 0.517 1.441 3.122
77 254 5 4.616 126.904 37.036 1.258 0.556 1.212 0.036
77 279 5 32.184 122.928 37.206 1.36 0.537 1.137 0.033
77 287 5 17.145 70.158 37.517 0.109 0.534 0.497 3.126
78 2 1 27.506 100.383 37.161 4.225 1.965 1.485 0.012
78 14 1 27.924 112.704 37.057 2.663 2.043 1.419 0.007
78 30 1 30.782 99.887 37.247 3.887 2.104 1.669 0.012
78 35 1 26.123 107.113 37.281 4.575 1.884 1.54 0.012
78 56 5 31.316 93.855 37.269 2.629 1.495 1.363 0.012
78 234 3 6.643 102.737 37.399 0.505 0.511 1.278 -0.148
78 279 5 30.947 129.508 37.319 0.767 0.569 0.913 0.032
78 287 5 15.938 75.773 37.288 0.285 0.395 0.828 -3.101
78 290 4 36.268 105.467 37.477 1.076 0.737 0.984 0.032
79 2 1 27.499 100.357 37.163 4.272 1.974 1.483 -0.002
79 14 1 27.917 112.708 37.041 2.675 2.031 1.449 -0.002
79 30 1 30.774 99.928 37.217 3.923 2.131 1.639 -0.002
79 35 1 26.121 107.087 37.301 4.481 1.876 1.49 -0.002
79 56 5 31.283 93.84 37.298 2.581 1.378 1.305 -0.001
79 234 3 6.434 103.026 37.288 0.592 0.524 1.49 -0.047
79 279 5 30.142 133.559 37.376 0.682 0.478 0.597 -0.003
79 287 5 15.018 79.295 37.466 0.494 0.573 0.615 0.039
79 290 4 35.832 107.273 37.088 1.465 0.677 1.673 -0.061
79 295 3 65.636 65.124 37.85 0.394 0.176 0.733 2.703
80 2 1 27.504 100.368 37.162 4.259 1.974 1.486 0.003
80 14 1 27.904 112.705 37.069 2.667 2.053 1.449 -0.012
80 30 1 30.77 99.926 37.221 3.92 2.13 1.648 0.003
80 35 1 26.114 107.093 37.263 4.511 1.885 1.574 -0.005
80 56 5 31.327 93.846 37.267 2.61 1.464 1.372 -0.007
80 234 3 6.365 103.476 37.253 0.673 0.457 1.557 3.12
80 279 5 29.24 137.578 37.489 0.506 0.325 0.489 -3.127
80 287 5 14.211 82.813 37.348 0.649 0.663 0.987 3.127
80 290 4 35.407 109.158 37.129 1.755 0.759 1.615 0.042
80 295 3 65.702 65.186 37.851 0.404 0.247 0.748 1.487
81 2 1 27.524 100.272 37.162 4.462 1.935 1.489 0.016
81 14 1 27.948 112.735 37.048 2.697 2.026 1.418 0.017
81 30 1 30.78 99.922 37.226 3.94 2.136 1.631 0.016
81 35 1 25.904 108.086 37.254 2.562 1.897 1.586 0.016
81 56 5 31.263 93.855 37.272 2.649 1.347 1.365 0.016
81 234 3 6.126 103.836 37.229 0.643 0.789 1.599 0.096
81 279 5 28.416 141.765 37.186 0.661 0.539 0.939 -0
81 287 5 13.524 86.388 37.133 0.837 0.684 1.246 0
81 290 4 35.05 110.793 37.176 1.119 0.686 1.51 -0.125
81 295 3 65.696 65.171 37.862 0.403 0.222 0.725 -1.522
81 301 5 32.169 106.769 37.02 0.397 0.43 0.386 0.016
81 302 5 9.085 132.442 37.388 0.902 0.508 0.209 0
82 2 1 27.462 100.366 37.165 4.261 2.051 1.482 -0.005
82 14 1 27.905 112.709 37.073 2.672 2.054 1.463 -0.011
82 30 1 30.777 99.912 37.24 3.878 2.135 1.726 -0.005
82 35 1 26.044 107.472 37.249 3.458 1.86 1.6 -0.011
82 56 5 31.254 93.861 37.273 2.655 1.423 1.36 -0.005
82 234 3 6.077 104.303 37.233 0.583 0.567 1.585 0.024
82 287 5 12.71 89.835 37.056 1.313 0.641 1.521 -0.012
82 290 4 34.612 112.699 37.684 0.352 0.377 0.467 -0.005
82 295 3 65.649 65.152 37.855 0.229 0.288 0.732 -3.092
82 301 5 34.706 108.24 37.058 1.693 0.829 1.552 -0.005
82 302 5 10.511 126.642 36.949 1.195 0.301 0.872 3.136
83 2 1 27.508 100.355 37.164 4.307 1.963 1.485 0.013
83 14 1 27.903 112.716 37.048 2.675 2.02 1.402 -0.017
83 30 1 30.774 99.926 37.197 3.94 2.094 1.631 0.013
83 35 1 26.123 107.083 37.25 4.468 1.88 1.598 0.002
83 56 5 31.274 93.858 37.274 2.581 1.423 1.359 -0.008
83 234 3 6.178 104.744 37.431 0.419 0.354 0.964 3.128
83 287 5 11.961 93.526 37.047 1.383 0.619 1.422 0.045
83 290 4 34.278 114.665 37.637 0.502 0.497 0.549 0.056
83 295 3 65.7 65.185 37.855 0.443 0.367 0.722 1.313
83 301 5 33.748 112.514 37.697 0.226 0.234 0.212 0.02
83 302 5 11.765 119.909 37.056 3.048 0.681 1.417 3.073
84 2 1 27.482 100.377 37.155 4.243 1.914 1.501 -0.001
84 14 1 27.911 112.716 37.043 2.668 2.017 1.431 0.004
84 30 1 30.758 99.918 37.218 3.944 2.092 1.649 -0.003
84 35 1 26.122 107.071 37.282 4.543 1.867 1.548 0.004
84 56 5 31.304 93.892 37.28 2.658 1.503 1.341 0.023
84 234 3 5.968 105.278 37.378 0.43 0.325 1.284 0.045
84 287 5 11.475 96.698 37.003 1.196 0.591 1.312 3.124
84 290 4 33.89 116.9 37.421 1.242 0.698 0.911 0.012
84 295 3 65.683 65.087 37.826 0.28 0.479 0.756 -2.945
84 301 5 32.913 116.737 37.231 1.462 0.739 1.138 0.019
84 302 5 13.022 114.055 37.141 2.457 0.663 1.269 -3.11
85 2 1 27.507 100.329 37.167 4.342 1.967 1.481 -0.002
85 14 1 27.916 112.724 37.066 2.696 2.043 1.452 0.006
85 30 1 30.761 99.922 37.223 3.913 2.12 1.68 0.012
85 35 1 26.124 107.042 37.287 4.389 1.86 1.541 -0.01
85 56 5 31.257 93.846 37.268 2.645 1.348 1.364 0.013
85 234 3 5.876 105.601 37.378 0.429 0.579 1.29 1.218
85 287 5 10.811 100.302 37.265 0.93 0.729 1.082 0.067
85 290 4 33.444 118.79 37.162 1.248 0.677 1.379 0.009
85 295 3 65.587 65.072 37.813 0.232 0.515 0.768 -0.037
85 301 5 32.125 121.271 37.034 1.537 0.674 1.467 0.009
85 302 5 14.714 107.031 37.497 1.383 0.653 0.681 -3.119
86 2 1 27.486 100.373 37.155 4.254 1.948 1.509 0
86 14 1 27.945 112.713 37.064 2.659 2.027 1.465 0.01
86 30 1 30.771 99.941 37.317 3.921 2.124 1.897 0
86 35 1 26.136 107.041 37.318 4.375 1.813 1.474 0.01
86 56 5 31.246 93.863 37.181 2.663 1.419 1.544 0
86 234 3 5.91 106.089 37.342 0.591 0.53 1.355 0.16
86 287 5 10.208 103.504 37.241 0.799 0.871 0.858 0.021
86 290 4 33.036 120.534 37.055 1.676 0.686 1.624 -0.013
86 295 3 65.457 65.13 37.843 0.267 0.473 0.72 -0.376
86 301 5 31.487 125.626 37.392 0.952 0.64 0.635 0.053
86 302 5 16.482 100.713 37.508 1.359 0.493 0.752 -3.098
86 317 4 13.442 87.238 37.1 1.536 0.705 1.344 -2.935
87 2 1 27.497 100.361 37.174 4.277 1.981 1.481 0.01
87 14 1 27.933 112.704 37.069 2.65 2.025 1.421 0.002
87 30 1 30.776 99.916 37.238 3.937 2.117 1.671 0.012
87 35 1 26.114 107.1 37.242 4.505 1.885 1.643 0.002
87 56 5 31.26 93.888 37.274 2.65 1.413 1.368 0.01
87 234 3 5.704 107.151 37.275 0.4 0.743 1.487 0.958
87 287 5 8.562 110.57 37.272 0.727 0.56 0.803 -3.104
87 290 4 32.098 124.369 37.258 1.307 0.644 0.983 -0.018
87 295 3 65.118 65.452 37.841 0.231 0.398 0.733 1.223
87 301 5 29.448 135.886 37.349 0.118 0.489 0.069 -0.007
87 302 5 20.223 86.542 37.347 1.211 0.692 1.192 -3.13
87 317 4 12.143 93.922 37.075 1.276 0.841 1.4 -3.133
87 323 2 11.275 131.468 37.745 7.191 2.624 2.292 3.138
87 326 4 28.124 138.544 37.343 0.644 0.372 0.503 -0.007
88 2 1 27.482 100.401 37.173 4.194 1.989 1.482 0
88 14 1 27.919 112.72 37.063 2.692 2.032 1.423 0
88 30 1 30.78 99.924 37.229 3.927 2.111 1.679 0
88 35 1 26.135 107.033 37.327 4.372 1.888 1.471 -0
88 56 5 31.254 93.904 37.302 2.63 1.357 1.308 0
88 234 3 5.522 107.478 37.299 0.618 0.451 1.422 -0.045
88 287 5 7.878 113.651 37.033 1.064 0.49 1.406 0.064
88 290 4 31.642 126.415 37.369 0.754 0.638 0.646 -0.012
88 295 3 64.958 65.217 37.852 0.483 0.488 0.7 -2.966
88 301 5 28.671 140.151 37.183 0.84 0.503 0.713 -0.012
88 302 5 21.87 80.042 37.676 1.005 0.28 0.47 -3.127
88 317 4 11.609 97.046 37.118 1.64 0.784 1.091 3.136
88 323 2 12.078 128.189 38.09 9.943 2.913 2.384 3.118
88 326 4 28.245 137.069 37.301 0.187 0.434 0.656 -0.058
88 328 4 35.931 106.128 37.374 1.153 0.723 1.078 -0.046
89 2 1 27.442 100.36 37.176 4.264 2.079 1.479 -0.035
89 14 1 27.933 112.718 37.084 2.664 2.028 1.452 -0.003
89 30 1 30.773 99.93 37.236 3.91 2.118 1.654 -0.02
89 35 1 26.13 107.041 37.287 4.393 1.818 1.55 -0.035
89 56 5 31.304 93.874 37.279 2.597 1.431 1.359 -0.024
89 234 3 5.374 107.884 37.193 0.398 0.402 1.397 -3.077
89 287 5 7.122 116.878 36.941 0.951 0.462 1.416 3.135
89 290 4 31.282 128.331 37.358 0.852 0.662 0.911 -0.022
89 295 3 64.658 65.276 37.858 0.274 0.184 0.711 1.937
89 301 5 27.856 144.696 37.166 0.994 0.411 0.631 -0.108
89 302 5 23.399 73.409 37.678 1.068 0.587 0.226 3.132
89 317 4 11.093 99.775 37.206 0.937 0.801 0.973 -3.086
89 323 2 13.12 123.046 37.897 13.179 2.876 2.764 3.121
89 326 4 28.593 135.366 37.341 0.384 0.566 0.643 -0.001
89 328 4 35.556 108.025 37.104 1.709 0.752 1.563 -0.008
89 335 5 38.719 92.687 37.655 0.39 0.441 0.442 -0.019
89 336 5 48.067 52.915 37.624 0.414 0.606 0.391 -0.049
89 337 3 40.781 94.514 37.687 0.136 0.259 0.466 -1.71
90 2 1 27.544 100.318 37.167 4.168 1.925 1.491 0.007
90 14 1 27.938 112.721 37.076 2.672 2.042 1.433 0.007
90 30 1 30.776 99.935 37.231 3.92 2.14 1.647 0.007
90 35 1 26.14 107.087 37.253 4.248 1.881 1.618 0.007
90 56 5 31.272 93.876 37.303 2.597 1.367 1.306 0.007
90 234 3 5.275 108.516 37.393 0.405 0.546 1.212 1.316
90 290 4 30.938 130.191 37.296 0.829 0.642 0.957 0.035
90 295 3 64.542 65.267 37.86 0.319 0.267 0.701 1.682
90 302 5 25.134 66.996 37.607 0.84 0.246 0.046 -3.131
90 317 4 10.388 102.772 37.264 0.99 0.724 0.84 0.014
90 323 2 14.015 117.771 37.832 13.31 2.927 2.299 -3.131
90 326 4 29.118 133.353 37.249 0.961 0.414 0.915 0.01
90 328 4 35.084 109.877 37.049 1.531 0.661 1.613 0.017
90 335 5 38.285 94.642 37.36 1.058 0.6 1.115 -0.01
90 336 5 48.007 53.588 37.625 0.429 0.876 0.305 0.017
90 337 3 40.702 94.598 37.843 0.318 0.214 0.716 -1.928
90 338 5 20.261 57.034 37.565 0.336 0.436 0.727 -3.115
91 2 1 27.5 100.358 37.169 4.288 2 1.486 0.011
91 14 1 27.94 112.733 37.078 2.705 2.033 1.476 0.011
91 30 1 30.777 99.93 37.243 3.913 2.134 1.678 0.011
91 35 1 26.125 107.122 37.26 4.542 1.869 1.604 -0
91 56 5 31.275 93.881 37.276 2.594 1.373 1.357 0.005
91 290 4 30.586 132.077 37.28 0.795 0.752 0.916 -0.031
91 295 3 64.534 65.122 37.814 0.345 0.5 0.782 1.411
91 317 4 9.78 105.728 37.2 1.041 0.71 0.847 0.039
91 323 2 15.205 111.919 37.979 12.286 3.191 2.264 -3.137
91 326 4 29.532 132.033 37.525 0.202 0.47 0.447 -0.011
91 328 4 34.675 111.658 37.656 0.397 0.358 0.354 0.028
91 335 5 37.93 96.134 37.286 1.059 0.545 1.211 -0.042
91 336 5 47.896 54.24 37.735 0.421 0.712 0.155 -0.015
91 337 3 40.665 94.614 37.851 0.234 0.307 0.789 0.004
91 338 5 18.733 59.004 37.572 0.418 0.601 0.734 -3.14
91 342 5 12.084 128.588 37.625 0.206 0.815 0.12 3.136
92 2 1 27.465 100.368 37.173 4.243 1.939 1.479 0
92 14 1 27.936 112.72 37.061 2.693 2.025 1.396 -0
92 30 1 30.783 99.918 37.215 3.937 2.105 1.606 -0
92 35 1 26.136 107.042 37.353 4.394 1.873 1.418 -0
92 56 5 31.271 93.885 37.298 2.654 1.417 1.313 -0
92 290 4 30.18 133.807 37.532 0.204 0.187 0.255 0.017
92 295 3 64.54 65.235 37.832 0.257 0.275 0.738 -3.109
92 323 2 16.479 106.546 37.939 12.311 2.939 2.134 -3.127
92 326 4 29.917 130.269 37.509 0.186 0.366 0.5 0.017
92 328 4 34.266 113.613 37.655 0.338 0.352 0.348 -0.012
92 335 5 37.447 98.292 37.795 0.205 0.138 0.094 3.133
92 336 5 47.698 54.833 37.644 0.386 0.833 0.344 -0.018
92 337 3 40.667 94.607 37.921 0.216 0.29 0.649 -3.094
92 338 5 18.473 60.708 37.604 0.473 0.53 0.713 -3.131
92 342 5 13.828 122.264 37.281 3.742 1.331 0.928 -3.141
92 343 5 36.331 104.375 37.746 0.167 0.158 0.2 3.133
93 2 1 27.503 100.363 37.17 4.253 1.954 1.487 0.009
93 14 1 27.935 112.722 37.075 2.717 2.041 1.42 0.009
93 30 1 30.766 99.911 37.237 3.926 2.117 1.657 0.009
93 35 1 26.075 107.36 37.307 3.685 1.875 1.509 0.009
93 56 5 31.297 93.88 37.27 2.589 1.432 1.367 0.009
93 290 4 29.853 135.727 37.325 0.411 0.492 0.597 -0
93 295 3 64.491 65.207 37.984 0.307 0.386 0.424 0.136
93 323 2 17.576 101.403 37.804 11.808 2.877 2.393 -3.108
93 326 4 30.159 128.547 37.432 0.41 0.576 0.408 3.142
93 328 4 33.818 115.868 37.53 1.079 0.51 0.625 0
93 336 5 47.596 55.495 37.629 0.353 0.87 0.293 -0.031
93 337 3 40.683 94.591 37.849 0.106 0.226 0.726 -1.042
93 342 5 15.349 116.49 37.321 3.569 1.576 0.989 -3.108
93 343 5 36.088 106.417 37.298 0.833 0.919 1.076 -0.033
93 350 3 4.929 109.797 37.361 0.418 0.448 1.249 0
93 351 4 8.366 111.809 37.028 1.311 0.515 1.298 3.142
94 2 1 27.489 100.349 37.174 4.281 1.989 1.48 0
94 14 1 27.922 112.701 37.069 2.672 2.054 1.425 0
94 30 1 30.752 99.912 37.239 3.928 2.098 1.694 0
94 35 1 26.052 107.426 37.263 3.777 1.876 1.595 0
94 56 5 31.234 93.881 37.271 2.638 1.294 1.37 0.133
94 290 4 29.364 137.565 37.518 0.343 0.417 0.5 0
94 295 3 64.427 65.137 37.995 0.344 0.375 0.424 0.136
94 323 2 18.798 96.057 37.807 11.743 3 2.68 -3.118
94 326 4 30.566 126.719 37.373 0.679 0.709 0.644 0.057
94 328 4 33.378 117.903 37.236 1.196 0.556 1.178 0
94 336 5 47.506 56.197 37.663 0.526 0.796 0.335 -0.016
94 337 3 40.682 94.6 37.869 0.248 0.261 0.539 -3.094
94 342 5 16.764 111.689 37.422 3.823 1.296 0.826 -3.133
94 343 5 35.61 108.429 37.066 1.463 0.753 1.534 0
94 350 3 4.839 110.071 37.15 0.67 0.56 1.655 0.022
94 351 4 7.612 114.644 37.536 0.55 0.319 0.35 0.005
95 2 1 27.465 100.272 37.172 4.417 2.055 1.486 -0.025
95 14 1 27.913 112.724 37.088 2.721 2.049 1.457 -0.001
95 30 1 30.772 99.896 37.245 3.862 2.109 1.677 -0.003
95 35 1 26.134 107.022 37.249 4.355 1.889 1.623 -0.001
95 56 5 31.261 93.871 37.276 2.598 1.357 1.364 -0.004
95 290 4 28.973 139.323 37.081 0.813 0.567 1.302 0.016
95 295 3 64.366 65.09 37.864 0.555 0.201 0.701 -1.514
95 323 2 19.998 90.714 37.962 11.787 2.791 2.637 -3.115
95 326 4 30.996 125.076 37.425 0.62 0.749 0.637 -0.045
95 328 4 33.012 119.789 37.087 1.633 0.667 1.482 3.131
95 336 5 47.293 56.773 37.663 0.23 0.799 0.303 0.039
95 337 3 40.661 94.611 37.854 0.278 0.193 0.788 -2.218
95 338 5 17.126 66.012 37.718 0.424 0.5 0.642 3.13
95 342 5 18.06 106.062 37.599 3.037 1.074 0.66 -3.106
95 343 5 35.213 110.25 37.091 1.104 0.801 1.479 -0.015
95 350 3 4.907 110.473 37.31 0.607 0.553 1.325 3.09
95 351 4 7.065 117.736 37.036 1.188 0.85 1.177 -3.058
95 355 5 40.808 84.413 37.665 0.355 0.373 0.192 -3.132
96 2 1 27.51 100.365 37.17 4.265 1.962 1.485 0.019
96 14 1 27.93 112.716 37.042 2.694 1.98 1.44 0.015
96 30 1 30.777 99.905 37.212 3.872 2.126 1.609 0.015
96 35 1 26.135 107.097 37.216 4.484 1.901 1.224 0.019
96 56 5 31.249 93.881 37.222 2.65 1.417 1.466 0
96 290 4 28.118 139.464 37.387 0.434 0.5 0.688 -0.002
96 323 2 22.026 81.242 38.077 11.696 2.765 2.925 3.14
96 326 4 31.551 122.044 37.517 0.572 0.56 0.631 -3.126
96 328 4 32.27 123.239 37.151 1.35 0.509 1.274 0.015
96 336 5 47.115 57.957 37.461 0.386 0.813 0.775 0.018
96 337 3 40.667 94.629 37.807 0.244 0.233 0.661 3.119
96 342 5 20.453 94.959 37.213 4.017 1.883 1.339 3.14
96 343 5 35.719 106.906 37.127 1.524 0.698 1.452 -0.038
96 350 3 4.702 111.158 37.153 0.61 0.58 1.623 0.042
96 351 4 5.825 122.909 36.93 1.437 0.601 1.408 -3.138
96 355 5 40.946 83.487 37.746 0.168 0.369 0.424 0.181
96 356 3 28.38 142.958 37.168 0.424 0.46 0.982 -0.038
96 357 3 34.404 113.831 37.604 0.263 0.439 0.307 -0.043
97 2 1 27.49 100.363 37.171 4.272 1.937 1.483 0
97 14 1 27.919 112.719 37.072 2.698 1.998 1.419 0
97 30 1 30.782 99.914 37.236 3.932 2.124 1.671 0
97 35 1 26.134 107.042 37.295 4.375 1.891 1.537 0.008
97 56 5 31.256 93.888 37.294 2.663 1.381 1.324 0.018
97 290 4 28.479 136.895 37.283 1.476 0.515 0.651 0
97 323 2 23.153 76.065 38.364 11.829 2.569 2.408 -3.125
97 326 4 31.968 120.158 37.296 1.17 0.601 1.041 3.142
97 328 4 31.765 125.182 37.412 0.486 0.504 0.561 -0
97 336 5 46.951 58.639 37.478 0.448 0.808 0.766 0.039
97 337 3 40.68 94.612 37.794 0.205 0.147 0.628 -2.477
97 342 5 21.583 89.817 37.512 2.214 1.327 0.776 -3.136
97 343 5 35.405 108.645 37.086 1.76 0.685 1.577 0
97 350 3 4.615 111.54 37.129 0.662 0.653 1.659 -0.004
97 351 4 5.27 125.634 37.05 1.016 0.406 0.952 0
97 355 5 40.547 85.122 37.774 0.171 0.438 0.346 0.013
97 357 3 33.974 115.777 37.491 0.308 0.52 0.462 0
97 362 3 17.132 71.492 37.54 0.088 0.165 0.402 3.142
97 364 3 15.986 71.09 37.523 0.541 0.576 0.444 3.142
98 2 1 27.471 100.359 37.168 4.264 2.044 1.485 0.021
98 14 1 27.924 112.702 37.061 2.664 2.038 1.413 0.004
98 30 1 30.733 99.912 37.224 3.941 2.054 1.676 0.021
98 35 1 26.128 107.037 37.29 4.371 1.896 1.54 0.002
98 56 5 31.275 93.876 37.303 2.608 1.384 1.296 0.021
98 323 2 24.165 71.734 38.392 10.22 2.605 2.221 -3.106
98 326 4 32.285 118.701 37.104 1.524 0.732 1.539 -3.14
98 328 4 31.209 127.418 37.319 1.086 0.522 0.715 0.013
98 336 5 46.754 59.341 37.478 0.454 0.852 0.749 -0.019
98 337 3 40.674 94.624 37.814 0.2 0.275 0.641 -0.698
98 342 5 22.769 84.37 37.702 1.285 1.156 0.542 -3.106
98 343 5 35.072 110.195 37.076 1.349 0.583 1.567 0.008
98 350 3 4.52 111.902 37.268 0.529 0.455 1.358 0.096
98 351 4 4.613 128.59 37.015 0.526 0.467 1.223 3.124
98 355 5 40.145 86.822 37.814 0.182 0.436 0.333 0.028
98 356 3 28.992 134.617 37.377 0.837 0.418 0.637 -0.005
98 357 3 33.547 117.926 37.258 0.701 0.577 0.98 0.004
98 362 3 16.626 73.401 37.374 0.476 0.455 0.87 3.097
98 364 3 15.569 73.018 37.279 0.686 0.645 1.106 -0.012
99 2 1 27.483 100.367 37.169 4.259 2.013 1.483 0.012
99 14 1 27.902 112.731 37.061 2.714 1.98 1.412 -0.021
99 30 1 30.777 99.903 37.213 3.876 2.105 1.648 0.012
99 35 1 26.068 107.384 37.314 3.649 1.9 1.485 0.012
99 56 5 31.263 93.892 37.269 2.662 1.411 1.367 0.012
99 323 2 25.194 66.431 38.599 10.804 2.668 1.952 -3.132
99 326 4 32.638 116.888 37.258 1.131 0.697 1.201 -3.073
99 328 4 30.892 129.408 37.233 0.951 0.563 0.748 0
99 336 5 46.535 60.226 37.498 0.913 0.678 0.735 -0.003
99 337 3 40.677 94.613 37.789 0.17 0.179 0.619 -1.65
99 342 5 24.274 78.41 37.841 0.384 1.02 0.043 -3.132
99 343 5 34.648 112.088 37.64 0.549 0.31 0.371 0
99 350 3 4.407 112.386 37.39 0.387 0.584 1.109 0.85
99 356 3 29.674 131.785 37.458 0.159 0.343 0.518 -0
99 357 3 33.042 119.947 37.086 0.647 0.549 1.298 0
99 362 3 16.183 75.287 37.353 0.695 0.58 1.005 0
99 364 3 15.25 74.966 37.537 0.649 0.577 0.612 0
100 2 1 27.498 100.363 37.17 4.274 1.981 1.484 0.007
100 14 1 27.965 112.737 37.056 2.706 2.025 1.415 0.022
100 30 1 30.789 99.894 37.246 3.973 2.126 1.678 0.007
100 35 1 26.149 107.038 37.252 4.375 1.883 1.619 0.007
100 56 5 31.267 93.894 37.292 2.595 1.37 1.325 0.007
100 323 2 25.975 62.667 38.724 8.55 2.616 1.594 3.139
100 326 4 32.909 115.446 37.531 0.684 0.67 0.671 -3.104
100 328 4 30.589 131.048 37.339 0.317 0.476 0.826 0.087
100 336 5 46.461 60.829 37.506 0.515 0.903 0.749 0
100 337 3 40.68 94.614 37.865 0.244 0.234 0.539 3.142
100 343 5 34.314 113.844 37.633 0.579 0.358 0.338 -0.001
100 350 3 4.354 112.764 37.317 0.518 0.504 0.998 0.104
100 356 3 30.093 129.678 37.397 1.045 0.613 0.806 0.087
100 357 3 32.639 121.789 36.953 1.002 0.578 1.588 0.014
100 362 3 15.817 77 37.487 0.346 0.437 0.813 3.123
100 364 3 14.923 76.821 37.3 0.838 0.649 1.17 3.123
101 2 1 27.459 100.384 37.167 4.209 2.054 1.485 0.013
101 14 1 27.968 112.722 37.054 2.667 2.028 1.401 0.021
101 30 1 30.789 99.901 37.227 3.896 2.115 1.639 0.027
101 35 1 26.136 107.109 37.232 4.488 1.88 1.657 0.013
101 56 5 31.257 93.896 37.289 2.673 1.397 1.323 0.034
101 323 2 26.766 60.026 38.682 4.202 2.596 1.705 -3.102
101 326 4 33.229 113.991 37.65 0.285 0.522 0.439 0.045
101 328 4 30.097 133.293 37.404 0.795 0.575 0.598 0.061
101 336 5 46.167 61.517 37.51 0.62 0.782 0.738 0.002
101 343 5 34.005 115.519 37.539 0.724 0.34 0.582 0.236
101 350 3 4.288 113.227 37.361 0.537 0.469 1.12 -3.049
101 356 3 30.615 126.999 37.362 1.538 0.689 0.644 0
101 357 3 32.246 123.828 37.177 0.509 0.621 1.004 -0.009
101 362 3 15.384 78.835 37.34 0.494 0.532 1.148 -3.003
101 364 3 14.588 78.583 37.222 0.598 0.563 1.363 -3.001
101 375 5 39.012 91.813 37.738 0.296 0.445 0.332 0.014
102 2 1 27.493 100.348 37.168 4.302 1.963 1.484 0.008
102 14 1 27.93 112.718 37.047 2.682 2.039 1.414 0.005
102 30 1 30.779 99.931 37.219 3.92 2.116 1.637 0.029
102 35 1 26.136 107.076 37.239 4.46 1.867 1.64 0.006
102 56 5 31.289 93.89 37.2 2.676 1.498 1.506 0.063
102 323 2 27.916 56.102 38.477 2.407 2.004 1.445 3.135
102 326 4 33.54 112.464 37.73 0.254 0.219 0.274 0.05
102 328 4 29.812 135.062 37.354 0.321 0.589 0.613 0.03
102 336 5 46.089 62.149 37.526 0.683 0.909 0.739 -0.01
102 343 5 33.667 117.295 37.383 1.028 0.504 0.881 0.091
102 350 3 4.079 113.617 37.133 0.55 0.801 1.575 0.045
102 356 3 31.088 124.762 37.441 1.521 0.667 0.633 0.018
102 357 3 31.864 125.778 37.338 0.4 0.593 0.542 0.014
102 362 3 15.026 80.996 37.085 1.115 0.571 1.719 0.024
102 364 3 14.167 80.485 37.144 0.839 0.626 1.599 0.034
102 375 5 38.583 93.637 37.567 0.714 0.68 0.789 0.026
103 2 1 27.507 100.344 37.154 4.318 1.992 1.452 0.004
103 14 1 27.939 112.712 37.053 2.676 2.043 1.417 0.023
103 30 1 30.777 99.921 37.201 3.942 2.12 1.658 0.007
103 35 1 26.134 107.107 37.245 4.525 1.884 1.626 0.012
103 56 5 31.254 93.875 37.21 2.683 1.39 1.485 0.011
103 323 2 28.357 52.234 38.466 0.244 2.503 1.591 -3.133
103 326 4 33.904 110.933 37.709 0.255 0.334 0.25 -0.071
103 328 4 29.329 137.04 37.435 0.199 0.393 0.291 0.017
103 336 5 45.844 62.756 37.53 0.699 0.742 0.737 0
103 343 5 33.276 119.162 37.114 1.874 0.658 1.293 -0.015
103 350 3 4.079 114.033 37.346 0.511 0.517 1.116 -3.068
103 356 3 31.643 122.338 37.372 1.564 0.583 0.908 -3.082
103 357 3 31.477 127.783 37.303 0.511 0.584 0.681 -0.082
103 362 3 14.681 82.305 37.027 1.788 0.57 1.632 -3.108
103 364 3 13.898 82.316 37.519 0.755 0.807 0.892 3.127
103 375 5 38.244 95.379 37.274 1.157 0.667 1.434 0.012
103 383 5 36.233 104.485 37.782 0.228 0.229 0.147 0.012
104 2 1 27.499 100.352 37.131 4.299 1.937 1.493 0.019
104 14 1 27.946 112.745 37.026 2.726 1.978 1.47 0.019
104 30 1 30.773 99.92 37.185 3.861 2.075 1.666 0.019
104 35 1 26.134 107.077 37.306 4.263 1.826 1.467 -0.009
104 56 5 31.266 93.891 37.163 2.588 1.314 1.512 0.012
104 323 2 29.783 45.366 38.473 4.139 2.501 1.762 -3.138
104 326 4 34.289 109.064 37.057 1.272 0.705 1.597 3.142
104 328 4 28.736 139.374 37.19 0.997 0.474 0.677 0.038
104 343 5 32.94 120.516 37.036 1.535 0.502 1.454 0.017
104 350 3 4.011 114.513 37.316 0.44 0.461 1.099 -3.076
104 356 3 32.136 119.946 37.012 1.829 0.653 1.583 -3.124
104 357 3 31.117 129.701 37.2 0.55 0.547 0.7 0.043
104 364 3 13.471 84.172 37.335 0.622 0.71 0.966 3.127
104 375 5 37.996 96.716 37.564 0.439 0.522 0.734 0.033
104 383 5 35.679 107.697 37.04 1.516 0.73 1.595 0.003
105 2 1 27.498 100.36 37.164 4.28 1.981 1.484 0.001
105 14 1 27.929 112.719 37.052 2.685 1.977 1.439 0.001
105 30 1 30.793 99.915 37.339 3.858 2.103 1.848 0.001
105 35 1 26.129 107.1 37.235 4.505 1.866 1.644 0.001
105 56 5 31.266 93.888 37.191 2.587 1.378 1.512 -0.005
105 326 4 34.592 107.716 37.09 1.419 0.708 1.661 -3.083
105 328 4 28.34 141.095 37.154 0.521 0.437 0.724 0.005
105 343 5 32.535 122.335 37.069 1.317 0.576 1.321 0.024
105 350 3 3.933 114.929 37.215 0.556 0.658 1.361 0.353
105 356 3 32.625 117.719 37.023 1.649 0.787 1.629 -3.049
105 357 3 30.728 131.362 37.14 0.58 0.51 0.78 0.024
105 362 3 13.849 86.451 37.056 1.054 0.782 1.69 0.037
105 364 3 12.963 86.069 37.242 0.801 0.627 1.293 0.037
105 375 5 37.592 98.698 37.472 0.805 0.175 0.914 3.13
105 383 5 35.046 110.524 37.051 1.136 0.736 1.614 0.005
106 2 1 27.492 100.366 37.157 4.269 1.932 1.494 0.003
106 14 1 27.926 112.727 37.036 2.713 2.033 1.437 0.003
106 30 1 30.773 99.898 37.227 3.89 2.13 1.657 0.003
106 35 1 26.128 107.088 37.266 4.48 1.877 1.583 0.003
106 56 5 31.25 93.876 37.289 2.608 1.339 1.315 0.026
106 326 4 35.076 105.453 37.625 0.366 0.417 0.553 0.042
106 343 5 31.804 124.79 37.378 0.878 0.347 0.709 0.313
106 350 3 3.735 115.509 37.131 0.402 0.668 1.496 0.762
106 356 3 33.281 114.308 37.632 1 0.564 0.516 3.114
106 357 3 30.012 134.576 37.365 0.33 0.462 0.608 0.012
106 362 3 13.241 89.376 37.09 1.134 0.702 1.444 -0.032
106 364 3 12.215 89.082 37.195 1.051 0.735 1.471 -0.006
106 375 5 37.123 101.131 37.911 0.184 0.158 0.067 0.042
106 383 5 33.892 115.494 37.644 0.249 0.329 0.382 -0.016
