0 3 4 246.318 83.569 39.325 0.806 0.51 0.947 0.02
0 5 1 234.074 90.426 38.957 4.235 1.839 1.377 -0.02
0 9 4 191.481 75.33 39.147 0.88 0.481 1.203 3.142
0 13 1 221.419 88.718 38.907 2.506 1.733 1.404 -0.506
0 15 1 252.347 95.65 39.042 4.267 2.155 1.63 -0
0 19 1 231.652 86.586 39.024 3.582 1.851 1.545 -3.133
0 20 4 285.379 93.396 38.778 1.049 0.529 1.143 3.024
0 24 1 290.102 109.499 38.402 1.158 0.565 0.544 0
0 30 4 202.718 90.147 38.985 0.935 0.493 1.427 -0.003
0 31 4 233.285 79.476 38.958 1.763 0.752 1.481 0.023
0 33 3 217.963 69.949 39.35 0.492 0.492 0.485 0
0 34 4 203.532 89.027 39.021 1.071 0.482 1.408 0.049
1 3 4 245.115 83.176 39.299 0.511 0.406 0.954 -0.053
1 5 1 230.842 89.476 38.981 4.218 1.793 1.412 -0.015
1 9 4 192.875 75.707 39.134 0.914 0.52 1.233 3.132
1 13 1 220.335 88.702 38.788 0.922 1.679 0.992 -0.721
1 15 1 249.258 94.834 39.068 4.311 1.847 1.628 0
1 19 1 234.887 87.523 39.011 4.315 1.881 1.575 3.127
1 20 4 283.683 93.157 38.83 0.877 0.63 1.179 -3.123
1 24 1 290.028 109.845 38.686 2.597 1.214 1.187 0.615
1 30 4 201.039 89.618 38.91 0.854 0.57 1.525 -0.03
1 31 4 231.884 79.259 39.085 1.474 0.525 1.409 -0.013
1 33 3 218.68 70.194 39.39 0.338 0.581 0.481 0.07
1 34 4 201.876 88.494 39.072 0.959 0.506 1.257 -0.03
2 3 4 243.5 82.809 39.342 0.813 0.471 1.017 -0.008
2 5 1 227.563 88.473 38.974 4.161 1.745 1.431 -0.002
2 9 4 194.183 76.093 38.966 0.805 0.602 1.586 -3.121
2 13 1 217.284 90.492 38.531 4.444 0.371 0.633 -0.984
2 15 1 246.237 94.012 39.052 4.349 1.959 1.586 -0.008
2 19 1 238.392 88.446 39.042 4.346 1.878 1.592 3.133
2 20 4 282.058 92.906 38.951 0.985 0.536 1.039 -3.132
2 24 1 289.409 109.135 38.734 2.512 1.539 1.152 0.186
2 30 4 199.568 88.964 38.992 0.845 0.592 1.325 0.197
2 31 4 230.443 78.917 39.386 0.526 0.521 0.736 3.121
2 33 3 219.326 70.249 39.483 0.34 0.518 0.317 0.024
2 34 4 200.518 87.896 39.29 0.614 0.392 0.787 0.197
2 38 1 201.758 124.506 39.041 3.814 1.444 1.035 1.476
3 3 4 241.936 82.281 39.089 1.261 0.501 1.49 0.025
3 5 1 224.291 87.435 38.945 3.896 1.818 1.353 -0.002
3 9 4 195.361 76.195 39.051 0.913 0.573 1.502 3.07
3 13 1 214.98 92.869 38.526 1.426 0.391 0.68 -0.82
3 15 1 243.135 93.151 39.089 4.059 1.9 1.617 -0.002
3 19 1 242.539 89.452 39.082 2.827 1.273 1.506 3.112
3 20 4 280.273 92.599 38.888 1.184 0.658 1.244 -3.123
3 24 1 287.823 108.434 38.488 1.17 1.506 0.633 -0.004
3 30 4 198.214 88.579 39.48 0.52 0.443 0.358 0.03
3 31 4 229.052 78.549 39.532 0.288 0.384 0.396 -0.014
3 33 3 219.922 70.4 39.518 0.27 0.409 0.308 3.142
3 34 4 199.182 87.504 39.53 0.562 0.443 0.319 0.03
3 38 1 202.602 121.138 38.946 3.967 1.461 1.391 1.496
4 3 4 240.753 81.933 39.444 0.736 0.509 0.665 -0
4 5 1 220.57 86.405 38.95 4.208 1.838 1.413 -0.026
4 9 4 196.618 76.647 39.606 0.246 0.545 0.431 3.075
4 13 1 214.825 93.252 38.595 4.339 0.768 0.989 -1.116
4 15 1 239.874 92.209 39.092 4.038 1.827 1.615 -0.035
4 19 1 245.071 90.278 39.056 4.376 1.785 1.593 -3.141
4 20 4 278.759 92.266 38.953 1.241 0.618 1.202 0
4 24 1 287.256 107.918 38.676 2.177 1.909 1.362 -0.006
4 30 4 196.789 88.148 39.445 0.472 0.456 0.41 -3.07
4 33 3 220.569 70.495 39.54 0.253 0.498 0.3 3.142
4 38 1 203.665 117.478 38.705 4.378 1.03 1.534 1.519
5 3 4 239.298 81.416 38.965 1.559 0.528 1.611 -0.001
5 5 1 216.909 85.333 38.944 4.205 1.705 1.244 -0.034
5 13 1 213.549 94.594 38.55 4.091 1.481 0.942 -1.304
5 15 1 236.626 91.306 39.061 3.978 1.894 1.669 -0.014
5 19 1 248.26 91.044 39.05 4.615 1.903 1.598 3.127
5 20 4 277.116 91.854 38.921 1.571 0.622 1.375 0.02
5 24 1 286.136 107.606 38.735 3.456 1.484 1.322 0.481
5 30 4 195.427 87.704 38.918 0.778 0.456 1.427 0.042
5 33 3 221.209 70.623 39.359 0.2 0.441 0.634 0.033
5 38 1 204.525 114.536 38.783 3.291 0.718 1.525 1.498
5 44 5 226.062 77.764 39.514 0.341 0.4 0.287 3.141
6 3 4 238.012 80.84 38.975 1.619 0.654 1.734 -0.02
6 5 1 213.392 84.275 38.95 3.599 1.777 1.091 -0.02
6 13 1 212.696 96.843 38.485 4.2 1.216 0.93 -1.445
6 15 1 233.295 90.319 39.065 3.939 1.818 1.647 -0.02
6 19 1 251.448 91.849 39.048 4.418 1.97 1.604 3.116
6 20 4 275.446 91.423 38.859 1.442 0.631 1.58 0
6 24 1 284.718 106.72 38.595 3.738 1.601 1.012 0.241
6 30 4 193.7 87.288 39.092 1.278 0.704 1.106 0
6 33 3 221.899 70.815 39.383 0.415 0.462 0.696 -0.066
6 38 1 205.199 111.111 39.035 3.951 0.85 1.192 1.527
6 44 5 224.448 77.324 39.478 0.674 0.463 0.532 0
7 3 4 236.688 80.136 39.1 1.193 0.781 1.424 -0.024
7 5 1 210.549 83.417 38.877 1.362 1.819 1.058 -0.003
7 15 1 229.921 89.337 39.076 3.856 1.829 1.617 -0.003
7 19 1 254.634 92.611 39.026 4.325 2.038 1.596 3.116
7 20 4 273.572 90.952 38.916 0.973 0.625 1.291 -0.035
7 24 1 282.786 105.926 38.608 3.482 1.902 1.105 0.014
7 30 4 192.422 87.059 39.024 0.484 0.724 1.198 0.178
7 33 3 222.5 71.064 39.285 0.389 0.5 0.919 -0.039
7 38 1 205.337 108.299 39.091 4.468 1.681 1.216 1.51
7 44 5 223.136 76.957 39.35 0.344 0.525 0.809 -0.068
8 3 4 235.368 79.513 39.069 1.411 0.694 1.406 0
8 5 1 205.329 81.997 38.906 3.731 1.834 1.501 0.02
8 15 1 226.305 88.343 39.03 3.936 1.817 1.567 -0.024
8 19 1 257.84 93.43 39.006 4.252 1.982 1.592 3.114
8 20 4 272.225 90.609 39.245 0.46 0.65 0.751 0.016
8 24 1 280.662 105.121 38.651 3.585 1.771 1.206 -0
8 30 4 191.017 86.399 39.001 0.477 0.589 1.116 0
8 33 3 223.088 71.179 39.277 0.188 0.471 0.877 -0
8 38 1 206.47 105.479 39.189 3.238 0.595 1.123 1.541
8 44 5 221.562 76.653 39.577 0.288 0.256 0.178 3.142
9 3 4 234.149 79.06 39.085 1.624 0.524 1.554 0
9 5 1 202.258 81.104 38.963 1.45 1.561 1.262 0
9 15 1 222.55 87.293 38.965 3.805 1.909 1.455 -0.003
9 19 1 261.117 94.385 38.97 4.312 1.797 1.555 3.142
9 20 4 270.648 90.135 39.487 0.235 0.201 0.298 -3.142
9 24 1 278.385 104.282 38.74 3.623 1.661 1.177 0.049
9 30 4 189.527 85.633 38.993 0.357 0.545 1.197 0
9 33 3 223.75 71.251 39.323 0.145 0.475 0.879 0
9 38 1 206.634 102.605 39.26 3.227 1.641 1.113 1.506
9 44 5 220.032 76.241 39.542 0.396 0.449 0.218 1.552
9 56 4 203.767 76.951 39.165 0.593 0.799 1.026 3.142
10 3 4 232.932 78.544 39.095 1.335 0.587 1.499 0
10 5 1 197.515 79.853 38.787 2.229 1.655 0.672 0
10 15 1 218.649 86.268 38.933 3.505 1.827 1.343 -0.068
10 19 1 264.395 95.147 38.989 4.128 2 1.606 -3.126
10 20 4 269.084 89.705 39.468 0.18 0.229 0.135 3.142
10 24 1 275.887 103.406 38.721 3.762 1.792 1.379 0
10 33 3 224.452 71.499 39.262 0.226 0.413 1.028 3.142
10 38 1 207.149 100.363 39.103 4.037 1.707 1.522 1.508
10 44 5 218.322 75.805 39.408 0.965 0.539 0.447 -0.004
10 56 4 205.074 77.101 39.082 0.841 0.615 1.264 -3.133
10 57 4 204.883 78.463 39.19 0.738 0.606 1.487 -3.133
11 3 4 231.394 78.136 39.085 1.171 0.6 1.415 -0.06
11 5 1 194.134 78.949 38.797 0.183 0.963 0.301 -3.138
11 15 1 214.373 85.103 38.998 3.487 1.721 1.596 -0.065
11 19 1 267.858 96.203 38.977 4.479 1.765 1.607 3.129
11 20 4 267.051 89.039 39.209 1.08 0.594 0.79 0.044
11 24 1 273.039 102.482 38.811 3.678 1.688 1.404 0.042
11 33 3 225.084 71.699 39.244 0.312 0.542 1.065 -0.019
11 38 1 208.149 98.168 39.027 3.847 0.988 1.239 1.535
11 44 5 216.904 75.418 39.126 1.03 0.586 0.95 3.016
11 56 4 206.567 77.426 39.111 0.788 0.614 1.191 3.081
11 57 4 206.104 78.768 39.197 0.741 0.684 1.445 3.081
12 3 4 230.227 78.011 39.184 1.177 0.528 1.167 0.006
12 15 1 211.014 84.069 38.883 1.319 1.804 1.078 -0.017
12 19 1 270.938 97.04 38.911 4.094 1.695 1.54 -3.138
12 20 4 265.607 88.44 38.964 1.356 0.667 1.438 -0.014
12 24 1 270.15 101.567 38.879 3.688 1.772 1.44 -0.003
12 33 3 225.736 71.915 39.279 0.366 0.623 1.041 -3.085
12 38 1 208.322 96.411 38.931 4.458 1.641 1.532 1.595
12 44 5 215.736 74.98 39.106 0.486 0.543 0.956 0.051
12 56 4 208.051 77.759 39.174 1.202 0.562 1.137 -3.116
12 57 4 207.412 78.964 39.266 0.523 0.638 1.365 -3.116
13 3 4 228.89 77.88 39.443 0.251 0.449 0.84 0.049
13 15 1 206.724 82.887 38.765 1.007 1.742 1.093 0
13 19 1 274.112 97.77 38.863 3.894 1.742 1.449 3.139
13 20 4 264.443 88.105 38.955 1.026 0.632 1.556 -0.063
13 24 1 267.13 100.573 38.831 3.697 1.987 1.299 0.009
13 33 3 226.377 72.132 39.311 0.323 0.524 0.995 3.064
13 38 1 208.689 95.143 38.915 4.365 1.733 1.619 1.559
13 44 5 214.273 74.467 39.175 0.596 0.596 0.748 0.039
13 56 4 209.463 77.913 39.057 1.166 0.602 1.413 3.08
13 57 4 208.834 79.316 39.024 1.262 0.54 1.434 3.08
14 3 4 227.508 77.535 39.631 0.218 0.291 0.396 3.142
14 15 1 202.409 81.595 38.886 0.386 1.461 0.596 -0.133
14 19 1 277.447 98.663 38.721 4.394 1.627 1.225 3.142
14 20 4 262.449 87.426 39.21 1.035 0.647 0.952 -0.084
14 24 1 263.876 99.617 38.924 3.902 1.747 1.418 0
14 33 3 227.023 72.331 39.318 0.284 0.614 0.988 2.996
14 38 1 208.901 94.289 38.907 4.34 1.789 1.651 1.556
14 44 5 212.968 73.918 39.231 0.243 0.416 0.488 0.083
14 56 4 210.725 77.847 39.1 0.782 0.516 1.356 2.574
14 57 4 210.333 79.725 39.066 0.966 0.677 1.366 2.866
15 3 4 226.042 77.334 39.594 0.242 0.356 0.403 -3.116
15 15 1 197.317 80.137 38.724 1.274 1.596 0.694 0.004
15 19 1 279.486 98.77 39.139 2.184 1.13 1.113 -3.127
15 20 4 261.228 87.007 39.52 0.271 0.442 0.408 -3.08
15 24 1 260.525 98.629 38.935 3.893 1.804 1.504 -0.008
15 33 3 227.557 72.591 39.332 0.441 0.573 0.981 -3.112
15 38 1 209.114 93.833 38.924 4.271 1.606 1.638 1.591
15 56 4 212.298 77.883 39.029 1.001 0.65 1.545 3.112
15 57 4 211.71 80.124 39.069 1.043 0.638 1.4 3.106
16 3 4 224.429 76.894 39.475 0.692 0.519 0.579 -0.031
16 19 1 282.77 99.987 38.858 3.887 1.683 1.538 3.127
16 20 4 259.62 86.447 39.502 0.166 0.222 0.23 0.011
16 24 1 257.146 97.516 38.972 3.874 1.95 1.465 0
16 33 3 228.218 72.821 39.351 0.455 0.528 0.962 -3.104
16 38 1 209.161 93.713 38.936 4.265 1.659 1.616 1.589
16 56 4 213.17 77.649 39.082 1.035 0.672 1.494 3.094
16 57 4 212.694 80.33 39.036 0.986 0.667 1.51 3.039
17 3 4 223.26 76.445 39.428 0.299 0.543 0.581 -0.033
17 19 1 285.158 100.604 38.849 3.862 1.718 1.477 3.122
17 20 4 257.594 85.875 38.884 1.19 0.728 1.63 -0.091
17 24 1 253.852 96.641 38.957 3.962 1.77 1.442 0.017
17 33 3 228.776 72.991 39.337 0.381 0.463 0.978 -3.128
17 38 1 209.137 93.728 38.913 4.119 1.619 1.623 1.593
17 56 4 214.803 77.69 39.598 0.308 0.388 0.473 3.098
17 57 4 214.197 80.64 39.042 0.597 0.648 1.506 3.106
18 3 4 221.923 75.862 39.391 0.238 0.511 0.613 0.014
18 19 1 287.153 101.147 38.594 3.544 1.661 0.93 3.131
18 20 4 256.199 85.402 38.914 1.693 0.761 1.641 -0.015
18 24 1 250.547 95.623 38.979 3.95 1.836 1.453 0.001
18 33 3 229.196 73.24 39.364 0.357 0.564 0.95 3.096
18 38 1 209.097 93.705 38.998 4.23 1.631 1.671 1.583
18 57 4 215.713 80.96 39.018 0.922 0.689 1.62 3.095
19 3 4 220.489 75.358 39.527 0.253 0.35 0.207 -0.031
19 19 1 287.789 101.184 38.542 1.037 1.681 0.915 3.142
19 20 4 254.557 84.924 38.906 1.67 0.783 1.566 -0.018
19 24 1 247.336 94.591 39.038 3.982 1.799 1.408 -0.004
19 33 3 229.343 73.088 39.372 0.4 0.666 0.946 3.134
19 38 1 209.15 93.684 38.914 4.196 1.631 1.64 1.601
19 57 4 216.994 81.385 39.05 1.204 0.615 1.592 3.113
19 72 5 218.322 77.274 38.814 1.255 1.19 1.578 3.107
20 3 4 219.03 74.955 39.478 0.214 0.392 0.223 0
20 19 1 289.512 101.505 38.516 1.005 1.559 0.877 2.977
20 20 4 252.869 84.694 38.919 1.635 0.629 1.589 -0.188
20 24 1 244.257 93.717 38.987 3.669 1.726 1.416 0.009
20 33 3 229.371 73.019 39.357 0.338 0.561 0.948 3.107
20 38 1 209.166 93.71 38.894 4.172 1.64 1.653 1.603
20 57 4 218.49 81.791 39.02 1.159 0.548 1.665 3.116
20 72 5 219.204 77.495 38.855 1.358 1.098 1.532 3.116
20 74 3 295.993 127.04 38.838 0.403 0.39 1.22 1.612
21 3 4 217.589 74.429 39.446 0.253 0.441 0.221 -0.043
21 19 1 292.168 101.448 38.959 3.031 1.659 1.451 2.736
21 20 4 251.181 84.344 38.949 1.725 0.799 1.575 -0.047
21 24 1 240.917 92.792 38.998 3.627 1.665 1.481 -0.012
21 33 3 229.359 73.038 39.365 0.322 0.587 0.937 0.26
21 38 1 209.123 93.681 38.897 4.226 1.642 1.644 1.582
21 57 4 219.639 82.035 39.122 1.104 0.681 1.507 2.862
21 72 5 220.457 78.101 38.923 0.482 0.601 1.442 2.921
21 74 3 296.6 126.958 38.881 0.242 0.416 0.349 0
22 3 4 216.147 73.923 39.415 0.259 0.499 0.241 0.009
22 19 1 294.02 101.2 38.918 3.537 1.777 1.495 2.736
22 20 4 249.544 84.112 38.935 1.736 0.747 1.601 0
22 24 1 237.422 91.82 38.982 3.687 1.785 1.49 -0
22 33 3 229.328 73.035 39.353 0.349 0.59 0.966 -3.111
22 38 1 209.139 93.691 38.904 4.119 1.633 1.643 1.598
22 57 4 221.159 82.326 39.397 0.93 0.615 1.013 3.126
22 72 5 221.634 78.724 39.378 0.496 0.558 0.598 3.142
22 74 3 297.337 126.928 39.076 0.395 0.315 0.734 0
22 78 3 293.297 90.292 39.135 0.338 0.323 1.002 -3.142
23 19 1 295.783 100.799 38.891 3.862 1.774 1.517 2.61
23 20 4 247.965 83.82 39.069 1.544 0.755 1.335 -0.127
23 24 1 233.906 90.806 38.971 3.558 1.729 1.489 -0.01
23 33 3 229.358 73.074 39.364 0.365 0.82 0.936 0.147
23 38 1 209.134 93.642 38.919 4.191 1.603 1.628 1.597
23 57 4 222.502 82.567 39.187 1.036 0.729 1.482 3.113
23 72 5 222.694 79.702 38.975 1.384 0.561 1.445 -2.44
23 74 3 297.961 126.87 38.818 0.444 0.422 1.24 0
23 78 3 293.518 90.352 39.14 0.342 0.483 0.965 3.142
24 19 1 296.602 100.406 39.027 2.201 1.593 1.259 2.396
24 20 4 246.27 83.714 39.277 0.739 0.458 0.88 -0.046
24 24 1 230.188 89.79 38.951 3.514 1.705 1.441 0
24 33 3 229.298 73.088 39.37 0.331 0.685 0.915 0.299
24 38 1 209.148 93.638 38.933 4.266 1.608 1.569 1.586
24 57 4 223.805 82.944 39.065 1.249 0.725 1.745 -3.127
24 72 5 223.282 80.757 38.947 1.437 0.604 1.507 -2.356
24 78 3 293.677 90.259 39.141 0.419 0.371 0.995 0
25 19 1 298.358 99.743 39.014 2.213 1.651 1.263 2.399
25 20 4 244.714 83.366 39.373 0.407 0.669 0.774 0.671
25 24 1 226.371 88.731 38.935 3.421 1.725 1.457 -0.04
25 33 3 229.345 73.023 39.371 0.41 0.523 0.921 0.107
25 38 1 209.185 93.435 38.906 4.301 1.649 1.644 1.577
25 57 4 225.122 83.406 39.091 1.156 0.632 1.738 -3.142
25 72 5 224.191 81.7 38.975 1.153 0.655 1.484 -2.585
25 78 3 293.811 90.379 39.14 0.546 0.372 0.975 0.004
25 85 1 292.174 110.989 38.866 2.397 1.515 1.246 0.483
26 19 1 300.846 98.065 39.038 4.167 1.457 1.17 2.18
26 20 4 242.795 82.624 39.008 1.376 0.729 1.47 0.133
26 24 1 222.645 87.704 38.816 3.031 1.7 1.227 0.002
26 33 3 229.377 73.011 39.388 0.47 0.585 0.922 -3.1
26 38 1 209.364 93.104 38.961 4.197 1.615 1.608 1.635
26 57 4 226.398 83.861 39.001 1.363 0.669 1.573 -3.089
26 72 5 224.762 82.122 38.984 1.441 0.659 1.555 -2.751
26 78 3 293.805 90.454 39.097 0.625 0.696 1.001 0
26 85 1 291.329 110.183 38.781 2.902 1.806 1.413 0.526
27 19 1 301.845 96.86 39.2 2.888 1.347 0.848 2.092
27 20 4 241.536 82.247 38.947 1.506 0.675 1.514 -0
27 24 1 218.799 86.562 38.937 2.94 1.642 1.366 0
27 33 3 229.359 73.014 39.397 0.407 0.584 0.925 0.218
27 38 1 209.64 92.714 38.958 4.223 1.741 1.637 1.676
27 57 4 227.688 84.263 39.011 1.428 0.626 1.632 3.142
27 72 5 226.157 82.806 39.172 1.183 0.526 1.235 3.142
27 78 3 293.847 90.681 38.977 0.503 0.498 1.237 0
27 85 1 290.11 109.319 38.841 2.925 1.551 1.343 -2.55
28 19 1 303.091 95.588 39.078 2.162 1.097 1.099 2.148
28 20 4 239.857 81.789 38.952 1.586 0.574 1.667 0.08
28 24 1 216.076 85.81 38.772 0.896 1.664 1.208 0.017
28 33 3 229.384 73.018 39.398 0.309 0.749 0.928 0.335
28 38 1 209.858 92.355 38.937 4.185 1.701 1.698 1.685
28 57 4 229.285 84.782 39.059 0.984 0.703 1.611 -3.124
28 72 5 226.876 83.483 39.019 0.501 0.388 1.595 -3.124
28 78 3 293.842 90.632 38.915 0.36 0.459 0.565 0
28 85 1 289.315 108.689 38.743 3.869 1.782 1.165 0.42
28 91 5 202.077 126.042 38.95 0.692 0.344 0.687 -1.614
29 20 4 238.264 81.219 39.018 1.707 0.728 1.52 -0
29 24 1 212.745 84.866 38.831 0.584 1.54 1.005 0
29 33 3 229.494 72.924 39.351 0.337 0.674 1.122 -3.133
29 38 1 210.145 92.118 38.941 4.058 1.365 1.447 1.749
29 57 4 230.646 85.227 39.085 1.577 0.72 1.703 3.142
29 72 5 228.077 83.867 39.094 1.013 0.538 1.585 3.142
29 78 3 293.81 90.779 39.043 0.831 0.53 0.999 0
29 85 1 287.977 107.858 38.827 4.012 1.853 1.375 0.312
29 91 5 202 124.828 38.99 3.84 1.411 0.703 1.531
29 92 2 303.861 112.344 39.813 1.798 2.063 1.443 -0.007
30 20 4 236.801 80.74 38.936 1.441 0.645 1.638 0.059
30 24 1 209.169 83.914 38.851 0.353 1.55 0.744 0.07
30 33 3 229.747 73.138 39.36 0.375 0.427 1.148 -0.077
30 38 1 210.338 91.843 38.88 3.787 1.406 1.605 1.741
30 57 4 232.422 85.621 39.049 1.49 0.797 1.692 2.934
30 72 5 229.54 84.398 39.047 1.251 0.645 1.756 3.033
30 78 3 293.617 90.737 39.17 0.463 0.582 0.721 0
30 85 1 286.371 107.067 38.829 4.052 1.698 1.404 0.173
30 91 5 202.287 122.911 38.944 4.384 1.83 1.412 1.497
30 92 2 300.707 111.366 39.859 3.425 2.15 2.141 -0
31 20 4 234.884 80.458 38.949 1.731 0.66 1.55 -0.024
31 24 1 205.106 83.66 38.856 1.054 1.599 1.096 -0.081
31 33 3 229.466 73.6 39.411 0.539 0.396 1.113 -0.102
31 38 1 210.311 92.21 38.913 2.992 1.601 1.628 1.811
31 57 4 233.695 86.391 39.096 1.559 0.66 1.702 3.139
31 72 5 230.412 85.436 39.052 1.403 0.64 1.648 3.139
31 78 3 293.39 89.806 39.134 0.391 0.573 0.733 -0
31 85 1 284.734 105.523 38.706 3.899 1.744 1.257 -3.043
31 91 5 203.653 122.692 38.975 3.113 0.469 1.355 1.466
31 92 2 298.352 109.368 39.555 5.899 2.344 2.879 -0.02
32 20 4 233.559 80.115 39.029 1.498 0.473 1.445 -0.127
32 24 1 201.743 82.685 38.751 0.869 1.602 0.895 -0.072
32 33 3 229.953 73.827 39.434 0.348 0.572 0.905 2.961
32 38 1 210.937 91.488 39.01 2.701 1.671 1.612 1.891
32 57 4 235.46 86.818 39.133 1.715 0.801 1.658 3.041
32 72 5 231.559 85.748 39.076 1.886 0.675 1.557 3.011
32 78 3 293.354 89.819 39.032 0.498 0.523 0.741 -0
32 85 1 282.707 104.744 38.813 3.895 1.711 1.401 0.017
32 91 5 203.706 119.496 39.049 4.451 1.821 1.537 1.444
32 92 2 294.527 107.998 39.584 4.548 2.126 2.705 0
33 20 4 231.717 80.552 39.107 0.816 0.438 1.308 -0.203
33 33 3 229.443 74.838 39.418 0.315 0.571 1.031 2.971
33 38 1 212.043 91.514 39.046 4.282 1.97 1.625 1.971
33 57 4 236.852 87.708 39.108 1.678 0.742 1.75 2.967
33 72 5 232.486 86.687 39.072 1.855 0.697 1.729 2.967
33 78 3 292.869 87.872 39.013 0.5 0.336 0.747 -0.241
33 85 1 280.774 102.398 38.821 3.911 1.88 1.43 -0.075
33 91 5 205.322 119.36 39.099 4.717 1.117 1.459 1.328
33 92 2 291.753 105.066 39.572 4.607 2.147 2.986 -0.102
33 101 5 198.036 72.484 39.066 0.44 0.291 0.904 -0.164
34 20 4 230.15 80.4 39.322 0.33 0.458 0.81 0.068
34 33 3 229.967 75.006 39.427 0.408 0.723 0.968 2.874
34 38 1 213.458 90.616 38.949 3.96 1.976 1.479 2.107
34 57 4 238.789 88.134 39.12 1.7 0.726 1.72 2.908
34 72 5 233.97 86.994 39.072 1.781 0.724 1.692 2.814
34 78 3 292.748 88.341 38.764 0.959 0.234 1.559 1.703
34 85 1 278.399 101.626 38.837 3.871 1.892 1.434 -0.132
34 91 5 205.284 117.207 39.06 4.56 1.849 1.354 1.29
34 92 2 288.444 104.247 39.454 3.729 2.176 2.558 -0.208
34 101 5 196.518 72.333 39.004 1.069 0.575 0.919 2.933
35 20 4 229.093 79.969 39.554 0.213 0.291 0.363 -0.235
35 33 3 231.053 75.098 39.378 0.417 0.544 1.189 -0.21
35 38 1 215.153 89.507 38.968 4.181 1.95 1.528 2.18
35 57 4 240.962 88.492 39.112 1.73 0.871 1.768 2.861
35 72 5 235.595 87.033 39.085 1.886 0.688 1.77 2.861
35 78 3 292.854 89.195 38.854 0.789 0.321 1.337 -2.275
35 85 1 275.919 101.443 38.789 3.873 1.939 1.35 -0.156
35 91 5 205.509 114.519 39.172 4.771 1.234 1.352 1.218
35 92 2 285.473 104.286 39.435 3.868 2.196 2.773 -0.226
35 101 5 195.447 71.129 39.404 0.268 0.422 0.774 2.918
36 20 4 227.762 79.61 39.561 0.45 0.648 0.437 -0.056
36 33 3 231.52 75.23 39.42 0.532 0.568 1.104 2.952
36 38 1 216.937 88.867 39.059 4.179 2.055 1.537 2.367
36 57 4 242.971 89.095 39.119 1.68 0.763 1.758 3.002
36 72 5 237.203 87.36 39.088 1.786 0.782 1.717 3.002
36 78 3 292.793 89.546 38.712 0.592 0.554 1.394 0
36 85 1 273.373 100.699 38.807 3.916 2.034 1.313 -0.172
36 91 5 205.654 112.418 39.102 4.332 1.745 1.254 1.271
36 92 2 283.723 103.892 39.661 6.026 2.134 2.878 -0.184
36 101 5 193.89 70.812 39.21 0.22 0.512 0.317 0
37 20 4 226.316 79.51 39.334 0.729 0.346 0.789 -0.275
37 33 3 232.268 75.475 39.413 0.646 0.529 1.024 2.942
37 38 1 218.961 88.625 39.055 4.083 1.991 1.611 2.501
37 57 4 245.122 89.681 39.134 1.897 0.637 1.723 2.89
37 72 5 238.688 87.791 39.115 1.778 0.673 1.658 2.89
37 78 3 292.757 89.552 38.692 0.634 0.478 1.397 -0
37 85 1 269.746 99.559 38.698 1.247 1.679 1.136 -0.275
37 91 5 206.103 110.415 39.127 5.068 1.75 1.438 1.324
37 92 2 279.008 102.55 39.652 1.78 1.972 1.592 -0.185
38 20 4 224.912 78.977 39.225 1.508 0.711 1.101 -0.219
38 33 3 232.778 75.553 39.365 0.531 0.541 1.089 2.922
38 38 1 220.933 88.322 39.127 4.168 2.029 1.698 2.598
38 57 4 247.096 90.087 39.097 1.662 0.666 1.736 3.001
38 72 5 240.326 88.132 39.106 1.774 0.68 1.716 2.991
38 85 1 267.671 99.033 38.82 3.583 1.944 1.298 -0.131
38 91 5 206.493 108.318 39.19 4.749 1.724 1.531 1.371
38 92 2 276.303 102.02 39.598 2.08 2.243 2.751 -0.141
39 20 4 223.867 78.744 39.337 0.52 0.441 0.972 -0.075
39 33 3 233.482 75.793 39.409 0.523 0.528 0.997 -0.054
39 38 1 222.822 87.999 39.136 4.156 2.088 1.724 2.639
39 57 4 249.164 90.448 39.081 1.631 0.677 1.753 2.982
39 72 5 241.841 88.574 39.1 1.768 0.709 1.705 3.1
39 85 1 264.779 98.391 38.901 3.739 1.854 1.403 -0.113
39 91 5 206.823 106.421 38.986 4.638 1.874 1.903 1.406
39 92 2 273.706 101.488 39.486 1.822 2.045 2.846 -0.107
40 20 4 222.623 78.355 39.572 0.221 0.359 0.25 -0.034
40 33 3 233.876 75.902 39.384 0.686 0.495 1.071 3.038
40 38 1 224.686 87.682 39.107 4.234 2.11 1.725 2.632
40 57 4 251.315 90.821 39.078 1.539 0.674 1.711 3.043
40 72 5 243.462 89.083 39.093 1.83 0.641 1.753 2.929
40 85 1 261.124 97.649 38.942 2.351 2.01 1.382 -0.124
40 91 5 207.189 104.511 38.976 4.772 1.767 1.621 1.432
40 92 2 271.192 100.938 39.631 2.245 2.134 2.879 -0.13
40 117 5 182.511 76.487 38.585 0.501 1.575 0.357 3.057
41 20 4 221.364 78.023 39.553 0.336 0.425 0.433 0
41 33 3 234.808 76.361 39.443 0.74 0.39 1.043 -2.993
41 38 1 226.665 87.547 39.129 4.302 2.104 1.695 2.751
41 57 4 253.465 91.264 39.014 1.519 0.629 1.603 3.142
41 72 5 245.08 89.431 39.081 1.741 0.605 1.681 3.087
41 85 1 258.228 97.003 38.912 2.379 1.992 1.416 -0.058
41 91 5 207.298 102.633 38.988 4.756 2.224 1.729 1.438
41 92 2 268.439 100.368 39.569 1.999 2.197 2.722 -0.09
41 117 5 184.045 76.901 39.015 2.446 1.568 1.301 3.016
42 20 4 220.036 77.703 39.522 0.357 0.377 0.48 3.042
42 33 3 235.166 76.328 39.404 0.722 0.462 1.143 3.113
42 38 1 228.724 87.603 39.139 4.2 2.151 1.661 2.873
42 57 4 255.532 91.729 39.015 1.312 0.664 1.695 3.127
42 72 5 246.72 89.748 39.101 1.78 0.687 1.671 3.066
42 85 1 255.375 96.406 38.93 2.264 1.926 1.38 -0.011
42 91 5 207.754 100.976 39.029 4.717 2.109 1.799 1.46
42 92 2 265.776 99.74 39.623 1.92 2.088 2.805 -0.075
42 117 5 185.988 77.505 38.753 4.304 1.617 0.839 3.057
43 20 4 218.374 77.26 38.914 1.667 0.596 1.543 -0.037
43 33 3 236.03 76.305 39.386 0.941 0.891 1.18 3.133
43 38 1 230.904 87.874 39.114 4.124 1.985 1.695 2.964
43 57 4 257.723 92.366 39.04 1.581 0.662 1.729 3.084
43 72 5 248.365 89.959 39.025 1.365 0.603 1.651 3.076
43 85 1 252.777 95.882 38.93 2.49 1.901 1.433 -0.058
43 91 5 208.054 99.297 39.032 4.87 1.952 1.841 1.44
43 92 2 263.632 99.212 39.536 2.949 2.173 2.83 -0.071
43 117 5 189.332 78.147 38.726 3.449 1.648 1.049 3.126
44 20 4 217.187 77.083 39.121 1.594 0.494 1.359 -0.085
44 33 3 236.536 76.385 39.504 0.667 0.521 0.931 3.118
44 38 1 233.08 88.251 39.132 4.32 2.02 1.666 -0.122
44 57 4 259.952 92.952 39.018 1.447 0.671 1.692 -3.13
44 72 5 250.146 90.33 38.978 1.676 0.603 1.591 3.142
44 85 1 249.967 95.353 38.903 1.99 1.981 1.411 -0.058
44 91 5 208.267 97.525 39.193 4.717 1.945 1.569 1.421
44 92 2 261.466 98.709 39.652 3.586 2.251 2.843 -0.058
44 117 5 191.948 78.867 38.772 3.991 1.681 1.156 3.083
45 20 4 215.857 76.951 39.172 1.411 0.528 1.217 -0.076
45 33 3 237.336 76.549 39.439 0.802 0.606 1.036 3.1
45 38 1 234.909 88.505 39.133 2.943 2.02 1.684 3.082
45 57 4 263.554 93.047 39.002 3.353 2.256 1.673 3.13
45 85 1 248.236 94.992 38.959 3.831 1.935 1.407 -0.077
45 91 5 208.407 96.011 39.081 4.977 1.931 1.807 1.362
45 92 2 258.264 98.057 39.535 1.988 1.955 2.723 -0.083
45 117 5 194.964 79.53 39.042 4.086 1.911 1.348 3.067
46 20 4 214.465 76.697 39.539 0.333 0.503 0.429 -0
46 33 3 237.96 76.673 39.366 0.66 0.627 1.166 3.108
46 38 1 238.081 89.268 39.088 4.058 2.051 1.71 3.07
46 57 4 264.499 93.886 39.021 0.673 0.582 1.579 -3.099
46 85 1 245.144 94.382 38.956 2.683 2.005 1.495 -0.064
46 91 5 208.344 94.468 39.079 4.788 1.829 1.833 1.302
46 92 2 255.995 97.488 39.604 2.089 2.118 2.678 -0.025
46 117 5 197.917 80.168 38.986 4.021 1.743 1.559 3.062
47 20 4 213.042 76.374 39.508 0.282 0.341 0.44 0
47 33 3 238.67 76.875 39.425 0.589 0.652 1.021 3.1
47 38 1 240.93 89.936 39.108 4.03 1.887 1.661 3.084
47 57 4 266.62 94.332 38.979 0.678 0.624 1.295 3.111
47 85 1 242.688 93.847 38.958 2.668 2.011 1.467 -0.058
47 91 5 208.246 93.221 39.085 4.855 1.778 1.832 1.218
47 92 2 253.819 97.057 39.643 1.971 2.065 2.871 -0.058
47 117 5 200.971 80.79 39.018 4.108 1.926 1.547 3.083
48 20 4 211.294 76.062 39.314 1.008 0.459 0.845 0
48 33 3 239.257 77.073 39.391 0.409 0.416 1.03 -3.142
48 38 1 243.788 90.678 39.06 3.989 1.819 1.643 3.142
48 57 4 269.142 94.931 39.062 0.692 0.483 1.339 3.142
48 85 1 241.092 93.492 38.98 3.752 2.059 1.473 0
48 91 5 208.103 92.391 39.11 4.82 1.719 1.852 1.159
48 92 2 251.649 96.563 39.711 2.99 2.131 2.859 -0.048
48 117 5 203.997 81.474 38.975 3.991 1.974 1.434 3.106
49 20 4 210.017 75.679 39.099 1.466 0.654 1.245 -0.093
49 33 3 239.908 77.162 39.337 0.426 0.5 1.079 2.513
49 38 1 246.731 91.372 39.008 3.901 1.895 1.551 3.107
49 57 4 271.288 95.416 38.959 1.187 0.579 1.421 3.079
49 85 1 238.869 93.05 38.99 3.387 1.989 1.428 -0.035
49 91 5 207.976 91.636 39.156 4.885 1.684 1.806 1.106
49 92 2 250.196 96.226 39.588 2.815 2.068 2.817 -0.035
49 117 5 206.723 82.053 39.058 4.21 1.888 1.478 3.107
49 137 5 204.065 89.899 39.616 0.359 0.856 0.582 0.028
50 20 4 208.58 75.352 39.11 1.468 0.548 1.398 -0.058
50 33 3 240.497 77.325 39.329 0.362 0.37 0.966 3.078
50 38 1 249.747 92.122 39.036 3.899 1.944 1.65 3.101
50 57 4 273.707 96.239 38.946 0.418 0.642 1.339 3.043
50 85 1 237.406 92.678 39.007 3.852 2.007 1.448 -0.041
50 91 5 207.623 90.862 39.112 4.866 1.813 1.77 1.05
50 92 2 248.293 95.76 39.66 2.868 2.11 2.612 -0.041
50 117 5 209.679 82.715 39.086 4.158 1.838 1.613 3.068
50 137 5 202.763 87.85 39.032 1.56 0.609 1.403 0.736
50 144 1 183.578 73.345 38.789 3.744 1.946 0.87 3.119
51 20 4 207.084 74.914 39.01 1.529 0.553 1.59 0
51 33 3 241.141 77.622 39.437 0.36 0.528 1.096 3.043
51 38 1 252.716 92.916 39.016 3.874 2.007 1.515 3.092
51 57 4 276.018 96.953 39.147 0.422 0.668 0.77 3.065
51 85 1 236.129 92.416 38.986 3.811 1.99 1.508 -0.043
51 91 5 207.2 89.943 39.183 4.972 1.971 1.853 0.965
51 92 2 246.536 95.314 39.67 2.798 2.143 2.719 -0.071
51 117 5 212.442 83.316 39.091 4.133 1.953 1.514 3.083
51 137 5 200.967 86.451 39.016 1.886 0.832 1.429 0.231
51 144 1 183.691 73.594 38.775 3.951 1.683 1.019 3.135
52 20 4 205.79 74.547 39.084 1.139 0.602 1.297 0
52 33 3 241.819 77.851 39.428 0.505 0.527 0.995 3.061
52 38 1 255.675 93.711 39.045 3.931 1.876 1.449 3.117
52 85 1 235.026 92.172 38.986 3.847 2.018 1.504 -0.025
52 91 5 206.765 89.161 39.175 4.776 1.855 1.813 0.905
52 92 2 244.669 94.891 39.656 2.39 2.097 2.577 -0.025
52 117 5 215.085 83.977 39.083 4.301 1.9 1.569 3.094
52 137 5 198.598 85.555 39.226 1.076 0.926 1.477 0.026
52 144 1 184.274 73.906 38.976 3.307 1.94 1.569 3.093
53 20 4 204.089 74.105 39.087 1.526 0.556 1.388 0
53 33 3 242.421 78.088 39.413 0.446 0.557 0.892 3.053
53 38 1 258.181 94.364 39.024 3.206 1.927 1.609 3.127
53 85 1 234.028 91.976 38.979 3.829 2.035 1.494 0
53 91 5 206.097 88.314 39.153 4.727 1.934 1.748 0.77
53 92 2 242.865 94.497 39.681 1.974 2.149 2.365 -0.015
53 117 5 217.811 84.666 39.1 4.415 1.925 1.554 3.121
53 137 5 195.268 84.733 39.41 1.306 0.808 0.754 -0
53 144 1 185.037 74.427 38.826 2.64 1.776 1.021 -3.122
53 149 4 265.526 93.853 39.013 0.841 0.51 1.439 3.055
54 20 4 202.603 73.753 39.123 1.507 0.54 1.356 3.111
54 33 3 243.04 78.255 39.38 0.367 0.61 1.072 3.078
54 38 1 261.101 95.099 38.972 3.487 1.778 1.493 3.142
54 85 1 232.489 91.615 39.003 2.494 2.025 1.432 0.003
54 91 5 205.215 87.447 39.18 4.663 2.017 1.769 0.624
54 92 2 241.396 94.158 39.702 2.113 2.165 2.251 -0.025
54 117 5 220.661 85.399 39.105 4.465 1.853 1.584 -3.139
54 137 5 191.736 83.786 39.508 1.131 0.564 0.558 0
54 144 1 184.997 74.636 38.852 3.381 2.036 1.203 -3.136
54 149 4 267.461 94.348 39.012 0.759 0.611 1.226 3.142
54 151 1 201.023 89.541 38.987 1.769 0.857 1.394 0.296
55 20 4 201.309 73.406 39.084 1.077 0.511 1.37 0
55 33 3 243.654 78.542 39.413 0.375 0.513 0.987 -3.084
55 38 1 263.603 95.739 39.006 3.191 1.826 1.404 3.142
55 85 1 232.052 91.569 39.013 3.392 2.046 1.396 0.003
55 91 5 203.974 86.512 39.159 4.633 1.947 1.779 0.459
55 92 2 239.831 93.879 39.719 1.96 2.068 2.253 0.003
55 117 5 223.499 86.043 39.091 4.421 2.067 1.601 -3.114
55 144 1 185.367 74.89 38.826 3.792 1.896 1.233 -2.846
55 149 4 269.025 94.773 38.992 0.458 0.486 1.285 -3.141
55 151 1 200.65 89.081 39.024 2.79 1.75 1.56 0
55 152 1 182.75 88.034 39.501 2.849 1.014 0.784 0.082
56 20 4 199.753 73.058 39.502 0.244 0.458 0.634 0.016
56 33 3 244.321 78.664 39.369 0.363 0.618 1.039 3.062
56 38 1 266.059 96.348 39.012 2.906 1.787 1.254 -3.107
56 85 1 231.425 91.45 38.989 3.845 1.998 1.49 0.003
56 91 5 202.216 85.655 39.172 4.644 1.93 1.793 0.296
56 92 2 238.397 93.548 39.551 2.014 2.147 2.586 0.003
56 117 5 226.364 86.876 39.077 4.104 1.743 1.603 -3.111
56 144 1 185.848 75.307 38.971 4.013 1.695 1.483 0.389
56 149 4 270.67 95.034 38.897 0.33 0.375 1.37 -3.107
56 151 1 199.995 88.87 39.061 4.135 1.848 1.596 0.077
56 152 1 182.381 87.855 39.055 3.689 1.537 1.175 -0.014
56 154 1 169.789 85.078 38.804 2.534 1.79 1.172 0
57 20 4 198.186 72.683 39.61 0.078 0.162 0.15 3.138
57 33 3 244.944 78.878 39.369 0.356 0.561 0.943 -3.128
57 38 1 268.285 96.891 39.08 2.128 1.659 1.39 -3.04
57 85 1 229.808 91.12 38.992 2.381 1.993 1.427 0
57 91 5 200.045 84.859 39.165 4.576 1.985 1.832 0.161
57 92 2 236.973 93.247 39.552 1.978 2.149 2.546 0
57 117 5 229.518 87.586 39.059 4.017 1.794 1.604 3.142
57 144 1 186.594 75.928 39.016 4.012 1.902 1.571 -2.737
57 149 4 272.345 95.266 38.723 1.006 0.62 1.5 3.12
57 151 1 199.979 88.904 39.036 4.206 1.754 1.559 0.077
57 152 1 182.114 87.64 39.053 4.438 1.401 1.31 0.161
57 154 1 169.445 85.02 38.695 3.225 1.73 1.117 0.036
58 20 4 196.673 72.46 39.559 0.194 0.326 0.321 0
58 33 3 245.562 78.986 39.357 0.54 0.558 1.008 -0.033
58 38 1 269.992 97.3 38.736 0.629 1.556 0.839 3.125
58 85 1 228.866 90.941 39.044 2.735 2.049 1.405 0.003
58 91 5 197.911 84.319 39.172 3.354 2.111 1.76 0.087
58 92 2 235.613 92.992 39.6 1.974 2.153 2.522 0.003
58 117 5 232.83 88.359 39.011 4.088 1.832 1.505 -3.139
58 144 1 187.557 76.417 38.896 4.062 1.662 1.286 0.396
58 149 4 274.136 95.621 38.855 0.472 0.571 1.274 3.087
58 151 1 199.9 88.942 39.063 4.317 1.694 1.576 0.071
58 152 1 182.122 87.914 39.015 4.711 1.767 1.392 -0.01
58 154 1 169.343 85.082 38.725 3.36 1.812 0.985 0.042
59 20 4 194.846 72.085 39.308 1.027 0.564 0.999 0.021
59 33 3 246.282 79.074 39.334 0.38 0.437 0.909 -0.006
59 38 1 272.349 97.666 39.146 0.67 1.718 1.117 3.142
59 85 1 227.366 90.653 38.996 2.599 2.04 1.445 0.01
59 91 5 195.64 83.916 39.154 1.453 1.977 1.794 0.01
59 92 2 234.256 92.708 39.567 1.958 2.147 2.607 0.01
59 117 5 236.099 89.164 38.99 4.005 1.778 1.504 0.053
59 144 1 188.64 77.139 39.057 4.082 1.858 1.5 -2.841
59 151 1 199.916 89.061 39.066 4.302 1.918 1.59 0.089
59 152 1 182.202 87.999 39.066 4.57 1.696 1.425 0.019
59 154 1 169.145 85.129 38.87 3.847 1.879 1.285 0.022
59 158 4 159.188 69.539 38.913 1.044 0.548 1.06 3.084
60 20 4 193.402 71.674 39.114 1.736 0.632 1.408 0
60 33 3 246.934 79.223 39.347 0.301 0.585 0.743 3.04
60 38 1 274.52 98.128 38.904 0.484 1.568 0.873 -3.142
60 85 1 225.708 90.282 38.966 2.262 1.988 1.455 0.05
60 91 5 191.238 82.917 39.146 3.402 1.952 1.784 0.108
60 92 2 232.877 92.473 39.579 1.975 2.175 2.659 0.017
60 117 5 239.407 89.981 38.991 4.047 1.677 1.484 -3.097
60 144 1 190.091 77.841 39.003 3.639 1.947 1.491 -2.928
60 151 1 199.875 88.954 39.072 4.352 1.722 1.608 0.084
60 152 1 182.202 88.192 39.059 4.592 1.91 1.509 0.015
60 154 1 169.103 85.189 38.835 3.882 1.807 1.468 0.037
60 158 4 161.899 69.684 38.796 4.092 1.179 1.354 2.969
61 20 4 192.197 71.412 39.502 0.272 0.478 0.621 0.433
61 33 3 247.655 79.289 39.328 0.369 0.576 0.819 -3.045
61 85 1 223.877 89.963 38.979 2.291 2.079 1.44 0.029
61 91 5 187.395 82.162 39.125 3.302 1.948 1.721 0.067
61 92 2 231.324 92.169 39.651 1.968 2.075 2.711 0.029
61 117 5 242.676 90.782 38.685 3.907 1.672 0.823 -3.061
61 144 1 191.417 78.337 39.074 4.194 1.91 1.54 -2.989
61 151 1 199.791 89.046 39.084 4.497 1.865 1.591 0.068
61 152 1 182.248 88.219 39.006 4.488 1.859 1.632 0.027
61 154 1 169.146 85.19 38.834 3.827 1.767 1.433 0.099
61 158 4 161.566 70.369 38.831 0.874 0.593 1.261 -3.127
62 20 4 190.686 71.093 39.526 0.219 0.474 0.392 -2.944
62 33 3 248.39 79.398 39.211 0.405 0.506 0.661 -0.035
62 85 1 221.787 89.578 38.986 2.372 2.017 1.445 0.05
62 91 5 184.191 81.491 39.132 1.49 1.915 1.732 0.084
62 92 2 229.645 91.845 39.641 1.98 2.139 2.687 0.018
62 117 5 245.849 91.488 38.947 3.626 1.614 1.569 -3.078
62 144 1 193.03 78.89 39.075 4.162 1.956 1.527 -3.015
62 151 1 199.894 89.054 39.091 4.369 1.779 1.586 0.09
62 152 1 182.165 88.225 39.046 4.594 1.867 1.763 0.043
62 154 1 169.208 85.312 38.911 3.663 1.759 1.545 0.037
62 158 4 162.892 70.827 38.963 0.841 0.448 1.283 3.142
62 164 5 169.748 67.548 39.61 0.11 0.404 0.214 2.964
63 20 4 189.022 70.956 38.962 1.359 0.605 1.631 0.036
63 33 3 249.057 79.583 39.404 0.303 0.556 0.64 3.138
63 85 1 219.313 89.147 38.979 2.266 2.003 1.402 0.012
63 91 5 180.092 80.521 39.134 1.26 1.901 1.701 0.024
63 92 2 227.708 91.51 39.796 2.037 2.107 2.714 0.012
63 117 5 247.871 91.836 38.739 1.078 1.742 0.709 -3.129
63 144 1 194.491 79.364 39.118 4.45 1.931 1.579 -3.064
63 151 1 199.729 89.031 39.145 4.458 1.917 1.513 0.043
63 152 1 182.185 88.249 39.072 4.612 1.762 1.729 0.024
63 154 1 169.073 85.29 38.964 3.977 1.79 1.612 0.049
63 158 4 164.086 71.218 39.047 0.869 0.645 1.263 3.092
63 164 5 169.637 67.611 39.44 0.327 0.439 0.664 -2.693
63 166 5 190.604 72.965 38.508 0.721 0.27 0.498 -2.987
64 20 4 187.611 71.157 39.394 0.738 0.608 0.808 0.066
64 33 3 249.691 79.775 39.321 0.22 0.302 0.31 -3.09
64 85 1 216.718 88.652 39.011 2.356 1.958 1.411 0.033
64 91 5 174.824 79.169 39.153 3.334 1.953 1.853 0.106
64 92 2 225.518 91.031 39.78 1.916 2.076 2.557 0.033
64 117 5 251.65 92.738 38.989 2.347 1.536 1.468 -3.087
64 144 1 196.082 79.784 39.122 4.473 2.026 1.596 -3.105
64 151 1 199.659 89.018 39.122 4.601 1.892 1.577 0.084
64 152 1 182.12 88.27 39.114 4.659 1.79 1.697 0.031
64 154 1 169.137 85.402 38.952 3.806 1.821 1.578 0.037
64 158 4 165.354 71.771 38.917 0.857 0.653 1.472 -3.079
64 166 5 188.84 74.099 39.061 4.374 1.802 1.662 -3.098
64 167 3 173.201 70.264 39.556 0.234 0.549 0.525 -1.537
64 168 1 149.415 66.229 38.542 1.519 0.361 0.995 -3.094
65 20 4 186.383 71.484 39.558 0.258 0.187 0.547 -0.021
65 85 1 213.925 88.151 38.999 2.517 1.948 1.476 -0.012
65 91 5 170.508 78.092 39.133 3.244 2.141 1.743 -0
65 92 2 223.963 90.689 39.714 3.511 2.121 2.463 0.029
65 144 1 197.644 80.286 39.126 4.284 1.866 1.603 -3.082
65 151 1 199.475 89.081 39.114 4.407 2.001 1.574 0.096
65 152 1 182.107 88.299 39.133 4.7 1.878 1.731 0.004
65 154 1 169.068 85.437 38.951 3.955 1.953 1.58 -0.001
65 158 4 166.47 72.155 38.941 1.173 0.65 1.468 3.137
65 166 5 188.774 74.132 39.089 4.529 1.906 1.617 3.142
65 167 3 173.024 70.202 39.588 0.376 0.237 0.466 3.142
65 168 1 148.397 65.725 38.859 3.86 0.941 1.522 3.137
66 20 4 184.806 71.998 39.079 1.672 0.767 1.586 -0.641
66 85 1 210.539 87.49 38.989 2.106 1.984 1.409 0.026
66 91 5 167.128 77.31 39.136 1.262 1.881 1.785 -0.019
66 92 2 220.739 90.057 39.904 2.253 2.076 2.071 0.006
66 144 1 199.613 80.78 39.117 4.151 1.799 1.609 -3.117
66 151 1 199.301 89.138 39.086 4.213 1.983 1.551 0.065
66 152 1 182.073 88.272 39.139 4.739 1.84 1.736 0.021
66 154 1 169.003 85.525 38.971 4.038 1.977 1.592 0.036
66 158 4 167.913 72.615 39.07 1.098 0.622 1.536 -3.108
66 166 5 188.695 74.172 39.089 4.525 1.903 1.602 -3.117
66 167 3 173.048 70.228 39.531 0.539 0.322 0.814 0
66 168 1 148.334 65.859 38.48 3.875 0.581 0.475 3.135
66 175 5 169.768 59.724 38.485 0.249 0.144 0.446 1.571
67 20 4 183.778 72.543 39.068 1.802 0.71 1.635 -0.705
67 85 1 207.04 86.73 39.008 2.009 1.966 1.303 0.033
67 91 5 162.659 76.293 39.133 1.374 1.867 1.794 0
67 92 2 217.914 89.44 39.892 1.96 2.182 2.089 0.033
67 144 1 201.74 81.315 39.093 4.054 1.842 1.573 0.053
67 151 1 199.28 89.14 39.072 4.104 1.917 1.579 0.067
67 152 1 181.966 88.361 39.098 4.872 2.012 1.713 0.027
67 154 1 168.995 85.48 39.007 4.089 1.772 1.598 0.033
67 158 4 168.956 72.952 39.114 1.581 0.69 1.675 -3.072
67 164 5 169.766 68.432 39.696 0.39 0.329 0.375 0.026
67 166 5 188.597 74.14 39.105 4.543 1.955 1.623 -3.1
67 167 3 173.087 70.196 39.575 0.411 0.473 0.857 1.68
67 168 1 148.481 65.902 38.592 3.624 0.825 0.93 -3.13
68 20 4 182.865 73.024 39.074 1.71 0.605 1.636 -0.665
68 85 1 203.392 85.948 39.001 1.977 1.908 1.355 0.03
68 91 5 158.273 75.343 39.139 1.243 1.925 1.701 0
68 92 2 215.07 88.816 39.935 1.995 2.151 2.17 0.043
68 144 1 204.137 81.943 39.092 4.082 1.849 1.628 -3.112
68 151 1 199.245 89.181 39.017 4.093 1.914 1.473 0.03
68 152 1 181.784 88.485 39.12 5.214 2.332 1.748 0.046
68 154 1 169.007 85.528 39.031 4.059 1.802 1.608 0.031
68 158 4 170.111 73.331 39.096 1.675 0.705 1.641 -3.07
68 164 5 169.63 68.505 39.499 0.421 0.679 0.963 0.525
68 166 5 188.434 74.085 39.088 4.317 1.99 1.643 -3.099
68 167 3 173.048 70.302 39.799 0.22 0.485 0.336 1.165
68 168 1 148.477 65.874 38.642 3.865 0.908 1.034 -3.121
69 20 4 181.992 73.458 39.098 1.783 0.692 1.653 -0.722
69 85 1 199.7 85.152 38.999 1.869 2 1.242 0.03
69 91 5 153.754 74.365 39.104 1.293 1.944 1.805 0.039
69 92 2 212.052 88.173 39.967 1.832 2.079 2.041 0.024
69 144 1 206.716 82.595 39.079 4.049 1.852 1.575 -3.112
69 151 1 199.175 89.196 39.024 3.855 1.892 1.519 0.016
69 152 1 181.666 88.426 39.103 4.976 2.048 1.693 0.027
69 154 1 168.96 85.49 39.009 4.06 1.797 1.604 0.037
69 158 4 171.318 73.726 39.123 1.698 0.713 1.656 -3.054
69 164 5 169.574 68.402 39.116 0.488 0.868 1.66 -3.109
69 166 5 188.413 74.043 39.077 4.317 2.005 1.644 -3.095
69 167 3 173.041 70.376 39.655 0.494 0.673 0.665 -1.797
69 168 1 148.484 65.737 38.886 4.142 1.251 1.544 3.134
69 186 5 144.961 61.319 39.428 0.116 0.427 0.19 0
70 20 4 181.014 73.898 39.083 1.308 0.686 1.641 -0.498
70 85 1 196.139 84.429 38.998 2.036 1.914 1.364 0.012
70 91 5 149.256 73.366 39.052 1.227 1.917 1.717 0
70 92 2 209.238 87.525 39.857 2.872 2.199 2.211 0.069
70 144 1 209.452 83.277 38.774 4.063 1.69 0.992 -3.108
70 151 1 198.589 89.132 39.07 2.753 1.978 1.402 0.009
70 152 1 181.546 88.57 39.007 4.97 2.264 1.466 0.005
70 154 1 168.832 85.522 39.025 4.287 1.86 1.599 0.016
70 158 4 172.465 74.139 39.134 1.746 0.728 1.648 -3.037
70 164 5 169.563 68.575 39.133 0.499 0.734 1.794 0.082
70 166 5 188.318 74.188 39.071 4.255 1.74 1.673 -3.099
70 167 3 173.074 70.387 39.139 0.428 0.576 1.699 -1.529
70 168 1 148.514 65.698 38.901 4.15 1.349 1.549 -3.141
70 175 5 169.705 59.879 38.578 0.321 0.281 0.566 -1.067
70 186 5 143.165 60.998 39.09 0.537 0.582 0.883 0.026
70 190 4 131.711 57.671 38.802 0.632 0.593 0.848 -0.026
71 20 4 180.282 74.156 39.11 1.271 0.705 1.597 -0.391
71 85 1 192.391 83.651 38.952 1.87 1.934 1.313 0.022
71 91 5 143.634 72.012 39.067 3.291 1.918 1.782 0.05
71 92 2 205.646 86.68 40.087 1.653 2.074 2.034 0.042
71 144 1 211.991 83.902 38.731 3.561 1.675 0.87 -3.1
71 151 1 198.565 89.15 39.066 2.675 1.708 1.437 0.042
71 152 1 181.581 88.957 38.923 5.25 2.811 1.365 0.017
71 154 1 168.665 85.511 39.037 4.287 1.823 1.604 0.036
71 158 4 173.709 74.395 39.154 1.697 0.912 1.65 -3.138
71 164 5 169.692 68.629 39.151 0.764 0.466 1.774 -3.058
71 166 5 188.314 74.127 39.064 4.177 1.959 1.593 -3.117
71 167 3 173.01 70.434 39.144 0.419 0.708 1.789 -1.488
71 168 1 148.503 65.684 38.883 4.246 1.49 1.445 3.105
71 175 5 169.623 59.914 38.56 0.298 0.412 0.656 0.039
71 186 5 141.634 60.628 39.472 0.297 0.251 0.375 0.009
71 190 4 130.076 57.545 38.866 0.712 0.548 1.098 0.033
72 20 4 179.658 74.371 39.094 1.107 0.766 1.562 -0.144
72 85 1 188.793 82.993 38.972 2.239 2 1.27 0.002
72 91 5 139.987 71.282 39.067 1.196 1.908 1.7 0.021
72 92 2 202.085 85.902 40.217 1.959 2.092 1.519 0.039
72 144 1 213.573 84.29 38.678 0.628 1.746 0.646 3.065
72 151 1 198.518 89.185 39.061 2.625 1.726 1.359 0.006
72 152 1 181.378 88.489 38.894 4.71 1.89 1.356 -0.013
72 154 1 168.581 85.539 39.047 4.198 1.8 1.615 -0.028
72 158 4 174.819 74.912 39.134 1.718 0.636 1.647 -3.127
72 164 5 169.874 68.663 39.166 0.554 0.704 1.761 1.477
72 166 5 188.302 74.271 38.996 4.12 1.693 1.514 -3.136
72 167 3 173.01 70.506 39.113 0.509 0.756 1.764 -1.674
72 168 1 148.363 65.539 38.933 4.513 1.732 1.58 3.135
72 175 5 169.589 59.976 38.65 0.217 0.202 0.363 0.03
72 186 5 139.964 60.288 39.441 0.392 0.424 0.516 -3.044
72 190 4 128.705 57.305 38.931 0.8 0.538 0.996 2.824
72 194 3 144.884 83.744 39.351 0.315 0.557 1.003 -0.179
72 195 3 114.313 80.841 39.16 0.243 0.382 0.671 -0.146
73 20 4 178.959 74.555 39.079 1.13 0.836 1.546 -0.143
73 85 1 184.668 82.14 38.973 1.931 1.925 1.242 0
73 91 5 135.075 70.165 39.027 1.54 2.009 1.738 0.019
73 92 2 198.684 85.171 40.156 1.988 2.132 2.146 0.021
73 144 1 216.605 85.144 38.76 0.339 1.656 0.096 -0.129
73 151 1 197.527 88.927 38.595 0.824 1.709 0.792 0.038
73 152 1 181.295 88.479 38.867 4.563 1.898 1.362 -0.028
73 154 1 168.474 85.596 39.043 4.176 1.758 1.62 -0.001
73 158 4 175.935 75.504 39.121 1.641 0.666 1.608 -3.019
73 164 5 169.844 68.87 39.175 0.348 0.671 1.691 -1.307
73 166 5 188.274 74.314 39.119 4.115 1.681 1.528 -3.108
73 167 3 173.006 70.521 39.146 0.329 0.658 1.749 2.03
73 168 1 148.372 65.695 38.941 4.424 1.605 1.488 3.11
73 186 5 138.402 59.796 39.007 1.194 0.532 1.285 0.202
73 190 4 127.041 57.301 38.923 1.026 0.638 1.123 -3.072
73 194 3 145.396 83.817 39.331 0.485 0.664 0.954 3.127
73 195 3 114.923 80.964 39.139 0.304 0.528 0.865 -0.021
73 200 3 114.573 44.638 39.195 0.358 0.546 0.795 0.017
74 20 4 178.338 74.836 39.019 1.517 0.677 1.456 -0.61
74 85 1 180.781 81.43 38.927 2.222 1.882 1.315 0
74 91 5 129.278 68.84 39.047 3.226 2.048 1.834 0
74 92 2 195.28 84.401 40.01 1.95 2.058 2.1 0
74 151 1 197.727 89.026 38.547 1.034 1.459 0.639 0
74 152 1 181.276 88.482 38.827 4.451 1.873 1.207 0
74 154 1 168.427 85.62 38.975 4.045 1.77 1.581 0
74 158 4 177.082 75.937 39.132 1.396 0.64 1.656 -3
74 164 5 169.698 68.958 39.132 0.378 0.778 1.717 -2.856
74 166 5 188.251 74.42 39.035 4.074 1.526 1.553 -3.112
74 167 3 172.979 70.543 39.077 0.67 0.46 1.673 -3.084
74 168 1 148.311 65.656 38.953 4.476 1.797 1.526 3.113
74 186 5 136.636 59.141 39.01 1.828 0.546 1.39 0.142
74 190 4 125.382 57.154 39.27 0.309 0.407 0.504 -0.033
74 194 3 145.89 83.892 39.389 0.406 0.668 0.944 2.521
74 195 3 115.453 81.044 39.19 0.348 0.643 0.777 -0.078
74 200 3 114.524 44.71 39.245 0.336 0.485 0.749 3.142
74 202 3 115.56 82.124 38.96 0.306 0.532 1.205 -0.078
74 205 4 140.239 67.484 38.987 1.9 0.706 1.56 -3.142
75 20 4 177.564 75.027 38.976 1.382 0.574 1.458 -0.417
75 85 1 176.406 80.63 39.023 2.058 1.926 1.225 0.021
75 91 5 125.165 68.008 39.001 1.25 1.886 1.735 -0.018
75 92 2 191.865 83.616 39.929 1.937 2.107 1.882 0.021
75 151 1 198.454 89.295 39.095 2.708 1.536 1.324 0.003
75 152 1 180.504 88.437 38.782 2.963 1.879 1.235 -0.044
75 154 1 168.381 85.751 38.987 4.07 1.95 1.434 0.021
75 158 4 178.558 76.104 39.093 1.172 0.646 1.669 -3.133
75 164 5 169.51 69.208 39.067 0.318 0.684 1.698 -0.359
75 166 5 187.309 74.38 39.228 2.165 1.124 1.188 -3.14
75 167 3 172.923 70.619 39.106 0.459 0.581 1.47 2.56
75 168 1 148.129 65.714 38.984 4.69 1.722 1.508 3.123
75 186 5 135.236 58.566 38.849 1.503 0.556 1.705 -0.044
75 194 3 146.336 84.034 39.351 0.428 0.606 1.004 -2.982
75 195 3 115.999 81.213 39.312 0.419 0.628 0.935 -0.124
75 200 3 114.539 44.759 39.309 0.304 0.476 0.889 -0.032
75 202 3 116.053 82.21 39.205 0.488 0.817 1.129 -0.124
75 205 4 145.449 68.716 39.052 2.186 0.832 1.63 3.123
75 208 3 127.529 49.806 39.698 0.224 0.301 0.521 -0.033
76 20 4 176.755 75.184 39.033 1.002 0.578 1.421 -3.115
76 85 1 172.373 79.847 39.013 2.351 1.977 1.445 0.026
76 91 5 119.776 66.864 39.003 1.871 1.915 1.83 -0.059
76 92 2 188.269 82.897 39.77 1.957 2.085 2.615 0.006
76 151 1 197.507 89.027 38.611 0.36 1.485 0.34 0.062
76 152 1 179.822 88.266 38.622 1.426 1.652 0.786 -3.115
76 154 1 168.371 85.783 38.943 4.003 1.955 1.537 0.026
76 158 4 179.577 75.843 39.098 0.619 0.643 1.548 -2.805
76 164 5 169.481 69.143 39.252 0.699 0.368 1.329 -3.115
76 167 3 172.977 70.613 39.056 0.631 0.427 1.589 -3.115
76 168 1 148.033 65.717 38.967 4.443 1.759 1.557 -3.132
76 186 5 133.687 57.931 38.899 1.476 0.686 1.618 0.022
76 194 3 146.77 84.147 39.38 0.281 0.446 0.972 -2.958
76 195 3 116.648 81.358 39.256 0.316 0.543 0.916 -3.108
76 200 3 114.527 44.896 39.276 0.258 0.626 0.865 -3
76 202 3 116.709 82.306 39.245 0.273 0.513 0.915 -3.106
76 205 4 150.422 70.058 39.074 1.944 0.705 1.643 -3.08
76 208 3 128.018 49.957 39.471 0.461 0.42 0.929 1.516
76 210 3 88.726 72.437 38.495 0.527 0.451 1.167 0.038
76 212 4 121.746 56.762 38.802 1.459 0.57 1.658 0.022
77 20 4 175.651 75.131 39.068 1.006 0.691 1.562 -2.877
77 85 1 168.407 79.202 38.976 2.961 1.928 1.481 0.061
77 91 5 113.555 65.586 38.971 3.909 1.919 1.871 -0.007
77 92 2 184.624 82.086 39.654 1.8 2.043 2.861 0.015
77 152 1 180.469 88.575 38.813 2.898 1.967 1.141 0.105
77 154 1 168.402 85.811 38.981 3.889 1.899 1.567 0.061
77 158 4 181.061 75.188 38.999 0.637 0.536 1.601 -2.918
77 164 5 169.329 69.226 39.506 0.375 0.477 0.938 -2.951
77 167 3 173.409 70.895 39.062 1.439 0.438 1.725 0.346
77 168 1 148.004 65.601 38.978 4.36 1.979 1.562 -3.106
77 186 5 131.906 57.399 38.919 1.922 0.698 1.721 0.11
77 194 3 147.318 84.32 39.395 0.351 0.598 1.006 -3.095
77 195 3 117.188 81.509 39.316 0.63 0.548 0.924 -0.124
77 200 3 114.573 44.873 39.398 0.513 0.595 0.756 -3.042
77 202 3 117.224 82.382 39.228 0.514 0.744 1.079 -0.124
77 205 4 155.058 71.359 39.047 1.654 0.683 1.537 -2.922
77 208 3 128.688 50.38 39.483 0.326 0.435 1.022 0.091
77 210 3 87.988 72.226 38.497 0.692 0.549 1.324 0.048
77 212 4 120.344 56.503 38.891 1.779 0.522 1.625 -0.007
78 20 4 174.655 75.022 39.057 1.133 0.544 1.57 -0.269
78 85 1 164.237 78.495 38.866 3.197 1.943 1.244 -3.125
78 91 5 108.509 64.667 38.959 3.808 1.988 1.81 0.008
78 92 2 180.791 81.181 39.603 1.989 2.023 2.361 0.061
78 152 1 179.435 88.232 38.594 0.265 0.971 0.353 -3.112
78 154 1 168.341 85.888 38.949 3.783 1.971 1.597 0.107
78 158 4 181.961 74.827 39.605 0.229 0.386 0.317 -3.108
78 164 5 169.331 69.393 39.475 0.517 0.356 0.934 2.3
78 167 3 173.887 71.155 38.926 0.555 0.759 1.531 -1.085
78 168 1 147.945 65.592 38.953 4.162 1.992 1.557 -3.073
78 186 5 130.629 57.106 39.318 0.647 0.809 0.978 -2.667
78 194 3 147.856 84.506 39.398 0.294 0.577 0.881 -3.092
78 195 3 117.765 81.557 39.284 0.519 0.555 1.098 3.073
78 200 3 114.606 44.769 39.314 0.495 0.569 0.949 0.223
78 202 3 117.898 82.412 39.229 0.472 0.834 1.188 3.073
78 205 4 159.681 72.649 39.079 1.602 0.745 1.59 -2.994
78 208 3 129.287 50.639 39.37 0.286 0.555 1.286 -2.18
78 210 3 87.42 72.121 38.399 0.554 0.428 0.817 0.031
78 212 4 118.728 56.107 38.883 1.79 0.542 1.706 0.122
78 214 3 125.252 97.378 39.616 0.472 0.198 0.584 -3.11
79 85 1 159.179 77.657 38.864 1.912 1.883 1.292 0.112
79 91 5 103.348 63.601 38.933 3.793 2.109 1.714 0.112
79 92 2 176.808 80.327 39.71 1.977 2.173 2.31 0.112
79 154 1 168.194 85.908 38.849 3.611 2.025 1.442 0.028
79 164 5 169.471 69.595 39.618 0.251 0.38 0.625 0.238
79 167 3 173.786 71.155 38.908 0.51 0.434 1.509 -3.026
79 168 1 147.865 65.791 38.918 4.226 1.716 1.487 -3.056
79 186 5 128.597 57.121 38.967 1.295 0.694 1.562 0.013
79 194 3 148.522 84.71 39.324 0.541 0.489 0.919 0.098
79 195 3 118.299 81.732 39.28 0.395 0.526 1.02 -0.277
79 200 3 114.555 44.781 38.928 0.433 0.39 1.714 0.087
79 202 3 118.418 82.38 39.308 0.44 0.693 1.103 -0.28
79 205 4 164.238 74.003 39.057 1.522 0.664 1.401 -3.029
79 208 3 129.682 51.011 39.388 0.526 0.479 1.253 1.753
79 210 3 86.803 71.976 38.626 0.457 0.481 1.117 0.168
79 212 4 117.151 55.679 38.855 1.847 0.63 1.617 0.101
79 217 4 74.135 63.367 38.643 0.927 0.569 1.141 0.068
80 85 1 155.212 77.158 38.881 3.072 1.901 1.165 0.006
80 91 5 98.32 62.647 38.936 3.913 1.851 1.744 0.089
80 92 2 173.626 79.673 39.655 3.728 2.11 2.344 0.166
80 154 1 167.43 85.795 38.979 2.179 1.72 1.402 0.061
80 167 3 173.741 71.22 39.056 0.252 0.601 1.489 2.421
80 168 1 147.788 65.833 38.938 4.082 1.694 1.58 -3.018
80 186 5 127.125 57.171 38.925 1.698 0.624 1.682 -0.189
80 194 3 148.926 84.942 39.191 0.237 0.48 0.513 0.161
80 195 3 118.793 81.722 39.241 0.261 0.401 0.727 -0.973
80 200 3 114.552 44.863 39 0.573 0.626 1.745 -2.923
80 202 3 119.017 82.333 39.326 0.27 0.576 1.008 2.812
80 205 4 168.98 75.291 39.009 1.521 0.67 1.142 -3.031
80 208 3 130.224 51.531 39.122 0.808 0.59 1.82 -2.974
80 210 3 86.092 71.848 38.689 0.379 0.416 1.246 0.124
80 212 4 115.556 55.276 38.905 1.766 0.619 1.685 0.144
80 214 3 124.423 97.198 39.62 0.357 0.489 1.175 -1.792
80 217 4 72.382 62.942 38.515 0.811 0.554 1.038 0.067
80 219 4 172.234 74.389 39.166 0.927 0.379 1.227 0.243
80 220 5 66.472 61.399 38.798 0.165 0.308 0.801 0.038
81 85 1 150.362 76.437 38.885 2.182 2.039 1.297 0.129
81 91 5 93.223 61.71 39.012 4.545 1.883 1.758 0.129
81 92 2 169.305 78.815 39.776 3.827 2.208 2.412 0.129
81 154 1 166.849 85.683 38.77 0.88 1.736 0.561 0.099
81 167 3 173.751 71.246 38.986 0.284 0.558 1.385 2.79
81 168 1 147.82 65.891 38.881 4.078 1.707 1.43 -2.986
81 186 5 125.495 57.228 38.91 1.661 0.772 1.63 0.035
81 194 3 149.508 85.262 39.369 0.251 0.336 0.831 0.06
81 195 3 119.267 81.818 39.279 0.423 0.599 1.059 -1.373
81 200 3 114.56 44.899 39.305 0.487 0.428 0.927 -2.889
81 202 3 119.46 82.348 39.31 0.404 0.398 0.971 -1.373
81 205 4 173.571 76.45 39.043 0.874 0.34 1.085 -2.999
81 208 3 130.804 51.813 39.105 0.851 0.308 1.72 -2.978
81 210 3 85.567 71.884 38.636 0.289 0.564 1.103 0.196
81 212 4 114.232 55.149 39.293 0.367 0.26 0.667 -3.103
81 214 3 123.93 97.165 39.342 0.37 0.472 1.569 -1.497
81 217 4 71.36 62.554 38.859 0.717 0.571 1.296 -0.174
81 219 4 171.065 74.147 39.117 0.976 0.348 1.081 -2.999
81 220 5 65.041 60.937 38.85 0.227 0.287 1.204 0.043
81 221 3 63.483 66.262 39.112 0.212 0.423 0.981 0.046
81 222 4 78.536 42.158 38.561 0.922 0.245 0.572 -3.067
82 85 1 146.432 75.884 38.799 3.051 1.864 1.202 0.072
82 91 5 88.87 60.875 39.073 4.193 1.956 1.765 0.143
82 92 2 165.078 77.855 39.577 3.746 2.082 2.441 0.165
82 154 1 167.006 85.963 38.751 1.08 2.077 1.343 0.131
82 167 3 173.787 71.378 38.865 0.348 0.508 1.19 1.888
82 168 1 147.799 65.912 38.873 3.986 1.804 1.423 -3.023
82 186 5 123.806 57.294 38.963 1.692 0.561 1.73 -0.112
82 194 3 150.029 85.318 39.314 0.262 0.503 1.027 -3.025
82 195 3 119.818 82.079 39.343 0.901 0.684 1.022 -2.094
82 200 3 114.545 44.917 39.478 0.69 0.421 0.807 2.653
82 208 3 131.312 52.173 39.175 0.679 0.49 1.651 -2.897
82 210 3 84.794 71.687 38.645 0.577 0.527 1.362 0.053
82 212 4 112.222 54.757 38.918 1.417 0.714 1.591 0.139
82 214 3 123.556 97.078 39.384 0.393 0.594 1.791 0.017
82 217 4 69.852 62.078 38.894 1.263 0.631 1.504 -0.033
82 219 4 169.749 73.781 39.026 1.048 0.394 1.394 -2.99
82 220 5 63.661 60.38 38.891 0.4 0.529 1.397 -0.252
82 221 3 63.29 66.19 38.787 0.488 0.412 1.359 -0.109
82 222 4 78.312 42.244 38.786 1.538 0.377 0.83 3.119
82 229 1 57.485 66.008 38.963 3.753 1.758 0.846 -2.817
83 85 1 141.483 75.076 38.837 2.235 1.983 1.508 0.077
83 91 5 84.442 59.964 38.972 4.609 2.103 1.755 0.071
83 92 2 160.698 76.949 39.512 3.853 2.128 2.393 0.221
83 154 1 166.735 85.8 38.731 0.66 1.358 0.554 0.089
83 168 1 148.204 66.03 38.715 5.046 1.8 1.12 -3.045
83 186 5 122.215 56.993 38.915 1.668 0.534 1.683 0.16
83 194 3 150.568 85.593 39.245 0.498 0.324 0.369 -1.201
83 195 3 120.281 81.879 39.328 0.579 0.553 0.966 3.126
83 200 3 114.58 44.954 39.293 0.619 0.409 0.968 0.281
83 202 3 120.311 82.465 39.316 0.27 0.518 0.959 -0.016
83 208 3 131.803 52.451 39.093 0.704 0.376 1.632 -2.849
83 210 3 84.331 71.724 38.598 0.42 0.605 1.285 0.048
83 212 4 110.991 54.586 38.857 1.429 0.852 1.654 0.16
83 214 3 123.189 97.089 39.379 0.544 0.6 1.741 0.028
83 217 4 68.559 61.819 38.554 0.609 0.745 0.734 -0.611
83 219 4 168.713 73.52 38.985 0.46 0.467 1.216 -3.039
83 220 5 62.18 59.923 38.946 0.477 0.702 1.561 -0.611
83 221 3 63.071 66.148 38.851 0.554 0.448 1.509 -0.611
83 222 4 78.194 42.088 38.791 1.827 0.545 0.881 -2.955
83 229 1 57.516 66.274 39.646 4.004 1.924 2.762 0.325
83 232 5 52.796 67.101 39.525 2.263 1.466 2.526 -1.499
83 233 2 50.227 80.484 39.408 8.853 2.8 3.063 0.132
84 85 1 136.903 74.432 38.839 2.11 1.891 1.418 0.033
84 91 5 80.672 59.326 39.001 4.102 1.917 1.766 0.028
84 92 2 157.371 76.168 39.787 6.033 2.267 2.618 0.055
84 168 1 147.795 66.048 38.591 4.067 1.658 0.933 -3.051
84 186 5 120.709 56.646 38.893 1.331 0.602 1.595 0.279
84 194 3 151.131 85.703 39.322 0.264 0.451 0.683 0.099
84 195 3 120.791 81.919 39.34 0.582 0.48 0.955 3.072
84 200 3 114.616 44.987 39.29 0.474 0.593 0.986 1.497
84 202 3 120.875 82.764 39.271 0.357 0.813 1.059 3.081
84 208 3 132.44 52.908 39.327 0.509 0.443 1.222 -2.864
84 210 3 83.752 71.543 38.748 0.428 0.548 1.364 0.066
84 212 4 109.394 54.561 39.353 0.612 0.615 0.671 0.064
84 214 3 122.675 97.121 39.477 0.497 0.605 1.508 0
84 217 4 66.948 61.275 38.582 0.893 0.434 1.027 0.071
84 220 5 60.9 59.544 38.943 0.544 0.64 1.198 0.179
84 221 3 62.985 66.06 38.804 0.398 0.622 1.341 0.093
84 222 4 78.36 42.249 38.772 1.504 0.514 1.032 -3.031
84 229 1 57.476 66.235 38.748 4.106 1.822 1.283 -2.857
84 232 5 52.88 67.177 39.588 2.402 1.34 2.622 -1.48
84 233 2 50.833 80.514 39.518 7.121 1.744 2.794 -3.043
84 239 2 50.363 88.315 39.538 4.449 2.172 2.164 0.082
84 242 4 49.102 55.363 39.002 1.252 0.603 1.587 0.77
85 85 1 132.373 73.921 38.804 2.065 1.808 1.401 0.017
85 91 5 76.873 58.452 39.008 4.272 2.072 1.801 0.066
85 92 2 151.819 75.068 39.688 3.619 2.198 2.588 -0.004
85 168 1 147.804 66.07 38.882 4.036 1.767 1.47 -3.104
85 186 5 119.167 56.423 39.36 0.46 0.519 0.818 -3.015
85 194 3 151.643 85.932 39.373 0.182 0.375 0.971 3.082
85 195 3 121.289 82.046 39.308 0.554 0.655 0.976 3.039
85 200 3 114.608 45.044 39.438 0.387 0.55 0.671 1.843
85 202 3 121.386 82.878 39.282 0.325 0.813 0.996 3.039
85 208 3 132.979 53.114 39.392 0.291 0.411 1.098 -0.747
85 210 3 83.087 71.477 38.767 0.401 0.587 1.41 0.075
85 212 4 107.872 54.458 39.483 0.254 0.509 0.435 -0.116
85 214 3 122.181 97.028 39.497 0.427 0.473 1.661 0.088
85 217 4 65.781 60.874 38.677 0.816 0.447 1.059 0.056
85 220 5 59.675 59.055 38.933 1.009 0.561 1.388 0.056
85 221 3 62.883 65.902 38.844 0.314 0.443 1.488 -0.024
85 222 4 78.348 42.304 38.833 1.697 0.532 1.084 -3.133
85 229 1 57.501 66.249 38.807 4.235 1.64 1.403 -2.843
85 232 5 52.533 67.107 39.559 2.412 2.293 2.776 -1.497
85 233 2 51.115 80.951 39.437 6.766 2.224 2.931 -3.056
85 239 2 50.361 88.449 39.397 4.852 2.643 2.562 0.036
85 242 4 48.282 54.334 38.966 1.509 0.38 1.107 0.892
85 243 5 47.894 42.472 38.634 3.931 0.547 0.547 1.576
85 244 2 48.824 94.607 39.529 2.746 2.18 2.221 0.083
85 250 2 44.506 87.148 39.968 2.346 1.678 1.58 -0.008
85 253 2 42.285 58.708 39.566 1.866 1.586 2.277 2.53
86 85 1 128.476 73.483 38.772 3.166 1.939 1.414 -0.013
86 91 5 73.296 57.727 39.059 4.297 1.915 1.787 0.04
86 92 2 147.607 74.24 39.627 3.736 2.251 2.568 -0.027
86 168 1 147.671 66.012 38.476 3.685 1.815 0.689 3.121
86 186 5 117.33 56.09 39.379 0.602 0.354 0.544 3.126
86 194 3 152.194 86.01 39.424 0.089 0.339 0.717 -0.02
86 195 3 121.753 82.023 39.346 0.431 0.504 0.757 -0.132
86 200 3 114.551 45.151 38.91 0.59 0.371 1.517 3.11
86 202 3 122.041 82.971 39.253 0.521 0.706 0.981 -0.125
86 208 3 133.534 53.474 39.303 0.325 0.375 0.988 -2.924
86 210 3 82.453 71.325 38.733 0.474 0.612 1.446 -0.013
86 212 4 106.116 54.451 38.91 1.839 0.865 1.66 -0.23
86 217 4 64.483 60.465 38.72 1.101 0.692 1.21 -0.013
86 220 5 58.153 58.251 38.865 1.374 0.569 1.337 0.392
86 221 3 62.592 65.881 38.947 0.476 0.576 1.508 0.065
86 222 4 78.356 42.393 38.806 1.729 0.673 0.927 3.129
86 229 1 57.446 66.352 38.882 4.184 1.7 1.494 -2.874
86 232 5 52.571 67.32 39.743 2.469 2.034 2.29 -1.558
86 233 2 51.821 81.21 39.396 5.408 2.386 2.774 -3.11
86 239 2 50.083 88.486 39.449 4.961 2.258 2.562 0.029
86 242 4 47.62 53.585 39.105 1.217 0.365 1.012 0.796
86 243 5 47.264 41.018 38.88 4.158 1.639 1.151 1.483
86 244 2 48.888 94.711 39.446 2.602 2.15 2.514 0.023
86 250 2 44.599 87.268 40.227 2.151 1.527 1.178 -0.016
86 253 2 42.303 58.654 39.399 1.901 1.753 2.704 2.228
86 257 1 44.774 39.552 38.962 1.064 0.188 1.519 1.557
86 258 1 70.811 54.709 38.497 0.185 0.252 0.379 -0.013
87 85 1 123.629 72.877 38.849 2.349 1.945 1.406 -0.137
87 91 5 70.004 56.951 39.069 4.499 1.952 1.705 0.035
87 92 2 142.594 73.554 39.777 1.999 2.204 2.668 -0.137
87 168 1 146.979 66.004 39.037 2.325 1.678 1.056 3.137
87 186 5 115.681 55.713 38.907 1.404 0.509 1.568 3.11
87 195 3 122.304 82.221 39.337 0.53 0.588 0.899 3.041
87 202 3 122.461 83.14 39.321 0.327 0.653 0.901 3.041
87 208 3 134.178 53.651 39.426 0.342 0.458 0.874 -3.126
87 210 3 81.837 71.227 38.754 0.483 0.593 1.438 -0.099
87 212 4 104.572 54.649 38.928 1.863 0.654 1.617 -0.372
87 217 4 62.861 60.038 38.785 1.141 0.69 1.14 0.134
87 220 5 56.806 57.47 38.975 0.978 0.623 1.432 0.134
87 221 3 62.429 65.86 38.911 0.49 0.494 1.525 0.929
87 222 4 78.459 42.427 38.77 1.617 0.587 1.237 0
87 229 1 57.431 66.354 38.906 4.222 1.674 1.371 -2.864
87 232 5 52.008 67.308 39.759 3.15 2.515 2.296 -0.027
87 233 2 51.756 81.22 39.524 5.321 2.176 2.559 0.059
87 239 2 50.051 88.459 39.522 5.135 2.174 2.393 0.012
87 242 4 46.964 52.554 38.949 1.361 0.457 1.277 -2.328
87 243 5 47.419 39.412 38.891 4.429 1.687 1.098 1.44
87 244 2 49.009 94.784 39.639 2.337 2.218 2.231 0.012
87 250 2 44.572 87.359 40.173 2.253 1.887 1.374 0.012
87 253 2 42.478 58.687 39.511 1.881 2.006 2.9 -0.866
87 257 1 44.741 39.549 39.476 1.3 0.281 0.31 -1.701
87 258 1 70.832 54.776 38.5 0.139 0.168 0.475 0.743
87 265 2 47.637 24.542 40.256 4.669 1.843 1.224 -1.597
87 268 3 86.851 95.727 38.909 0.5 0.71 1.523 -3.116
87 270 4 48.609 45.074 39.003 1.808 0.388 1.354 0.993
87 273 1 39.346 39.291 38.845 1.039 0.461 0.845 -1.413
87 274 5 67.671 40.931 38.436 0.202 0.449 0.492 -0.026
88 85 1 119.217 72.315 38.823 2.253 1.901 1.371 -0.05
88 91 5 67.157 56.271 39.092 4.565 1.846 1.787 0.009
88 92 2 138.685 73.011 39.67 2.006 2.144 2.617 -0.163
88 168 1 146.345 65.893 38.495 1.076 1.636 0.341 -3.104
88 186 5 114.224 55.454 39.348 0.327 0.369 0.469 3.137
88 195 3 122.793 82.184 39.291 0.342 0.548 0.812 3.05
88 200 3 114.509 45.201 39.218 0.529 0.523 0.833 3.121
88 202 3 123.006 83.104 39.263 0.305 0.494 0.832 3.05
88 208 3 134.718 53.896 39.407 0.293 0.455 0.706 -2.98
88 210 3 81.214 71.115 38.776 0.498 0.684 1.445 -0.051
88 212 4 103.003 54.687 38.939 1.719 0.728 1.692 -0.028
88 217 4 61.512 59.549 38.94 1.469 0.626 1.533 0.364
88 220 5 55.856 56.759 38.938 1.375 0.377 1.373 0.481
88 221 3 62.344 65.757 38.899 0.507 0.613 1.475 -0.02
88 222 4 78.43 42.427 38.96 1.657 0.65 0.895 3.11
88 229 1 57.423 66.408 38.907 4.24 1.676 1.549 0.242
88 232 5 52.461 67.497 39.75 2.616 2.229 2.23 -1.588
88 233 2 52.257 81.418 39.402 4.521 2.364 2.567 3.111
88 239 2 50.731 88.806 39.525 3.821 2.338 2.443 -0.013
88 242 4 46.3 51.516 39.034 1.378 0.491 1.367 0.661
88 243 5 48.092 39.28 38.775 1.246 0.317 0.873 1.504
88 244 2 49.08 94.892 39.342 2.176 2.264 2.728 -0.046
88 250 2 45.059 87.531 40.058 1.23 1.848 1.485 -0.012
88 253 2 42.218 58.921 39.588 2.566 2.119 2.862 2.285
88 257 1 44.863 40.051 39.156 0.404 0.45 1.306 3.035
88 258 1 70.792 54.845 38.488 0.217 0.264 0.536 3.002
88 265 2 47.784 24.434 40.331 5.101 1.531 1.42 -1.542
88 268 3 86.449 96.121 38.847 0.618 0.571 1.622 -3.107
88 270 4 48.131 43.891 39.103 1.886 0.426 1.435 0.875
88 273 1 43.281 37.985 39.004 1.622 0.697 1.059 1.569
88 274 5 67.669 41.058 38.509 0.154 0.249 0.447 0.051
88 277 3 67.412 76.378 39.305 0.437 0.516 1.235 1.499
88 278 3 44.893 39.171 39.171 0.286 0.529 1.292 3.035
88 279 5 66.122 65.541 38.438 0.103 0.255 0.289 -3.11
88 282 1 63.215 21.388 39.006 1.882 0.728 0.87 -0.58
88 286 2 35.863 65.986 40.566 4.143 1.217 0.83 -3.117
89 85 1 115.76 71.858 38.809 3.764 2.025 1.407 -0.075
89 91 5 64.769 55.557 39.106 4.467 1.934 1.851 0.035
89 92 2 134.75 72.477 39.698 1.959 2.093 2.565 -0.093
89 195 3 123.297 82.291 39.371 0.227 0.439 0.516 -0.309
89 200 3 114.45 45.276 39.445 0.404 0.309 0.758 -1.547
89 202 3 123.491 83.221 39.364 0.214 0.406 0.575 0
89 210 3 80.559 70.985 38.779 0.629 0.567 1.425 0.002
89 212 4 101.408 54.614 38.907 1.765 0.665 1.639 3.081
89 217 4 60.344 59.037 38.898 1.212 0.602 1.322 0.103
89 220 5 54.455 56.005 38.984 1.36 0.544 1.474 0.242
89 221 3 62.186 65.646 38.877 0.447 0.612 1.373 0.097
89 229 1 57.394 66.527 38.906 4.254 1.875 1.493 -2.918
89 232 5 52.474 67.659 39.92 2.952 2.156 2.271 -1.598
89 233 2 52.614 81.427 39.552 3.708 1.972 2.379 -3.109
89 239 2 50.053 88.595 39.414 5.107 2.118 2.962 0.004
89 242 4 45.487 50.447 39.017 1.419 0.513 1.597 0.6
89 243 5 47.751 37.714 38.677 1.24 1.613 0.876 1.194
89 244 2 49.163 94.794 39.325 2.061 1.945 2.912 -0.015
89 250 2 45.42 88.453 40.266 0.195 1.601 1.146 -0.15
89 253 2 42.294 59.043 39.636 2.786 2.129 2.712 2.108
89 257 1 44.949 40.138 39.177 0.34 0.408 1.434 1.135
89 258 1 70.757 54.871 38.5 0.196 0.154 0.533 0.032
89 265 2 47.818 24.278 40.3 5.503 1.617 1.328 -1.597
89 268 3 86.064 96.598 38.672 0.302 0.395 1.242 2.99
89 270 4 47.82 43.086 39.082 1.812 0.571 1.649 1.12
89 273 1 43.313 37.34 39 2.754 1.087 1.288 1.567
89 274 5 67.659 41.116 38.531 0.253 0.259 0.413 -0.027
89 277 3 67.283 76.329 39.058 0.54 0.425 1.632 2.562
89 278 3 44.842 39.263 39.149 0.467 0.264 1.423 1.135
89 279 5 66.076 65.601 38.376 0.199 0.205 0.383 -2.929
89 282 1 62.825 21.548 39.061 0.594 0.711 0.804 0.101
89 286 2 36.351 66.714 40.348 0.238 2.059 1.209 1.687
90 85 1 111.537 71.248 38.764 3.592 1.98 1.492 -0.061
90 91 5 62.692 54.918 39.121 3.993 1.89 1.722 0.037
90 92 2 130.655 72.062 39.663 1.933 2.044 2.678 -0.191
90 195 3 123.837 82.335 39.307 0.22 0.385 0.567 2.732
90 202 3 124.028 83.326 39.416 0.31 0.725 0.874 2.732
90 210 3 80.054 70.763 38.764 0.669 0.511 1.372 -0.054
90 212 4 99.954 54.529 38.944 1.871 0.662 1.615 0.013
90 217 4 58.931 58.453 38.956 1.5 0.618 1.46 0.252
90 220 5 53.471 55.442 39.078 0.71 0.603 1.433 -0.058
90 221 3 61.888 65.684 38.95 0.788 0.428 1.469 -0.267
90 229 1 57.375 66.597 38.849 4.2 1.857 1.432 -2.939
90 232 5 52.426 67.831 39.984 2.993 2.239 2.022 -1.626
90 233 2 52.979 81.685 39.372 2.938 2.187 2.652 3.132
90 239 2 49.985 88.653 39.69 5.139 2.23 2.197 -0.011
90 242 4 44.804 49.685 39.135 1.097 0.456 1.493 0.983
90 243 5 47.436 36.116 38.765 1.367 0.961 0.867 1.483
90 244 2 49.168 94.986 39.672 2.048 2.159 2.294 -0.039
90 250 2 45.413 88.662 40.206 1.975 0.2 1.346 -1.714
90 253 2 42.197 59.189 39.573 3.02 2.113 2.72 2.123
90 257 1 45.296 40.159 39.518 0.143 0.291 0.8 2.514
90 258 1 70.79 54.96 38.567 0.202 0.246 0.565 -1.506
90 265 2 47.774 24.094 40.293 5.278 1.783 1.262 -1.606
90 268 3 85.749 97.087 38.787 0.312 0.317 1.502 1.58
90 270 4 47.441 41.764 39.127 1.914 0.643 1.674 1.216
90 273 1 43.537 36.263 38.907 3.923 1.01 1.615 1.521
90 274 5 67.686 41.177 38.552 0.176 0.219 0.623 3.043
90 277 3 67.217 76.043 39.085 0.681 0.308 1.715 2.523
90 278 3 45.024 39.397 39.149 0.281 0.48 1.104 2.933
90 279 5 66.104 65.662 38.396 0.254 0.135 0.467 -1.709
90 282 1 62.684 21.542 38.947 0.421 0.515 1.135 2.955
90 286 2 37.936 67.252 40.128 2.201 0.626 1.59 0.025
90 295 1 42.96 33.115 38.708 0.787 1.148 1.223 1.488
90 300 3 110.922 54.956 39.481 0.387 0.168 0.447 0.583
91 85 1 107.63 70.573 38.722 3.982 1.889 1.261 -0.097
91 91 5 60.833 54.099 39.146 3.836 1.921 1.823 0.112
91 92 2 126.64 71.451 39.458 2.191 2.15 2.517 -0.114
91 195 3 124.456 82.317 39.387 0.521 0.326 0.621 -1.685
91 200 3 114.453 45.332 39.396 0.301 0.405 0.616 0.034
91 202 3 124.645 83.27 39.374 0.405 0.269 0.644 -1.685
91 208 3 136.484 54.662 39.394 0.231 0.3 0.331 0.108
91 210 3 79.479 70.699 38.787 0.537 0.59 1.43 0.154
91 212 4 98.351 54.26 38.934 1.757 0.566 1.61 -0.109
91 217 4 57.697 57.826 38.981 1.565 0.551 1.459 0.254
91 220 5 51.898 54.504 39.145 1.279 0.485 1.551 0.286
91 221 3 61.842 65.584 38.911 0.494 0.545 1.516 -0.03
91 229 1 57.359 66.553 38.924 4.386 1.97 1.401 -2.929
91 232 5 52.447 67.926 39.959 3.445 2.201 2.027 -1.637
91 233 2 53.474 81.751 39.521 1.998 2.386 2.733 3.097
91 239 2 50.073 88.762 39.408 4.841 2.43 2.757 -0.04
91 242 4 43.617 48.531 39.028 1.253 0.481 1.623 0.377
91 244 2 49.448 94.993 39.605 1.705 2.146 2.42 0.021
91 250 2 45.247 89.483 40.652 0.698 0.21 0.248 -1.624
91 253 2 42.038 59.404 39.591 3.664 2.221 2.763 2.171
91 257 1 45.751 40.441 39.058 0.15 0.422 1.665 3.137
91 258 1 70.828 54.942 38.569 0.199 0.282 0.585 -2.822
91 265 2 47.571 24.045 40.334 4.894 2.191 1.393 -1.6
91 268 3 85.482 97.549 38.799 0.296 0.325 1.083 -1.617
91 270 4 47.343 40.231 39.087 1.99 0.614 1.669 1.134
91 273 1 43.331 36.563 38.959 4.616 1.345 1.428 1.492
91 274 5 67.684 41.165 38.57 0.181 0.163 0.6 -1.735
91 277 3 67.382 75.733 39.098 0.569 0.565 1.719 1.203
91 278 3 45.299 39.528 39.503 0.173 0.475 0.789 3.137
91 279 5 66.094 65.612 38.44 0.217 0.225 0.413 -0.037
91 282 1 62.396 21.585 38.829 0.596 0.59 1.289 2.331
91 286 2 38.394 67.83 40.135 1.841 1.033 1.673 3.003
91 295 1 43.811 33.213 38.75 1.046 1.381 1.115 1.349
91 300 3 109.004 54.799 38.895 1.291 0.427 1.7 3.073
91 303 2 66.966 2.687 39.672 5.919 2.556 2.844 3.001
92 85 1 103.539 69.768 38.785 3.994 1.783 1.405 -0.167
92 91 5 59.078 53.394 39.14 3.997 1.881 1.786 0.121
92 92 2 122.567 70.956 39.685 2.031 2.102 2.346 -0.115
92 195 3 124.942 82.415 39.144 0.215 0.543 0.814 -0.053
92 210 3 78.917 70.511 38.782 0.562 0.586 1.431 -0.001
92 212 4 96.839 54.063 38.918 1.786 0.586 1.516 -0.146
92 217 4 56.537 57.197 38.995 1.64 0.614 1.428 0.26
92 220 5 50.942 53.78 39.131 1.683 0.476 1.476 0.283
92 221 3 61.762 65.324 38.951 0.467 0.617 1.548 0.345
92 229 1 57.349 66.559 38.915 4.393 1.997 1.453 -2.954
92 232 5 52.374 68.21 39.871 3.945 2.192 1.83 -1.625
92 233 2 53.073 81.608 39.343 2.846 2.014 2.786 -3.142
92 239 2 50.255 88.654 39.559 4.582 2.31 2.749 0.006
92 242 4 42.828 47.759 39.004 1.111 0.527 1.505 0.477
92 244 2 49.662 95.012 39.714 1.086 2.161 1.803 -0.058
92 253 2 41.633 59.755 39.592 5.377 2.099 2.858 2.154
92 257 1 45.68 39.553 39.061 0.496 0.556 1.551 3.116
92 258 1 70.775 54.935 38.59 0.259 0.287 0.614 -0.224
92 265 2 48.308 23.809 40.247 4.509 0.903 1.331 1.511
92 270 4 47.279 38.669 39.078 1.885 0.62 1.57 1.257
92 273 1 43.265 36.556 38.926 4.583 1.455 1.376 1.484
92 274 5 67.7 41.191 38.566 0.299 0.235 0.558 -0.917
92 277 3 67.253 75.427 39.116 0.427 0.729 1.653 1.632
92 278 3 46.126 40.497 39.062 0.825 0.557 1.559 3.116
92 279 5 66.103 65.601 38.414 0.273 0.269 0.44 -3.104
92 282 1 62.02 21.365 39.091 0.419 0.446 1.451 1.159
92 286 2 38.345 68.702 39.794 2.01 1.506 2.509 -3.107
92 295 1 43.789 33.091 39.03 1.145 1.419 1.159 1.393
92 300 3 107.252 54.748 38.827 1.394 0.425 1.483 -0.125
92 303 2 67.272 3.236 39.804 5.799 1.465 2.674 2.929
93 85 1 99.375 69.148 38.747 3.978 1.984 1.376 -0.067
93 91 5 57.455 52.705 39.162 3.939 1.908 1.781 0.136
93 92 2 118.69 70.336 39.519 1.881 2.141 2.386 -0.167
93 195 3 125.477 82.265 39.324 0.385 0.531 0.808 2.872
93 200 3 114.368 45.295 39.423 0.255 0.425 0.654 -3.112
93 202 3 125.68 83.325 39.339 0.342 0.385 0.744 2.872
93 210 3 78.111 70.398 38.775 0.789 0.583 1.41 -0.022
93 212 4 95.274 53.8 38.925 1.808 0.596 1.655 -0.082
93 217 4 55.245 56.468 39.046 1.562 0.709 1.554 0.329
93 220 5 49.848 52.996 39.095 1.749 0.503 1.553 0.367
93 221 3 61.627 65.178 38.939 0.604 0.636 1.544 1.522
93 229 1 57.26 66.533 38.975 4.356 2.094 1.49 -2.923
93 232 5 52.198 68.836 39.825 5.297 2.287 1.8 -1.644
93 239 2 50.562 88.717 39.58 3.907 2.163 2.647 -0.024
93 242 4 41.728 46.812 39.099 1.605 0.603 1.628 0.474
93 244 2 49.791 94.957 39.608 0.728 1.96 2.333 0
93 253 2 41.283 60.11 39.59 6.044 2.227 2.873 2.176
93 257 1 46.312 39.667 39.049 0.318 0.564 1.648 3.118
93 258 1 70.713 54.898 38.588 0.306 0.246 0.645 -0.041
93 265 2 48.52 23.578 40.361 4.38 0.371 1.058 1.549
93 270 4 47.012 37.026 39.103 1.985 0.655 1.577 -1.947
93 273 1 42.968 36.764 38.787 3.991 1.826 1.45 1.475
93 274 5 67.559 41.158 38.567 0.239 0.27 0.519 -2.98
93 277 3 67.246 75.15 39.166 0.36 0.725 1.514 0.93
93 278 3 46.734 40.671 39.15 0.595 0.575 1.453 3.122
93 279 5 66.007 65.523 38.425 0.285 0.296 0.457 -1.58
93 282 1 61.654 21.166 39.059 0.533 0.502 1.287 -0.092
93 295 1 44.078 32.22 38.844 2.635 0.974 1.392 1.457
93 300 3 105.364 54.802 38.847 1.113 0.605 1.325 -0.082
93 303 2 67.764 3.315 39.734 4.651 1.36 2.48 2.965
94 85 1 95.381 68.317 38.791 4.004 1.773 1.389 -0.071
94 91 5 55.975 52.03 39.238 3.828 1.859 1.884 0.173
94 92 2 114.843 69.745 39.556 1.965 2.13 2.308 -0.098
94 210 3 77.578 70.211 38.728 0.758 0.483 1.333 -0.026
94 212 4 93.722 53.463 38.905 1.917 0.556 1.542 3.141
94 217 4 54.077 55.737 39.091 1.714 0.659 1.57 0.306
94 220 5 48.934 52.322 39.122 1.024 0.556 1.552 0.075
94 221 3 61.401 65.006 38.962 0.507 0.688 1.544 1.493
94 229 1 57.274 66.39 39.023 4.374 1.801 1.595 -2.924
94 232 5 52.039 69.109 39.659 5.925 2.264 2.194 -1.617
94 239 2 51.297 88.183 39.654 2.205 0.748 2.397 0.01
94 242 4 40.688 46.094 38.974 0.857 0.563 1.559 0.491
94 244 2 49.904 95.349 39.375 0.19 2.275 2.847 -0.03
94 253 2 41.206 60.117 39.629 6.32 2.299 2.895 2.195
94 257 1 46.93 39.781 39.261 0.466 0.297 1.496 1.561
94 258 1 70.654 54.899 38.573 0.324 0.293 0.643 -0.036
94 265 2 48.627 23.139 40.402 3.41 0.275 1.088 -1.592
94 270 4 46.961 35.555 39.032 1.999 0.581 1.631 1.417
94 273 1 42.988 36.494 38.883 4.52 1.773 1.297 1.522
94 274 5 67.504 41.17 38.58 0.226 0.223 0.48 1.501
94 277 3 67.102 74.851 39.068 0.335 0.733 1.683 0.909
94 278 3 47.424 40.765 39.211 0.658 0.606 1.606 0.086
94 279 5 65.959 65.498 38.417 0.246 0.248 0.453 -0.653
94 282 1 61.229 20.965 39.196 0.388 0.467 0.678 -1.659
94 295 1 43.84 31.862 39.041 3.627 1.499 1.52 1.475
94 300 3 103.753 54.598 38.897 1.331 0.543 1.661 3.113
94 303 2 67.929 3.406 39.662 3.208 1.131 2.706 2.958
95 85 1 91.384 67.585 38.812 3.909 1.959 1.438 -0.013
95 91 5 54.292 51.032 39.261 4.531 2.001 1.825 0.276
95 92 2 111.204 69.192 39.543 2.019 2.148 2.681 -0.109
95 210 3 76.883 70.08 38.802 0.767 0.656 1.323 0.014
95 212 4 92.219 53.106 38.876 1.835 0.565 1.438 0.046
95 217 4 53.181 55.164 39.122 1.283 0.589 1.55 0.188
95 220 5 47.697 51.389 39.152 1.395 0.521 1.469 0.342
95 221 3 61.415 64.95 38.998 0.472 0.66 1.536 2.082
95 229 1 57.18 66.422 38.976 4.384 2.09 1.562 -2.908
95 232 5 52.097 69.11 39.623 5.96 2.106 2.274 -1.606
95 239 2 51.898 88.906 39.628 1.081 1.989 2.452 -0.013
95 242 4 39.745 45.364 39.043 0.859 0.706 1.619 0.338
95 253 2 41.222 60.074 39.625 6.46 2.425 2.844 2.221
95 257 1 47.547 39.796 39.155 0.339 0.534 1.562 2.806
95 258 1 70.599 54.851 38.571 0.295 0.284 0.648 -3.129
95 265 2 48.783 22.404 40.378 1.944 0.276 1.32 1.555
95 270 4 46.966 34.155 39.095 1.968 0.559 1.597 -1.64
95 273 1 42.953 36.438 38.969 4.637 1.847 1.483 1.542
95 274 5 67.501 41.124 38.657 0.307 0.239 0.494 -1.579
95 277 3 66.943 74.585 39.089 0.547 0.659 1.654 1.234
95 278 3 48.098 40.779 39.156 0.591 0.645 1.583 -3.077
95 279 5 65.913 65.474 38.426 0.262 0.278 0.45 -0.043
95 282 1 61.024 20.749 39.363 0.339 0.351 1.019 -0.18
95 295 1 43.62 32.612 39.046 2.033 1.707 1.595 1.406
95 300 3 101.954 54.373 38.909 0.957 0.51 1.485 -0.06
95 303 2 68.487 3.575 39.765 3.075 0.7 2.423 -0.18
95 320 5 46.679 78.846 40.104 0.301 0.737 1.855 -1.581
96 85 1 87.737 66.913 38.812 4.019 1.964 1.461 -0.019
96 91 5 53.148 50.153 39.26 4.458 2.31 1.802 0.408
96 92 2 107.638 68.591 39.529 1.894 2.113 2.712 -0.019
96 210 3 76.33 69.882 38.768 0.803 0.493 1.38 -0.071
96 212 4 90.675 52.788 38.871 1.745 0.66 1.572 -0.039
96 217 4 52.033 54.416 39.123 1.658 0.651 1.578 0.389
96 220 5 46.678 50.492 39.133 1.389 0.506 1.663 0.525
96 221 3 61.471 65.057 38.994 0.44 0.616 1.61 2.151
96 229 1 57.174 66.33 38.985 4.416 1.839 1.541 -2.869
96 232 5 52.059 69.192 39.459 6.204 2.118 2.526 -1.593
96 242 4 38.727 44.605 39.016 1.12 0.635 1.591 0.29
96 253 2 41.256 59.876 39.584 6.224 2.438 2.722 2.297
96 257 1 48.139 39.961 39.187 0.595 0.639 1.785 2.832
96 258 1 70.602 54.845 38.555 0.285 0.311 0.67 -0.035
96 270 4 47 32.966 38.81 1.317 0.346 0.974 1.576
96 273 1 42.889 36.958 38.926 3.344 1.725 1.522 1.555
96 274 5 67.488 41.122 38.608 0.269 0.211 0.6 0.002
96 277 3 66.776 74.327 39.096 0.615 0.54 1.713 1.23
96 278 3 48.727 40.796 39.215 0.654 0.797 1.745 2.815
96 279 5 65.905 65.484 38.438 0.227 0.303 0.469 -1.609
96 295 1 43.894 31.77 38.971 3.693 1.453 1.675 1.479
96 300 3 100.437 54.043 38.883 1.559 0.468 1.755 0.029
96 303 2 68.113 3.851 40.215 1.73 0.343 1.377 3.04
96 320 5 47.135 79.763 40.055 1.813 2.08 1.938 -1.554
97 85 1 84.259 66.245 38.759 4.052 1.986 1.345 0.03
97 91 5 52.2 49.585 39.267 3.832 1.942 1.854 0.496
97 92 2 104.168 68.026 39.534 1.944 2.066 2.861 0.03
97 210 3 75.662 69.874 38.764 0.877 0.58 1.355 0.013
97 212 4 89.194 52.515 38.823 1.811 0.75 1.494 -3.12
97 217 4 51.043 53.672 39.124 1.62 0.655 1.62 0.568
97 220 5 45.76 49.725 39.092 1.217 0.546 1.625 0.634
97 221 3 61.516 65.177 38.98 0.53 0.579 1.619 1.98
97 229 1 57.162 66.273 38.991 4.332 1.778 1.594 -2.824
97 232 5 52.19 69.498 39.471 6.896 1.81 2.63 -1.509
97 242 4 37.541 43.814 39.017 0.962 0.645 1.624 0.144
97 253 2 41.371 59.948 39.642 6.249 2.5 2.9 2.319
97 257 1 48.814 40.237 39.183 0.975 0.588 1.772 0.818
97 258 1 70.563 54.846 38.598 0.332 0.233 0.68 -0.218
97 270 4 47.181 31.494 38.616 1.25 0.308 0.577 -1.439
97 273 1 43.5 36.098 38.919 3.419 0.863 1.508 1.615
97 274 5 67.457 41.121 38.64 0.224 0.219 0.572 -2.993
97 277 3 66.704 73.946 39.093 0.604 0.615 1.734 1.033
97 278 3 49.37 41.051 39.211 0.736 0.731 1.738 -2.566
97 279 5 65.847 65.503 38.416 0.223 0.275 0.441 0.059
97 295 1 43.875 31.185 38.959 4.929 1.635 1.571 1.525
97 300 3 98.621 53.736 38.907 0.966 0.411 1.724 0.057
97 320 5 47.511 80.026 39.885 2.134 1.093 2.451 -1.496
98 85 1 81.031 65.513 38.812 3.847 1.956 1.356 0.125
98 91 5 50.851 48.472 39.288 4.514 1.898 1.814 0.613
98 92 2 100.861 67.389 39.517 2.008 2.068 2.956 0.062
98 210 3 75.066 69.729 38.761 0.591 0.489 1.275 -3.069
98 212 4 87.399 52.322 38.908 1.282 0.637 1.615 -0.008
98 217 4 50.194 52.944 39.17 1.588 0.63 1.581 0.48
98 220 5 44.707 48.748 39.135 1.361 0.645 1.692 0.619
98 221 3 61.617 65.249 39.007 0.536 0.665 1.564 3.071
98 229 1 57.051 66.261 39.024 4.29 1.783 1.641 -2.77
98 232 5 52.635 69.908 39.455 5.54 0.601 2.607 -1.452
98 242 4 36.986 43.279 39.163 0.879 0.673 1.272 0.422
98 253 2 41.416 59.829 39.636 6.171 2.548 2.845 2.419
98 258 1 70.544 54.834 38.582 0.258 0.278 0.685 -3.126
98 270 4 47.454 30.385 38.615 0.555 0.187 0.445 -1.25
98 273 1 43.847 35.263 38.939 1.799 0.496 1.405 1.639
98 274 5 67.471 41.148 38.648 0.211 0.256 0.514 0.093
98 277 3 66.538 73.753 39.102 0.616 0.616 1.707 0.874
98 278 3 49.962 41.222 39.237 0.482 0.769 1.682 -2.724
98 279 5 65.809 65.51 38.42 0.242 0.255 0.301 -1.507
98 295 1 43.8 31.666 38.976 3.886 1.586 1.493 1.635
98 300 3 96.859 53.608 39.005 1.075 0.489 1.53 0.092
98 320 5 47.653 81.406 40.445 0.747 0.178 0.833 -1.371
99 85 1 77.89 64.854 38.901 3.8 1.788 1.403 0.219
99 91 5 50.161 47.609 39.261 3.93 1.906 1.848 0.838
99 92 2 97.376 66.683 39.545 1.981 2.13 2.627 0.212
99 210 3 74.381 69.631 38.759 0.321 0.555 1.299 0.385
99 212 4 85.901 52.06 38.895 1.168 0.544 1.509 -2.881
99 217 4 49.344 52.202 39.175 1.116 0.61 1.602 0.706
99 220 5 43.497 47.953 39.537 0.63 0.379 0.65 0.294
99 221 3 61.794 65.227 38.997 0.401 0.59 1.586 -2.689
99 229 1 57.049 66.262 39.004 4.286 1.747 1.557 -2.672
99 242 4 35.974 42.631 39.2 0.994 0.52 1.598 0.372
99 253 2 41.525 59.89 39.591 6.238 2.465 2.702 2.49
99 258 1 70.54 54.859 38.587 0.192 0.218 0.61 -3.068
99 270 4 47.856 29.071 38.556 0.226 0.293 0.41 0.165
99 274 5 67.458 41.145 38.567 0.169 0.219 0.508 0
99 277 3 66.427 73.475 39.056 0.563 0.561 1.658 1.084
99 278 3 50.597 41.328 39.275 0.494 0.71 1.722 -2.068
99 279 5 65.817 65.53 38.472 0.205 0.225 0.301 -2.567
99 295 1 44.198 31.664 38.964 3.689 0.796 1.494 1.711
99 300 3 95.175 53.394 38.885 0.978 0.523 1.494 0.249
99 337 5 42.124 38.448 38.89 0.243 0.639 0.645 1.702
99 339 3 49.942 40.533 39.205 0.541 0.449 1.72 -2.068
99 341 3 76.979 36.139 39.901 0.457 0.373 0.969 -2.893
100 85 1 74.837 64.142 38.884 3.436 1.95 1.527 0.271
100 91 5 49.105 46.154 39.224 4.53 1.879 1.872 1.037
100 92 2 93.794 66.011 39.507 1.888 2.18 2.912 0.305
100 210 3 73.783 69.494 38.759 0.393 0.545 1.391 0.507
100 212 4 84.732 51.964 38.951 1.545 0.578 1.563 -2.853
100 217 4 48.309 51.314 39.158 1.456 0.649 1.581 0.869
100 220 5 42.317 47.102 39.081 1.755 0.589 1.551 0.665
100 221 3 61.927 65.346 38.985 0.497 0.663 1.624 -2.798
100 229 1 57.241 66.262 39.015 3.864 1.508 1.551 -2.582
100 242 4 34.835 41.984 39.143 1.531 0.613 1.722 0.463
100 253 2 41.632 59.788 39.625 6.182 2.488 2.835 2.642
100 258 1 70.509 54.881 38.569 0.225 0.233 0.632 -2.882
100 274 5 67.427 41.181 38.641 0.254 0.283 0.546 0.268
100 277 3 66.287 73.048 39.081 0.538 0.57 1.615 1.435
100 278 3 51.199 41.621 39.294 0.489 0.699 1.862 0.871
100 279 5 65.814 65.56 38.435 0.254 0.324 0.466 -2.794
100 295 1 44.737 29.826 38.769 1.826 0.448 1.106 1.894
100 300 3 93.691 53.323 38.893 1.264 0.56 1.693 0.183
100 337 5 42.593 37.812 38.966 1.917 1.83 1.467 1.639
100 339 3 50.649 40.795 39.185 0.596 0.394 1.601 -2.271
100 341 3 77.097 36.164 39.742 0.43 0.361 1.265 0.102
101 85 1 72.456 63.616 38.928 3.777 2.003 1.372 0.465
101 91 5 48.568 44.969 39.309 3.847 1.923 1.826 1.321
101 92 2 90.868 65.345 39.603 4.032 2.106 2.863 0.477
101 210 3 73.168 69.42 38.793 0.607 0.582 1.444 -2.709
101 212 4 83.046 51.773 38.942 1.476 0.636 1.423 -2.648
101 217 4 47.479 50.539 39.165 1.253 0.674 1.613 1.024
101 220 5 41.235 46.508 39.077 1.293 0.585 1.649 0.89
101 221 3 62.127 65.515 38.985 0.535 0.666 1.58 -2.709
101 229 1 57.492 66.416 39.005 3.09 1.553 1.581 -2.468
101 242 4 33.941 41.554 39.472 0.76 0.656 0.959 -2.752
101 253 2 41.76 59.784 39.614 6.253 2.492 2.669 2.764
101 258 1 70.501 54.911 38.584 0.254 0.29 0.568 -2.98
101 274 5 67.429 41.19 38.595 0.171 0.3 0.55 2.857
101 277 3 65.972 72.776 39.085 0.472 0.615 1.697 1.29
101 278 3 51.735 41.81 39.212 0.539 0.641 1.845 -2.85
101 279 5 65.81 65.59 38.431 0.172 0.237 0.372 -2.779
101 300 3 91.645 53.142 38.952 1.176 0.57 1.494 -2.648
101 337 5 42.764 37.189 38.995 3.266 1.831 1.376 1.951
101 339 3 51.342 40.979 39.254 0.714 0.666 1.742 -2.079
101 341 3 77.235 36.149 39.48 1.248 0.395 1.654 0.103
101 352 3 48.938 25.805 39.3 0.834 0.431 1.211 -1.013
101 355 2 27.457 103.34 39.34 3.492 1.916 2.226 -2.648
102 85 1 70.062 62.984 38.92 3.81 1.968 1.411 0.723
102 91 5 47.866 43.254 39.245 4.313 1.883 1.801 1.523
102 92 2 87.069 64.482 39.505 3.908 2.154 2.548 0.606
102 210 3 72.631 69.284 38.828 0.302 0.458 1.404 -2.674
102 212 4 81.656 51.544 38.988 1.711 0.65 1.591 0.538
102 217 4 46.383 49.489 39.148 1.609 0.556 1.641 1.111
102 220 5 39.933 45.553 39.047 1.574 0.611 1.543 1.078
102 221 3 62.311 65.551 39.002 0.577 0.617 1.595 -2.738
102 242 4 32.709 41.479 39.723 0.861 1.131 0.508 0.593
102 253 2 41.843 59.834 39.567 6.198 2.471 2.606 2.908
102 258 1 70.488 54.962 38.549 0.332 0.286 0.621 -1.922
102 274 5 67.442 41.196 38.609 0.254 0.255 0.558 2.458
102 277 3 65.914 72.587 39.022 0.681 0.511 1.606 1.22
102 278 3 52.277 42.044 39.293 0.5 0.597 1.808 1.073
102 279 5 65.774 65.616 38.43 0.267 0.175 0.381 1.962
102 300 3 90.128 52.91 38.97 1.601 0.508 1.247 -2.604
102 337 5 42.888 36.611 38.985 4.448 1.87 1.527 2.089
102 339 3 51.958 41.171 39.271 0.44 0.496 1.543 -2.068
102 341 3 77.155 36.229 39.507 0.827 0.347 1.558 0.099
102 352 3 49.336 23.735 39.029 1.641 0.718 1.37 2.145
102 355 2 27.725 103.459 39.286 3.177 1.955 2.403 -2.596
103 85 1 67.943 62.247 38.917 4.073 1.982 1.466 0.733
103 91 5 47.89 42.896 39.254 1.42 1.945 1.829 1.864
103 92 2 84.423 63.782 39.724 6.2 2.298 2.501 0.723
103 210 3 72.119 69.071 38.788 0.726 0.498 1.352 -2.592
103 212 4 80.337 51.255 38.991 1.797 0.657 1.523 0.601
103 217 4 45.427 48.629 39.149 1.604 0.542 1.6 1.185
103 220 5 38.997 44.906 38.999 0.866 0.488 1.41 1.189
103 221 3 62.63 65.529 38.996 0.451 0.477 1.417 -2.339
103 253 2 41.799 59.797 39.502 6.479 2.646 2.513 3.08
103 258 1 70.523 54.973 38.55 0.141 0.191 0.519 0.607
103 274 5 67.418 41.25 38.551 0.251 0.185 0.445 2.37
103 278 3 52.913 42.221 39.296 0.806 0.65 1.712 -3
103 279 5 65.824 65.639 38.442 0.183 0.204 0.4 -2.273
103 300 3 88.164 52.644 38.92 1.189 0.43 1.349 0.601
103 337 5 42.869 36.617 39.021 4.425 1.935 1.505 2.26
103 339 3 52.489 41.423 39.35 0.448 0.421 1.583 1.394
103 341 3 77.322 36.212 39.553 1.109 0.62 1.443 0.676
103 352 3 49.547 22.292 39.164 1.318 0.773 1.46 -0.806
103 355 2 28.205 103.555 39.265 3.046 2.353 2.817 -2.396
103 359 4 40.216 96.157 38.704 0.765 0.399 1.384 2.254
103 360 1 50.019 19.279 38.939 2.674 0.319 0.68 0.693
103 363 4 40.983 92.126 38.843 0.993 0.608 1.325 2.254
104 85 1 65.865 61.578 38.919 4.063 1.946 1.422 0.957
104 91 5 47.562 41.273 39.246 1.228 1.92 1.773 2.086
104 92 2 80.9 62.864 39.869 6.155 2.084 2.121 0.904
104 212 4 78.986 50.993 38.877 1.76 0.596 1.35 0.853
104 217 4 44.391 47.84 39.143 1.625 0.51 1.615 1.298
104 253 2 42.201 59.63 39.471 6.113 2.504 2.411 -3.001
104 274 5 67.417 41.234 38.494 0.248 0.252 0.461 -1.409
104 278 3 53.435 42.362 39.267 0.731 0.703 1.755 -2.197
104 300 3 86.643 52.276 38.945 0.884 0.558 1.463 0.893
104 337 5 42.762 36.712 38.978 4.277 2.179 1.478 2.392
104 339 3 53.09 41.696 39.282 0.356 0.543 1.71 -1.425
104 352 3 49.802 20.757 39.132 1.326 0.585 1.48 2.416
104 355 2 28.232 103.583 39.227 2.436 1.812 2.68 -2.24
104 359 4 41.291 96.056 39.568 5.677 0.445 2.86 -0.691
104 360 1 51.007 17.66 38.875 1.199 1.655 0.776 2.399
104 363 4 40.355 94.465 38.792 1.205 0.708 1.301 -0.694
104 366 4 39.661 98.462 39.013 0.832 0.366 1.279 -0.794
104 367 1 52.158 20.81 38.72 1.04 1.111 0.801 2.782
105 85 1 63.386 60.768 38.919 3.28 1.874 1.399 1.088
105 91 5 47.364 39.667 39.233 1.288 1.9 1.81 2.288
105 92 2 75.623 61.07 40.054 1.771 1.389 1.862 1.086
105 212 4 77.728 50.725 38.905 1.663 0.586 1.502 0.806
105 217 4 43.384 46.93 39.101 1.574 0.521 1.51 1.544
105 253 2 42.497 59.672 39.435 6.105 2.288 2.298 -2.814
105 274 5 67.484 41.259 38.491 0.213 0.23 0.349 -2.085
105 278 3 54.121 42.624 39.329 0.807 0.601 1.739 -2.744
105 300 3 84.898 51.88 38.845 1.303 0.526 1.368 0.945
105 337 5 42.922 36.665 38.923 4.331 1.806 1.368 2.595
105 339 3 53.648 41.917 39.252 0.536 0.369 1.61 -2.744
105 352 3 49.895 19.366 39.169 1.062 0.695 1.573 2.586
105 355 2 28.375 103.628 39.213 1.963 1.821 2.624 -2.031
105 359 4 41.325 95.652 39.414 5.773 0.471 2.599 2.649
105 360 1 51.154 16.541 38.758 0.407 1.083 0.547 2.637
105 363 4 39.8 96.633 38.891 0.984 0.545 1.041 2.635
105 366 4 39.219 100.474 38.855 0.372 0.248 0.935 2.635
105 367 1 52.183 20.97 39.083 2.016 1.735 1.254 2.586
106 85 1 60.841 59.973 38.927 2.379 1.631 1.386 1.177
106 91 5 47.317 38.352 39.273 1.268 1.879 1.789 2.616
106 212 4 76.446 50.438 38.893 1.757 0.556 1.503 1.194
106 217 4 42.611 46.325 39.089 0.861 0.482 1.564 1.2
106 253 2 42.702 59.468 39.399 6.082 2.609 2.215 -2.634
106 274 5 67.514 41.282 38.419 0.296 0.277 0.432 1.555
106 278 3 54.685 42.752 39.312 0.74 0.704 1.742 -1.438
106 300 3 83.294 51.637 38.901 1.558 0.399 1.654 1.194
106 337 5 42.956 36.748 38.985 4.233 1.807 1.436 2.78
106 339 3 54.103 42.135 39.275 0.556 0.456 1.79 -1.365
106 352 3 49.904 17.854 39.084 1.202 0.73 1.452 -0.32
106 355 2 28.464 103.674 39.29 1.849 1.909 2.522 -1.813
106 359 4 41.539 95.652 39.454 6.002 0.633 2.698 -0.265
106 360 1 51.039 14.993 38.825 0.406 0.594 0.801 -0.316
106 363 4 39.25 98.868 38.808 1.209 0.639 1.393 -0.343
106 366 4 38.793 102.589 38.809 0.338 0.164 1.227 -0.286
106 367 1 52.098 21.352 38.854 2.751 1.481 1.077 0.13
106 378 5 52.756 26.786 39.869 1.828 0.721 2.728 -0.314
107 85 1 58.749 59.536 38.913 2.162 1.58 1.321 1.242
107 91 5 47.357 37.455 39.204 1.299 1.88 1.811 2.825
107 212 4 75.165 50.212 38.918 1.783 0.634 1.475 1.329
107 253 2 43.079 59.316 39.397 6.299 2.576 2.219 -2.443
107 274 5 67.562 41.209 38.587 0.268 0.236 0.451 1.47
107 278 3 55.377 43.184 39.328 0.681 0.563 1.808 -2.242
107 337 5 43.04 36.741 38.992 4.218 1.645 1.485 2.987
107 339 3 54.761 42.39 39.246 0.696 0.51 1.703 -2.242
107 352 3 50.272 16.43 39.026 0.697 0.563 1.356 2.866
107 355 2 28.279 103.661 39.327 2.402 2.14 2.735 -1.688
107 359 4 41.518 95.631 39.465 5.928 0.959 2.653 3.083
107 363 4 38.732 101.083 38.803 1.284 0.611 1.428 0.009
107 366 4 38.334 104.498 38.922 0.745 0.59 1.04 0.009
107 367 1 51.837 21.771 38.795 3.818 1.651 0.938 -2.942
107 378 5 54.854 27.433 39.879 5.124 1.875 2.937 -1.65
107 384 2 48.535 81.456 39.571 3.918 0.838 2.796 -0.102
107 392 1 35.708 59.014 38.844 3.016 1.388 1.699 1.363
108 85 1 56.868 59.398 38.856 1.84 1.571 1.284 -1.721
108 91 5 47.321 36.977 39.245 1.245 1.889 1.569 2.959
108 253 2 43.504 59.205 39.477 6.1 2.353 2.272 -2.331
108 278 3 55.982 43.289 39.227 0.604 0.727 1.806 -0.929
108 339 3 55.429 42.638 39.224 0.58 0.664 1.795 -0.859
108 352 3 50.366 15.114 38.816 1.548 0.822 1.318 -3.072
108 355 2 28.08 103.584 39.221 2.757 1.875 2.569 -1.594
108 359 4 41.552 95.63 39.511 5.935 1.041 2.821 0.067
108 363 4 38.217 103.269 38.816 1.122 0.621 1.228 0.061
108 366 4 37.908 106.6 38.741 0.52 0.411 1.22 0.012
108 367 1 51.292 23.101 38.826 3.77 1.78 1.15 -2.951
108 378 5 58.016 28.947 39.091 3.628 0.483 1.273 -1.635
108 384 2 49.37 81.432 39.469 3.491 2.462 2.724 -0.009
108 392 1 36.168 58.954 38.906 2.112 1.73 1.518 1.487
108 394 2 34.22 55.382 39.468 5.986 1.578 2.69 1.443
108 397 2 35.727 123.056 39.619 2.169 0.447 2.145 0.002
109 91 5 47.294 36.771 39.477 0.673 1.085 1.069 3.035
109 253 2 43.84 58.886 39.456 6.028 2.329 2.362 -2.331
109 278 3 56.511 43.59 39.192 0.714 0.47 1.754 -1.638
109 339 3 55.899 42.932 39.259 0.8 0.339 1.608 -1.666
109 352 3 50.847 13.389 39.415 0.428 0.542 0.749 3.142
109 355 2 28.038 103.558 39.201 3.618 2.238 2.692 -1.564
109 359 4 41.614 95.658 39.536 6.025 0.969 2.891 -3.119
109 363 4 37.72 105.602 38.892 1.008 0.65 1.369 -0.003
109 366 4 37.419 108.831 38.912 0.791 0.436 1.201 -0.003
109 367 1 50.833 25.023 38.824 3.644 1.705 1.115 0.028
109 378 5 59.35 29.259 38.865 0.66 0.366 0.714 -1.559
109 384 2 51.213 81.193 39.445 6.031 2.171 2.762 -1.558
109 392 1 36.187 58.921 38.905 2.194 1.798 1.523 1.584
109 394 2 34.764 55.238 39.519 4.989 2.09 2.645 1.455
109 397 2 35.52 123.663 39.393 3.38 0.329 2.407 0.014
110 253 2 44.247 58.586 39.562 6.013 2.347 2.528 -2.377
110 278 3 57.21 43.772 39.173 0.613 0.628 1.761 -1.042
110 339 3 56.618 43.088 39.084 0.649 0.692 1.61 -1.042
110 355 2 27.677 103.607 39.291 3.836 2.179 2.876 -1.553
110 359 4 41.778 95.506 39.53 6.395 1.165 2.838 -3.112
110 363 4 37.48 107.533 38.797 0.672 0.568 1.417 -0.012
110 366 4 37.048 110.927 38.933 0.587 0.258 1.005 -0.012
110 384 2 51.278 80.936 39.38 6.256 1.734 2.613 -1.598
110 392 1 36.524 59.075 38.853 1.529 1.606 1.432 1.506
110 394 2 35.729 54.69 39.533 3.371 3.152 2.742 2.995
110 397 2 35.894 122.508 39.389 3.985 0.594 2.635 -3.085
110 406 2 56.626 73.18 39.635 1.83 1.347 1.437 -1.592
111 253 2 44.567 58.299 39.474 5.974 2.388 2.368 -2.452
111 278 3 57.833 43.999 39.247 0.48 0.356 1.674 1.227
111 339 3 57.306 43.393 39.315 0.448 0.339 1.523 1.227
111 355 2 27.567 103.593 39.276 4.097 2.111 2.86 -1.613
111 359 4 42.1 95.744 39.499 6.011 1.783 2.907 3.114
111 363 4 36.962 109.767 38.866 1.148 0.59 1.338 -0.011
111 384 2 51.592 80.742 39.383 6.296 1.221 2.621 -1.614
111 392 1 37.18 58.75 38.743 0.192 0.627 0.801 -1.775
111 394 2 36.27 53.931 39.43 4.85 2.339 2.589 2.98
111 397 2 36.201 120.993 39.562 6.381 0.528 2.271 -0.056
111 406 2 57.051 71.535 39.603 5.118 2.185 2.252 -0.084
111 425 1 52.145 59.796 38.868 0.845 1.129 0.777 0.982
112 253 2 44.83 58.007 39.626 5.941 2.21 2.704 -2.498
112 278 3 58.538 43.41 39.098 1.846 1.284 1.562 -2.658
112 355 2 27.368 103.52 39.297 4.511 2.14 2.674 -1.646
112 359 4 42.05 95.807 39.514 6.125 1.631 2.768 3.106
112 363 4 36.515 111.829 38.808 1.203 0.532 1.596 0.021
112 394 2 39.793 54.584 39.627 4.837 2.14 2.873 3.083
112 397 2 36.666 119.303 39.284 6.727 0.459 2.688 -0.067
112 406 2 56.3 70.814 39.97 4.381 0.307 1.84 -0.104
112 425 1 51.558 60.296 38.981 1.92 1.622 1.128 0.919
113 253 2 45.124 57.838 39.646 5.959 2.153 2.745 -2.51
113 278 3 57.668 43.187 39.171 3.658 0.789 1.63 2.149
113 355 2 27.273 103.381 39.313 4.708 2.037 2.776 -1.611
113 359 4 42.235 95.8 39.457 6.175 1.971 2.662 3.09
113 363 4 36.133 113.831 38.75 0.949 0.723 1.231 -0.026
113 397 2 37.357 117.081 39.347 4.64 0.519 2.92 0.01
113 406 2 56.545 69.889 40.241 2.406 0.273 1.636 3.068
113 425 1 50.581 60.882 38.962 2.045 1.663 1.349 0.922
114 253 2 45.371 57.575 39.679 5.914 2.222 2.844 -2.547
114 355 2 26.457 103.25 39.425 6.431 2.065 2.986 -1.619
114 359 4 42.325 96.039 39.405 6.521 2.403 2.552 3.125
114 363 4 35.859 115.976 38.699 0.873 0.64 1.534 0.056
114 397 2 37.468 116.799 39.377 5.771 0.511 2.825 3.126
114 425 1 50.313 61.271 38.915 3.339 1.84 1.328 0.858
