0 2 1 101.223 30.93 37.371 2.994 1.01 1.024 0.068
0 5 4 65.719 49.725 37.254 2.052 0.569 1.389 -3.025
0 6 1 89.551 32.435 37.438 1.351 1.75 1.377 0.068
0 7 1 70.338 22.589 37.747 1.21 1.556 1.057 0.068
0 8 4 63.093 14.79 37.517 3.161 1.183 1.805 0.09
0 9 1 59.396 18.4 37.385 3.036 2.034 1.42 0.031
0 10 1 83.331 23.969 37.326 0.529 1.486 0.815 0.068
0 11 1 66.112 20.27 37.471 3.324 2.042 1.364 0.068
0 12 5 105.395 29.411 37.845 0.345 0.456 0.321 0.098
0 13 2 99.562 36.843 38.643 0.252 2.106 1.504 0.068
1 2 1 101.837 31.251 37.294 0.643 0.715 1.069 0.081
1 5 4 61.261 48.102 37.338 1.594 0.68 1.452 -3.138
1 6 1 90.473 32.848 37.352 0.34 1.416 0.816 0.064
1 7 1 71.503 23.085 37.76 3.575 1.707 1.027 0.066
1 8 4 65.255 15.64 37.532 2.934 1.226 1.84 0.076
1 9 1 59.397 18.377 37.393 3.016 2.026 1.401 0.041
1 10 1 85.732 24.854 37.113 1.146 1.608 0.725 0.038
1 11 1 66.068 20.239 37.468 3.24 1.951 1.377 0.061
1 12 5 107.032 29.854 37.789 0.328 0.42 0.383 -0
1 13 2 101.775 37.733 38.583 0.284 2.255 1.621 0.144
1 14 1 100.365 51.963 37.641 1.667 0.532 0.873 3.142
2 2 1 103.646 32.15 37.428 0.505 0.505 0.771 0.071
2 5 4 56.767 46.535 37.307 1.644 0.761 1.404 -3.137
2 6 1 92.114 33.515 37.315 0.464 1.392 0.844 0.086
2 7 1 71.739 23.194 37.673 3.531 1.657 1.215 0.086
2 8 4 67.51 16.593 37.549 2.9 1.186 1.758 0.117
2 9 1 59.415 18.372 37.413 3.054 2.032 1.368 0.049
2 10 1 87.243 25.628 37.229 0.352 1.316 0.79 0.086
2 11 1 66.096 20.153 37.482 3.255 1.846 1.376 0.075
2 12 5 108.686 30.369 37.408 0.28 0.533 1.121 0.02
2 13 2 103.891 38.53 38.584 0.682 2.236 1.684 0.071
2 14 1 96.88 51.156 37.381 3.656 0.897 0.703 -3.127
2 16 1 65.823 45.11 37.355 3.243 1.29 1.398 -3.127
3 2 1 105.972 32.928 37.647 0.501 0.654 0.824 -0.037
3 5 4 52.111 44.975 37.356 1.5 0.632 1.114 3.132
3 6 1 94.142 34.294 37.293 0.816 1.54 0.789 0.022
3 7 1 72.304 23.308 37.662 3.455 2.005 1.227 0.04
3 8 4 69.78 17.526 37.559 2.846 1.224 1.823 0.086
3 9 1 59.408 18.402 37.412 3.109 2.039 1.35 0.039
3 10 1 89.663 26.344 37.152 1.228 1.316 0.843 0.076
3 11 1 65.988 20.322 37.478 3.285 2.127 1.418 0.039
3 12 5 110.254 30.923 37.377 1.006 0.385 1.153 0.152
3 13 2 106.382 39.506 38.602 0.293 2.176 1.718 0.027
3 14 1 92.731 50.33 37.766 4.014 1.611 1.031 3.122
3 16 1 58.799 43.183 37.358 4.151 1.63 1.51 -3.104
3 19 1 74.614 44.835 37.556 2.863 1.207 1.406 3.128
4 5 4 46.972 43.419 37.329 2.293 0.543 1.244 -3.087
4 6 1 96.983 35.329 37.587 2.271 1.374 1.212 0.065
4 7 1 72.937 23.388 37.512 2.967 1.907 1.437 0.056
4 8 4 72.078 18.51 37.539 2.898 1.168 1.786 0.099
4 9 1 59.395 18.35 37.392 3.076 2.026 1.327 0.066
4 10 1 91.126 27.248 37.212 0.435 1.52 0.533 0.059
4 11 1 65.979 20.253 37.456 3.361 2.126 1.459 0.082
4 12 5 111.631 31.432 37.413 0.712 0.402 0.97 0.135
4 13 2 108.663 40.349 38.503 0.313 2.057 1.801 0.042
4 14 1 88.008 48.968 37.685 4.05 1.796 1.229 -3.11
4 16 1 50.531 40.581 37.317 5.707 1.692 1.509 -3.111
4 19 1 69.412 43.353 37.496 3.356 1.554 1.702 -3.105
5 5 4 42.591 42.099 37.401 0.803 0.305 1.431 3.129
5 6 1 98.557 36.08 37.209 0.276 1.239 0.607 0.11
5 7 1 74.19 23.913 37.565 2.909 2.089 1.591 0.069
5 8 4 74.411 19.372 37.513 3.059 1.174 1.768 0.095
5 9 1 59.424 18.393 37.67 3.064 2.037 1.849 0.036
5 10 1 92.888 28.174 37.221 0.248 0.679 0.384 0.069
5 11 1 66.123 20.238 37.644 3.328 2.113 1.082 0.114
5 16 1 42.262 37.853 37.515 4.115 1.299 1.075 -3.119
5 19 1 63.906 41.65 37.61 3.242 1.636 1.61 3.127
5 20 1 83.377 47.56 37.491 4.049 1.613 1.058 -3.14
5 21 1 88.464 44.726 37.874 2.251 1.744 1.161 3.122
6 5 4 37.414 40.826 37.321 1.778 0.49 1.493 -3.11
6 6 1 101.199 37.085 37.29 0.261 1.401 0.364 0.048
6 7 1 75.568 24.591 37.541 2.81 1.908 1.627 0.037
6 8 4 76.622 20.159 37.525 2.904 1.202 1.712 0.058
6 9 1 59.481 18.453 37.435 3.092 2.044 1.43 0.02
6 11 1 66.254 20.294 37.635 3.304 2.14 1.111 0.107
6 16 1 34.542 35.698 37.465 3.95 1.637 1.26 3.137
6 19 1 58.607 40.026 37.632 3.226 1.617 1.551 -3.101
6 20 1 78.381 46.064 37.604 4.165 1.769 1.072 -3.131
6 21 1 83.052 43.35 37.982 4.319 2.156 1.15 -3.131
6 23 5 101.525 55.217 37.514 3.415 1.198 0.15 -3.131
7 5 4 32.692 39.652 37.309 1.712 0.486 1.305 -3.107
7 6 1 103.985 38.108 37.272 0.318 1.805 0.366 0.1
7 7 1 76.545 24.919 37.532 1.051 1.472 1.626 0.067
7 8 4 78.91 20.987 37.531 2.902 1.198 1.695 0.1
7 9 1 59.613 18.448 37.68 3.044 2.01 1.842 0.042
7 11 1 66.624 20.457 37.616 3.302 2.124 1.141 0.1
7 16 1 26.54 33.526 37.461 3.753 1.673 1.135 3.124
7 19 1 53.164 38.399 37.581 3.174 1.758 1.568 3.124
7 20 1 73.157 44.466 37.591 4.336 1.734 1.413 3.124
7 21 1 76.526 41.441 37.915 4.424 1.829 1.181 3.124
7 23 5 95.852 53.93 37.691 3.89 1.77 1.088 -3.105
8 5 4 28.046 38.358 37.342 1.519 0.486 1.358 3.134
8 6 1 107.538 39.434 37.6 2.207 1.536 1.166 0.11
8 7 1 79.021 25.896 37.527 2.009 1.611 1.622 0.229
8 8 4 81.218 21.733 37.49 2.768 1.213 1.763 0.053
8 9 1 59.807 18.527 37.397 3.089 2.032 1.345 0.027
8 11 1 67.365 20.838 37.551 3.393 1.81 1.246 0.194
8 16 1 18.436 31.253 37.364 3.912 1.529 1.264 -3.141
8 19 1 47 36.487 37.664 4.327 1.687 1.455 -3.111
8 20 1 67.894 42.869 37.435 4.354 1.807 1.705 -3.084
8 21 1 69.81 39.658 37.848 4.784 1.974 1.525 3.134
8 23 5 90.382 52.346 37.521 4.16 1.687 0.772 3.125
9 5 4 23.391 37.08 37.403 1.033 0.323 1.004 -3.142
9 6 1 109.542 40.255 36.973 1.033 1.417 0.735 0.06
9 7 1 81.237 26.608 37.531 2.096 1.747 1.539 0.03
9 8 4 83.43 22.476 37.488 2.635 1.353 1.706 0.004
9 9 1 60.074 18.669 37.407 3.063 2.034 1.369 0
9 11 1 68.548 21.298 37.401 3.355 2.168 1.472 0.06
9 16 1 11.349 29.318 37.445 1.224 1.325 0.179 0.03
9 19 1 41.429 34.854 37.73 4.378 1.585 1.251 3.136
9 20 1 61.812 41.14 37.553 3.551 1.952 1.661 -3.095
9 21 1 63.003 37.925 37.758 4.726 1.963 1.548 3.114
9 23 5 84.457 50.749 37.45 4.233 2.056 1.306 3.142
10 5 4 18.627 35.929 37.147 1.213 0.241 0.844 -3.076
10 6 1 111.576 41.123 37.199 0.209 1.189 0.155 -0
10 7 1 83.276 27.401 37.641 1.051 1.617 1.201 0.089
10 8 4 85.705 23.281 37.493 2.741 1.179 1.609 0.091
10 9 1 60.589 18.761 37.365 3.059 2.055 1.35 0.034
10 11 1 70.013 21.741 37.538 3.363 1.939 1.221 0.109
10 16 1 3.461 27.371 37.238 0.263 1.22 0.646 -3.13
10 19 1 35.023 33.028 37.67 3.211 1.589 1.443 -3.125
10 21 1 56.103 36.106 37.826 4.757 1.932 1.542 3.126
10 23 5 78.721 49.058 37.474 4.208 1.848 1.456 3.137
11 5 4 13.591 34.565 37.186 0.923 0.361 0.95 -3.138
11 7 1 85.844 28.36 37.618 1.153 1.671 1.169 0.061
11 8 4 88.085 24.031 37.497 2.785 1.227 1.544 0.061
11 9 1 61.458 19.047 37.442 3.066 2.037 1.428 0.043
11 11 1 71.687 22.493 37.682 3.371 2.016 1.002 0.093
11 19 1 29.668 31.527 37.71 1.757 1.544 1.148 3.107
11 21 1 49.121 34.249 37.861 4.476 1.943 1.509 3.107
11 23 5 72.745 47.337 37.384 4.415 1.837 1.581 -3.121
11 27 1 52.052 38.236 37.585 2.281 1.717 1.416 3.127
12 5 4 8.682 33.293 37.412 1.029 0.501 0.947 2.949
12 7 1 88.554 29.47 37.678 1.156 1.568 1.203 0.061
12 8 4 90.299 24.871 37.571 2.721 1.166 1.582 0.111
12 9 1 62.599 19.441 37.289 3.066 2.03 1.03 0.043
12 11 1 73.697 23.342 37.652 3.519 1.843 0.911 0.219
12 19 1 22.878 29.644 37.551 3.204 1.484 1.29 -3.091
12 21 1 41.095 31.94 37.895 4.658 1.468 1.374 3.136
12 23 5 66.851 45.564 37.422 4.445 1.837 1.578 -3.096
12 27 1 44.753 36.282 37.605 5.612 1.79 1.359 3.099
13 7 1 91.359 30.594 37.389 1.179 1.633 1.206 0.074
13 8 4 92.575 25.727 37.478 2.763 1.17 1.524 0.074
13 9 1 64.029 19.886 37.398 3.075 2.025 1.399 0.074
13 11 1 75.155 23.838 37.687 1.747 1.813 0.801 0.074
13 19 1 17.832 28.65 36.913 0.486 0.521 0.274 -0.025
13 21 1 34.375 30.442 37.789 4.395 1.804 1.271 3.123
13 23 5 60.869 43.765 37.504 4.483 1.913 1.674 -3.099
13 27 1 38.593 34.623 37.66 4.367 1.49 1.429 3.117
13 28 5 85.007 44.7 37.92 1.615 1.035 0.314 -3.13
14 7 1 94.286 31.987 37.618 1.016 1.041 0.705 0.022
14 8 4 94.907 26.693 37.434 2.831 1.186 1.614 0.125
14 9 1 65.685 20.454 37.392 3.019 2.027 1.378 0.096
14 11 1 78.508 25.117 37.726 3.238 2.106 0.88 0.103
14 21 1 27.585 28.681 37.752 4.405 1.527 1.425 3.105
14 23 5 55.004 41.718 37.469 4.635 1.134 1.601 -3.138
14 27 1 32.578 33.301 37.652 4.308 1.657 1.37 3.116
14 28 5 78.895 42.872 37.648 3.675 1.511 0.8 -3.141
15 7 1 97.328 33.132 37.723 1.073 1.123 1.183 -0.007
15 8 4 97.554 27.701 37.568 3.55 1.237 1.82 0.093
15 9 1 67.598 21.148 37.381 3.069 1.848 1.42 0.093
15 11 1 81.218 26.274 37.734 3.283 2.017 0.815 0.005
15 21 1 21.315 27.358 37.748 3.315 1.928 1.231 3.112
15 23 5 48.173 40.077 37.436 6.114 2.178 1.78 -3.114
15 27 1 26.499 31.796 37.588 4.21 1.645 1.343 3.141
15 28 5 73.178 41.348 37.613 3.928 1.734 1.022 -3.137
15 30 1 87.261 47.642 37.504 1.901 1.15 0.744 -3.137
15 31 5 82.282 49.074 37.389 1.972 0.25 0.283 3.14
16 7 1 100.316 34.344 37.524 0.998 1.164 0.83 0.009
16 8 4 99.464 28.403 37.504 2.644 1.243 1.419 0.057
16 9 1 69.579 21.9 37.411 3.069 2.058 1.392 0.014
16 11 1 83.668 27.152 37.661 1.891 1.773 0.891 0.02
16 21 1 14.868 25.82 37.74 2.753 1.723 1.163 3.105
16 23 5 41.946 38.047 37.478 4.36 1.75 1.562 3.138
16 27 1 20.264 30.286 37.509 4.077 1.558 1.532 3.134
16 28 5 67.83 39.955 37.531 4.33 1.832 1.19 3.128
16 30 1 82.656 46.298 37.549 3.743 1.456 1.022 -3.14
16 31 5 75.917 47.906 37.375 4.686 1.666 1.584 -3.129
17 7 1 103.395 35.443 37.934 0.879 1.13 0.756 -0.02
17 8 4 101.199 29.187 37.529 1.557 1.284 1.81 -0.02
17 9 1 71.784 22.673 37.407 3.046 2.052 1.386 -0.02
17 11 1 86.615 28.366 37.703 1.326 1.691 0.762 -0.02
17 21 1 8.949 24.492 37.804 1.024 1.761 1.039 3.122
17 23 5 35.922 36.143 37.658 4.197 1.558 1.357 3.122
17 27 1 13.85 28.743 37.658 3.84 1.433 1.177 3.122
17 28 5 62.158 38.357 37.608 4.347 1.701 1.186 3.122
17 30 1 76.765 44.569 37.479 4.036 1.767 1.292 3.122
17 31 5 71.221 46.199 37.435 4.282 1.215 1.537 3.122
18 8 4 104.113 30.349 37.502 2.73 1.186 1.609 0.096
18 9 1 74.175 23.497 37.399 3.005 1.88 1.42 0.068
18 11 1 90.875 30.163 37.546 3.267 1.901 0.289 0.068
18 21 1 1.073 22.488 37.606 3.585 1.668 1.2 3.14
18 23 5 29.83 33.842 37.529 4.248 0.521 1.382 3.117
18 27 1 7.206 27.087 37.691 3.717 1.265 0.8 3.122
18 28 5 56.021 36.816 37.567 5.444 1.747 1.229 3.077
18 30 1 71.324 42.871 37.571 4.66 1.738 1.182 3.113
18 31 5 65.704 44.768 37.441 4.404 1.456 1.597 3.115
19 8 4 106.502 31.244 37.574 2.677 1.215 1.533 0.033
19 9 1 76.954 24.474 37.294 3.105 2.063 1.128 0.054
19 11 1 93.429 31.046 37.472 1.143 1.82 0.546 0
19 23 5 23.819 32.666 37.441 3.849 1.325 1.057 3.075
19 28 5 49.601 35.306 37.562 4.135 1.991 1.12 3.075
19 30 1 65.628 41.132 37.462 4.635 1.589 1.347 3.116
19 31 5 60.351 42.902 37.418 4.429 0.99 1.499 3.073
19 34 5 98.324 50.951 38.031 0.143 0.85 0.062 3.116
19 35 4 112.159 31.41 37.307 0.87 0.426 0.865 -3.104
20 8 4 108.817 32.29 37.536 2.741 1.229 1.642 0.087
20 9 1 79.916 25.613 37.285 3.081 2.154 1.1 0.049
20 11 1 96.747 32.338 37.469 0.578 1.744 0.558 -0.003
20 23 5 17.992 30.917 37.731 3.344 1.243 1.027 3.094
20 28 5 43.701 33.65 37.638 3.957 1.601 1.049 3.052
20 30 1 59.957 39.113 37.424 4.634 1.096 1.506 3.097
20 31 5 54.239 41.258 37.461 5.119 1.267 1.472 3.052
20 34 5 90.904 48.661 37.547 1.934 1.151 0.693 3.027
20 35 4 110.253 30.774 37.445 0.956 0.547 1.231 -3.076
20 36 1 77.063 48.482 37.229 4.346 1.821 1.182 3.052
21 8 4 111.092 33.336 37.461 2.815 1.13 1.663 0.123
21 9 1 83.148 26.944 37.37 3.18 1.667 1.3 0.102
21 11 1 100.564 33.751 37.567 0.846 1.811 0.535 0.143
21 23 5 12.145 29.113 37.518 1.996 0.396 1.183 3.136
21 28 5 37.863 32.192 37.69 3.555 1.554 0.809 3.088
21 30 1 52.884 37.137 37.49 3.902 1.447 1.22 3.091
21 31 5 48.357 39.673 37.418 4.471 1.395 1.581 3.093
21 34 5 85.579 47.265 37.604 4.169 1.727 1.271 3.044
21 35 4 108.272 30.159 37.41 1.008 0.638 1.3 -2.986
21 36 1 71.669 46.78 37.409 4.398 1.557 1.542 3.09
21 38 1 109.198 53.446 37.585 1.538 1.208 0.597 3.03
22 8 4 113.336 34.191 37.524 2.705 1.332 1.713 -0.039
22 9 1 86.476 28.264 37.238 3.015 1.832 0.999 0.039
22 11 1 103.866 35.088 37.546 0.327 1.517 0.284 -0.04
22 28 5 33.18 31.042 37.511 0.461 1.491 0.453 3.048
22 30 1 47.425 35.671 37.466 4.422 1.587 1.268 3.076
22 34 5 79.561 45.475 37.543 4.601 1.818 1.331 3.096
22 35 4 106.412 29.565 37.413 1.273 0.613 1.586 -3.13
22 36 1 66.595 44.952 37.414 5.085 0.989 1.404 3.079
22 38 1 104.785 51.944 37.718 2.715 1.392 0.841 2.994
22 39 1 16.416 5.363 37.156 0.754 1.518 0.547 -0.039
23 8 4 115.548 35.177 37.53 2.694 1.185 1.725 0.006
23 9 1 90.192 29.731 37.262 3.012 1.946 1.073 -0.026
23 11 1 107.571 36.425 37.526 0.725 1.799 0.309 -0.016
23 28 5 27.083 29.468 37.57 0.238 0.781 0.3 3.053
23 30 1 41.899 33.497 37.576 3.071 0.565 0.872 3.054
23 34 5 73.419 43.659 37.536 4.892 1.889 1.398 3.077
23 35 4 104.266 28.759 37.357 1.346 0.648 1.349 3.127
23 36 1 61.202 43.501 37.398 4.474 1.433 1.352 3.091
23 38 1 99.591 50.526 37.577 3.472 1.568 1.156 3.065
23 39 1 23.671 7.473 36.961 0.519 1.605 0.336 -0.013
24 8 4 117.34 35.85 37.561 1.813 1.231 1.608 -0.002
24 9 1 94.101 31.244 37.455 3.06 1.945 1.311 0.012
24 11 1 110.983 37.74 37.683 0.671 1.571 0.28 -0.002
24 30 1 36.868 32.51 37.601 1.933 1.219 0.73 3.003
24 34 5 67.256 41.824 37.542 4.803 1.731 1.373 3.061
24 35 4 102.211 28.044 37.404 1.747 0.681 1.445 -3.129
24 36 1 55.184 41.871 37.215 5.564 1.709 1.107 3.061
24 38 1 94.003 48.839 37.536 3.444 1.677 1.228 3.054
24 39 1 29.945 9.269 37.176 1.815 1.837 1.008 -0.089
25 8 4 119.202 36.506 37.477 1.147 1.297 1.569 -0.063
25 9 1 98.066 32.864 37.327 3.078 2.033 1.056 -0.063
25 11 1 114.549 39.085 37.544 0.633 1.655 0.365 -0.063
25 30 1 30.838 31.108 37.463 2.337 1.617 0.433 3.057
25 34 5 60.343 39.732 37.455 6.002 1.762 1.525 3.057
25 35 4 99.874 27.177 37.447 1.593 0.777 1.498 3.079
25 36 1 49.364 40.199 37.049 4.62 1.702 0.846 3.057
25 38 1 88.665 47.429 37.46 3.949 1.96 1.548 3.076
25 39 1 36.777 11.398 37.122 1.362 1.8 0.84 -0.094
26 8 4 121.663 37.375 37.57 1.693 1.209 1.732 -0.015
26 9 1 102.006 34.367 37.437 3.059 1.849 1.341 0.021
26 11 1 118.14 40.18 37.486 0.643 1.361 0.278 -0.042
26 30 1 25.494 29.736 37.487 1.136 1.603 0.85 3.03
26 34 5 53.899 37.775 37.492 3.395 1.692 1.238 3.056
26 35 4 97.577 26.345 37.464 1.699 0.77 1.565 3.12
26 38 1 83.09 45.703 37.481 4.092 1.788 1.518 3.056
26 39 1 42.913 13.289 37.326 2.179 1.676 1.351 -0.079
26 42 1 102.944 51.524 37.473 4.359 1.524 1.029 3.063
27 8 4 123.582 37.955 37.613 1.117 1.213 1.709 -0.007
27 9 1 106.083 35.921 37.505 3.068 1.9 1.378 0.039
27 34 5 49.176 35.876 37.563 0.286 0.302 0.504 -3.131
27 35 4 95.276 25.464 37.49 1.747 0.736 1.529 -3.113
27 38 1 77.075 43.968 37.46 4.787 1.935 1.646 3.061
27 39 1 49.329 15.299 37.424 2.336 1.785 1.306 -0.031
27 42 1 97.799 50.272 37.4 4.509 1.799 1.309 3.04
28 8 4 125.795 38.71 37.676 1.259 1.162 1.643 0.019
28 9 1 110.201 37.553 37.491 3.105 1.86 1.422 0.025
28 34 5 42.661 34.829 37.431 0.194 0.686 0.616 3.062
28 35 4 92.746 24.583 37.51 1.774 0.718 1.573 3.124
28 38 1 70.55 41.977 37.632 3.56 1.628 1.273 3.058
28 39 1 55.553 17.348 37.396 2.352 1.819 1.491 -0.016
28 42 1 92.134 48.809 37.515 4.01 1.842 1.404 3.056
28 45 1 98.198 53.708 37.241 4.824 0.926 0.96 3.078
28 46 2 144.57 58.099 38.216 4.832 2.146 2.922 0.359
28 47 1 125.257 42.705 37.519 0.57 1.137 0.749 0.025
29 8 4 128.31 39.528 37.609 1.948 1.135 1.745 -0.002
29 9 1 113.491 38.68 37.526 1.375 1.715 1.337 -0.002
29 35 4 90.271 23.688 37.532 1.78 0.592 1.542 3.118
29 38 1 64.688 40.125 37.622 3.24 1.481 1.158 -3.131
29 39 1 61.851 19.508 37.487 2.106 1.824 1.162 -0.024
29 42 1 87.232 47.494 37.578 4.145 1.879 1.413 3.067
29 45 1 92.443 52.521 37.488 4.706 1.798 1.428 3.022
29 46 2 145.134 58.545 38.354 5.64 2.053 3.006 0.35
29 47 1 128.971 44.265 37.578 0.997 1.62 0.577 -0.002
29 48 4 151.56 46.584 37.61 0.613 0.424 1.18 0.053
29 49 1 141.011 50.044 37.926 0.813 1.166 1.016 0.098
30 8 4 130.813 40.351 37.616 2.454 1.228 1.745 -0.038
30 9 1 118.256 40.581 37.526 3.074 1.972 1.371 -0.023
30 35 4 87.862 22.684 37.511 1.598 0.686 1.516 3.098
30 38 1 58.59 38.414 37.7 2.788 1.47 0.994 3.067
30 39 1 67.776 21.587 37.591 2.41 2.104 1.246 -0.043
30 42 1 80.178 45.513 37.519 4.355 1.752 1.285 3.067
30 45 1 86.083 50.747 37.465 5.76 1.753 1.355 3.029
30 46 2 145.304 58.668 38.311 5.514 2.24 2.844 0.371
30 47 1 132.274 45.464 37.665 0.555 1.471 0.468 -0.038
30 48 4 153.019 47.404 37.649 0.346 0.552 1.12 -0.154
30 49 1 144.37 51.301 37.926 1.047 1.298 1.007 0.203
30 50 5 137.212 62.823 37.377 0.429 1.08 0.313 -0.086
31 8 4 133.146 41.143 37.622 2.717 1.209 1.686 -0.017
31 9 1 122.21 42.024 37.347 2.99 1.854 1.063 -0.017
31 35 4 85.323 21.72 37.446 1.58 0.644 1.486 3.029
31 39 1 74.166 23.853 37.316 1.513 1.857 1.153 -0.017
31 42 1 74.653 43.987 37.594 3.089 1.653 1.162 3.007
31 45 1 79.512 48.996 37.241 4.462 1.78 0.984 3.051
31 46 2 145.627 58.951 38.249 5.819 2.252 2.73 0.371
31 47 1 135.759 46.819 37.687 0.29 1.488 0.356 0.034
31 48 4 154.734 48.027 37.609 0.586 0.473 1.072 -0.007
31 49 1 147.662 52.685 37.765 1.064 0.827 0.69 0.124
31 50 5 131.159 59.954 37.267 0.393 1.226 0.281 0.083
31 52 2 155.093 68.855 38.264 6.236 1.997 2.694 3.049
31 53 1 158.353 62.973 37.549 2.214 1.782 0.873 -3.094
32 8 4 135.397 41.948 37.622 2.725 1.191 1.778 0.005
32 9 1 126.155 43.574 37.551 2.949 1.913 1.369 0.005
32 35 4 82.789 20.819 37.475 1.417 0.682 1.433 3.016
32 39 1 79.878 25.967 37.413 1.783 1.821 1.277 0.049
32 42 1 68.871 42.429 37.837 2.289 1.386 0.536 3.061
32 45 1 74.94 47.666 37.25 1.358 1.451 0.948 3.061
32 46 2 145.914 59.191 38.249 5.479 2.181 2.795 0.39
32 47 1 139.654 48.17 37.546 0.848 1.465 0.761 -0.57
32 48 4 156.017 48.541 37.575 0.804 0.537 1.28 -0
32 49 1 151.276 53.889 37.819 1.157 1.089 1.211 -1.593
32 50 5 126.33 58.204 37.492 3.996 1.774 1.544 3.128
32 52 2 148.261 66.706 38.359 5.989 2.09 2.646 3.072
32 53 1 158.79 63.36 37.294 3.216 2.266 0.838 0.033
33 8 4 137.645 42.774 37.688 2.844 1.191 1.838 0.02
33 9 1 130.124 44.942 37.509 3.058 2.008 1.35 0.004
33 35 4 80.127 19.966 37.5 1.362 0.679 1.405 -3.129
33 39 1 85.321 28.02 37.547 2.53 1.907 1.451 0.013
33 42 1 63.329 40.652 37.614 0.321 1.23 0.131 0.013
33 46 2 146.563 59.693 38.398 5.817 2.413 3.06 0.359
33 47 1 143.031 49.361 37.643 0.488 1.456 0.398 0.091
33 48 4 157.773 49.243 37.382 0.455 0.439 1.179 -0.078
33 49 1 154.837 55.419 37.728 1.129 0.866 0.835 -0.082
33 50 5 120.023 55.756 37.657 4.398 1.715 1.41 -3.122
33 52 2 141.359 64.505 38.267 6.149 2.286 2.853 3.078
33 53 1 158.329 63.174 37.396 2.03 2.073 1.028 -3.066
33 54 1 167.136 64.521 37.457 3.913 1.591 1.117 -2.213
34 8 4 139.846 43.499 37.709 2.832 1.216 1.707 -0.011
34 9 1 133.971 46.422 37.409 3.116 1.959 1.115 0.017
34 35 4 77.393 19.058 37.436 1.494 0.569 1.497 -3.121
34 39 1 91.015 30.155 37.561 2.486 2.036 1.433 0.035
34 42 1 56.844 38.901 37.629 0.19 1.207 0.164 -3.061
34 46 2 146.993 60.16 38.552 5.403 2.2 3.144 0.396
34 47 1 147.21 50.881 37.813 1.676 1.521 1.085 -0.018
34 48 4 159.353 49.912 37.542 0.924 0.468 1.482 -0.354
34 49 1 158.789 56.551 37.988 0.969 1.052 0.845 -0.203
34 50 5 113.342 53.22 37.696 4.414 1.798 1.406 3.136
34 52 2 134.355 62.336 38.383 6.168 2.114 3.002 3.096
34 53 1 158.364 63.082 37.472 2.108 2.054 0.943 -2.818
34 54 1 167.19 64.545 37.458 3.841 1.649 1.288 -2.214
35 8 4 142.017 44.333 37.697 2.957 1.147 1.717 0.033
35 9 1 137.76 47.882 37.561 3.063 1.709 1.383 0.105
35 35 4 74.803 18.387 37.38 1.389 0.589 1.046 3.131
35 39 1 96.727 32.325 37.545 2.225 2.017 1.385 -0.017
35 46 2 147.644 60.827 38.392 5.819 2.14 2.777 0.448
35 47 1 150.451 51.787 37.479 1.003 0.967 0.855 0.033
35 48 4 160.871 50.67 37.705 0.495 0.582 1.066 -0.033
35 49 1 162.601 58.383 37.755 0.997 0.605 0.645 -0.012
35 50 5 105.435 50.291 37.985 3.551 1.703 0.972 -3.137
35 52 2 127.368 59.955 38.356 6.083 2.235 2.985 3.113
35 53 1 157.949 62.841 37.361 1.249 1.857 1.054 -2.763
35 54 1 167.166 64.555 37.611 4.131 1.603 1.396 -2.209
35 58 4 150.725 28.183 37.499 1.77 0.566 1.453 1.503
36 8 4 144.163 45.158 37.769 2.958 1.15 1.765 0.055
36 9 1 141.463 49.184 37.64 3.14 1.845 1.344 0.051
36 35 4 72.218 17.716 37.386 0.972 0.431 1.154 2.946
36 39 1 102.189 34.456 37.566 2.164 2.033 1.346 0.022
36 46 2 147.989 61.229 38.467 5.372 2.125 2.98 0.467
36 47 1 154.25 53.441 37.464 0.958 1.349 1.084 -0.051
36 48 4 162.325 51.254 37.614 0.781 0.607 1.552 -0.138
36 49 1 166.17 59.637 37.697 0.307 0.67 0.269 0.091
36 50 5 98.732 48.152 37.983 2.229 1.511 0.722 3.117
36 52 2 120.38 57.682 38.363 5.959 2.503 2.808 3.105
36 53 1 158.354 63.072 37.474 2.724 2.031 1.226 -2.95
36 54 1 167.304 64.552 37.586 4.195 1.797 1.351 -2.187
36 58 4 150.108 29.692 37.609 1.155 0.454 1.516 1.907
37 8 4 146.379 45.909 37.817 2.872 1.192 1.773 0.016
37 9 1 145.335 50.687 37.678 3.126 1.699 1.361 0.13
37 39 1 107.607 36.394 37.57 2.149 2.003 1.338 -0.035
37 46 2 148.7 61.987 38.457 6.067 2.185 2.902 0.503
37 47 1 158.307 54.508 37.438 0.824 0.543 0.885 0.045
37 48 4 164.267 52.038 37.556 0.892 0.704 1.466 0.099
37 49 1 170.154 61.188 37.755 0.482 0.691 0.254 0.366
37 50 5 92.057 46.221 37.811 0.268 1.413 0.32 3.078
37 52 2 111.987 54.785 38.381 5.748 2.2 2.979 3.097
37 53 1 157.913 62.565 37.543 2.107 2.143 1.07 -2.846
37 54 1 167.299 64.52 37.66 4.189 1.769 1.459 -2.167
37 58 4 149.054 31.726 37.645 1.801 0.699 1.627 1.758
37 65 2 164.091 74.522 38.118 11.713 2.687 2.525 3.059
37 66 1 160.25 25.316 37.465 2.504 0.972 0.939 1.537
38 8 4 148.545 46.736 37.822 2.898 1.145 1.787 0.026
38 9 1 149.181 52.051 37.657 3.024 1.942 1.403 0.007
38 39 1 112.851 38.392 37.563 2.206 2.032 1.373 -0.039
38 46 2 147.699 60.751 38.478 1.793 2.167 3.021 0.455
38 47 1 162.217 56.333 37.76 0.899 1.317 0.449 0.466
38 48 4 165.727 52.696 37.531 1.219 0.621 1.231 -0.268
38 49 1 174.545 62.788 37.781 0.968 0.794 0.485 -0.154
38 50 5 84.302 44.161 37.696 0.15 1.138 0.057 3.09
38 52 2 104.547 52.303 38.406 6.121 2.036 2.867 3.092
38 53 1 157.491 62.289 37.631 2.343 2.106 1.435 -2.87
38 54 1 167.31 64.472 37.564 4.241 1.617 1.499 -2.169
38 58 4 147.429 33.651 37.616 1.236 0.691 1.584 1.939
38 65 2 159.784 73.425 38.441 12.226 2.823 3.118 3.056
38 66 1 160.288 25.275 37.416 2.721 1.422 1.082 1.447
39 8 4 150.741 47.578 37.841 2.887 1.189 1.779 0.033
39 9 1 153.151 53.574 37.518 3.155 1.938 1.075 0
39 39 1 117.396 40.086 37.543 3.669 2.022 1.405 -0.033
39 46 2 150.007 62.975 38.339 6.806 2.164 2.902 0.414
39 47 1 166.774 58.268 37.894 1.756 1.66 0.89 -0.027
39 48 4 167.261 53.508 37.611 1.556 0.543 1.668 0.156
39 49 1 178.807 64.368 37.88 1.095 1.184 0.911 -0.011
39 52 2 97.266 50.014 38.53 5.808 2.109 2.402 3.118
39 53 1 157.479 62.256 37.651 3.793 2.113 1.481 -2.847
39 54 1 167.344 64.4 37.655 4.251 1.787 1.487 -2.159
39 58 4 146.007 34.897 37.598 1.916 0.741 1.472 2.234
39 65 2 155.632 72.209 38.348 12.274 2.97 3.062 3.064
39 66 1 160.426 25.217 37.468 2.852 1.697 1.535 1.494
39 71 1 168.279 67.937 37.42 0.437 1.236 0.536 -2.154
40 8 4 153.336 48.567 37.82 3.671 1.256 1.775 0
40 9 1 157.301 55.031 37.618 2.994 2.068 1.425 0.022
40 39 1 123.25 42.294 37.575 2.233 1.997 1.393 0
40 46 2 150.349 63.701 38.374 6.746 2.211 2.851 0.533
40 47 1 170.769 59.557 37.42 0.864 1.319 1.04 -0.014
40 48 4 168.782 54.333 37.566 1.21 0.667 1.441 0.022
40 49 1 183.097 66.071 37.765 0.95 1.193 1.187 -0.055
40 52 2 90.236 47.903 38.442 4.639 2.065 2.151 3.107
40 53 1 156.885 61.75 37.709 3.705 2.14 1.532 -2.847
40 54 1 167.339 64.353 37.639 4.306 1.879 1.518 -2.16
40 58 4 144.369 36.17 37.606 1.894 0.668 1.566 2.124
40 65 2 151.484 71.02 38.46 12.284 3.06 3.109 3.069
40 66 1 160.527 24.609 37.436 3.855 1.669 1.443 1.406
40 71 1 165.747 66.988 37.449 6.076 0.952 1.083 -3.052
40 72 5 192.92 66.936 37.387 0.52 0.619 0.667 -0.055
41 8 4 155.301 49.427 37.797 3.289 1.195 1.815 0.064
41 9 1 161.532 56.584 37.425 3.102 1.889 1.083 0.095
41 39 1 127.802 43.993 37.56 3.663 2.077 1.469 0.01
41 46 2 150.668 64.173 38.328 6.556 2.19 2.808 0.568
41 47 1 175.246 61.514 37.225 1.36 1.567 1.147 0.095
41 48 4 170.579 55.314 37.565 1.29 0.612 1.611 0.281
41 49 1 187.67 67.815 37.767 1.029 1.327 1.206 0.015
41 53 1 156.377 61.362 37.717 4.146 2.164 1.531 -2.866
41 54 1 167.376 64.309 37.663 4.359 1.816 1.64 -2.162
41 58 4 142.839 37.13 37.619 1.776 0.629 1.638 2.136
41 65 2 146.025 69.642 38.383 9.831 3.304 3.221 3.082
41 66 1 160.431 24.377 37.465 3.837 1.738 1.511 1.493
41 71 1 162.989 65.569 37.55 3.905 0.752 1.322 -2.917
41 72 5 197.247 68.361 37.383 0.443 0.905 0.609 -0.06
41 74 1 168.338 68.338 37.393 3.674 1.232 1.064 -3.124
41 75 1 161.799 19.528 37.839 1.707 0.818 1.263 1.493
41 76 5 178.88 80.856 38.04 0.352 0.329 0.234 3.109
42 8 4 157.516 50.295 37.814 3.185 1.265 1.785 0.017
42 9 1 165.836 58.221 37.432 3.055 1.97 1.066 0.018
42 39 1 133.385 45.992 37.634 2.741 2.073 1.397 -0.018
42 46 2 151.077 64.95 38.287 6.373 2.486 2.77 0.658
42 47 1 179.742 62.995 37.369 1.277 1.752 0.881 -0.116
42 48 4 172.066 56.127 37.593 1.69 0.556 1.493 0.152
42 49 1 191.901 69.408 37.466 0.357 1.2 0.643 -0.089
42 53 1 155.851 60.864 37.742 4.525 2.116 1.474 -2.877
42 54 1 167.52 64.173 37.713 4.332 2.152 1.587 -2.186
42 58 4 141.659 37.75 37.61 1.774 0.674 1.516 2.366
42 65 2 142.631 68.405 38.375 11.997 2.965 3.065 3.066
42 66 1 160.622 23.747 37.49 3.239 1.497 1.39 1.463
42 71 1 162.13 65.389 37.594 4.4 1.592 1.239 -2.92
42 72 5 202.114 69.774 37.113 1.399 1.06 0.76 -0.089
42 74 1 167.776 68.145 37.561 3.674 1.326 1.183 -3.12
42 75 1 161.587 19.174 37.518 2.205 1.505 1.86 1.498
42 76 5 176.428 80.032 37.953 0.794 0.736 0.521 3.037
43 8 4 159.703 51.233 37.83 3.108 1.223 1.758 0.061
43 9 1 170.218 59.908 37.566 3.088 1.825 1.41 0.003
43 39 1 138.05 47.67 37.636 3.457 2.009 1.451 -0.066
43 46 2 151.539 66.086 38.254 6.311 2.182 2.689 0.726
43 47 1 184.412 64.433 37.311 1.17 1.523 1.109 -0.121
43 48 4 173.697 56.892 37.587 1.333 0.629 1.555 0.091
43 49 1 197.218 71.141 37.599 1.114 1.446 1.295 -0.122
43 53 1 155.224 60.368 37.761 4.3 2.149 1.485 -2.855
43 54 1 167.523 64.122 37.724 4.323 2.128 1.632 -2.172
43 58 4 140.762 38.043 37.585 1.879 0.831 1.575 2.349
43 65 2 138.923 67.223 38.377 12.957 2.94 3.191 3.054
43 71 1 161.44 64.968 37.633 4.08 1.775 1.301 -2.92
43 72 5 206.264 70.87 37.104 0.206 0.975 0.422 -0.079
43 74 1 167.134 67.904 37.646 3.753 1.4 1.507 -3.082
43 75 1 161.753 18.544 38.171 0.889 1.436 0.517 1.442
43 76 5 174.144 79.502 37.558 2.296 0.695 1.306 -0.318
44 8 4 161.886 52.157 37.793 2.967 1.254 1.772 0.023
44 9 1 174.89 61.465 37.496 3.103 2.05 1.45 0.031
44 39 1 143.231 49.55 37.672 2.817 2.057 1.448 -0.008
44 46 2 151.911 67.397 38.507 6.374 2.206 2.3 0.857
44 47 1 189.31 66.039 37.328 1.109 1.496 0.91 -0.152
44 48 4 175.324 57.568 37.578 1.714 0.653 1.636 0.082
44 49 1 202.028 72.657 37.575 0.552 1.444 1.257 -0.157
44 53 1 154.803 59.839 37.779 4.633 1.981 1.544 -2.789
44 54 1 167.407 64.091 37.744 4.34 1.95 1.631 -2.174
44 58 4 140.363 38.312 37.496 1.728 0.66 1.361 2.312
44 65 2 133.966 65.785 38.338 11.919 2.796 3.182 3.054
44 66 1 160.952 24.433 37.31 3.85 1.303 1.403 1.45
44 71 1 161.213 64.675 37.666 4.715 1.723 1.341 -2.899
44 72 5 211.154 72.187 37.169 0.442 1.431 0.693 -0.147
44 74 1 166.501 67.733 37.708 3.767 1.775 1.497 -3.1
44 75 1 162.692 18.262 37.335 4.017 0.423 1.786 1.419
44 76 5 172.042 79.065 37.666 3.18 0.896 1.531 -3.128
44 78 4 192.994 84.831 37.462 1.236 0.493 1.15 3.01
45 8 4 164.149 53.009 37.836 3.064 1.607 1.8 0.018
45 9 1 179.472 63.309 37.444 3.114 2.028 1.348 -0.086
45 39 1 147.675 51.107 37.654 3.459 2.035 1.508 0
45 46 2 152.065 68.713 38.237 6.056 2.316 2.852 1.029
45 47 1 194.188 67.667 37.332 0.896 1.436 0.952 -0.039
45 48 4 176.964 58.257 37.597 1.69 0.639 1.615 0.001
45 49 1 207.451 74.524 37.398 1.097 1.451 0.933 -0.085
45 53 1 154.439 59.503 37.731 4.622 1.935 1.547 -2.814
45 54 1 167.383 64.049 37.732 4.339 1.992 1.614 -2.116
45 58 4 140.386 38.367 37.501 1.761 0.521 1.452 2.235
45 65 2 129.013 64.427 38.295 13.204 3.039 3.234 3.064
45 66 1 160.742 24.54 37.509 4.101 1.681 1.408 1.469
45 71 1 160.703 64.341 37.627 4.64 1.832 1.438 -2.821
45 72 5 216.008 73.494 37.132 0.294 1.357 0.373 -0.048
45 74 1 165.959 67.41 37.671 3.813 1.726 1.484 -3.137
45 75 1 162.65 18.097 37.514 4.726 0.548 1.499 1.453
45 76 5 168.944 78.356 37.813 1.337 0.878 1.17 3.071
45 78 4 190.179 84.135 37.318 0.951 0.595 1.072 3.062
45 82 3 192.547 88.575 37.604 0.57 0.652 1.676 -2.603
46 8 4 166.375 54.117 37.787 3.039 1.354 1.797 0.076
46 9 1 184.286 64.932 37.328 3.01 1.942 1.053 -0.009
46 39 1 152.65 52.92 37.653 2.644 2.108 1.445 -0.031
46 46 2 151.955 70.712 38.372 6.351 2.569 2.906 1.187
46 47 1 199.366 69.204 37.205 1.007 1.59 0.995 -0.068
46 48 4 178.569 58.785 37.598 1.533 0.623 1.58 -0.114
46 49 1 212.543 75.961 37.266 0.429 1.743 0.35 -0.068
46 53 1 153.939 59.052 37.683 4.456 1.997 1.547 -2.777
46 54 1 167.439 63.715 37.734 3.704 2.187 1.605 -2.093
46 58 4 140.344 38.389 37.486 1.887 0.571 1.537 2.362
46 65 2 125.314 63.245 38.415 11.78 2.977 2.498 3.059
46 66 1 160.869 24.593 37.522 3.729 1.434 1.548 1.405
46 71 1 160.161 63.879 37.652 4.748 1.802 1.437 -2.817
46 72 5 221.097 74.78 36.967 0.278 1.004 0.368 -0.069
46 74 1 165.358 67.145 37.663 3.716 1.748 1.531 -3.061
46 75 1 162.768 17.998 37.599 4.272 0.272 1.117 1.423
46 76 5 167.507 77.907 38.106 2.771 0.732 0.658 3.033
46 78 4 187.692 83.479 37.435 1.452 0.671 1.471 3.006
46 82 3 192.512 88.497 37.655 0.551 0.264 1.362 2.977
47 8 4 168.666 55.17 37.795 3.053 1.262 1.865 0.084
47 9 1 189.21 66.553 37.498 3.096 1.875 1.324 -0.017
47 39 1 157.07 54.657 37.662 2.881 2.008 1.443 -0.038
47 46 2 151.791 73.219 38.32 6.417 2.313 3.044 1.317
47 47 1 204.669 70.871 37.277 0.986 1.682 0.899 -0.082
47 48 4 180.385 59.284 37.604 1.648 0.621 1.6 -0.082
47 49 1 218.517 77.799 37.579 1.187 1.545 1.361 -0.082
47 53 1 153.516 58.601 37.701 4.371 1.855 1.478 -2.72
47 54 1 167.629 64.002 37.757 4.208 1.994 1.597 -2.114
47 58 4 140.332 38.418 37.415 1.79 0.592 1.152 2.273
47 65 2 121.34 61.942 38.36 10.975 2.569 2.918 3.087
47 66 1 160.878 25.275 37.307 2.896 1.113 1.325 1.517
47 71 1 159.621 63.329 37.648 4.372 1.74 1.383 -2.789
47 72 5 226.282 76.245 37.143 0.286 1.013 0.538 -0.082
47 74 1 164.173 66.526 37.937 2.214 1.499 0.978 -2.934
47 75 1 162.448 18.261 37.478 4.666 0.946 1.067 1.471
47 76 5 165.25 77.345 37.661 2.527 1.282 1.661 2.965
47 78 4 185.124 82.746 37.447 1.465 0.652 1.397 3.021
47 82 3 192.404 88.441 37.724 0.324 0.648 1.572 -2.24
48 8 4 170.884 56.185 37.714 3.094 1.231 1.782 0.018
48 9 1 194.165 68.148 37.45 3.163 1.899 1.368 -0.066
48 39 1 161.029 56.293 37.616 3.75 2.008 1.509 0.014
48 46 2 151.218 75.413 38.166 6.338 2.378 2.984 1.435
48 47 1 210.123 72.376 37.349 0.857 1.732 0.735 -0.091
48 48 4 182.143 59.786 37.604 1.771 0.58 1.646 0
48 49 1 224.34 79.497 37.502 1.124 1.362 1.379 -0.099
48 53 1 152.918 57.946 37.631 4.31 2.035 1.434 -2.672
48 54 1 167.647 64.077 37.727 4.36 2.018 1.641 -2.076
48 58 4 140.305 38.387 37.46 1.79 0.615 1.138 2.338
48 65 2 118.667 61.132 38.229 7.396 2.594 2.791 3.118
48 66 1 160.853 24.445 37.221 4.105 1.608 1.281 1.497
48 71 1 159.202 62.885 37.659 4.207 1.596 1.358 -2.718
48 72 5 231.688 77.415 37.074 0.353 1.106 0.409 -0.11
48 74 1 165.831 67.478 37.719 1.476 1.481 1.306 -3.007
48 75 1 162.404 18.058 37.4 4.783 1.255 1.156 1.486
48 76 5 162.465 76.539 37.66 3.523 1.155 1.753 3.026
48 78 4 182.653 82.038 37.501 1.503 0.673 1.436 3.095
48 82 3 192.357 88.372 37.6 0.424 0.447 1.218 -0.107
49 8 4 173.061 57.155 37.733 3.062 1.284 1.771 0.136
49 9 1 199.273 69.642 37.463 3.072 1.771 1.39 -0.013
49 39 1 165.845 58.232 37.589 2.869 2.046 1.481 -0.013
49 46 2 150.769 77.584 38.345 5.708 2.169 3.112 1.48
49 47 1 215.466 73.905 37.297 0.307 1.441 0.461 -0.018
49 48 4 184.006 60.161 37.575 1.744 0.916 1.565 -0.013
49 49 1 229.989 81.018 37.269 0.322 1.37 0.632 -0.018
49 53 1 152.186 56.873 37.609 4.284 1.942 1.467 -2.575
49 54 1 167.653 64.174 37.749 4.439 2.023 1.617 -2.062
49 58 4 140.29 38.351 37.4 1.723 0.708 1.237 2.33
49 66 1 161.521 23.769 37.28 2.211 0.607 1.144 1.413
49 71 1 158.683 61.994 37.522 3.789 1.362 1.135 -2.701
49 72 5 237.261 78.802 37.019 0.45 0.688 0.667 -0.1
49 74 1 165.038 66.965 37.683 1.874 1.583 1.509 -2.896
49 75 1 162.127 18.798 37.798 3.201 1.376 1.554 1.486
49 76 5 159.877 75.574 37.591 2.871 1.101 1.516 -3.111
49 78 4 180.206 81.328 37.468 1.498 0.667 1.458 2.979
49 82 3 192.279 88.254 37.619 0.574 0.73 1.589 3.099
50 8 4 175.265 58.167 37.691 3.143 1.252 1.797 0.105
50 9 1 204.295 71.025 37.245 3.094 1.805 1.078 -0.089
50 39 1 170.422 60.069 37.583 3.029 2.115 1.505 0.09
50 46 2 150.115 80.175 38.205 6.05 2.158 2.797 1.497
50 47 1 221.327 75.493 37.239 0.439 1.588 0.765 -0.089
50 48 4 185.782 60.623 37.608 1.701 0.835 1.649 -0.045
50 49 1 235.977 82.585 37.58 0.513 1.671 1.048 -0.089
50 53 1 151.544 55.709 37.664 3.74 1.787 1.573 -2.411
50 54 1 167.737 64.127 37.698 4.423 1.92 1.574 -2.072
50 58 4 140.295 38.399 37.342 1.588 0.827 1.369 -0.801
50 66 1 160.992 24.517 37.257 3.943 1.215 1.046 1.514
50 71 1 157.643 60.434 37.512 2.005 0.606 1.118 -2.666
50 72 5 242.718 80.13 36.967 0.194 0.583 0.322 -0.089
50 74 1 164.512 66.755 37.522 1.204 1.53 1.158 -2.763
50 76 5 157.321 74.852 37.43 2.901 1.086 1.299 3.014
50 78 4 177.573 80.634 37.561 1.418 0.744 1.499 3.111
50 82 3 192.256 88.371 37.777 0.75 0.48 1.508 3.105
51 8 4 177.472 59.22 37.7 3.034 1.185 1.757 0.047
51 9 1 209.29 72.391 37.377 3.06 1.848 1.354 -0.016
51 39 1 174.735 61.767 37.554 4.131 2.007 1.448 0.13
51 46 2 149.47 82.596 38.239 5.904 2.26 2.959 1.527
51 47 1 227.127 76.978 37.342 0.455 1.627 0.325 -0.041
51 48 4 187.551 61.142 37.608 1.737 0.73 1.621 0.02
51 49 1 242.106 84.289 37.277 0.622 1.486 0.801 -0.041
51 53 1 150.966 53.674 37.752 4.17 1.706 1.392 -2.205
51 54 1 167.762 63.927 37.648 4.442 1.825 1.48 -2.006
51 71 1 156.926 59.521 37.476 2.044 0.64 0.929 -2.503
51 74 1 163.969 66.362 37.57 0.964 1.297 0.938 -2.563
51 76 5 154.812 74.01 37.39 2.649 0.949 1.209 3.135
51 78 4 174.296 79.717 37.517 1.493 0.658 1.415 -3.132
51 82 3 192.176 88.362 37.753 0.627 0.711 1.468 3.057
52 8 4 179.603 60.16 37.66 2.842 1.157 1.798 0.077
52 9 1 214.247 73.648 37.414 3.076 1.822 1.429 0
52 39 1 179.758 63.778 37.529 4.103 2.114 1.403 0.103
52 46 2 149.14 84.108 38.374 4.143 2.066 2.494 1.516
52 47 1 233.051 78.476 37.426 0.316 1.503 0.243 -0.011
52 48 4 189.246 61.612 37.558 1.964 0.692 1.609 -0
52 49 1 248.49 85.817 37.554 1.067 1.454 1.11 -0.057
52 53 1 150.517 51.63 37.537 4.288 1.925 1.35 -2.04
52 54 1 167.786 63.697 37.643 4.2 1.722 1.57 -1.91
52 74 1 163.128 65.886 37.444 0.355 1.255 0.671 -2.679
52 78 4 171.456 78.902 37.524 1.472 0.48 1.321 3.142
52 82 3 192.17 88.15 37.764 0.703 0.509 1.573 -0.003
53 8 4 182.33 61.239 37.687 2.108 1.186 1.687 0.128
53 9 1 219.295 74.96 37.41 3.005 1.832 1.356 0.013
53 39 1 185.093 65.676 37.546 4.178 2.103 1.408 0.122
53 46 2 149.153 85.028 37.838 1.032 1.573 1.341 1.561
53 47 1 238.965 80.095 37.435 0.239 1.469 0.016 0.013
53 48 4 190.978 62.064 37.572 1.974 0.678 1.654 -0.008
53 49 1 254.402 87.474 37.487 0.539 1.384 1.227 0.013
53 53 1 150.446 50.012 37.59 2.735 1.79 1.156 -1.874
53 54 1 168.312 63.254 37.555 4.195 0.881 1.46 -1.767
53 74 1 161.595 64.734 37.407 1.212 1.293 0.852 -2.722
53 78 4 168.633 78.219 37.506 1.361 0.58 1.428 3.071
53 82 3 192.417 88.112 37.749 0.342 0.575 1.128 3.012
54 8 4 184.237 61.954 37.652 2.911 1.204 1.726 0.045
54 9 1 224.374 76.265 37.342 3.073 1.789 1.411 0.021
54 39 1 190.698 67.561 37.538 4.081 2.029 1.454 0.091
54 47 1 245.153 81.585 37.351 0.407 1.746 0.225 -0.028
54 48 4 193.033 62.607 37.521 1.391 0.64 1.566 -0.003
54 49 1 260.661 88.987 36.967 0.376 1.322 0.365 -0.028
54 54 1 168.618 62.629 37.672 4.374 0.863 1.318 -1.649
54 74 1 160.799 63.875 37.396 0.519 0.466 0.618 1.726
54 78 4 165.8 77.382 37.456 1.339 0.578 1.395 -3.063
54 82 3 192.242 88.007 37.681 0.428 0.467 1.262 -3.036
54 94 1 226.739 85.429 37.496 3.728 1.583 1.076 3.128
55 8 4 186.815 62.714 37.618 2.091 1.217 1.701 0
55 9 1 229.557 77.624 37.335 3.044 1.903 1.35 0.004
55 39 1 196.649 69.382 37.517 3.644 2.026 1.468 0.003
55 47 1 251.272 83.203 37.306 0.377 1.439 0.249 0.003
55 48 4 194.783 63.069 37.539 1.347 0.634 1.661 0
55 49 1 267.396 90.598 37.172 1.186 1.546 1.129 0.006
55 54 1 168.598 61.993 37.697 4.345 1.651 1.473 -1.473
55 74 1 158.871 62.446 37.337 1.218 1.067 0.737 -2.569
55 78 4 163.155 76.489 37.497 1.418 0.364 1.235 -2.982
55 82 3 192.112 87.974 37.725 0.678 0.35 1.449 -0.005
55 94 1 220.403 83.73 37.455 3.962 1.676 1.479 -3.129
56 8 4 188.679 63.324 37.669 2.836 1.244 1.633 0.023
56 9 1 234.857 78.968 37.318 3.05 1.742 1.401 0.064
56 39 1 202.526 71.027 37.539 3.769 2.073 1.453 0.047
56 47 1 257.408 84.701 37.3 0.376 1.582 0.262 0.016
56 48 4 196.507 63.504 37.43 1.638 0.754 1.433 -0.062
56 49 1 273.908 92.279 37.142 1.181 1.575 1.207 -0.046
56 54 1 169.197 61.388 37.674 4.267 1.753 1.699 -1.297
56 78 4 160.526 75.824 37.512 0.741 0.526 0.923 -3.109
56 82 3 192.055 87.883 37.76 0.488 0.523 1.467 0.693
56 94 1 214.14 82.078 37.532 5.4 2.049 1.502 -3.131
56 95 1 264.251 96.786 37.896 5.256 1.918 1.156 3.136
56 96 1 241.183 92.559 37.462 3.303 1.647 1.056 -3.098
57 8 4 190.955 64.016 37.669 2.735 1.104 1.773 -0.003
57 9 1 240.159 80.34 37.33 3.061 1.823 1.381 0
57 39 1 208.484 72.709 37.532 4.045 2.066 1.409 0.059
57 47 1 263.431 86.235 37.3 0.346 1.601 0.357 0
57 48 4 198.398 63.997 37.46 1.264 0.685 1.475 -0.003
57 49 1 280.108 93.863 37.177 0.341 1.393 0.65 0.026
57 54 1 170.387 61.123 37.455 4.208 0.687 1.502 -1.026
57 82 3 191.955 87.759 37.767 0.263 0.494 1.453 -1.114
57 94 1 207.807 80.188 37.55 3.999 1.622 1.385 -3.115
57 95 1 257.374 95.108 37.656 5.161 2.088 1.436 -3.137
57 96 1 235.835 91.301 37.387 4.47 1.774 1.509 -3.137
58 8 4 193.398 64.627 37.588 2.395 1.225 1.791 0.004
58 9 1 245.601 81.765 37.135 3.097 1.917 1.074 0
58 39 1 214.919 74.521 37.498 3.8 2.023 1.448 0.004
58 47 1 269.45 87.679 37.225 0.277 1.616 0.486 0
58 48 4 200.243 64.416 37.496 1.17 0.627 1.489 0.004
58 49 1 287.161 95.645 36.823 0.942 1.341 0.365 0
58 54 1 171.349 60.406 37.435 3.97 1.361 1.212 -0.761
58 82 3 192.027 87.736 37.969 0.331 0.478 0.688 -0
58 94 1 202.582 78.799 37.741 2.7 1.352 1.119 -3.136
58 95 1 250.883 93.432 37.711 5.352 2.122 1.759 3.138
58 96 1 230.15 89.851 37.456 4.496 1.861 1.47 3.139
58 101 4 288.956 86.657 36.994 0.83 0.631 1.188 0
58 102 3 241.229 67.413 37.929 0.477 0.602 1.718 1.514
59 8 4 195.397 65.184 37.628 2.773 1.102 1.667 0.03
59 9 1 251.112 83.171 37.266 3.101 1.958 1.359 0.03
59 39 1 221.223 76.394 37.464 4.136 2.105 1.417 0.052
59 47 1 275.523 89.227 37.213 0.352 1.502 0.502 0.03
59 48 4 201.876 64.797 37.421 1.528 0.607 1.553 0.06
59 82 3 191.987 87.73 37.547 0.336 0.416 1.074 -0.027
59 95 1 244.446 91.858 37.686 5.319 2.075 2.019 -3.112
59 96 1 224.221 88.205 37.451 5.332 1.7 1.512 -3.112
59 101 4 290.837 87.127 37.08 0.7 0.525 1.156 0.011
59 103 5 281.436 101.193 37.372 1.039 1.86 0.072 -3.112
59 104 4 277.473 105.897 37.141 1.407 0.491 0.88 -3.116
60 8 4 197.641 65.812 37.535 2.946 1.097 1.68 -0.016
60 9 1 256.647 84.619 37.24 3.075 1.877 1.276 0.021
60 39 1 227.907 78.515 37.466 4.06 2.081 1.424 0.081
60 47 1 281.663 90.701 37.088 0.435 1.721 0.359 -0.011
60 48 4 203.861 65.332 37.45 0.945 0.568 1.363 -0.016
60 82 3 191.843 87.816 37.645 0.304 0.259 1.248 -0.027
60 95 1 238.266 90.395 37.691 5.319 2.286 2.044 -3.128
60 96 1 218.018 86.511 37.463 3.611 1.77 1.459 -3.128
60 101 4 292.926 87.61 37.114 0.741 0.58 1.42 0.011
60 103 5 275.277 99.414 37.628 1.684 1.696 0.668 3.136
60 104 4 271.354 104.317 37.307 1.572 0.553 1.028 3.136
61 8 4 199.878 66.326 37.61 2.78 1.131 1.584 0.03
61 9 1 262.278 86.018 37.247 3.119 1.846 1.418 0.018
61 39 1 234.701 80.698 37.441 4.089 2.092 1.445 0.038
61 47 1 287.811 92.247 37.134 0.64 1.681 0.333 0.003
61 48 4 205.719 65.768 37.507 1.043 0.663 1.13 0.03
61 95 1 231.084 88.381 37.735 4.977 1.942 2.103 -3.125
61 96 1 212.367 84.891 37.823 3.084 1.571 0.611 -3.14
61 101 4 295.167 88.054 36.945 1.224 0.517 1.321 -0.023
61 103 5 269.488 98.095 37.349 3.649 1.933 1.353 -3.13
61 104 4 264.946 102.664 37.28 1.871 0.561 1.451 -3.13
61 106 1 272.319 101.714 37.307 2.392 0.695 1.23 -3.13
62 8 4 202.75 67.041 37.613 1.496 1.032 1.375 -0.121
62 9 1 267.957 87.466 37.232 3.144 2.041 1.392 0
62 39 1 241.698 82.934 37.425 4.289 2.026 1.442 0.05
62 47 1 293.88 93.754 37.043 0.663 1.693 0.422 0
62 48 4 207.475 66.335 37.506 1.048 0.638 1.551 0
62 95 1 225.005 86.868 37.836 4.802 1.876 1.827 3.141
62 96 1 206.528 83.324 37.769 2.143 1.527 0.671 3.141
62 101 4 296.754 88.566 37.03 0.688 0.501 1.261 0
62 103 5 263.221 96.254 37.355 3.821 1.837 1.516 3.141
62 104 4 258.673 101.04 37.274 1.902 0.627 1.533 3.141
62 106 1 264.171 99.699 37.298 2.121 0.865 1.144 3.141
62 107 5 286.979 102.669 37.287 0.515 1.116 0.044 0
63 8 4 204.763 67.424 37.686 2.185 1.058 1.513 -0.074
63 9 1 273.739 88.948 37.063 3.108 1.979 1.059 -0.024
63 39 1 248.815 85.104 37.437 4.338 2.072 1.443 0.071
63 47 1 300.034 95.308 36.864 0.993 1.614 0.876 0.033
63 48 4 209.421 66.767 37.404 1.026 0.672 1.331 -0.045
63 95 1 219.133 85.288 38.155 4.366 1.762 1.259 -3.102
63 101 4 298.775 89.036 37.012 0.666 0.439 1.584 0.087
63 103 5 257.195 94.739 37.433 3.943 1.919 1.59 -3.093
63 104 4 252.43 99.41 37.303 1.896 0.647 1.536 -3.099
63 106 1 259.631 97.615 37.536 0.215 0.225 0.186 -3.117
63 107 5 280.282 100.524 37.352 1.9 1.848 0.701 -3.12
63 110 2 312.696 106.675 38.229 5.928 2.365 1.809 3.098
64 8 4 206.823 67.966 37.672 2.848 1.159 1.533 0.018
64 9 1 279.537 90.373 37.195 3.061 1.71 1.42 0.048
64 39 1 256.104 87.205 37.425 4.415 2.109 1.449 0.061
64 47 1 305.814 96.916 37.044 0.416 1.562 0.367 -0.012
64 48 4 211.052 67.221 37.47 0.679 0.655 1.067 0.015
64 95 1 213.543 83.766 38.201 3.61 1.666 1.079 -3.122
64 101 4 300.789 89.637 37.088 0.645 0.463 1.427 -0.026
64 102 3 241.616 67.515 37.818 0.555 0.673 1.575 2.957
64 103 5 250.255 92.999 37.449 3.67 1.854 1.627 -3.122
64 106 1 249.79 95.536 37.334 1.861 1.527 1.487 -3.122
64 107 5 274.312 98.919 37.376 4.316 1.934 1.673 -3.122
64 110 2 307.951 105.489 38.487 6.189 2.534 1.791 -3.134
64 111 5 307.546 109.599 37.133 3.098 1.733 0.353 -3.134
65 9 1 285.348 91.851 37.162 3.049 2.029 1.388 -0.008
65 39 1 263.46 89.269 37.383 4.52 2.117 1.462 0.005
65 47 1 311.911 98.313 36.921 0.637 1.696 0.831 0.004
65 101 4 302.73 90.242 37.048 0.928 0.617 1.527 0
65 102 3 241.759 67.661 37.845 0.602 0.654 1.498 2.854
65 103 5 244.534 91.436 37.51 2.83 1.71 1.388 3.125
65 106 1 242.29 93.613 37.5 1.307 1.579 1.063 -3.074
65 107 5 267.568 97.16 37.457 4.665 1.875 1.759 -3.128
65 110 2 302.805 104.255 38.426 6.166 2.771 2.278 -3.136
65 111 5 301.165 107.978 37.314 3.582 1.715 0.889 -3.135
66 9 1 291.246 93.346 36.976 3.099 2.034 1.093 0
66 39 1 270.872 91.132 37.362 4.634 1.886 1.494 -0
66 47 1 317.896 99.789 36.886 0.274 1.488 0.505 0
66 101 4 304.849 90.802 37.125 1.498 0.594 1.584 0.042
66 102 3 241.979 67.821 37.777 0.582 0.552 1.487 2.701
66 103 5 238.276 89.776 37.82 2.683 1.426 0.787 3.142
66 106 1 235.118 91.666 37.502 0.211 1.138 0.262 -3.142
66 107 5 259.839 95.036 37.585 4.164 1.799 1.51 -3.086
66 110 2 298.396 103.061 38.223 7.217 2.924 3.022 3.142
66 111 5 294.243 106.429 37.198 4.693 2.247 1.665 3.142
67 9 1 297.101 94.829 37.109 3.05 1.878 1.459 0
67 39 1 277.973 93.088 37.348 4.316 1.99 1.481 -0
67 47 1 324.075 101.294 36.772 0.619 1.519 0.578 0
67 101 4 306.968 91.342 37.118 1.319 0.564 1.663 0
67 102 3 242.16 67.827 37.677 0.336 0.451 1.497 2.883
67 103 5 233.228 88.587 37.733 0.421 1.349 0.305 -3.116
67 106 1 227.404 89.747 37.527 0.276 1.349 0.186 -3.116
67 107 5 253.452 93.25 37.498 3.03 2.051 1.51 -3.104
67 110 2 293.63 101.778 37.845 7.815 2.872 2.829 3.137
67 111 5 288.29 104.683 37.239 4.135 1.914 1.617 3.137
68 9 1 303.08 96.33 36.963 3.045 1.901 1.07 0.015
68 39 1 284.555 94.814 37.323 3.752 1.913 1.459 0.003
68 47 1 329.88 102.885 36.854 0.32 1.561 0.505 -0.027
68 101 4 308.864 91.85 37.142 1.461 0.602 1.603 -0.011
68 102 3 242.296 68.064 37.757 0.425 0.687 1.633 2.952
68 107 5 247.738 91.543 37.701 0.365 1.513 0.034 -3.135
68 110 2 288.819 100.617 37.795 7.766 3.094 2.469 -3.127
68 111 5 282.066 102.989 37.347 4.21 1.765 1.622 -3.128
68 115 5 332.977 119.792 36.83 0.638 0.347 0.64 -3.085
69 9 1 309.057 97.791 37.097 3.195 1.9 1.354 0.01
69 39 1 291.273 96.532 37.283 4.748 1.867 1.477 0.013
69 47 1 336.146 104.368 36.77 0.993 1.489 0.841 0.026
69 101 4 310.733 92.324 37.117 1.625 0.592 1.606 0.026
69 107 5 240.831 89.158 37.806 0.231 0.661 0.104 -3.118
69 110 2 283.58 99.153 37.864 8.785 2.822 2.596 3.13
69 115 5 328.879 118.957 37.074 0.993 0.525 0.764 -3.038
70 9 1 314.994 99.233 37.073 3.039 2.018 1.423 0.008
70 39 1 298.382 98.331 37.335 4.936 1.885 1.327 0.002
70 47 1 341.993 105.834 36.787 0.86 1.603 0.87 0.008
70 101 4 312.723 92.834 37.175 1.627 0.562 1.716 0.008
70 110 2 277.893 97.601 38.105 8.301 2.781 2.793 3.123
70 115 5 324.879 118.013 37.071 0.933 0.579 1.126 -3.12
71 9 1 320.973 100.691 37.042 3.128 1.995 1.441 0.029
71 39 1 305.728 100.275 37.256 4.752 2.2 1.457 -0.008
71 47 1 347.86 107.377 36.755 1.091 1.539 0.818 0.013
71 101 4 314.692 93.321 37.196 1.725 0.598 1.754 0.029
71 110 2 272.822 96.306 38.65 7.896 2.517 2.413 -3.129
71 115 5 321.072 117.105 37.057 1.473 0.553 1.169 -3.129
71 117 2 361.05 121.632 37.731 6.668 2.331 2.008 -3.129
72 9 1 326.877 102.24 37.022 3.114 1.888 1.41 0.017
72 39 1 313.197 102.104 37.217 4.778 1.979 1.495 0.017
72 47 1 353.5 108.87 36.82 0.44 1.609 0.49 0.058
72 101 4 316.756 93.711 37.199 1.743 0.632 1.715 0.004
72 110 2 268.056 95.107 38.721 7.305 2.498 2.125 -3.139
72 115 5 317.075 116.135 37.028 1.666 0.61 1.459 -3.136
72 117 2 354.479 119.963 37.876 6.406 2.308 1.986 -3.137
72 118 1 333.825 114.854 37.25 4.655 1.605 1.075 3.129
73 9 1 332.764 103.677 37.03 3.194 1.993 1.378 0
73 39 1 320.636 103.968 37.214 4.569 1.983 1.465 0
73 47 1 359.367 110.373 36.78 0.654 1.743 0.552 0
73 101 4 318.785 94.219 37.235 1.695 0.638 1.694 0
73 110 2 263.689 93.947 38.83 5.815 2.454 2.043 -3.126
73 115 5 313.132 115.032 37.097 1.725 0.478 1.332 -3.139
73 117 2 347.755 118.205 37.876 6.474 2.71 2.414 3.108
73 118 1 326.153 112.731 37.288 4.356 1.841 1.239 3.136
74 9 1 338.534 105.168 37.023 3.097 2.044 1.404 0
74 39 1 328.124 105.901 37.183 4.387 1.983 1.426 0
74 47 1 364.924 111.878 36.817 0.428 1.503 0.534 0
74 101 4 320.852 94.546 37.263 1.789 0.95 1.787 0
74 115 5 308.744 114.021 37.1 2.427 0.582 1.358 -3.127
74 117 2 340.952 116.643 37.758 6.543 2.794 2.986 -3.127
74 118 1 318.425 110.782 37.182 5.119 1.899 1.504 -3.127
75 9 1 344.268 106.593 36.934 2.996 1.848 1.346 0.047
75 39 1 335.709 107.753 37.142 4.284 1.892 1.434 0.032
75 47 1 370.686 113.282 36.805 0.52 1.619 0.394 0.026
75 101 4 322.876 95.209 37.228 1.663 0.649 1.71 0.029
75 115 5 304.531 112.94 37.153 1.35 0.568 1.549 -3.051
75 117 2 334.36 114.892 37.715 6.541 2.8 2.732 -3.135
75 118 1 309.829 108.619 37.16 3.872 1.874 1.503 -3.107
76 9 1 350.012 108.033 36.95 3.076 2.074 1.342 0.005
76 39 1 343.356 109.753 37.112 4.302 1.873 1.469 0.012
76 47 1 376.383 114.72 36.622 0.657 1.511 0.915 0.009
76 101 4 324.881 95.688 37.202 1.604 0.659 1.725 0.016
76 115 5 300.608 112.078 37.376 0.887 0.476 0.985 -3.095
76 117 2 326.95 113.084 37.678 8.132 2.78 2.641 -3.119
76 118 1 303.551 107.26 37.388 0.434 1.685 0.11 -3.121
77 9 1 355.684 109.44 36.986 3.069 2.06 1.424 0
77 39 1 350.992 111.841 37.096 4.317 2.037 1.446 0
77 47 1 382.167 116.126 36.632 1.303 1.759 0.813 0
77 101 4 326.947 96.258 37.128 1.585 0.651 1.57 -0
77 115 5 296.602 111.092 37.174 1.083 0.276 0.775 -3.141
77 117 2 319.671 111.119 37.93 6.296 2.675 2.817 3.138
77 124 5 397.851 130.792 37.477 0.882 0.97 0.522 -3.142
78 9 1 361.265 110.862 36.795 3.009 1.845 1.091 0.033
78 39 1 358.758 113.669 37.044 4.311 1.845 1.438 0.025
78 47 1 387.655 117.514 36.599 1.332 1.714 0.839 0.035
78 101 4 329.087 96.81 37.173 1.398 0.627 1.736 0.008
78 117 2 312.341 109.281 38.181 6.997 2.432 2.309 -3.125
78 124 5 391.098 128.756 37.39 0.874 1.498 0.346 -3.127
78 126 1 391.302 131.876 36.953 3.043 1.586 0.704 -3.112
78 128 1 376.539 149.852 37.699 1.121 0.96 1.146 1.58
79 9 1 366.898 112.191 36.926 3.061 2.038 1.286 0.019
79 39 1 366.434 115.624 37.037 4.288 1.898 1.425 0.004
79 47 1 392.83 118.738 36.677 0.801 1.656 0.739 0.004
79 101 4 331.275 97.367 37.151 1.263 0.57 1.617 -0.006
79 117 2 305.711 107.5 38.225 6.077 2.445 2.032 -3.103
79 124 5 384.792 127.184 37.076 3.666 1.63 1.526 -3.104
79 126 1 383.264 129.83 36.951 3.568 1.893 0.905 -3.104
79 128 1 376.528 150.66 37.866 2.826 1.537 1.043 1.662
80 9 1 372.422 113.637 36.905 3.065 1.88 1.329 0.018
80 39 1 374.055 117.529 37.013 4.243 1.919 1.448 0.018
80 47 1 398.031 120.129 36.686 0.529 1.636 0.688 0.019
80 101 4 333.156 97.822 37.13 1.171 0.536 1.552 -0.158
80 117 2 299.004 105.937 38.229 4.996 2.417 1.937 3.142
80 124 5 377.968 125.43 37.235 3.671 1.695 1.733 -3.123
80 126 1 375.011 127.74 37.076 3.75 1.785 1.343 -3.123
80 128 1 376.362 150.87 37.682 3.281 1.346 1.198 1.593
81 9 1 377.897 114.92 36.92 3.013 1.998 1.314 0.016
81 39 1 381.601 119.406 36.968 4.205 1.782 1.46 -0.002
81 47 1 403.462 121.526 36.574 0.99 1.843 0.793 0
81 101 4 335.251 98.4 37.081 1.308 0.568 1.587 -0.019
81 124 5 371.181 123.645 37.214 3.671 1.736 1.774 -3.128
81 126 1 367.057 125.637 37.03 3.969 1.864 1.455 -3.128
81 128 1 376.243 151.475 37.83 3.649 1.327 0.935 1.626
81 134 4 388.089 133.922 36.915 1.429 0.649 1.27 -3.13
81 135 3 410.589 144.448 37.312 0.238 0.448 0.434 -3.128
82 9 1 383.218 116.338 36.871 3.042 1.951 1.316 0.019
82 39 1 389.033 121.32 36.95 4.225 1.883 1.438 0.019
82 47 1 408.68 122.883 36.511 1.142 1.815 0.804 0.005
82 101 4 337.304 98.846 37.132 0.799 0.504 1.491 0.044
82 124 5 364.511 122.111 37.249 3.666 1.931 1.855 -3.118
82 126 1 358.36 123.303 37.089 5.366 1.709 1.425 -3.118
82 134 4 385.604 133.297 36.897 1.855 0.604 1.64 -3.118
82 135 3 410.209 144.274 37.036 0.538 0.711 0.985 -0.001
82 137 5 423.747 125.595 36.864 0.561 0.8 0.389 -0.053
83 9 1 388.42 117.604 36.889 3.056 2.031 1.317 0.015
83 39 1 396.396 123.111 36.864 4.163 1.897 1.432 0.015
83 47 1 413.652 124.185 36.553 1.063 1.791 0.964 0.015
83 101 4 339.399 99.415 37.076 1.438 0.559 1.565 -0.012
83 124 5 356.47 119.913 37.314 3.491 1.536 1.851 -3.105
83 126 1 349.186 120.299 37.426 1.916 0.363 0.792 -3.105
83 134 4 383.089 132.693 36.937 1.741 0.793 1.636 -3.134
83 135 3 409.525 143.967 36.953 0.336 0.648 1.451 -3.123
83 137 5 428.53 126.787 36.293 0.232 0.601 0.412 -0.014
84 9 1 393.651 118.857 36.864 3.098 2.047 1.38 0.03
84 39 1 403.584 124.77 36.858 3.931 1.978 1.434 -0.006
84 47 1 418.655 125.38 36.666 0.863 1.813 0.703 0.03
84 101 4 341.507 99.862 37.081 0.948 0.596 1.631 -0.019
84 124 5 349.429 118.189 37.708 3.449 1.573 1.075 3.137
84 134 4 380.678 132.046 37.041 1.764 0.79 1.61 -3.121
84 135 3 409.074 143.742 37.023 0.424 0.63 1.337 -3.092
84 137 5 433.505 127.977 36.528 0.277 0.853 0.779 0.049
85 9 1 398.771 120.176 36.823 3.003 2.055 1.294 0.019
85 39 1 410.727 126.513 36.845 4.054 1.821 1.422 -0.004
85 47 1 424.091 126.808 36.681 1.644 1.831 1.415 0.028
85 101 4 343.473 100.318 37.097 1.076 0.552 1.505 0.007
85 124 5 343.056 116.59 37.695 2.118 1.303 0.915 3.125
85 134 4 378.3 131.327 37.034 1.677 0.708 1.603 3.08
85 135 3 408.494 143.727 36.949 0.365 0.679 1.278 0.059
85 137 5 438.432 129.299 36.424 0.251 0.841 0.341 0.039
86 9 1 403.721 121.42 36.828 3.035 1.954 1.391 0.028
86 39 1 417.468 128.253 36.791 3.806 1.83 1.398 -0
86 47 1 428.69 128.058 36.544 0.904 1.855 0.752 0
86 101 4 345.613 100.804 37.048 1.386 0.59 1.349 -0.037
86 124 5 335.974 114.599 37.7 1.956 1.367 0.427 -3.117
86 134 4 375.348 130.567 37.091 1.73 0.666 1.538 -3.117
86 135 3 407.935 143.482 37.151 0.414 0.802 1.576 -3.066
86 137 5 443.273 130.609 36.435 0.305 0.837 0.332 0.046
87 9 1 408.465 122.661 36.837 3.061 1.93 1.414 0.03
87 39 1 424.3 130.131 36.799 4.15 1.837 1.398 0.008
87 47 1 433.726 129.371 36.396 1.334 1.823 0.968 0.008
87 101 4 347.779 101.267 37.156 1.128 0.317 1.199 0.003
87 134 4 373.07 129.845 37.129 1.416 0.504 1.529 -3.115
87 135 3 407.358 143.314 37.063 0.466 0.656 1.443 -3.052
87 137 5 447.983 132.077 36.459 0.327 0.9 0.536 0.013
88 9 1 412.992 123.84 36.822 3.172 2.063 1.427 -0.038
88 39 1 431.058 131.865 36.692 4.123 1.772 1.244 -0.085
88 47 1 438.431 130.62 36.543 1.089 1.72 0.973 0.024
88 101 4 349.737 101.703 37.048 1.025 0.416 1.505 -0.042
88 134 4 370.568 129.234 37.192 1.393 0.614 1.093 -2.963
88 135 3 406.932 142.949 37.094 0.6 0.584 1.559 3.067
89 9 1 417.262 124.891 36.801 3.057 1.863 1.408 0.052
89 39 1 437.546 133.889 36.779 4.097 1.851 1.379 0.047
89 47 1 443.188 131.897 36.482 1.124 1.835 1.004 0.047
89 134 4 367.988 128.545 37.152 0.946 0.589 1.011 -3.063
89 135 3 406.431 142.733 37.098 0.694 0.614 1.565 -3.08
90 9 1 421.426 125.918 36.816 3.077 2.023 1.394 0.037
90 39 1 443.686 135.623 36.704 4.002 1.807 1.261 0.037
90 47 1 447.792 133.223 36.493 1.046 1.882 1.019 0.037
90 134 4 365.613 127.918 37.166 0.654 0.549 1.026 -3.128
90 135 3 405.881 142.441 37.128 0.653 0.663 1.53 -3.08
91 9 1 425.519 126.999 36.641 3.082 1.775 1.1 0
91 39 1 449.592 137.256 36.675 4.106 1.799 1.311 0.003
91 47 1 452.637 134.544 36.754 1.978 1.793 1.384 0
91 134 4 363.216 127.255 37.323 0.254 0.347 0.627 2.977
91 135 3 405.332 142.409 37.085 0.721 0.73 1.538 -3.048
92 9 1 429.496 128.144 36.79 3.148 1.939 1.377 -0.007
92 39 1 455.108 138.895 36.692 4.115 1.949 1.396 -0.007
92 47 1 456.046 135.561 36.513 0.653 1.782 1.136 -0.007
92 135 3 404.713 142.39 37.101 0.699 0.605 1.552 3.071
93 9 1 433.621 129.252 36.776 3.515 2.004 1.405 -0.024
93 39 1 460.206 140.406 36.593 3.979 1.816 1.105 0.023
93 47 1 460.669 136.867 36.383 2.762 1.847 1.094 0.023
93 135 3 404.008 142.355 37.392 0.494 0.679 0.68 3.142
94 9 1 437.481 130.282 36.785 3.469 1.946 1.338 0
94 39 1 465.155 141.9 36.677 4.062 1.785 1.407 0.012
94 47 1 462.956 137.528 36.421 1.077 1.767 0.969 0.012
94 135 3 403.432 142.411 37.479 0.477 0.436 0.743 3.142
94 160 1 370.452 115.303 36.945 0.757 1.439 0.594 0
95 9 1 441.265 131.203 36.753 3.427 1.737 1.422 0.018
95 39 1 469.714 143.194 36.74 3.833 1.729 1.432 0.03
95 47 1 465.777 138.307 36.575 1.25 1.802 0.892 0.04
95 135 3 402.762 142.512 37.421 0.529 0.591 0.978 2.349
95 160 1 376.702 116.904 36.743 2.04 1.708 1.04 0.021
95 164 3 492.331 136.843 36.753 0.329 0.21 1.071 0.076
95 165 3 492.268 137.594 36.776 0.425 0.402 1.101 0.076
96 9 1 445.043 132.245 36.749 3.743 1.82 1.388 0.051
96 39 1 474.37 144.659 36.745 4.212 1.72 1.338 0.056
96 47 1 468.463 139.15 36.595 1.222 1.868 0.855 0.088
96 135 3 402.156 142.453 37.033 0.654 0.675 1.393 -3.112
96 160 1 382.936 118.624 36.927 1.758 1.951 0.764 0.062
96 164 3 492.758 137.009 36.84 0.323 0.354 1.215 0.15
96 165 3 492.772 137.748 36.853 0.461 0.481 1.221 0.158
97 9 1 448.491 133.064 36.742 3.845 1.669 1.396 0
97 39 1 478.323 145.892 36.674 3.631 1.752 1.343 0.102
97 47 1 470.911 139.866 36.487 1.128 1.836 1.075 0.135
97 135 3 401.65 142.293 37.351 0.418 0.608 0.506 0.144
97 160 1 389.268 120.234 36.795 1.876 2.279 1.123 0
97 164 3 493.456 137.076 36.801 0.358 0.302 1.159 0.125
97 165 3 493.523 137.98 36.807 0.34 0.531 1.147 0.125
98 9 1 451.763 134.005 36.715 4.07 1.845 1.337 0.095
98 39 1 482.15 147.123 36.693 3.645 1.873 1.355 0.108
98 47 1 473.631 140.704 36.724 1.947 1.863 1.479 0.108
98 135 3 400.997 142.16 37.243 0.464 0.464 0.553 -2.973
98 160 1 395.582 122.008 36.854 1.849 1.94 1.068 0.046
98 165 3 494.072 137.897 36.933 0.479 0.851 1.083 0.066
99 9 1 454.703 134.9 36.749 3.995 1.674 1.38 0.066
99 39 1 485.838 148.257 36.643 4.15 1.664 1.249 0.113
99 47 1 475.637 141.333 36.706 1.936 1.797 1.434 0.113
99 135 3 400.405 142.046 37.408 0.433 0.417 0.744 0.382
99 160 1 400.956 123.425 36.78 3.677 2.23 1.094 0.066
99 165 3 494.75 137.887 36.981 0.465 0.859 1.573 0.092
100 9 1 457.413 135.761 36.735 4.039 1.727 1.369 0.088
100 39 1 488.606 149.201 36.67 3.454 1.77 1.202 0.164
100 47 1 478.389 142.279 36.703 3.689 1.948 1.497 0.164
100 135 3 399.803 141.77 37.372 0.222 0.54 0.805 3.134
100 160 1 407.015 125.175 36.8 3.933 1.948 1.289 0.067
100 165 3 495.333 138.019 36.753 0.712 0.611 1.352 0.166
101 9 1 459.934 136.546 36.732 4.135 1.756 1.345 0.074
101 39 1 491.639 150.25 36.587 4.063 1.683 1.193 0.098
101 47 1 480.403 142.911 36.697 4.297 1.848 1.46 0.074
101 135 3 399.347 141.496 37.528 0.335 0.601 0.338 3.142
101 160 1 413.115 126.831 36.72 4.093 1.998 1.263 0.081
101 164 3 496.16 138.94 36.91 0.355 0.352 1.545 0.151
101 165 3 496.049 138.19 36.895 0.595 0.551 1.546 0.151
101 179 1 488.995 145.639 36.778 1.764 1.305 1.377 0.117
102 9 1 462.494 137.41 36.764 4.799 1.887 1.415 0.122
102 39 1 492.813 150.615 36.678 1.646 1.723 1.125 0.071
102 47 1 482.014 143.486 36.701 4.195 1.847 1.41 0.065
102 160 1 419.285 128.45 36.883 3.859 1.779 1.338 0.046
102 164 3 496.787 139.004 36.98 0.274 0.473 1.139 0.195
102 165 3 496.622 138.286 36.779 0.604 0.297 1.159 0.195
102 179 1 490.212 145.653 36.529 1.849 0.547 1.108 0.065
102 181 1 508.238 168.324 36.924 2.75 0.855 0.847 -3.064
102 182 5 456.97 133.648 37.93 1.723 0.115 0.197 -0.102
103 9 1 464.453 138.098 36.933 4.309 1.662 1.048 0.051
103 39 1 495.002 151.539 36.605 2.172 1.477 1.218 0.051
103 47 1 483.414 143.94 36.709 4.236 1.838 1.483 0.051
103 160 1 425.207 130.076 36.865 3.863 1.863 1.581 0.051
103 164 3 497.326 138.913 36.892 0.646 0.678 1.612 0.048
103 179 1 491.844 146.268 36.615 3.669 0.72 1.339 0.051
103 181 1 506.544 167.973 37.051 3.225 1.122 1.162 -3.112
103 182 5 456.923 134.349 37.846 1.29 0.305 0.145 0
104 9 1 466.842 138.801 36.747 4.005 1.948 1.39 0
104 39 1 497.27 152.295 36.826 3.178 1.622 1.15 0.021
104 47 1 484.788 144.37 36.766 4.495 1.933 1.501 0.041
104 160 1 431.016 131.699 36.774 4.06 1.815 1.473 0
104 164 3 498.022 139.603 36.931 0.421 0.305 1.435 0.058
104 179 1 492.273 146.785 36.77 3.713 1.384 1.469 0.041
104 181 1 504.549 167.426 37.111 3.098 1.124 0.935 -3.13
104 182 5 456.621 134.949 37.706 0.898 0.338 0.165 -0.049
104 185 3 498.13 138.942 36.894 0.756 0.505 1.484 0.058
105 9 1 469.095 139.52 36.752 4.294 1.892 1.37 0.038
105 39 1 498.674 152.724 37.085 3.211 1.688 0.807 0.004
105 47 1 485.695 144.719 36.774 4.364 1.859 1.475 0.021
105 160 1 436.848 133.285 36.798 4 1.735 1.503 0
105 164 3 498.64 139.72 36.921 0.735 0.584 1.52 -0.12
105 179 1 492.638 146.984 36.773 4.039 1.564 1.501 0.004
105 181 1 502.633 166.8 37.054 3.193 0.847 1.352 3.086
105 182 5 456.471 135.712 37.66 0.469 0.167 0.02 0.017
105 185 3 498.897 139.138 37.125 0.479 0.623 0.843 -0.12
105 188 1 514.093 154.538 36.712 1.201 0.557 1.422 0.048
106 9 1 470.989 140.132 36.75 4.174 1.78 1.413 -0.001
106 39 1 499.742 153.094 36.974 3.488 1.52 0.899 0.019
106 47 1 486.437 144.918 36.797 4.513 1.784 1.475 -0.001
106 160 1 442.482 134.934 36.863 4.17 1.85 1.522 -0.001
106 164 3 499.463 139.909 36.966 0.46 0.54 1.577 0.039
106 179 1 492.696 146.994 36.806 4.084 1.564 1.503 -0.001
106 181 1 500.648 166.329 37.02 3.158 1.193 1.538 3.136
106 182 5 456.1 136.519 37.707 1.151 0.309 0.169 -0.027
106 185 3 499.489 139.364 36.984 0.684 0.751 1.526 0.039
106 188 1 514.013 154.551 36.826 1.245 0.743 1.259 0.019
106 190 1 508.105 152.409 36.86 2.653 0.962 1.424 0.019
107 9 1 472.698 140.668 36.767 4.147 1.77 1.4 -0.023
107 39 1 500.434 153.34 36.996 3.746 1.551 1.148 -0.008
107 47 1 486.899 144.989 36.846 4.611 1.757 1.547 0.002
107 160 1 448.092 136.556 36.794 4.161 1.939 1.524 -0.016
107 179 1 492.717 147.07 36.816 4.113 1.763 1.483 -0.001
107 181 1 498.738 165.529 36.85 3.263 1.023 1.806 3.142
107 182 5 456.241 137.355 37.616 0.674 0.466 0.041 0
107 185 3 500.16 139.534 37.017 0.659 0.642 1.637 -0.069
107 188 1 515.099 154.661 36.74 3.284 0.399 1.399 -0.016
107 190 1 508.456 152.334 36.669 3.478 0.717 1.157 -0.016
107 192 1 526.14 173.637 37.299 3.353 1.57 1.155 3.142
108 9 1 474.16 141.136 36.733 4.116 1.769 1.377 -0.011
108 39 1 501.131 153.489 36.823 4.148 1.726 1.474 0
108 47 1 487.333 145.119 36.88 4.898 1.677 1.329 0.023
108 160 1 453.947 138.299 36.918 4.377 2.037 1.58 -0.006
108 164 3 500.839 140.377 37.003 0.601 0.574 1.599 0
108 179 1 492.719 147.067 36.84 4.088 1.815 1.497 0.023
108 181 1 496.592 164.902 36.919 3.427 1.087 1.903 3.131
108 185 3 500.826 139.731 36.933 0.614 0.737 1.413 0.001
108 188 1 514.93 154.782 36.777 3.244 0.619 1.317 0.008
108 190 1 508.388 152.784 36.844 3.779 1.527 1.52 0.008
108 192 1 522.847 171.303 37.207 4.193 1.874 1.263 -2.93
109 9 1 475.402 141.475 36.72 4.111 1.723 1.37 0.007
109 39 1 501.359 153.623 36.839 4.085 1.984 1.456 0.03
109 47 1 487.476 145.279 36.792 4.728 2.059 1.539 0.01
109 160 1 459.266 139.863 36.901 3.678 2.172 1.46 0.003
109 164 3 501.52 140.53 36.974 0.476 0.486 1.528 -0.014
109 179 1 492.925 147.123 36.853 4.375 1.807 1.57 0.016
109 181 1 494.521 164.151 36.922 3.488 1.065 1.83 -3.126
109 185 3 501.559 139.947 37.074 0.734 0.627 1.688 -0.014
109 188 1 515.134 155.121 36.881 3.878 1.182 1.445 -0.002
109 190 1 508.374 152.805 36.909 3.752 1.606 1.532 0.04
109 192 1 518.459 169.072 37.161 4.087 2.006 1.457 -2.983
109 193 1 548.198 160.904 36.664 4.464 1.694 1.267 -1.752
110 9 1 476.496 141.783 36.737 4.073 1.66 1.443 -0.002
110 39 1 501.207 153.622 36.858 3.36 1.929 1.48 0.007
110 47 1 487.556 145.314 36.783 4.719 2.052 1.513 -0.005
110 160 1 465.319 141.81 36.797 2.386 2.122 1.587 -0.002
110 164 3 502.245 140.877 37.012 0.696 0.537 1.62 -0.068
110 179 1 493.073 147.172 36.811 4.345 1.792 1.582 -0.004
110 181 1 492.481 163.436 36.911 3.443 1.096 1.861 -3.098
110 185 3 502.24 140.25 37.043 0.732 0.661 1.699 -0.067
110 188 1 515.28 155.28 36.836 4.437 1.544 1.495 0.034
110 190 1 508.444 152.907 36.885 3.963 1.769 1.629 0.034
110 192 1 513.986 166.926 36.982 4.399 1.931 1.869 -3.073
110 193 1 548.28 156.262 36.756 4.069 0.434 1.018 -1.751
111 9 1 477.402 141.868 36.55 4.134 1.361 1.091 0.012
111 39 1 501.81 153.81 37.055 4.31 1.735 1.143 0.071
111 47 1 487.695 145.244 36.804 4.17 1.701 1.492 0.036
111 160 1 469.715 143.123 37.193 3.568 2.067 0.868 0.012
111 164 3 502.885 141.12 37.025 0.664 0.589 1.571 -0.07
111 179 1 493.129 147.233 36.836 4.368 1.911 1.523 0.036
111 181 1 490.259 162.914 36.952 3.523 1.416 1.92 3.14
111 185 3 502.952 140.446 37.056 0.862 0.757 1.618 -0.07
111 188 1 515.19 155.417 36.886 4.383 1.675 1.441 0.063
111 190 1 508.405 152.941 36.923 3.995 1.931 1.571 0.063
111 192 1 509.223 164.881 37.072 4.387 1.944 1.885 -3.034
111 193 1 549.154 151.652 36.644 4.428 0.877 1.031 -1.694
111 197 1 525.256 172.101 36.585 2.124 2.061 1.089 -2.967
111 198 1 547.273 166.321 36.519 4.586 1.341 0.86 -1.798
111 201 1 519.483 160.249 37.265 2.343 1.454 0.583 0.08
112 9 1 479.376 142.144 36.365 1.012 0.541 0.764 0
112 39 1 502.078 153.895 36.911 4.492 2.021 1.426 -0
112 47 1 487.724 145.205 36.776 3.895 1.673 1.496 0
112 160 1 474.637 144.609 37.205 3.365 1.824 0.93 0
112 164 3 503.568 141.319 37.019 0.717 0.612 1.586 0.047
112 179 1 493.189 147.244 36.832 4.208 1.819 1.528 0
112 181 1 488.209 162.09 36.896 3.434 1.191 1.761 3.137
112 185 3 503.548 140.648 37.064 0.724 0.644 1.632 0.047
112 188 1 515.079 155.362 36.89 4.032 1.772 1.521 0.04
112 190 1 508.626 152.887 36.922 4.286 1.693 1.576 0
112 192 1 504.52 162.923 37.057 4.874 1.872 1.886 -3.103
112 193 1 549.975 146.85 36.834 4.158 0.789 1.397 -1.663
112 197 1 522.472 169.643 37.014 3.653 1.579 1.172 -3.089
112 198 1 547.877 160.777 36.497 4.348 0.775 0.887 -1.686
112 201 1 519.463 160.343 37.153 2.942 1.371 0.961 0.028
112 205 1 561.926 158.322 36.811 4.572 0.48 1.482 1.399
113 9 1 478.794 141.797 36.261 3.26 0.348 0.661 0.012
113 39 1 502.155 153.797 36.905 4.537 1.911 1.453 0.037
113 47 1 487.66 145.122 36.769 3.81 1.5 1.488 0.012
113 160 1 479.097 146.09 36.84 3.806 2.104 1.276 0.032
113 164 3 504.157 141.57 37.009 0.552 0.613 1.608 0
113 179 1 493.295 147.295 36.801 4.137 1.911 1.472 0
113 181 1 486.039 161.265 36.953 3.442 1.076 1.396 -3.126
113 185 3 504.234 140.863 37.049 0.678 0.661 1.641 -0
113 188 1 515.083 155.337 36.923 4.192 1.7 1.487 0.03
113 190 1 508.674 153.024 36.972 4.296 1.878 1.512 0.029
113 192 1 499.394 161.074 37.014 4.679 2.079 1.93 -3.095
113 193 1 550.657 142.305 36.728 3.365 0.481 1.376 -1.703
113 197 1 518.701 167.081 37.106 3.739 1.454 0.951 -2.959
113 198 1 548.655 155.264 36.485 3.975 1.5 1.647 -1.646
113 201 1 519.722 160.427 37.293 3.097 1.489 0.725 0.03
113 205 1 561.404 161.555 36.961 4.331 0.548 1.715 1.432
114 39 1 501.595 153.645 36.895 3.209 1.785 1.425 0.007
114 47 1 487.725 145.06 36.767 3.826 1.35 1.506 0.007
114 160 1 482.973 147.407 36.826 3.784 1.973 1.619 0.007
114 164 3 505.036 141.744 36.989 0.36 0.403 1.576 -0.108
114 179 1 493.446 147.275 36.819 3.696 1.841 1.5 0.009
114 181 1 484.203 160.64 37.188 2.52 0.98 1.228 3.121
114 185 3 504.974 141.056 37.039 0.625 0.675 1.637 0.155
114 188 1 515.175 155.402 36.931 4.299 1.721 1.504 0.049
114 190 1 508.895 153.063 36.927 4.153 1.894 1.637 0.022
114 192 1 494.025 158.939 37.197 4.568 1.827 1.573 -3.113
114 193 1 551.467 138.337 36.944 4.198 0.343 0.863 -1.739
114 197 1 514.533 164.757 37.111 4.118 1.52 1.123 -2.932
114 198 1 549.839 150.665 36.677 4.173 1.418 1.025 -1.712
114 201 1 520.148 160.494 36.946 4.063 1.677 1.427 0.054
114 205 1 560.66 165.029 37.029 4.685 0.572 1.371 1.449
115 39 1 501.644 153.734 37.411 2.007 1.329 0.381 0.079
115 47 1 487.991 145.083 36.776 2.92 1.482 1.421 0.059
115 160 1 485.771 148.32 37.093 3.548 2.088 0.878 0.044
115 164 3 505.54 142.079 37.036 0.411 0.583 1.598 0.102
115 179 1 493.319 147.276 36.792 3.909 1.895 1.476 0.062
115 181 1 481.65 159.802 36.933 1.536 1.058 1.345 -3.093
115 185 3 505.61 141.451 36.98 0.673 0.646 1.439 0.102
115 188 1 515.253 155.485 36.928 4.401 1.776 1.487 0.059
115 190 1 508.929 153.203 36.962 4.148 2 1.527 0.059
115 192 1 487.137 156.418 37.226 4.466 1.673 1.439 -3.067
115 193 1 552.82 134.154 36.823 4.113 1.485 1.541 -1.7
115 197 1 510.236 162.567 36.912 4.208 1.833 1.488 -3.003
115 198 1 550.746 145.927 36.781 4.235 1.573 1.21 -1.7
115 201 1 519.75 160.313 36.934 3.441 1.635 1.467 0.077
115 205 1 559.833 169.108 36.975 4.702 0.633 1.807 1.492
116 39 1 502.638 154.219 37.067 3.457 1.544 1.07 0.111
116 47 1 487.78 144.468 36.453 3.795 0.308 1.088 0.111
116 160 1 488.973 149.406 37.078 3.58 2.02 1.168 0.29
116 179 1 493.363 146.985 36.61 4.017 1.34 1.182 0.111
116 181 1 479.003 158.878 37.014 3.084 1.11 1.174 3.112
116 185 3 506.248 141.625 36.963 0.709 0.72 1.527 -3.08
116 188 1 515.25 155.554 36.941 4.726 2.159 1.497 0.112
116 190 1 508.983 153.11 36.913 4.151 1.826 1.584 0.112
116 192 1 481.677 154.547 37.409 3.319 1.693 0.909 -3.03
116 193 1 553.343 129.061 36.794 3.042 0.665 1.176 -1.538
116 197 1 505.272 160.602 37.088 5.063 1.857 1.148 -3.03
116 198 1 551.488 141.583 36.624 3.967 1.828 1.048 -1.538
116 201 1 519.584 160.267 36.965 3.118 1.716 1.477 0.112
116 205 1 559.567 173.488 37.003 4.63 2.042 1.475 1.494
