0 2 4 480.561 448.814 37.47 1.021 0.52 1.208 0.02
0 5 1 452.61 438.468 37.582 4.256 2.084 1.491 0.039
0 6 1 389.937 420.996 37.735 2.86 1.752 1.276 0.039
0 7 2 387.072 424.314 38.344 5.611 2.231 2.631 0.039
1 2 4 476.715 447.99 37.398 0.726 0.511 1.289 0
1 5 1 446.18 437.062 37.589 4.29 2.085 1.526 0
1 6 1 383.003 419.624 37.721 2.839 1.794 1.304 0
1 7 2 380.818 423.05 38.33 5.518 2.294 2.749 0
2 2 4 472.861 447.2 37.262 0.588 0.626 1.504 0.062
2 5 1 439.686 435.687 37.645 4.326 2.083 1.475 0
2 6 1 375.95 418.136 37.649 2.769 1.548 1.37 0
2 7 2 374.31 421.651 38.446 5.772 2.367 2.883 0
3 2 4 469.151 446.413 37.374 1.122 0.5 1.112 0.019
3 5 1 433.234 434.312 37.751 4.293 2.066 1.672 -0
3 6 1 368.985 416.712 37.593 2.015 1.698 0.851 0
3 7 2 367.96 420.56 38.4 5.712 2.252 2.701 0
4 2 4 465.117 445.659 37.509 0.86 0.703 1.089 0.053
4 5 1 426.829 432.913 37.735 4.317 1.982 1.594 0
4 6 1 361.87 415.226 37.585 2.073 1.592 0.598 0.025
4 7 2 361.421 419.103 38.209 6.461 2.355 2.829 0.068
5 5 1 420.345 431.551 37.773 4.217 2.07 1.581 0.027
5 6 1 355.277 413.99 37.519 0.348 1.637 0.624 -0.025
5 7 2 356.107 418.257 38.243 4.425 2.075 2.587 0.016
6 5 1 413.999 430.255 37.754 4.321 2.084 1.597 0.008
6 6 1 347.381 412.385 37.738 1.322 1.582 0.994 0.024
6 7 2 349.348 417.051 38.283 5.45 2.215 2.537 -0.002
7 5 1 407.502 428.92 37.748 4.263 2.142 1.48 0.016
7 6 1 339.812 411.033 37.349 1.123 1.667 0.737 -0.015
7 7 2 342.875 415.882 38.347 5.629 2.237 2.939 0.001
8 5 1 401.159 427.564 37.745 4.317 2.113 1.508 -0.004
8 6 1 332.378 409.716 37.415 0.587 1.685 0.667 0
8 7 2 336.657 414.664 38.259 5.453 2.309 2.506 -0.004
9 5 1 394.742 426.223 37.849 4.258 2.084 1.643 0
9 6 1 324.75 408.286 37.599 0.495 1.603 0.65 0
9 7 2 330.298 413.383 38.266 5.58 2.237 2.776 0
10 5 1 388.35 424.827 37.858 4.229 2.1 1.682 0.023
10 6 1 316.466 406.76 37.306 1.192 1.613 0.643 0.004
10 7 2 324.075 412.181 38.268 5.612 2.247 2.436 0.004
11 5 1 381.925 423.373 37.716 4.212 2.134 1.285 0.024
11 6 1 307.817 405.178 37.642 2.927 1.577 0.975 -0.029
11 7 2 317.994 410.953 38.36 5.496 2.206 2.905 0.019
11 12 1 330.995 393.368 37.319 4.342 1.698 1.441 3.14
11 13 1 319.114 393.905 37.478 2.133 1.562 1.514 -3.13
12 5 1 375.463 421.919 37.902 4.27 2.088 1.599 -0.005
12 6 1 300.581 403.825 37.331 1.655 1.485 0.512 0.04
12 7 2 311.529 409.622 38.181 6.053 2.179 3.031 0.046
12 12 1 337.11 394.79 37.44 4.2 1.406 1.374 3.137
12 13 1 323.811 394.4 37.381 4.104 1.917 1.665 3.099
12 14 3 316.55 403.314 38.494 0.307 0.369 0.514 -1.648
12 16 1 355.405 397.974 37.492 4.12 1.43 1.547 3.138
13 5 1 368.887 420.409 37.8 4.055 2.082 1.568 0.078
13 6 1 292.298 402.435 37.559 2.841 1.664 1.117 0.078
13 7 2 305.399 408.365 38.297 5.699 2.203 3.277 0.078
13 12 1 343.2 395.775 37.467 4.619 2.146 1.481 -3.116
13 13 1 329.209 395.176 37.498 4.073 2.084 1.783 -3.116
13 14 3 316.526 403.358 38.582 0.383 0.349 0.445 -1.353
13 16 1 361.01 398.886 37.597 3.95 1.669 1.517 -3.116
14 5 1 362.349 418.942 37.631 4.065 2.082 1.202 0.033
14 6 1 284.42 400.875 37.389 0.355 1.48 0.514 0.04
14 7 2 298.528 407.087 38.201 7.026 2.202 2.811 0.02
14 12 1 348.916 397.183 37.516 4.593 1.792 1.483 -3.119
14 13 1 334.391 395.897 37.617 4.505 1.894 1.725 3.075
14 14 3 316.539 403.862 37.945 1.289 0.628 1.709 -1.953
14 16 1 366.646 399.941 37.565 3.667 1.755 1.475 3.141
14 19 5 341.696 399.6 37.404 1.658 0.617 1.015 -0.002
14 20 4 280.038 408.998 37.275 0.682 0.338 1.018 0.059
14 21 1 292.877 385.901 36.935 1.306 1.661 0.704 3.091
15 5 1 355.88 417.526 37.835 4.401 2.15 1.648 -0.059
15 6 1 276.829 399.656 37.434 0.36 1.572 0.562 0.043
15 7 2 292.076 405.828 38.224 6.879 2.145 2.947 0.066
15 12 1 354.648 398.324 37.521 4.034 1.804 1.503 -3.081
15 13 1 339.681 396.545 37.632 4.524 1.907 1.713 3.079
15 14 3 316.596 403.706 37.947 1.616 0.718 1.723 -2.021
15 16 1 372.345 401.153 37.547 3.423 1.532 1.509 -3.046
15 19 5 341.546 399.547 37.412 1.448 0.635 0.838 -0.032
15 20 4 278.582 408.883 37.351 1.14 0.365 1.056 -3.061
15 21 1 296.473 387.335 36.92 4.19 0.489 0.971 3.063
16 5 1 349.163 416.194 37.826 4.146 2.166 1.655 0.101
16 6 1 268.902 398.21 37.561 1.357 1.661 1.152 -0
16 7 2 285.7 404.746 38.235 6.773 2.095 2.966 0.005
16 12 1 359.461 399.498 37.251 1.305 1.779 0.966 -3.119
16 13 1 344.938 397.079 37.628 4.12 1.915 1.655 3.114
16 14 3 316.576 403.719 37.986 1.636 0.728 1.78 -1.945
16 19 5 341.393 399.579 37.351 1.209 0.642 0.946 -0.041
16 20 4 276.815 408.581 37.503 1.003 0.347 1.237 -0.078
16 21 1 302.257 387.819 37.116 4.72 1.917 1.184 3.122
17 5 1 342.502 414.974 37.591 4.249 1.911 1.277 0
17 6 1 261.513 396.92 37.46 1.323 1.697 1.184 0
17 7 2 279.058 403.642 38.422 6.695 2.461 3.477 0
17 12 1 364.993 400.78 37.445 0.249 1.431 0.717 -3.108
17 13 1 350.607 397.877 37.605 4.262 1.7 1.633 3.142
17 14 3 316.531 403.635 38.012 1.959 0.947 1.649 -1.98
17 19 5 341.316 399.615 37.433 1.07 0.585 0.64 -0.025
17 20 4 274.809 408.205 37.358 0.642 0.449 1.392 0.001
17 21 1 307.415 388.895 37.491 4.981 1.896 1.702 3.112
17 34 1 326.048 395.805 37.5 4.845 1.202 1.493 3.112
18 5 1 335.788 413.76 37.622 4.193 1.985 1.386 0.002
18 6 1 254.535 395.49 37.468 0.243 1.576 0.056 0.019
18 7 2 273.243 402.459 38.145 5.67 2.228 2.948 0.008
18 12 1 371.473 402.541 37.358 1.105 1.729 0.844 3.021
18 13 1 355.92 398.668 37.706 3.81 1.768 1.511 3.13
18 14 3 316.466 403.805 38.001 1.769 0.93 1.833 -1.946
18 19 5 341.178 399.573 37.321 0.668 0.826 0.621 -1.438
18 20 4 273.192 408.037 37.428 0.548 0.967 1.349 2.131
18 21 1 312.533 390.031 37.497 5.074 1.385 1.728 -3.134
18 34 1 330.9 396.417 37.503 3.952 1.483 1.36 3.119
18 36 5 269.448 381.136 36.965 0.345 1.319 0.716 -0.016
19 5 1 329.148 412.624 37.596 4.262 2.093 1.3 -0.035
19 6 1 247.982 394.388 37.257 1.823 1.588 0.815 0
19 7 2 266.114 401.235 38.18 7.053 2.478 3.001 0
19 13 1 361.314 399.647 37.676 3.745 1.723 1.532 -3.115
19 14 3 316.5 404.102 37.924 1.683 0.803 1.76 -2.11
19 20 4 271.372 407.578 37.406 1.575 0.465 1.357 0
19 21 1 317.493 390.599 37.52 4.746 1.763 1.741 3.139
19 34 1 334.981 397.074 37.504 4.892 1.593 1.458 -3.116
19 36 5 274.901 382.24 37.116 1.639 1.542 1.197 3.142
20 5 1 322.548 411.444 37.74 4.211 2.056 1.623 -0.085
20 7 2 260.808 400.238 38.104 4.411 2.163 2.747 0.073
20 14 3 316.467 404.394 37.887 1.603 1.088 1.837 -1.885
20 20 4 269.644 407.091 37.379 1.598 0.537 1.458 0.066
20 21 1 322.559 391.574 37.424 4.621 1.756 1.605 -3.112
20 34 1 338.673 397.864 37.358 4.145 1.151 0.805 3.121
20 36 5 280.8 383.595 37.245 1.988 1.7 1.508 3.136
20 42 1 304.744 388.788 37.326 3.717 1.913 1.519 -3.077
21 5 1 315.992 410.386 37.503 4.295 2.074 1.295 -0.051
21 7 2 253.613 399.02 38.068 5.715 2.432 2.803 -0.007
21 14 3 316.399 404.899 37.844 1.512 0.757 1.676 -1.639
21 20 4 267.909 406.599 37.435 1.75 0.549 1.608 0.027
21 36 5 287.06 384.962 37.38 0.83 1.244 0.538 3.019
21 42 1 309.643 389.678 37.378 2.349 1.897 1.524 -3.085
22 5 1 309.398 409.286 37.495 4.071 1.989 1.219 0.036
22 7 2 246.585 397.742 38.112 6.812 2.419 3.021 0.024
22 14 3 316.431 405.185 37.748 1.571 0.846 1.532 -1.594
22 20 4 266.355 406.283 37.474 1.538 0.537 1.505 -0.011
22 36 5 289.978 385.9 37.372 2.83 0.992 1.773 -3.122
22 42 1 315.5 390.791 37.279 3.049 1.646 1.141 -3.131
22 46 1 277.488 382.78 37.533 4.383 1.809 1.975 -3.134
23 5 1 303.216 408.195 37.509 4.527 2.117 1.322 -0.109
23 7 2 240.644 396.803 38.039 5.641 2.397 2.938 -0.039
23 14 3 316.336 405.489 37.828 1.474 0.675 1.264 -1.696
23 20 4 264.571 405.988 37.516 1.732 0.571 1.578 -0.041
23 36 5 295.313 387.019 37.403 2.632 1.127 1.613 3.114
23 42 1 320.147 391.458 37.14 1.073 1.564 0.872 -3.135
23 46 1 283.598 383.927 37.604 4.674 1.944 2.041 -3.074
24 5 1 296.725 407.156 37.414 4.211 2.077 1.11 0
24 7 2 233.383 395.519 38.187 7.047 2.112 2.804 0
24 14 3 316.3 405.938 37.711 1.578 0.695 1.497 -1.757
24 20 4 262.774 405.813 37.514 1.696 0.588 1.625 0
24 36 5 300.187 387.563 37.342 1.349 1.865 1.701 3.142
24 42 1 325.436 392.574 37.148 1.231 1.125 0.675 3.142
24 46 1 289.367 385.263 37.574 4.131 1.473 1.803 3.142
24 47 1 263.548 382.458 37.381 4.926 0.864 1.535 3.142
25 5 1 290.426 405.931 37.39 4.278 2.064 1.174 0.026
25 7 2 226.86 394.419 38.06 7.069 2.221 2.793 0
25 14 3 316.21 406.741 37.68 1.394 0.663 1.402 -1.571
25 20 4 260.928 405.676 37.506 1.768 0.793 1.624 -0.047
25 36 5 305.547 389.166 36.873 1.546 0.898 0.666 -3.136
25 46 1 294.285 386.09 37.682 3.132 1.773 1.368 3.13
25 47 1 268.236 383.052 37.437 2.632 1.298 1.383 -3.128
26 5 1 284.069 404.676 37.414 3.983 1.957 1.22 -0.006
26 7 2 221.031 393.42 38.103 5.733 2.172 2.84 0.017
26 14 3 316.181 407.444 37.551 1.222 0.559 1.224 -1.571
26 20 4 259.166 405.476 37.526 1.873 0.771 1.605 0.011
26 46 1 299.609 387.123 37.721 2.604 1.749 1.377 -3.13
26 47 1 273.797 384.537 36.879 0.654 0.125 0.259 3.142
27 5 1 277.728 403.412 37.365 3.69 2.057 1.245 0.016
27 7 2 214.585 392.384 38.085 5.747 2.274 2.915 0.016
27 20 4 257.352 405.209 37.481 1.811 0.553 1.647 0.039
27 46 1 304.894 388.32 37.75 2.329 1.524 1.344 -3.08
27 47 1 278.173 384.433 36.866 0.612 1.405 0.338 3.142
28 5 1 270.796 401.872 37.425 2.042 2.005 1.139 -0.003
28 7 2 207.669 391.319 38.187 6.515 2.257 2.741 -0.012
28 20 4 255.608 404.947 37.49 1.97 0.595 1.575 0.026
28 52 4 199.971 364.176 37.508 1.681 0.933 1.11 3.138
29 5 1 264.156 400.276 37.259 0.877 1.934 0.743 -0.05
29 7 2 201.479 390.353 38.179 5.609 2.048 2.982 -0.005
29 20 4 253.7 404.479 37.483 1.818 0.572 1.646 -0.05
29 52 4 201.925 364.575 37.355 2.586 1.05 1.717 3.142
30 5 1 258.689 399.06 37.386 1.962 2.044 1.215 0
30 7 2 194.77 389.437 38.216 5.494 2.223 2.858 -0.015
30 20 4 251.843 404.152 37.492 1.498 0.461 1.551 0
30 52 4 203.695 364.964 37.431 2.623 1.087 1.565 3.137
30 53 3 216.114 363.555 37.589 0.366 0.708 1.544 -3.134
31 5 1 252.67 397.836 37.42 1.937 1.985 1.142 0.008
31 7 2 187.862 388.384 38.208 5.568 2.331 2.918 -0.034
31 20 4 249.987 403.795 37.41 1.104 0.502 1.526 -0.021
31 52 4 205.394 365.362 37.454 2.555 1.019 1.558 -3.138
31 53 3 216.899 363.736 37.682 0.436 0.766 1.64 -3.138
31 55 4 176.868 399.508 36.971 0.165 0.243 0.859 -1.557
32 5 1 247.419 396.962 37.382 3.648 2.081 1.116 0
32 7 2 181.039 387.382 38.272 5.513 2.218 2.845 -0.008
32 20 4 248.389 403.444 37.445 1.277 0.569 1.517 0
32 52 4 207.336 365.749 37.407 2.525 1.129 1.523 3.138
32 53 3 217.484 363.907 37.709 0.886 0.741 1.552 3.142
32 55 4 176.857 399.494 36.945 0.182 0.246 0.831 -0
32 57 4 176.298 403.191 37.075 0.217 0.231 0.764 0
33 5 1 240.549 395.784 37.344 2.024 1.996 1.154 0.081
33 7 2 174.239 386.584 38.278 5.464 2.324 2.931 -0.029
33 20 4 246.683 403.111 37.373 1.311 0.551 1.58 0.256
33 52 4 209.251 366.332 37.475 2.586 0.845 1.609 3.079
33 53 3 218.211 364.142 37.693 0.938 0.721 1.694 -3.078
33 55 4 176.848 399.516 37.088 0.278 0.156 0.694 -1.818
33 57 4 176.301 403.235 37.166 0.255 0.272 0.731 -2.904
34 5 1 235.279 394.965 37.129 3.429 1.806 0.791 -0.014
34 7 2 166.975 385.616 38.319 6.479 2.409 2.907 -0.066
34 20 4 244.881 402.855 37.555 1.128 0.398 1.476 0
34 52 4 211.175 366.407 37.432 2.491 1.302 1.579 3.084
34 53 3 219.021 364.326 37.637 0.99 0.609 1.579 3.132
34 55 4 176.835 399.569 37.216 0.159 0.144 0.65 2.425
34 57 4 176.278 403.254 37.246 0.177 0.141 0.639 2.425
34 59 2 176.536 401.436 37.102 0.222 0.181 0.733 2.425
35 5 1 229.114 394.131 37.435 3.624 1.893 1.502 -0.043
35 7 2 160.138 384.735 38.238 6.533 2.17 2.839 -0.008
35 20 4 243.04 402.596 37.448 1.029 0.377 1.37 -0
35 52 4 213.171 366.939 37.353 2.568 0.968 1.561 3.123
35 53 3 219.667 364.483 37.575 0.506 0.638 1.598 2.998
35 55 4 176.859 399.573 37.022 0.205 0.207 1.05 -3.142
35 57 4 176.269 403.247 37.161 0.172 0.23 0.781 3.142
35 59 2 176.555 401.164 37.193 0.371 0.686 0.542 3.142
36 5 1 222.911 393.381 37.433 3.545 1.981 1.069 -0.001
36 7 2 153.245 383.964 38.311 7.095 2.244 2.758 0.014
36 20 4 241.349 402.51 37.502 0.899 0.469 1.181 0.027
36 52 4 214.608 367.232 37.473 1.437 1.067 1.51 -3.139
36 55 4 176.854 399.575 37.228 0.192 0.219 0.713 -1.633
36 57 4 176.267 403.271 37.171 0.212 0.174 0.656 -1.588
36 59 2 176.545 401.452 37.243 0.206 0.216 0.732 -1.611
37 5 1 216.838 392.53 37.158 3.659 1.741 0.71 0
37 7 2 146.231 383.411 38.446 7.825 2.223 3.131 -0.059
37 52 4 216.979 367.788 37.377 2.177 0.905 1.457 -3.083
37 55 4 176.844 399.621 37.185 0.242 0.234 0.688 2.171
37 57 4 176.303 403.296 37.265 0.177 0.154 0.699 2.171
37 59 2 176.552 401.487 37.226 0.142 0.142 0.752 2.171
38 5 1 209.818 391.748 37.361 1.771 1.903 1.103 -0
38 7 2 140.076 382.836 38.442 7.224 2.27 3.073 -0.072
38 55 4 176.848 399.686 37.197 0.124 0.167 0.687 -3.14
38 57 4 176.249 403.369 37.175 0.117 0.118 0.67 -3.14
38 59 2 176.509 401.537 37.202 0.129 0.147 0.591 -3.14
39 5 1 203.561 390.872 37.35 1.881 1.875 1.073 -0.013
39 7 2 133.597 382.086 38.354 7.042 2.317 2.905 -0.039
39 55 4 176.813 399.754 37.182 0.086 0.129 0.502 2.617
39 57 4 176.22 403.451 37.175 0.101 0.162 0.617 -0
39 59 2 176.501 401.643 37.177 0.04 0.152 0.571 0
40 5 1 198.414 390.292 37.414 4.1 1.873 1.117 -0.009
40 7 2 127.589 381.513 38.311 6.361 2.364 3.031 -0.035
40 55 4 176.791 399.779 37.211 0.13 0.139 0.615 -1.596
40 57 4 176.218 403.483 37.224 0.143 0.153 0.621 -1.484
40 59 2 176.526 401.657 37.246 0.228 0.136 0.745 -1.596
41 5 1 192.024 389.41 37.186 3.77 1.78 1.016 0
41 7 2 121.08 380.697 38.358 6.631 2.165 2.869 -0.026
41 55 4 176.807 399.85 37.218 0.22 0.189 0.604 0
41 57 4 176.185 403.532 37.152 0.104 0.122 0.441 0
41 59 2 176.514 401.701 37.136 0.111 0.187 0.617 0
42 5 1 184.517 388.374 37.302 1.258 1.841 0.856 -0.027
42 7 2 115.078 379.962 38.384 6.57 2.295 2.958 -0.042
42 57 4 176.22 403.58 37.203 0.118 0.223 0.484 -3.046
42 59 2 176.505 401.746 37.271 0.198 0.102 0.472 -1.495
43 5 1 178.447 387.504 37.491 1.811 1.96 1.002 -0.005
43 7 2 109.224 379.07 38.41 6.438 2.213 2.902 -0.012
43 57 4 176.164 403.617 37.121 0.251 0.21 0.543 3.077
43 60 1 80.562 368.271 37.89 1.396 1.572 1.246 0.012
44 5 1 172.416 386.527 37.41 2.082 1.717 0.659 -0.046
44 7 2 103.594 378.118 38.407 6.545 2.188 2.894 0.019
44 60 1 77.081 367.635 37.748 1.321 1.671 1.456 0.025
44 61 1 76.807 364.018 37.715 0.827 1.902 0.843 0.025
45 5 1 165.286 385.459 37.459 0.413 1.675 0.545 -0.029
45 7 2 98.21 377.224 38.408 6.271 2.2 2.868 0.017
45 60 1 73.718 366.956 37.908 1.341 1.659 1.124 -0.052
45 61 1 75.287 363.249 37.663 1.172 1.744 1.028 0.42
46 5 1 159.054 384.471 37.395 0.721 1.866 0.816 0
46 7 2 92.874 376.374 38.437 5.999 2.242 2.872 -0
46 60 1 70.776 366.441 37.706 0.399 1.665 0.764 0.023
46 61 1 73.936 362.365 37.69 1.579 1.773 1.03 0.718
46 63 4 76.392 345.271 38.076 0.867 0.319 1.067 -3.061
46 65 4 81.358 343.707 37.705 1.197 0.593 0.569 -3.099
46 66 3 79.827 362.954 38.006 0.311 0.511 1.6 -2.924
47 5 1 153.305 383.553 37.515 1.955 1.76 1.064 -0.062
47 7 2 87.409 375.349 38.401 6.507 2.217 2.764 0.023
47 60 1 66.593 365.677 37.93 1.516 1.528 1.098 0.055
47 61 1 73.073 361.067 38.048 2.001 1.484 1.213 0.89
47 63 4 78.565 345.773 38.086 0.653 0.336 0.765 -3.14
47 65 4 83.483 344.041 37.921 0.949 0.659 1.314 -3.136
47 66 3 80.303 363.263 38.07 0.453 0.534 1.342 -3.099
48 5 1 147.95 382.637 37.629 3.64 1.913 0.976 -0.007
48 7 2 82.752 374.593 38.393 5.959 2.099 2.78 0.007
48 60 1 62.621 365.144 37.862 1.454 1.714 1.261 -0.077
48 61 1 72.538 360.059 38.089 1.571 1.484 1.266 0.966
48 63 4 81.495 346.325 38.009 1.13 0.656 1.211 -3.064
48 65 4 85.45 344.378 37.857 1.148 0.606 1.118 3.074
48 66 3 80.77 363.443 38.061 0.465 0.529 1.515 3.138
49 5 1 140.954 381.404 37.636 1.943 2.002 0.903 -0.015
49 7 2 78.131 373.873 38.411 6.323 2.206 2.832 -0.015
49 60 1 58.301 364.56 37.697 1.263 1.78 1.197 -0.031
49 61 1 72.023 357.91 38.134 3.347 1.317 1.084 1.226
49 63 4 83.772 346.627 37.988 1.087 0.649 1.172 3.124
49 65 4 87.134 344.608 37.921 1.664 0.619 1.446 3.124
49 66 3 81.282 363.578 38.046 0.404 0.559 1.514 3.138
49 68 1 76.638 347.171 37.894 4.418 1.534 0.962 -2.952
50 5 1 135.383 380.334 37.428 2.786 1.781 0.847 -0.019
50 7 2 73.969 373.259 38.448 6.416 2.215 2.782 -0.045
50 60 1 53.395 364.126 37.972 1.447 1.717 1.252 0.143
50 61 1 72.295 355.732 38.3 4.875 1.383 0.911 1.497
50 63 4 85.859 346.927 37.94 1.496 0.694 1.296 -3.077
50 65 4 89.023 344.903 37.917 1.484 0.625 1.425 3.097
50 66 3 81.705 363.632 38.063 0.569 0.562 1.699 0.061
50 68 1 79.586 348.165 37.764 4.472 1.339 1.556 -2.979
50 70 5 72.591 338.806 38.156 0.666 0.551 0.262 -1.522
51 5 1 128.594 379.151 37.492 1.307 1.949 0.789 0.079
51 7 2 69.989 373.056 38.445 6.636 2.244 2.799 -0.123
51 60 1 48.272 363.725 37.772 1.05 1.698 0.991 -0.026
51 61 1 72.729 354.236 38.268 4.45 1.642 1.048 1.748
51 63 4 88.229 347.358 37.917 1.538 0.607 1.471 -3.067
51 65 4 90.891 345.081 37.79 1.815 0.73 1.707 3.097
51 66 3 82.32 363.673 38.122 0.93 0.579 1.71 -3.117
51 68 1 83.049 348.757 37.839 4.298 1.797 1.437 -3.056
51 70 5 73.006 338.987 37.773 1.853 0.642 1.434 -3.036
52 5 1 123.778 378.3 37.412 3.573 1.751 0.685 0
52 7 2 66.192 373.193 38.433 6.422 2.347 2.854 -0.252
52 60 1 42.787 363.005 37.641 1.434 1.471 0.802 0.025
52 61 1 73.81 352.916 38.238 4.467 1.771 1.34 1.991
52 63 4 90.52 347.819 37.892 1.6 0.677 1.585 -3.126
52 65 4 92.746 345.406 37.79 1.771 0.66 1.674 3.08
52 66 3 82.785 363.785 38.104 0.896 0.562 1.763 -3.076
52 68 1 86.536 349.466 37.857 4.721 1.88 1.388 -3.126
52 70 5 73.637 339.087 37.733 2.288 0.806 1.433 3.043
52 74 4 34.935 350.606 38.003 1.702 0.493 1.277 -0.8
53 5 1 117.949 377.371 37.612 3.38 2.095 1.224 0.017
53 7 2 62.369 373.991 38.416 6.638 2.358 2.605 -0.41
53 60 1 37.539 362.564 37.948 1.343 1.658 1.157 -0.124
53 61 1 75.364 351.803 38.195 4.588 1.359 1.257 2.248
53 63 4 92.899 348.365 38.155 1.067 0.555 0.871 -3.137
53 65 4 94.771 345.619 37.835 1.412 0.722 1.657 3.088
53 66 3 83.528 363.941 38.094 0.883 0.561 1.705 3.108
53 68 1 90.386 350.148 37.748 4.415 1.942 1.5 3.125
53 70 5 74.385 339.065 37.795 2.311 0.618 1.432 2.692
53 74 4 33.384 351.748 37.95 1.539 0.491 1.298 -1.106
53 75 4 46.665 333.005 37.848 2.875 1.029 1.418 -1.114
53 76 3 31.575 377.492 37.753 0.436 0.247 1.523 0.38
53 77 3 32.207 378.745 37.848 0.167 0.604 0.737 0.435
53 78 3 32.745 379.096 37.627 0.331 0.451 1.184 0.197
54 5 1 112.939 376.588 37.647 4.311 2.035 1.23 -0.003
54 7 2 59.797 375.144 38.419 5.506 2.213 2.711 -0.653
54 60 1 32.827 362.072 37.896 0.271 1.657 0.378 -0.068
54 61 1 76.905 350.825 38.172 4.299 1.752 1.434 2.454
54 63 4 95.006 348.725 38.409 0.241 0.414 0.331 1.395
54 65 4 96.124 346 38.318 0.492 0.51 0.623 0.11
54 68 1 94.791 350.857 37.825 4.242 1.75 1.231 3.112
54 70 5 75.465 338.651 37.767 1.716 0.626 1.483 2.522
54 74 4 31.613 352.81 37.899 1.907 0.472 1.203 -0.834
54 75 4 46.216 333.856 37.88 3.164 0.593 1.332 2.192
54 76 3 31.42 376.819 37.94 0.231 0.364 1.146 -0.633
54 77 3 31.832 378.419 37.775 0.309 0.436 1.451 1.363
54 78 3 32.52 378.591 37.659 0.309 0.439 1.15 1.392
55 5 1 107.734 375.69 37.715 4.309 1.943 1.279 -0.092
55 7 2 56.755 377.404 38.545 5.811 2.175 2.845 -0.906
55 60 1 27.565 361.303 37.776 1.037 1.54 0.802 0
55 61 1 79.135 350.08 38.124 4.474 1.783 1.539 2.617
55 63 4 97.505 348.859 37.794 1.643 0.719 1.744 3.043
55 65 4 98.165 346.286 37.871 1.639 0.596 1.486 3.069
55 68 1 99.518 351.647 37.972 4.168 1.598 1.037 3.073
55 74 4 29.674 354.103 37.929 2.049 0.432 1.378 -0.836
55 75 4 45.27 334.71 37.939 2.835 0.761 1.572 -0.809
55 76 3 31.303 376.374 37.94 0.436 0.202 1.359 -2.407
55 77 3 31.656 378.139 37.897 0.354 0.197 1.387 -2.072
55 78 3 32.482 378.22 37.743 0.496 0.319 1.036 -2.072
56 5 1 102.61 374.93 37.835 4.21 1.975 1.425 -0.099
56 7 2 54.385 379.928 38.529 5.874 2.23 2.858 -1.13
56 60 1 22.498 360.488 37.951 1.258 1.493 1.228 -0.089
56 61 1 81.614 349.637 37.963 4.312 1.928 1.73 2.694
56 63 4 99.839 349.12 37.711 1.608 0.405 1.545 2.912
56 65 4 99.95 346.556 37.725 1.637 0.628 1.733 2.99
56 68 1 104.249 352.416 37.924 3.268 1.811 0.921 3.104
56 74 4 27.448 355.345 37.969 1.931 0.395 1.412 -0.875
56 75 4 44.049 335.564 37.936 2.894 1.043 1.465 -0.944
56 76 3 31.224 375.817 37.886 0.576 0.729 1.304 2.364
56 77 3 31.359 377.653 37.849 0.29 0.664 1.342 -0.082
56 78 3 32.3 377.926 37.839 0.7 0.711 1.378 0.031
56 81 3 84.903 364.821 38.097 0.495 0.57 1.732 -2.665
56 86 4 76.628 337.639 37.822 2.37 1.006 1.398 1.999
57 7 2 52.693 382.777 38.539 5.974 2.276 2.896 -1.384
57 60 1 17.844 359.816 38.027 1.345 1.744 1.065 -0.173
57 61 1 84.475 349.54 37.944 4.281 1.817 1.756 2.764
57 63 4 102.23 349.349 37.747 1.693 0.463 1.529 2.921
57 65 4 101.644 347.087 37.876 1.691 0.474 1.517 3.01
57 68 1 108.833 353.052 37.693 1.291 1.645 0.275 3
57 74 4 25.331 356.308 37.836 1.931 0.738 1.119 -0.892
57 75 4 42.77 336.31 37.846 2.885 1.103 1.362 -0.844
57 76 3 31.454 375.355 37.743 0.311 0.651 1.455 -0.754
57 81 3 85.143 365.389 38.088 0.564 0.492 1.697 -1.673
57 86 4 77.103 336.892 37.84 2.302 0.967 1.458 1.729
57 87 1 97.884 374.141 37.881 4.187 2.016 1.541 -0.171
57 90 5 80.546 342.26 37.27 0.181 0.186 0.363 -0.026
58 7 2 51.385 385.732 38.63 5.939 2.347 2.851 -1.606
58 61 1 87.621 349.761 37.906 4.151 1.702 1.717 2.772
58 63 4 104.632 349.547 37.661 1.57 0.491 1.382 2.822
58 65 4 103.387 347.446 37.768 1.606 0.486 1.253 2.822
58 68 1 114.705 353.957 37.509 1.179 1.75 0.608 -0.305
58 74 4 23.261 357.536 38.028 1.441 0.667 1.344 -0.852
58 75 4 41.241 336.98 37.811 2.832 1.114 1.372 -0.715
58 76 3 31.357 374.715 37.787 0.555 0.428 1.479 1.454
58 81 3 85.469 365.916 38.074 0.528 0.538 1.683 -2.653
58 86 4 77.483 336.162 37.849 2.038 1 1.471 1.505
58 87 1 93.393 373.503 37.855 4.445 2.114 1.439 -0.285
58 92 3 30.909 376.67 38.01 0.473 0.293 1.397 1.482
58 94 3 32.15 376.572 37.782 0.547 0.505 1.427 0.509
59 7 2 50.475 388.707 38.419 5.826 2.237 2.402 -1.79
59 61 1 91.108 350.035 37.775 4.118 1.875 1.677 2.718
59 63 4 107.031 349.817 37.659 1.409 0.509 1.588 2.772
59 65 4 104.939 347.788 37.782 1.493 0.472 1.417 2.772
59 68 1 122.358 355.33 37.34 3.966 1.241 0.727 2.815
59 74 4 20.775 358.536 37.846 1.337 0.602 1.393 -1.159
59 75 4 39.604 337.459 37.869 3.308 1.192 1.396 -0.7
59 76 3 31.472 374.082 37.902 0.362 0.684 1.435 1.492
59 81 3 85.729 366.506 38.039 0.594 0.675 1.686 3.117
59 86 4 77.55 335.125 37.906 1.987 0.97 1.377 1.077
59 87 1 88.954 372.728 37.891 4.316 1.978 1.641 -0.383
59 90 5 80.524 342.253 37.237 0.207 0.192 0.315 -0.02
59 92 3 30.619 376.207 38.011 0.401 0.366 1.115 0.89
59 94 3 32.037 376.025 38.048 0.324 0.526 1.08 0.739
60 7 2 49.66 391.929 38.549 5.872 2.28 2.764 -1.979
60 61 1 94.871 350.629 37.797 4.125 1.856 1.693 2.645
60 63 4 109.028 349.955 37.629 0.479 0.351 1.571 2.623
60 65 4 106.556 348.039 38.138 0.334 0.38 0.26 2.647
60 68 1 127.11 355.838 37.364 0.328 1.243 0.415 2.674
60 74 4 18.163 359.271 37.974 1.332 1.017 1.282 -0.511
60 75 4 37.594 337.844 37.802 2.729 1.105 1.188 -0.739
60 76 3 31.251 373.465 37.935 0.37 0.738 1.518 -1.732
60 81 3 86.172 367.26 38.056 0.732 0.557 1.657 -2.723
60 86 4 77.57 333.793 38.002 2.292 0.928 1.534 0.925
60 87 1 84.761 372.016 37.927 4.455 2.015 1.65 -0.474
60 90 5 80.506 342.262 37.241 0.169 0.242 0.437 -2.939
60 92 3 30.425 375.636 37.952 0.318 0.589 1.362 -1.732
60 94 3 31.76 375.543 37.875 0.638 0.676 1.541 -1.732
61 7 2 48.934 395.208 38.606 5.611 2.207 3.047 -2.11
61 61 1 98.828 351.312 37.779 3.877 1.993 1.523 2.522
61 65 4 108.178 348.366 38.194 0.416 0.455 0.923 2.532
61 74 4 15.164 359.614 38.128 1.721 0.663 1.326 -0.742
61 75 4 35.986 337.912 37.794 2.772 1.084 1.339 -0.763
61 76 3 31.263 372.991 37.824 0.43 0.568 1.446 1.119
61 81 3 86.327 368.037 38.012 0.517 0.576 1.546 3.056
61 86 4 77.452 332.771 38.079 2.366 0.954 1.555 0.71
61 87 1 80.641 371.348 37.878 4.478 1.963 1.492 -0.577
61 90 5 80.516 342.279 37.283 0.163 0.15 0.309 -0.388
61 92 3 30.385 375.146 37.865 0.287 0.494 1.27 -2.315
61 94 3 31.515 374.964 37.78 0.483 0.724 1.474 0.685
62 7 2 48.336 398.567 38.47 5.687 2.357 2.667 -2.262
62 61 1 103.242 352.076 37.643 3.955 1.892 1.279 2.438
62 65 4 110.121 348.664 37.654 1.219 0.541 1.429 2.685
62 74 4 12.324 359.674 38.01 1.185 0.376 1.352 -0.63
62 75 4 33.811 337.612 37.919 2.811 1.141 1.348 -0.722
62 76 3 31.303 372.56 37.852 0.33 0.718 1.475 -1.363
62 81 3 86.568 368.866 37.995 0.586 0.533 1.781 2.986
62 86 4 77.318 331.766 38.056 2.353 0.959 1.448 0.595
62 87 1 76.607 370.62 37.932 4.55 1.914 1.639 -0.697
62 92 3 30.325 374.592 38.046 0.648 0.633 1.521 1.148
62 94 3 31.463 374.224 37.862 0.436 0.732 1.421 1.148
63 7 2 48.095 399.531 38.768 0.431 2.186 2.155 -2.399
63 61 1 107.879 352.951 37.631 3.737 1.826 0.943 2.362
63 63 4 116.044 350.987 37.743 0.483 0.523 1.173 -0.792
63 65 4 111.773 349.014 37.866 0.842 0.343 1.131 -0.75
63 74 4 9.395 359.582 38.143 1.208 0.497 1.36 -0.842
63 75 4 31.808 337.226 37.889 2.499 1.127 1.361 -0.807
63 76 3 31.206 371.952 38.021 0.387 0.728 1.122 -2.002
63 81 3 86.793 369.697 37.89 0.492 0.422 1.622 -2.384
63 86 4 77.152 330.774 38.038 2.377 1.008 1.43 0.526
63 87 1 72.671 369.926 37.896 4.601 2.015 1.582 -0.767
63 92 3 30.308 374.089 38.053 0.292 0.623 1.463 -2.623
63 94 3 31.41 373.65 38.084 0.476 0.363 1.424 -1.535
63 104 1 72.911 336.003 37.373 0.083 0.166 0.305 2.283
63 105 3 73.394 336.794 37.358 0.163 0.076 0.408 2.283
63 107 3 72.418 335.278 37.405 0.154 0.092 0.437 -2.517
63 109 3 44.809 333.093 37.402 0.151 0.195 0.305 -1.843
64 7 2 47.446 403.116 38.717 0.387 2.287 2.562 -2.442
64 61 1 111.259 353.461 37.548 0.58 1.794 0.64 2.287
64 63 4 118.374 351.24 37.565 0.443 0.476 1.236 2.112
64 65 4 113.399 349.229 37.697 0.812 0.552 1.192 -0.843
64 74 4 6.015 359.263 37.94 1.994 0.476 1.427 -0.931
64 75 4 29.58 336.777 37.97 2.478 1.162 1.336 -0.92
64 76 3 31.136 371.607 37.882 0.428 0.71 1.415 -1.97
64 81 3 86.98 370.371 37.947 0.417 0.444 1.574 -0.903
64 86 4 76.697 329.714 38.071 2.507 0.988 1.34 0.183
64 87 1 68.793 369.12 38.003 4.646 1.743 1.6 -0.929
64 92 3 30.36 373.439 38.118 0.352 0.638 1.241 0.148
64 94 3 31.146 373.15 37.924 0.6 0.66 1.269 0.276
64 104 1 72.902 335.958 37.417 0.225 0.277 0.415 -0.053
64 105 3 73.397 336.76 37.377 0.191 0.21 0.32 -0.292
64 107 3 72.415 335.25 37.459 0.18 0.2 0.315 -0.27
64 109 3 44.716 333.032 37.453 0.168 0.188 0.345 -1.442
64 113 3 43.404 334.363 37.438 0.179 0.184 0.355 -1.013
65 61 1 116.586 354.429 37.53 0.867 1.609 1.05 2.102
65 74 4 3.114 359.204 38.355 1.007 0.53 1.027 -0.945
65 75 4 27.541 336.39 37.986 2.278 1.179 1.419 -0.944
65 76 3 30.979 371.087 38.043 0.386 0.671 1.473 0.614
65 81 3 87.216 371.241 37.856 0.307 0.488 1.543 2.66
65 86 4 76.577 328.729 38.084 2.361 1.067 1.47 0.351
65 87 1 64.94 368.489 37.998 4.587 1.812 1.587 -0.993
65 92 3 30.196 373.007 38.006 0.38 0.637 1.485 0.267
65 94 3 31.141 372.625 38.019 0.477 0.676 1.486 0.131
65 104 1 72.868 336.023 37.332 0.179 0.144 0.37 -1.054
65 105 3 73.373 336.774 37.315 0.227 0.141 0.377 -1.054
65 107 3 72.373 335.221 37.427 0.124 0.149 0.387 -1.054
65 109 3 44.672 333.006 37.517 0.152 0.167 0.346 -1.054
65 113 3 43.371 334.335 37.484 0.217 0.173 0.385 -1.054
65 121 1 45.817 331.627 37.515 0.195 0.134 0.345 -1.054
65 125 4 44.041 333.688 37.502 0.135 0.09 0.342 -1.054
66 74 4 0 358.979 38.255 1.29 0.353 0.78 -1.124
66 75 4 25.175 336.016 37.971 2.765 1.214 1.472 -1.141
66 76 3 31.026 370.754 37.882 0.459 0.609 1.304 -2.501
66 81 3 87.426 371.963 37.975 0.389 0.417 1.427 2.063
66 86 4 76.198 327.775 38.082 2.348 1.042 1.466 0.009
66 87 1 61.106 368.047 37.987 4.582 1.814 1.617 -1.136
66 92 3 30.214 372.571 37.902 0.712 0.582 1.618 -2.501
66 94 3 31.053 372.033 37.858 0.506 0.578 1.336 -2.501
66 104 1 72.823 336.007 37.398 0.143 0.2 0.393 -0.229
66 105 3 73.316 336.754 37.384 0.115 0.16 0.387 -0.229
66 107 3 72.35 335.236 37.401 0.17 0.231 0.434 -0.283
66 109 3 44.642 333.037 37.513 0.205 0.345 0.408 -2.13
66 113 3 43.344 334.302 37.515 0.239 0.193 0.384 -2.804
66 121 1 45.766 331.632 37.516 0.12 0.171 0.357 -2.804
66 125 4 44.029 333.682 37.491 0.148 0.115 0.346 -2.804
67 75 4 23.178 335.581 37.977 2.675 1.185 1.511 -1.217
67 76 3 30.953 370.373 37.895 0.495 0.698 1.557 0.944
67 81 3 87.634 372.807 37.973 0.301 0.323 1.247 -1.638
67 86 4 76.063 326.879 38.095 2.268 1.121 1.484 0.217
67 87 1 57.436 367.133 37.939 4.598 1.177 1.52 -1.243
67 104 1 72.792 336.01 37.388 0.104 0.109 0.328 -0.304
67 105 3 73.277 336.742 37.335 0.074 0.101 0.334 -0.304
67 107 3 72.335 335.195 37.44 0.054 0.108 0.324 -0.304
67 113 3 43.32 334.303 37.518 0.146 0.12 0.326 -2.435
67 121 1 45.72 331.559 37.542 0.127 0.203 0.306 -2.371
67 125 4 43.991 333.685 37.522 0.113 0.178 0.33 -2.435
68 75 4 21.483 335.312 37.958 1.979 1.12 1.518 -1.365
68 76 3 30.999 369.93 38.035 0.505 0.406 1.47 -1.37
68 81 3 87.832 373.541 37.767 0.455 0.507 1.258 -1.366
68 86 4 75.744 325.847 38.128 2.197 0.989 1.506 -0.154
68 87 1 53.661 366.831 37.995 4.603 1.905 1.604 -1.361
68 104 1 72.761 336.008 37.385 0.186 0.133 0.396 -3.02
68 105 3 73.28 336.733 37.32 0.163 0.159 0.396 -3.02
68 107 3 72.287 335.238 37.442 0.18 0.19 0.4 -3.02
68 113 3 43.272 334.302 37.484 0.178 0.227 0.368 -2.954
68 121 1 45.754 331.58 37.502 0.202 0.183 0.321 -2.954
68 125 4 43.974 333.656 37.5 0.185 0.202 0.415 -2.954
68 136 1 46.206 330.752 37.54 0.193 0.191 0.323 -2.954
68 140 3 30.958 371.018 37.81 0.713 0.382 1.451 -1.453
69 75 4 18.691 334.92 38.457 0.399 0.574 0.463 1.666
69 76 3 31.01 370.004 37.815 1.076 0.869 1.303 -2.445
69 81 3 88.087 374.271 38.025 0.341 0.228 0.659 -1.479
69 86 4 75.586 325.058 38.202 2.073 0.866 1.251 3.027
69 87 1 50 366.109 37.998 4.543 1.636 1.694 -1.453
69 113 3 43.276 334.3 37.461 0.18 0.191 0.395 -3.047
69 121 1 45.707 331.587 37.538 0.133 0.109 0.339 -3.047
69 125 4 43.975 333.658 37.474 0.101 0.063 0.307 -3.047
69 136 1 46.19 330.74 37.523 0.163 0.167 0.365 -3.047
69 140 3 29.942 370.861 37.932 0.393 0.667 1.584 -3.13
70 76 3 31.151 369.307 37.98 0.479 0.617 1.184 0.584
70 86 4 75.405 323.995 38.171 2.246 1.038 1.481 -0.095
70 87 1 46.312 365.057 37.923 4.663 0.821 1.548 -1.513
70 121 1 45.698 331.554 37.557 0.177 0.198 0.356 -2.825
70 125 4 43.894 333.688 37.545 0.148 0.233 0.345 -3.06
70 136 1 46.144 330.732 37.514 0.167 0.174 0.414 -2.623
70 140 3 29.936 370.226 37.925 0.39 0.686 1.221 2.796
71 76 3 31.324 369.111 37.941 0.423 0.444 1.483 -0.471
71 86 4 75.279 323.301 38.156 2.408 0.943 1.436 -0.165
71 87 1 42.822 364.339 37.984 4.24 0.669 1.473 -1.558
71 121 1 45.662 331.621 37.485 0.154 0.151 0.383 0
71 136 1 46.114 330.734 37.525 0.105 0.091 0.361 0
71 140 3 29.95 369.632 37.9 0.3 0.54 1.501 -0.521
72 76 3 31.44 368.901 37.991 0.231 0.445 1.101 -0.246
72 86 4 75.248 322.588 38.161 2.442 0.955 1.436 -0.157
72 87 1 39.373 363.874 37.915 4.007 1.15 1.61 -1.601
72 136 1 46.09 330.71 37.481 0.11 0.099 0.304 -2.878
72 140 3 29.868 369.082 37.98 0.208 0.626 1.065 -0.246
73 86 4 75.298 322.006 38.196 2.404 1.066 1.435 -0.014
73 87 1 35.977 363.21 38.165 3.736 0.991 1.007 -1.582
74 86 4 75.267 321.418 38.14 2.364 0.922 1.462 -0.016
75 86 4 75.187 320.906 38.166 2.381 0.665 1.442 0.15
76 86 4 75.275 320.4 38.209 2.238 0.704 1.442 0.038
77 86 4 75.26 320.148 38.197 2.329 0.748 1.464 0.067
78 86 4 75.416 319.718 38.049 1.963 0.794 1.42 -3.107
79 86 4 75.365 319.499 38.227 1.528 0.464 1.325 0.1
80 86 4 75.393 319.469 37.925 2.026 0.61 0.844 -2.957
81 86 4 75.398 319.187 38.086 1.989 0.54 1.352 -2.898
81 157 3 63.437 233.06 38.66 0.429 0.711 1.305 -0.003
82 157 3 63.389 232.59 38.967 0.266 0.451 0.741 0.019
82 158 1 79.109 215.862 38.087 0.747 1.718 0.695 3.136
83 157 3 63.676 232.137 38.951 0.397 0.206 0.605 0.019
83 158 1 78.336 220.004 38.07 3.609 1.775 0.829 3.099
84 157 3 63.621 231.766 38.547 0.47 0.622 1.441 0.033
84 158 1 77.58 225.42 38.507 4.373 1.923 1.734 3.118
85 157 3 63.683 231.329 38.528 0.388 0.538 1.462 0.028
85 158 1 76.656 230.957 38.552 4.442 2.004 1.689 3.12
85 160 3 65.381 217.231 37.862 0.153 0.188 0.55 -3.036
85 162 3 65.827 214.546 37.835 0.103 0.084 0.452 -3.036
85 163 3 67.409 226.182 37.906 0.099 0.103 0.311 1.051
85 165 3 65.638 215.879 37.873 0.098 0.147 0.4 -3.036
85 168 5 75.363 185.776 38.129 0.239 1.362 0.383 0.001
86 157 3 63.938 230.801 38.986 0.451 0.566 0.803 0
86 158 1 75.757 236.232 38.583 4.569 1.969 1.726 3.142
86 160 3 65.377 217.24 37.819 0.222 0.267 0.526 0
86 162 3 65.829 214.536 37.821 0.213 0.242 0.588 0
86 163 3 67.375 226.184 37.916 0.117 0.128 0.303 -0.09
86 165 3 65.556 215.875 37.907 0.203 0.183 0.545 -0
86 168 5 75.284 185.528 37.881 0.702 1.482 0.703 -0.001
86 169 5 66.001 213.165 37.901 0.193 0.28 0.57 0
86 170 5 66.778 221.566 37.91 0.127 0.142 0.306 -0.09
86 171 5 66.172 220.88 37.833 0.183 0.148 0.305 -0.09
86 172 5 65.095 220.088 37.838 0.121 0.169 0.302 -0.09
86 173 5 67.517 223.264 37.924 0.212 0.192 0.406 -1.096
87 157 3 64.13 230.331 38.65 0.427 0.628 1.597 0.745
87 158 1 74.977 241.047 38.632 4.49 1.976 1.851 3.142
87 160 3 65.33 217.211 37.883 0.273 0.267 0.632 2.966
87 162 3 65.807 214.557 37.897 0.254 0.187 0.535 2.903
87 163 3 67.372 226.165 37.917 0.184 0.19 0.34 3.034
87 165 3 65.538 215.863 37.916 0.266 0.313 0.64 3.104
87 168 5 75.359 185.169 38.256 1.569 1.985 1.471 0.005
87 169 5 66.019 213.229 37.944 0.171 0.235 0.519 -3.011
87 170 5 66.763 221.524 37.919 0.164 0.134 0.33 2.417
87 171 5 66.169 220.888 37.866 0.286 0.195 0.417 2.585
87 172 5 65.06 220.079 37.806 0.217 0.209 0.408 2.87
87 173 5 67.489 223.255 37.915 0.167 0.24 0.371 2.444
87 176 2 67.199 222.373 37.919 0.208 0.192 0.409 2.569
87 177 2 67.637 224.571 37.906 0.246 0.256 0.47 2.581
88 157 3 64.195 229.963 38.639 0.841 0.833 1.643 0.826
88 158 1 74.2 246.324 38.513 4.219 1.989 1.764 -3.142
88 160 3 65.286 217.171 37.876 0.214 0.241 0.601 2.993
88 162 3 65.757 214.517 37.875 0.206 0.201 0.585 2.993
88 163 3 67.33 226.097 37.943 0.138 0.199 0.309 3.056
88 165 3 65.525 215.834 37.884 0.251 0.229 0.588 2.993
88 168 5 75.641 184.081 38.001 3.828 1.883 1.025 -0.003
88 169 5 65.985 213.205 37.894 0.21 0.156 0.544 2.993
88 170 5 66.787 221.489 37.87 0.231 0.203 0.392 3.056
88 171 5 66.166 220.822 37.851 0.179 0.124 0.34 0.852
88 172 5 65.029 220.017 37.827 0.189 0.304 0.455 3.056
88 173 5 67.487 223.215 37.954 0.125 0.161 0.409 3.056
88 176 2 67.23 222.335 37.892 0.124 0.189 0.379 3.056
88 177 2 67.631 224.518 37.948 0.178 0.25 0.327 3.056
88 178 1 69.995 208.097 37.963 0.123 0.111 0.305 1.381
89 157 3 64.629 229.474 38.634 0.799 0.662 1.701 0.257
89 158 1 73.408 251.521 38.497 3.874 1.933 1.732 3.142
89 160 3 65.313 217.159 37.971 0.192 0.16 0.543 0
89 162 3 65.752 214.486 37.923 0.254 0.152 0.563 0
89 163 3 67.318 226.066 37.922 0.097 0.118 0.344 0
89 165 3 65.54 215.819 37.972 0.192 0.178 0.568 -0
89 168 5 75.351 185.391 38.372 1.008 1.835 1.458 -0
89 169 5 65.942 213.154 37.947 0.205 0.222 0.645 -0
89 170 5 66.737 221.461 37.883 0.141 0.198 0.303 0
89 171 5 66.178 220.811 37.875 0.159 0.256 0.435 0
89 172 5 65.074 220.015 37.812 0.159 0.279 0.388 0
89 173 5 67.436 223.179 37.99 0.136 0.123 0.338 -0
89 176 2 67.116 222.304 37.936 0.178 0.197 0.386 0
89 177 2 67.599 224.485 37.969 0.183 0.138 0.301 -0
89 178 1 69.951 208.083 37.998 0.101 0.098 0.373 -0
89 183 1 90.167 173.052 38.158 0.908 0.933 0.839 -0
90 157 3 64.965 229.135 38.618 0.657 0.574 1.59 -0.055
90 158 1 72.957 255.268 38.266 0.515 1.692 0.731 -3.109
90 160 3 65.27 217.106 37.97 0.281 0.302 0.575 -0.005
90 162 3 65.719 214.454 37.966 0.269 0.253 0.582 -0.048
90 163 3 67.24 226.04 37.996 0.16 0.204 0.305 -3.109
90 165 3 65.511 215.786 37.94 0.29 0.28 0.601 -0.005
90 168 5 75.625 183.97 38.159 3.949 1.876 1.06 0.055
90 169 5 65.993 213.149 37.976 0.297 0.268 0.576 0.046
90 170 5 66.662 221.438 37.95 0.149 0.171 0.303 2.967
90 171 5 66.11 220.751 37.879 0.236 0.204 0.385 3.027
90 172 5 64.985 219.981 37.872 0.175 0.184 0.431 2.852
90 173 5 67.379 223.159 37.948 0.232 0.176 0.423 3.06
90 176 2 67.101 222.263 37.969 0.153 0.147 0.339 2.932
90 177 2 67.506 224.434 37.955 0.257 0.244 0.304 -3.125
90 178 1 69.969 208.092 38.03 0.22 0.215 0.317 -2.824
90 183 1 90.372 171.71 38.09 3.599 0.939 1.095 -0.023
91 157 3 65.379 228.92 38.61 0.482 0.649 1.57 0.626
91 158 1 72.14 260.848 38.012 0.958 1.993 0.916 3.063
91 160 3 65.209 217.054 37.894 0.164 0.187 0.519 -2.925
91 162 3 65.693 214.422 37.92 0.18 0.182 0.617 -2.925
91 163 3 67.179 226.034 37.927 0.035 0.102 0.306 -3.102
91 165 3 65.439 215.752 37.941 0.167 0.165 0.492 -2.925
91 168 5 75.58 183.982 38.358 4.057 1.943 1.528 0.033
91 169 5 65.922 213.079 37.935 0.194 0.164 0.616 -2.925
91 170 5 66.614 221.426 37.911 0.082 0.109 0.302 2.169
91 171 5 66.057 220.712 37.88 0.1 0.143 0.388 2.169
91 172 5 64.918 219.953 37.835 0.09 0.12 0.381 2.169
91 173 5 67.387 223.146 37.906 0.217 0.188 0.305 2.943
91 176 2 67.065 222.282 37.915 0.137 0.142 0.392 2.169
91 178 1 69.922 208.042 37.997 0.109 0.126 0.319 -2.925
91 183 1 90.475 171.665 38.141 3.733 1.219 1.301 0.033
91 187 1 93.855 152.721 37.877 3.427 0.802 0.88 -3.095
92 157 3 65.798 228.587 38.6 0.564 0.493 1.671 -3.128
92 160 3 65.14 217.057 37.946 0.246 0.3 0.592 -1.881
92 162 3 65.631 214.352 37.93 0.172 0.185 0.648 -1.881
92 165 3 65.383 215.689 37.946 0.242 0.232 0.614 -1.881
92 168 5 75.652 183.822 38.372 4.408 1.9 1.588 0.064
92 169 5 65.869 213.031 37.947 0.203 0.272 0.621 -1.881
92 170 5 66.577 221.343 37.905 0.158 0.105 0.309 -0.003
92 171 5 65.951 220.708 37.861 0.23 0.138 0.421 -1.881
92 172 5 64.846 219.946 37.846 0.211 0.194 0.427 -1.881
92 173 5 67.275 223.126 37.937 0.151 0.126 0.311 -1.881
92 176 2 67.019 222.233 37.861 0.208 0.171 0.33 -0.388
92 178 1 69.897 207.985 38.011 0.188 0.171 0.397 0.095
92 183 1 90.576 171.592 38.314 3.915 1.45 1.52 0.023
92 187 1 93.591 153.679 38.021 1.877 0.812 1.236 3.141
93 157 3 66.212 228.607 38.652 0.388 0.486 1.587 3.131
93 160 3 65.078 216.994 37.886 0.161 0.241 0.488 -0
93 162 3 65.582 214.311 37.95 0.18 0.183 0.439 0
93 165 3 65.289 215.662 37.915 0.219 0.245 0.588 0
93 168 5 75.598 183.813 38.428 4.336 1.882 1.646 0.057
93 169 5 65.817 212.966 37.968 0.149 0.154 0.517 0
93 172 5 64.837 219.92 37.816 0.191 0.232 0.301 -0.036
93 176 2 66.926 222.217 37.905 0.14 0.143 0.416 0.001
93 178 1 69.862 207.973 38.013 0.17 0.225 0.407 -0
93 183 1 90.516 171.512 38.316 4.068 1.397 1.5 0
93 187 1 93.614 153.658 38.088 1.8 0.906 1.348 0
93 191 2 83.279 139.384 38.517 1.595 1.871 2.23 1.941
94 157 3 66.769 228.499 38.409 0.374 0.426 1.557 3.137
94 160 3 65.027 217.028 37.959 0.195 0.149 0.44 1.542
94 162 3 65.574 214.359 37.901 0.127 0.184 0.413 -3.07
94 165 3 65.289 215.68 37.926 0.206 0.197 0.634 -3.091
94 168 5 75.604 183.735 38.472 4.442 1.904 1.644 0.044
94 172 5 64.814 219.932 37.794 0.207 0.25 0.508 3.065
94 178 1 69.819 207.941 38.027 0.302 0.18 0.378 0.528
94 183 1 90.704 171.593 38.317 3.969 1.712 1.515 0.031
94 187 1 93.944 152.644 38.019 3.733 1.308 1.153 -3.102
94 191 2 83.021 139.228 38.482 2.366 1.974 2.272 -1.242
94 193 3 74.95 176.231 37.866 0.192 0.178 0.429 0.033
94 196 2 72.778 170.296 37.93 0.214 0.207 0.423 -3.101
94 197 1 74.437 168.154 37.835 0.175 0.224 0.533 -0.078
95 157 3 67.468 228.616 38.629 0.485 0.331 1.219 1.787
95 160 3 65.053 217.013 37.947 0.216 0.224 0.508 2.793
95 168 5 75.479 183.503 38.502 4.459 2.345 1.669 0.042
95 183 1 90.71 171.512 38.323 4.124 1.792 1.464 0.036
95 187 1 94.082 152.508 38.276 4.245 1.502 1.675 -3.135
95 191 2 82.846 139.308 38.515 2.425 1.863 2.397 1.897
95 193 3 74.958 176.217 37.89 0.152 0.252 0.284 -0.287
95 196 2 72.814 170.298 37.87 0.159 0.109 0.538 -0.033
95 197 1 74.475 168.11 37.915 0.179 0.151 0.579 0.35
95 198 5 75.135 177.181 37.9 0.219 0.191 0.361 -0.287
95 203 2 74.515 175.416 37.906 0.129 0.214 0.312 -0.287
96 157 3 68.155 228.63 38.342 0.631 0.344 1.354 0.005
96 168 5 75.659 183.33 38.501 4.529 1.962 1.646 0.06
96 183 1 90.557 171.418 38.356 4.25 1.708 1.5 0.037
96 187 1 94.245 152.404 38.253 4.612 1.821 1.632 -3.117
96 191 2 82.183 138.749 38.58 4.039 2.061 2.405 1.968
96 193 3 74.951 176.154 37.927 0.243 0.158 0.365 -2.483
96 196 2 72.783 170.249 37.843 0.248 0.301 0.606 -1.132
96 197 1 74.478 168.091 37.903 0.265 0.254 0.633 -1.132
96 198 5 75.055 177.067 37.953 0.288 0.331 0.447 -2.483
96 203 2 74.532 175.378 37.905 0.189 0.18 0.416 -2.485
96 207 4 88.142 116.164 37.827 2.346 1.066 1.323 2.617
96 208 4 74.095 174.676 37.878 0.188 0.182 0.412 -2.485
97 157 3 69.855 228.004 38.298 2.182 2.03 1.485 0.074
97 168 5 75.602 183.22 38.37 4.383 1.964 1.461 0.041
97 183 1 90.664 171.168 38.375 4.565 1.86 1.522 0.036
97 187 1 94.215 152.494 38.279 4.436 1.853 1.609 -3.102
97 191 2 81.693 138.48 38.62 5.058 2.368 2.616 1.898
97 193 3 74.898 176.062 37.912 0.217 0.243 0.378 -3.129
97 196 2 72.775 170.231 37.876 0.222 0.189 0.578 -3.132
97 197 1 74.525 168.047 37.892 0.288 0.307 0.564 -3.133
97 198 5 75.084 177.008 37.918 0.279 0.278 0.46 -3.129
97 203 2 74.529 175.317 37.872 0.259 0.36 0.435 -3.129
97 207 4 88.544 117.835 38.008 2.315 0.532 1.133 2.622
97 208 4 74.063 174.62 37.854 0.291 0.314 0.435 -3.129
97 212 1 84.616 130.967 37.835 3.088 0.206 0.976 -3.125
98 168 5 75.573 183.188 38.282 4.307 1.953 1.345 0.052
98 183 1 90.868 171.121 38.369 4.364 2.199 1.502 0.014
98 187 1 94.206 152.492 38.323 4.434 1.823 1.622 -3.088
98 191 2 81.599 138.458 38.634 5.23 2.464 2.388 1.891
98 193 3 74.827 176.077 37.88 0.178 0.203 0.301 2.928
98 196 2 72.745 170.19 37.872 0.143 0.213 0.551 -1.504
98 198 5 74.998 177.045 37.892 0.114 0.076 0.302 -0.638
98 203 2 74.461 175.298 37.871 0.13 0.172 0.375 -1.504
98 207 4 88.671 119.929 38.027 2.099 1.058 1.205 -3.112
98 208 4 73.972 174.609 37.884 0.121 0.165 0.379 -1.504
98 212 1 84.473 131.405 38.038 3.19 0.395 1.386 0.007
98 217 2 99.832 111.163 38.799 0.757 1.453 2.636 0.357
98 221 1 90.636 109.384 37.963 0.53 1.215 0.856 0.012
99 168 5 75.643 183.178 38.246 4.291 1.804 1.203 -0.017
99 183 1 90.688 170.948 38.336 4.211 1.873 1.486 0.016
99 187 1 94.149 152.441 38.347 4.527 1.85 1.632 -3.105
99 191 2 81.628 138.492 38.602 5.32 2.39 2.376 1.897
99 193 3 74.811 176.025 37.825 0.175 0.186 0.434 0.037
99 198 5 74.945 177.011 37.9 0.212 0.185 0.388 0.037
99 203 2 74.408 175.303 37.848 0.208 0.146 0.431 0.037
99 207 4 88.417 121.642 38.104 2.678 1.068 1.496 -3.027
99 208 4 73.925 174.585 37.808 0.203 0.167 0.328 0.037
99 212 1 84.268 131.309 38.025 3.856 0.778 1.352 -0.011
99 217 2 100.039 110.889 38.846 1.622 1.441 2.576 0.355
99 221 1 90.523 109.311 38.092 0.773 1.475 1.645 -0.086
99 232 1 77.7 147.24 37.784 0.252 0.289 0.514 -1.506
100 168 5 75.736 182.498 38.251 2.824 1.753 1.178 0.055
100 183 1 90.74 170.922 38.356 4.148 1.928 1.519 0.022
100 187 1 94.096 152.274 38.354 4.649 1.87 1.635 -3.133
100 191 2 81.59 138.556 38.659 5.579 2.316 2.386 1.9
100 198 5 74.902 177.039 37.86 0.125 0.242 0.304 -1.897
100 207 4 87.884 123.845 38.031 2.588 1.085 1.369 -3.102
100 212 1 83.908 131.379 38.1 3.844 1.625 1.514 -0.006
100 217 2 100.021 110.969 38.884 1.719 1.547 2.477 1.923
100 221 1 90.584 108.104 38.129 3.209 1.724 1.392 -0.023
100 232 1 77.745 147.214 37.758 0.265 0.274 0.365 -1.584
100 235 4 96.971 100.974 38.003 1.101 0.689 1.308 -3.137
101 168 5 76.034 181.522 38.044 0.801 1.346 0.91 0
101 183 1 90.716 170.806 38.322 3.928 1.966 1.497 0.019
101 187 1 94.132 152.135 38.344 4.322 1.752 1.65 -3.112
101 191 2 81.52 138.553 38.676 5.455 2.179 2.339 1.893
101 207 4 87.363 126.168 38.153 2.782 1.195 1.512 3.14
101 212 1 83.661 131.259 38.145 4.009 1.869 1.434 -0.016
101 217 2 100.095 111.003 38.712 1.476 1.814 2.855 0.336
101 221 1 90.516 108.026 38.173 3.36 2.078 1.744 3.137
101 232 1 77.685 147.163 37.808 0.242 0.246 0.426 2.91
101 235 4 96.328 105.431 38 0.992 0.781 1.278 3.075
101 236 1 77.911 119.203 38.657 3.503 1.591 0.806 -3.128
102 168 5 75.512 182.494 38.16 2.842 1.813 1.224 0.009
102 183 1 90.642 170.935 38.265 4.102 1.939 1.485 0.054
102 187 1 94.215 152.1 38.34 4.316 1.963 1.673 -3.109
102 191 2 81.561 138.456 38.625 5.433 2.278 2.259 1.921
102 207 4 86.901 128.565 38.167 2.928 1.056 1.496 -2.976
102 212 1 83.765 131.211 38.164 4.094 1.85 1.491 -0.011
102 217 2 100.184 111.021 38.771 2.031 1.545 2.875 1.908
102 221 1 90.518 108.015 38.156 3.359 1.845 1.61 0.018
102 232 1 77.6 147.157 37.789 0.256 0.258 0.519 3.107
102 235 4 95.9 109.818 38.156 1.147 0.695 1.593 -3.142
102 236 1 77.747 119.234 38.619 3.918 1.474 0.776 -3.095
103 168 5 75.628 181.338 38.097 0.478 1.19 0.32 -0.03
103 183 1 90.559 170.953 38.303 4.17 1.929 1.541 0.03
103 187 1 94.111 152.061 38.356 4.248 1.838 1.615 -3.097
103 191 2 81.455 138.397 38.67 5.527 2.33 2.341 1.899
103 207 4 86.408 131.057 38.248 3.255 1.18 1.524 -3.108
103 212 1 83.731 131.285 38.187 3.824 1.871 1.475 0.002
103 217 2 100.406 111.164 38.773 1.559 2.533 2.872 0.333
103 221 1 90.495 107.899 38.186 3.612 1.876 1.61 0.015
103 232 1 77.574 147.124 37.808 0.19 0.273 0.502 -2.948
103 235 4 95.663 113.867 38.09 1.753 0.7 1.384 2.997
103 236 1 77.779 118.967 38.553 4.312 1.879 1.228 -3.085
103 252 5 103.338 76.743 38.02 0.654 0.581 1.352 -3.109
104 168 5 75.599 181.323 38.081 0.218 0.535 0.329 3.097
104 183 1 90.296 170.816 38.06 4.01 1.158 1.067 -3.087
104 187 1 93.818 152.004 38.287 4.235 1.27 1.489 -3.1
104 191 2 81.44 138.438 38.702 5.461 2.336 2.422 1.913
104 207 4 85.956 133.874 38.236 3.111 1.101 1.524 3.122
104 212 1 83.795 130.865 38.181 4.322 1.831 1.486 -0.015
104 217 2 100.608 111.287 38.729 3.118 1.613 2.749 1.929
104 221 1 90.457 107.756 38.283 3.861 2.006 1.7 -0.015
104 235 4 95.398 118.102 38.182 1.991 0.748 1.545 2.936
104 236 1 77.983 118.698 38.547 4.306 1.71 1.346 -3.064
104 252 5 103.403 77.532 38.225 0.354 0.503 1.435 -3.069
104 258 2 84.724 104.7 38.864 3.272 0.456 2.641 -0.204
105 183 1 90.382 170.803 37.945 3.684 1.563 0.77 -3.123
105 187 1 93.443 151.932 38.262 3.807 0.504 1.534 -3.098
105 191 2 81.464 138.375 38.658 5.425 2.17 2.376 1.911
105 207 4 85.575 136.505 38.213 2.558 1.075 1.48 3.086
105 212 1 83.743 130.743 38.172 4.302 1.78 1.481 -0.009
105 217 2 100.919 111.243 38.685 3.713 2.018 2.577 1.914
105 221 1 90.444 107.713 38.254 3.986 1.903 1.662 -0.008
105 235 4 94.885 123.355 38.226 1.783 0.912 1.545 3.118
105 252 5 103.477 78.254 38.057 0.566 0.645 1.429 2.963
105 258 2 83.957 106.202 38.822 6.261 2.058 2.559 -0.196
106 183 1 90.125 170.693 38.072 3.895 1.106 1.069 -3.088
106 187 1 93.093 152.402 37.975 2.611 0.26 0.995 3.141
106 191 2 81.431 138.365 38.613 5.409 2.113 2.291 1.913
106 207 4 85.165 139.201 38.194 2.241 1.077 1.417 3.085
106 212 1 83.628 130.686 38.123 4.239 1.894 1.451 -0.002
106 217 2 101.727 111.45 38.652 5.441 2.497 2.45 1.904
106 221 1 90.457 107.623 38.325 4.176 1.939 1.731 -0.009
106 235 4 94.208 127.574 38.213 1.573 0.769 1.548 -3.003
106 252 5 103.487 79.024 38.125 0.441 0.528 1.577 3.099
106 258 2 83.956 106.778 38.755 5.063 2.13 2.421 -0.192
106 266 1 104.946 81.045 37.792 3.728 0.483 0.97 0
106 267 2 95.022 78.205 38.539 2.357 0.305 2.584 -0.008
106 270 2 108.746 58.515 38.816 2.011 1 2.262 -1.564
107 183 1 90.73 169.023 37.971 0.29 0.914 0.114 -3.101
107 191 2 81.244 138.24 38.609 5.286 2.118 2.304 1.908
107 207 4 84.676 142.063 38.18 1.837 1.099 1.465 3.079
107 212 1 83.582 130.674 38.136 4.202 2.02 1.539 -0.011
107 217 2 101.952 111.657 38.629 6.215 2.25 2.423 1.919
107 221 1 90.462 107.566 38.332 4.239 1.979 1.707 -0.016
107 235 4 93.2 132.384 38.195 2.024 0.715 1.556 -3.007
107 252 5 103.502 79.76 38.145 0.527 0.572 1.517 -3.115
107 258 2 84.015 107.933 38.695 2.603 2.126 2.23 -0.172
107 266 1 105.156 81.125 37.99 4.06 0.974 1.352 -0.021
107 267 2 94.957 78.682 38.844 4.197 0.406 2.912 -0.024
107 270 2 108.85 58.454 38.805 2.329 1.153 2.45 1.55
107 277 2 104.01 88.169 38.792 1.081 2.535 2.64 1.631
108 191 2 81.223 138.352 38.642 5.151 2.303 2.404 1.976
108 207 4 84.191 145.11 38.312 1.794 1.085 1.224 2.967
108 212 1 83.555 130.668 38.102 4.228 1.821 1.393 0.004
108 221 1 90.225 107.313 38.331 4.621 2.388 1.706 -0.005
108 235 4 92.323 137 38.22 1.68 0.674 1.423 -3.012
108 252 5 103.577 80.39 38.118 0.604 0.657 1.357 3.123
108 266 1 105.329 81.172 38.07 4.105 1.443 1.527 -0.073
108 267 2 94.707 79.302 38.808 5.501 0.612 2.888 0.021
108 270 2 109.122 58.147 38.672 2.556 1.87 2.694 -1.581
108 277 2 104.137 88.314 38.758 1.675 2.271 2.854 1.633
108 284 5 96.186 57.853 39.306 0.381 2.066 1.422 -1.549
108 287 1 100.488 47.574 38.022 4.338 0.469 1.489 -0.011
108 288 1 102.89 94.957 38.317 4.474 1.734 1.888 3.102
109 191 2 81.469 138.505 38.719 4.82 2.269 2.467 1.971
109 207 4 83.828 148.223 38.143 1.802 1.054 1.313 2.959
109 212 1 83.706 130.668 38.099 3.928 1.53 1.359 -0.051
109 221 1 90.469 107.084 38.322 4.356 2.026 1.716 -0.051
109 235 4 91.59 141.523 38.05 1.15 0.769 1.092 0.005
109 252 5 103.587 81.217 38.192 0.697 0.788 1.492 -3.106
109 266 1 105.331 81.195 38.08 4.021 1.506 1.485 -0.138
109 267 2 94.575 79.439 38.812 5.841 0.734 2.794 0.036
109 270 2 109.192 58.494 38.902 3.009 1.237 2.644 -1.641
109 277 2 104.296 88.184 38.757 1.692 2.64 2.548 1.619
109 284 5 95.8 56.642 39.347 7.618 1.598 1.726 3.142
109 287 1 100.458 47.527 38.025 4.167 0.682 1.33 -0.031
109 288 1 102.831 95.132 38.328 4.364 1.84 1.883 3.12
109 295 1 107.92 62.123 37.801 3.685 0.443 0.841 3.113
110 191 2 81.657 138.572 38.589 3.897 2.143 2.073 1.974
110 207 4 83.313 151.365 38.22 1.692 1.189 0.876 3.016
110 212 1 84.022 130.545 37.927 3.91 1.049 1.113 -0.182
110 221 1 90.416 107.002 38.3 4.193 2.046 1.715 -0.028
110 235 4 90.803 146.3 38.174 1.115 0.542 1.143 3.049
110 252 5 103.512 82.122 38.215 0.309 0.699 1.653 2.978
110 266 1 105.381 81.65 38.08 3.301 1.632 1.507 3.099
110 267 2 94.189 79.414 38.674 5.783 1.507 2.603 0.04
110 270 2 109.52 58.209 38.73 3.748 1.9 2.768 -1.686
110 277 2 104.651 88.412 38.574 2.561 2.261 2.454 1.637
110 284 5 95.276 57.828 38.931 4.408 1.997 2.479 3.124
110 287 1 100.344 47.767 38.165 3.712 0.427 1.612 0.018
110 288 1 103.043 95.051 38.344 4.254 2.292 1.851 3.074
110 295 1 108.168 62.218 38.121 3.7 1.07 1.473 3.109
110 297 1 109.112 52.881 37.925 2.88 0.195 1.121 3.097
110 300 2 100.909 107.501 38.475 1.143 0.964 2.247 1.572
110 301 4 103.402 38.255 38.22 0.567 0.664 1.241 -0.01
111 191 2 81.875 138.64 38.562 3.37 2.142 2.333 2.02
111 212 1 83.206 128.829 39.223 3.935 1.202 3.398 -1.059
111 221 1 90.547 106.976 38.309 4.167 1.688 1.69 0
111 252 5 103.482 83.026 38.245 0.754 0.785 1.683 3.142
111 266 1 105.468 81.056 38.128 4.315 1.699 1.451 -0.062
111 267 2 93.741 79.154 38.638 6.175 2.342 2.536 0.004
111 270 2 110.077 58.298 38.834 4.914 1.902 2.923 -1.63
111 277 2 105.737 88.714 38.607 5.16 2.44 2.454 1.627
111 284 5 95.149 58.396 38.868 4.039 2.105 2.831 3.128
111 287 1 100.314 47.522 38.382 4.319 0.45 1.832 -0.001
111 288 1 102.99 94.959 38.33 4.303 2.083 1.913 3.099
111 295 1 108.425 62.282 38.063 3.988 1.442 1.406 -3.14
111 297 1 109.127 52.912 37.976 3.001 0.276 1.051 0
111 300 2 99.956 107.311 38.886 0.739 1.306 2.449 1.561
111 301 4 103.41 37.481 38.369 0.708 0.493 1.028 -0.055
111 303 2 112.895 32.558 39.08 2.444 1.458 3.073 0
111 306 2 93.789 70.516 38.657 0.665 1.655 1.523 1.421
112 191 2 82.035 138.772 38.707 2.556 2.088 2.248 2.056
112 221 1 90.794 107.029 38.274 4.127 1.223 1.645 -0.054
112 252 5 103.331 83.837 38.244 0.944 0.85 1.643 -3.124
112 266 1 105.415 80.974 38.148 4.466 1.886 1.508 -0.043
112 267 2 93.731 79.17 38.604 5.969 2.415 2.389 0.013
112 270 2 110.803 58.293 38.946 6.114 1.991 3.093 -1.666
112 277 2 106.383 88.828 38.591 6.515 2.422 2.47 1.635
112 284 5 94.986 58.558 38.921 3.704 2.32 2.956 3.117
112 287 1 100.204 47.518 38.388 4.365 0.794 2.011 0.013
112 288 1 102.843 94.832 38.331 4.198 1.749 1.85 3.109
112 295 1 108.424 62.024 38.117 4.592 1.631 1.4 3.071
112 297 1 109.311 52.944 38.056 3.615 0.696 1.335 3.078
112 300 2 99.707 107.36 38.961 0.577 1.533 2.485 1.555
112 301 4 103.514 36.565 38.373 0.674 0.608 1.267 0.023
112 303 2 113.203 31.051 38.975 5.579 1.692 3.172 -0.042
112 306 2 92.135 70.122 38.582 4.436 2.425 2.461 1.42
112 309 1 95.599 62.211 37.973 0.802 0.781 1.146 -0.068
113 221 1 90.849 106.908 38.251 3.629 0.957 1.57 0
113 252 5 103.135 84.584 38.236 0.878 0.57 1.642 3.118
113 266 1 105.429 80.748 38.155 4.627 1.811 1.508 -0.046
113 267 2 93.768 79.063 38.613 6.016 2.368 2.352 0.046
113 270 2 110.698 58.268 38.864 6.285 2.224 2.835 -1.663
113 277 2 104.838 88.424 38.646 3.105 2.345 2.604 1.604
113 284 5 94.937 58.889 39.126 2.998 2.337 2.231 -3.121
113 287 1 99.803 47.539 38.452 4.244 1.403 1.842 0.008
113 288 1 102.77 94.838 38.316 4 1.696 1.889 3.107
113 295 1 108.511 62.043 38.158 4.836 1.774 1.375 3.11
113 297 1 109.363 53.008 38.127 3.655 0.805 1.37 3.115
113 300 2 100.202 107.892 39.106 1.976 2.039 2.651 1.674
113 301 4 103.519 35.589 38.428 0.633 0.553 1.137 0.008
113 303 2 113.402 29.608 39.016 8.511 1.634 3.02 -0.034
113 306 2 91.668 70.094 38.655 5.482 2.326 2.448 1.443
113 309 1 94.967 63.121 38.166 2.954 0.504 1.522 0.021
114 221 1 90.923 106.878 38.211 3.468 0.777 1.492 0.019
114 252 5 102.963 85.337 38.23 0.99 0.757 1.675 2.949
114 266 1 105.418 80.522 38.183 4.065 1.7 1.554 -0.077
114 267 2 93.702 79.057 38.678 6.257 2.522 2.484 0.029
114 270 2 110.716 58.105 38.834 6.375 2.551 2.691 -1.663
114 277 2 104.503 88.409 38.724 2.461 2.473 2.658 1.615
114 284 5 95.027 59.106 38.786 3.059 2.305 2.625 0.066
114 287 1 99.681 47.345 38.415 4.587 1.796 1.83 0.02
114 288 1 102.514 94.758 38.26 3.834 1.24 1.849 3.09
114 295 1 108.655 62.037 38.176 4.96 2.198 1.464 -3.123
114 297 1 109.561 53.143 38.195 3.877 1.424 1.424 3.125
114 300 2 100.067 107.91 39.177 1.767 2.161 2.817 1.593
114 301 4 103.529 34.485 38.244 0.932 0.593 1.469 -0.048
114 303 2 113.256 31.182 39.087 5.25 1.816 3.194 -0.023
114 306 2 90.654 70.174 38.635 7.519 2.375 2.399 1.435
114 309 1 94.338 63.653 38.22 2.62 1.489 1.552 -0.017
114 319 1 98.531 44.221 39.662 1.13 0.203 1.205 0.088
115 221 1 90.886 106.822 38.216 3.222 0.64 1.77 -0.041
115 252 5 102.755 85.941 38.167 0.556 0.631 1.539 2.94
115 266 1 105.13 80.603 38.164 3.958 1.254 1.485 0.019
115 267 2 93.787 78.999 38.767 6.099 2.23 2.635 0.034
115 270 2 110.659 58.181 38.751 6.257 2.426 2.554 -1.655
115 277 2 104.387 88.392 38.84 2.354 2.495 2.723 1.607
115 284 5 94.851 59.278 38.832 2.293 2.304 2.209 -3.133
115 287 1 99.661 47.381 38.464 4.594 1.91 1.912 -0.009
115 288 1 102.102 94.747 38.238 3.87 0.396 1.662 3.117
115 295 1 108.504 62.081 38.198 4.697 1.884 1.495 3.136
115 297 1 109.707 53.116 38.192 4.215 1.817 1.458 3.073
115 300 2 99.319 107.858 38.969 0.449 1.843 2.55 1.637
115 301 4 103.466 33.772 38.276 0.871 0.54 1.646 -0.082
115 303 2 113.662 29.542 38.967 8.622 2.208 3.069 -0.035
115 306 2 91.642 70.029 38.655 5.492 2.159 2.454 1.486
115 309 1 94.085 63.991 38.309 2.777 1.518 1.402 -0.136
115 319 1 98.352 45.153 39.725 3.038 0.189 1.175 -0
116 221 1 90.96 106.211 38.281 2.086 0.476 1.409 0.044
116 252 5 102.483 86.673 38.135 0.723 0.918 1.506 -3.132
116 266 1 104.76 80.77 38.103 3.585 0.63 1.444 3.107
116 267 2 93.611 79.076 38.871 6.426 2.538 3.012 0.024
116 270 2 110.593 58.109 38.7 6.22 2.402 2.384 -1.667
116 277 2 104.236 88.303 38.763 2.358 2.205 2.846 0.045
116 284 5 95.229 60.275 38.531 1.206 0.438 1.432 -1.528
116 287 1 99.636 47.301 38.483 4.728 1.87 1.955 0.035
116 288 1 102.319 94.785 38.28 3.826 0.879 1.75 3.142
116 295 1 108.465 61.913 38.211 4.635 1.963 1.487 3.126
116 297 1 109.709 53.058 38.196 4.425 1.864 1.521 3.136
116 300 2 99.391 108.935 39.026 4.559 1.041 2.91 -3.044
116 301 4 103.448 32.791 38.371 0.918 0.596 1.52 -0.051
116 303 2 113.541 30.925 39.048 6.06 2.384 3.104 -0.011
116 306 2 93.255 70.25 38.646 2.111 2.006 2.412 1.448
116 309 1 94.213 62.861 38.416 3.69 1.82 1.131 0.089
116 319 1 97.928 45.969 38.851 4.847 0.628 2.738 -3.113
117 221 1 91 106.905 38.112 3.562 0.417 1.495 -0.105
117 252 5 102.026 87.182 38.178 0.548 0.598 1.395 -3.023
117 267 2 93.557 79.114 38.909 6.509 2.495 2.98 0.027
117 270 2 110.591 58.195 38.673 6.22 2.165 2.327 -1.668
117 277 2 104.086 88.244 38.885 2.121 1.895 2.843 0.048
117 287 1 99.599 47.158 38.553 4.975 1.952 1.927 0.019
117 295 1 108.511 61.766 38.199 4.357 1.855 1.492 -3.115
117 297 1 109.669 52.917 38.23 4.47 1.747 1.472 3.125
117 301 4 103.549 31.701 38.337 1.34 0.587 1.458 0.027
117 303 2 113.536 31.056 39.042 5.696 2.362 3.072 0.003
117 306 2 93.64 70.627 38.817 0.728 0.874 1.202 1.63
117 319 1 97.111 46.171 38.845 5.713 2.301 2.613 -3.118
