0 1 3 76.491 49.663 37.949 0.572 0.427 1.471 -0.069
0 2 4 89.956 51.894 37.804 0.779 0.306 1.264 -3.09
0 3 3 68.255 47.134 38.039 0.751 0.601 1.718 -0.038
0 8 3 60.649 38.488 38.159 0.639 0.299 1.456 0.065
0 13 1 55.085 72.535 37.942 4.555 1.734 1.369 3.126
0 14 3 17.648 42.626 37.964 0.813 0.826 1.545 0.058
0 15 4 78.316 55.041 37.748 1.314 0.624 1.392 0.016
0 22 3 97.613 52.939 37.81 0.447 0.58 1.512 -0.025
0 25 4 84.039 53.938 37.685 1.15 0.473 1.54 -3.14
0 33 3 42.323 43.817 38.003 0.459 0.509 1.309 -3.126
0 34 1 41.487 70.942 38.112 3.853 1.587 1.78 3.118
0 35 5 116.208 59.5 37.581 0.41 0.296 0.835 3.105
0 37 5 57.314 47.528 37.31 0.125 0.157 0.346 0.287
0 38 4 54.349 40.562 38.104 1.653 0.587 1.599 -2.925
0 42 5 78.29 80.457 38.287 1.658 1.505 0.404 3.139
0 43 3 42.798 42.401 38.171 0.282 0.501 1.61 -3.085
0 45 3 97.506 51.739 37.79 0.493 0.677 1.545 -0.057
0 46 3 84.943 50.363 38.16 0.413 0.625 1.064 -0.017
0 47 3 56.386 44.801 38.016 1.077 0.766 1.671 -2.99
0 50 2 62.143 77.836 38.883 12.362 3.049 2.961 3.136
0 52 1 86.724 77.907 38.312 1.63 0.434 0.56 -3.13
0 54 3 58.977 48.297 37.335 0.132 0.233 0.4 0.075
0 55 1 72.447 76.028 38.196 3.516 1.676 0.712 -3.13
0 57 3 85.031 49.772 37.959 0.527 0.542 1.817 -0.017
0 59 3 51.323 45.096 37.979 0.418 0.421 1.502 1.483
0 61 1 21.389 66.908 37.956 3.839 1.735 1.437 3.128
0 62 4 93.064 56.221 37.569 0.894 0.704 1.352 3.137
0 63 3 60.539 39.625 38.123 0.479 0.479 1.557 0.282
0 64 1 27.124 71.348 37.954 4.189 1.66 1.343 3.121
1 1 3 75.88 49.629 37.993 0.486 0.508 1.704 3.142
1 2 4 88.979 51.778 37.832 1.009 0.415 1.523 -3.13
1 3 3 69.066 47.407 38.062 0.818 0.517 1.744 0.042
1 8 3 61.171 38.396 37.947 0.643 0.524 1.095 0.421
1 13 1 50.528 71.814 37.893 4.568 1.866 1.457 -3.101
1 14 3 18.015 42.592 38.06 1.019 0.489 1.381 2.428
1 15 4 81.479 55.7 37.74 1.36 0.524 1.576 0.221
1 22 3 98.401 53.096 37.734 0.481 0.548 1.459 -0.046
1 25 4 82.48 53.685 37.678 1.336 0.605 1.537 3.142
1 33 3 41.669 43.762 38.055 0.418 0.534 1.383 -3.043
1 34 1 37.08 70.12 38.16 3.859 1.645 1.896 -3.114
1 35 5 114.558 59.315 37.372 0.644 0.575 0.936 -3.109
1 37 5 57.344 47.534 37.336 0.168 0.148 0.419 0
1 38 4 53.617 40.073 38.116 1.284 0.684 1.567 -2.518
1 42 5 74.527 79.769 38.18 3.849 1.626 0.982 3.123
1 43 3 42.217 42.211 38.112 0.426 0.627 1.673 -3.043
1 45 3 98.066 51.821 37.789 0.469 0.301 1.297 -0.004
1 46 3 85.763 49.8 37.859 0.517 0.65 1.488 0.041
1 47 3 55.812 44.617 38.027 0.887 0.891 1.665 -2.706
1 50 2 59.957 77.441 38.871 12.254 3.076 2.956 -3.125
1 52 1 83.824 77.972 38.317 2.448 1.524 0.722 3.123
1 54 3 58.992 48.312 37.345 0.162 0.12 0.424 -0
1 55 1 68.021 75.16 38.156 3.792 1.779 0.827 -3.094
1 57 3 85.436 50.409 38.012 0.749 0.908 1.819 0.041
1 59 3 51.402 44.993 37.963 0.515 0.491 1.595 1.107
1 61 1 16.822 65.994 37.921 3.95 1.672 1.169 -3.089
1 62 4 91.307 56.037 37.929 0.394 0.237 0.243 -0.007
1 63 3 61.209 39.533 38.19 0.533 0.849 1.577 0.421
1 64 1 23.239 70.646 37.821 3.995 1.687 1.188 -3.118
1 72 4 52.004 27.202 38.169 1.471 0.618 1.285 -2.915
2 1 3 75.432 49.416 37.998 0.621 0.567 1.629 3.123
2 2 4 87.714 51.584 37.938 0.516 0.527 1.246 3.102
2 3 3 69.795 47.534 38.075 0.831 0.65 1.732 0.364
2 8 3 61.817 38.459 38.154 0.359 0.412 1.535 -2.35
2 13 1 45.985 70.953 37.889 4.39 1.806 1.378 -3.137
2 14 3 18.413 42.535 37.98 1.162 0.705 1.256 -0.898
2 15 4 84.698 56.249 37.752 1.251 0.61 1.413 0.019
2 22 3 98.975 53.092 37.627 0.165 0.569 0.853 -0.007
2 25 4 80.988 53.4 37.771 1.698 0.579 1.649 3.123
2 33 3 40.935 43.576 37.995 0.44 0.416 1.521 0.495
2 34 1 32.66 69.314 38.175 3.788 1.578 1.836 -3.133
2 35 5 113.002 59.013 37.558 0.701 0.587 1.267 -3.111
2 37 5 57.374 47.493 37.321 0.191 0.156 0.371 -0.001
2 38 4 53.141 39.86 38.127 1.453 0.778 1.532 -2.381
2 42 5 71.702 79.227 38.209 4.083 1.806 1.078 3.12
2 43 3 41.538 42.162 38.192 0.422 0.537 1.617 0.039
2 45 3 98.812 52.157 37.834 0.331 0.392 1.331 -0.007
2 46 3 86.435 49.928 38.051 0.393 0.479 1.777 -0.035
2 47 3 55.104 44.454 38.007 0.538 0.742 1.627 -2.364
2 50 2 57.975 76.954 38.938 11.809 2.966 2.894 3.135
2 52 1 79.808 77.382 38.464 2.672 1.686 0.618 3.091
2 54 3 59.047 48.304 37.362 0.136 0.203 0.378 -0.083
2 55 1 63.849 74.257 38.123 3.867 1.803 0.928 -3.125
2 57 3 86.179 50.485 37.994 0.819 0.656 1.719 -0.021
2 59 3 51.474 44.965 37.956 0.39 0.442 1.529 0.773
2 61 1 12.201 65.126 37.935 3.684 1.937 1.137 3.105
2 62 4 89.265 55.43 37.59 0.835 0.586 1.374 -3.122
2 63 3 61.872 39.607 38.148 0.566 0.909 1.531 -2.35
2 64 1 19.155 69.826 37.706 3.888 1.539 0.882 3.137
2 72 4 51.91 27.12 38.218 1.436 0.672 1.181 -3.099
2 77 3 55.802 24.939 38.272 0.246 0.497 1.461 -2.998
2 81 1 44.284 0 38.092 4.031 0.99 0.667 -1.586
3 1 3 74.689 49.389 37.999 0.599 0.567 1.748 2.486
3 2 4 86.82 51.496 37.822 1.343 0.554 1.258 0.024
3 3 3 70.519 47.763 38.037 0.824 0.594 1.71 0.068
3 8 3 62.177 38.367 38.186 0.48 0.382 1.357 -0.231
3 13 1 41.432 70.186 37.884 4.038 1.798 1.431 3.125
3 14 3 18.703 42.823 38.047 0.756 0.539 1.425 3.09
3 15 4 88.01 56.701 37.745 1.327 0.642 1.627 0.078
3 22 3 99.611 53.112 37.726 0.13 0.284 0.749 -0.143
3 25 4 79.479 53.252 37.757 1.725 0.63 1.629 3.048
3 33 3 40.243 43.534 38.019 0.461 0.596 1.542 3.131
3 34 1 28.209 68.492 38.061 3.716 1.658 1.767 -3.136
3 35 5 111.353 58.74 37.406 0.848 0.619 1.071 -3.119
3 37 5 57.376 47.479 37.324 0.174 0.123 0.398 3.113
3 38 4 52.762 39.611 38.125 1.364 0.64 1.617 0.237
3 42 5 69.307 78.722 38.253 4.21 1.688 0.996 -3.141
3 43 3 40.972 41.994 38.148 0.43 0.591 1.555 3.131
3 45 3 99.393 52.282 37.852 0.512 0.488 1.386 -0.015
3 46 3 87.148 50.101 38.021 0.517 0.618 1.766 0.027
3 47 3 54.542 44.276 38.013 0.632 0.859 1.604 -3.119
3 50 2 55.682 76.616 38.965 11.869 2.863 3.001 3.126
3 52 1 75.28 76.365 38.297 4.086 1.791 1.03 3.113
3 54 3 59.048 48.279 37.329 0.221 0.145 0.36 3.113
3 55 1 59.755 73.525 38.139 3.613 1.809 0.893 3.118
3 57 3 86.768 50.619 38.014 0.589 0.649 1.808 0.007
3 59 3 51.464 44.973 37.95 0.469 0.568 1.564 0.749
3 61 1 8.438 64.426 37.831 0.931 1.7 0.934 3.134
3 62 4 87.517 55.105 37.617 1.28 0.686 1.403 -3.137
3 63 3 62.242 39.746 38.116 0.471 0.6 1.542 0.304
3 64 1 15.127 69.022 37.715 3.563 1.401 0.77 3.123
3 72 4 52.03 27.066 38.336 1.521 0.823 1.298 -2.901
3 77 3 55.489 25.258 38.314 0.31 0.282 1.244 -3.027
3 81 1 43.37 3.965 38.267 3.797 1.402 1.123 1.548
3 82 5 96.88 79.487 38.132 2.209 0.295 0.338 3.142
3 83 3 105.015 54.496 37.683 0.445 0.379 1.302 -0.05
3 86 5 85.535 74.928 38.204 1.455 0.272 0.147 0.005
4 1 3 74.127 49.204 38.037 0.677 0.549 1.688 3.128
4 2 4 85.481 51.186 37.828 1.762 0.66 1.403 -3.138
4 3 3 71.066 47.817 38.032 1.007 0.595 1.652 -0.061
4 8 3 62.456 38.28 38.15 0.537 0.34 1.441 -1.73
4 13 1 36.619 69.289 37.845 4.137 1.704 1.198 3.101
4 14 3 18.774 42.752 37.983 0.563 0.396 1.473 -0.788
4 15 4 91.637 57.234 37.719 1.748 0.646 1.547 -3.13
4 22 3 100.238 53.229 37.824 0.483 0.513 1.241 -0.098
4 25 4 77.953 53.153 37.771 1.806 0.669 1.618 3.093
4 33 3 39.612 43.346 38.063 0.524 0.4 1.322 -3.132
4 34 1 23.663 67.604 38.228 3.615 1.704 1.656 3.094
4 35 5 110.054 58.446 37.529 1.174 0.627 1.171 -3.139
4 37 5 57.393 47.446 37.3 0.137 0.14 0.352 2.724
4 38 4 52.557 39.372 38.176 0.378 0.464 1.288 2.623
4 42 5 67.05 78.288 38.205 4.09 1.949 1.03 3.092
4 43 3 40.252 41.941 38.136 0.466 0.548 1.542 1.433
4 45 3 100.156 52.411 37.856 0.362 0.137 0.69 -0.057
4 46 3 87.771 50.178 37.95 0.372 0.512 1.508 0.022
4 47 3 53.72 43.997 38 0.963 0.721 1.56 2.76
4 50 2 53.284 76.176 38.984 11.818 2.885 2.662 3.103
4 52 1 71.528 75.679 38.237 4.507 1.688 1.109 3.124
4 55 1 55.399 72.665 38.206 3.417 1.47 0.885 3.12
4 57 3 87.685 50.897 38.004 0.901 0.549 1.777 0.02
4 59 3 51.497 44.89 37.977 0.414 0.291 1.4 -3.104
4 62 4 85.639 54.796 37.64 1.493 0.658 1.432 -3.124
4 63 3 62.724 39.853 38.149 0.562 0.403 1.491 -2.173
4 72 4 51.749 27 38.218 0.698 0.996 1.065 -1.667
4 77 3 55.344 25.927 38.336 0.441 0.252 1.32 0.01
4 81 1 43.188 7.808 38.163 4.008 0.721 0.645 1.501
4 82 5 92.247 78.918 38.311 1.44 0.231 0.073 3.055
4 83 3 105.616 54.415 37.832 0.306 0.554 1.445 -0.042
4 86 5 81.285 74.601 38.298 2.658 1.368 0.515 3.108
4 88 5 79.1 87.003 38.2 0.662 0.6 0.597 -3.098
4 90 3 132.375 59.599 37.763 0.345 0.364 1.161 0.057
5 1 3 73.572 49.192 38.024 0.671 0.547 1.726 -3.138
5 2 4 84.344 50.935 37.888 1.676 0.749 1.547 3.018
5 3 3 71.849 47.94 38.018 0.948 0.606 1.674 0.004
5 8 3 62.654 38.037 38.118 0.746 0.21 1.503 -1.524
5 13 1 31.941 68.504 37.945 3.998 1.741 1.426 3.096
5 14 3 19.153 42.863 38.04 1.029 0.586 1.104 -0.509
5 15 4 94.708 57.702 37.772 1.22 0.501 1.537 0.109
5 22 3 100.957 53.191 37.689 0.472 0.56 1.346 -0.116
5 25 4 76.584 53.002 37.785 1.819 0.698 1.626 3.082
5 33 3 38.921 43.23 38.024 0.315 0.456 1.27 -3.128
5 34 1 18.992 66.518 38.062 3.437 1.56 1.513 -3.141
5 35 5 108.258 58.12 37.616 0.796 0.628 1.355 3.094
5 38 4 52.016 39.087 38.097 1.257 0.56 1.371 -3.038
5 42 5 64.06 77.802 38.412 2.853 1.63 0.751 3.059
5 43 3 39.559 41.786 38.108 0.446 0.632 1.507 3.024
5 45 3 100.942 52.506 37.794 0.749 0.468 1.517 -0.116
5 46 3 88.496 50.391 38.041 0.472 0.514 1.759 -0.089
5 47 3 53.025 43.93 37.948 0.72 0.641 1.535 2.765
5 50 2 50.797 75.766 38.933 11.697 2.705 2.803 3.071
5 52 1 67.555 74.986 38.217 4.344 1.723 1.311 3.12
5 54 3 59.095 48.222 37.284 0.186 0.137 0.382 -2.992
5 55 1 51.106 71.995 38.265 2.723 1.917 0.697 3.069
5 57 3 88.304 50.962 38.018 0.674 0.83 1.831 -0.089
5 59 3 51.44 44.909 37.86 0.291 0.518 1.461 -1.796
5 62 4 83.66 54.385 37.67 1.497 0.667 1.481 3.018
5 63 3 63.201 39.858 38.116 0.554 0.54 1.506 -2.429
5 72 4 51.526 26.787 38.15 0.48 0.623 1.208 3.07
5 77 3 55.405 26.547 38.271 0.215 0.311 0.928 -1.923
5 81 1 42.527 11.382 37.92 4.23 1.004 0.74 1.481
5 82 5 88.061 78.214 38.323 1.802 0.114 0.206 3.055
5 83 3 106.226 54.461 37.887 0.477 0.689 1.543 -0.056
5 86 5 78.45 74.014 38.339 2.662 1.671 0.575 3.126
5 88 5 76.76 86.724 38.153 0.833 0.68 0.732 3.114
5 90 3 132.453 59.737 37.888 0.418 0.506 1.147 0.044
5 94 3 69.887 89.745 38.059 0.503 0.267 1.043 -0.108
5 95 3 65.386 88.021 37.948 0.804 0.464 1.575 -0.08
6 1 3 72.907 49.056 38.014 0.644 0.615 1.695 -3.056
6 2 4 83.422 50.756 37.895 1.664 0.679 1.582 -3.069
6 3 3 72.54 47.965 37.965 0.773 0.635 1.412 -3.093
6 8 3 62.875 37.791 38.127 0.585 0.365 1.556 -1.107
6 13 1 27.121 67.654 37.903 3.762 1.734 1.106 3.092
6 15 4 98.206 58.221 37.683 1.449 0.721 1.589 0.145
6 22 3 101.613 53.556 37.859 0.315 0.277 0.99 3.129
6 25 4 74.997 52.956 37.79 1.938 0.692 1.679 2.866
6 33 3 38.287 43.013 37.953 0.542 0.553 1.365 -0.117
6 35 5 106.726 57.791 37.631 0.877 0.638 1.349 -2.976
6 38 4 51.648 38.856 38.117 0.405 0.842 1.366 2.632
6 42 5 63.66 77.7 38.03 1.224 1.695 1.452 3.092
6 43 3 38.996 41.668 38.123 0.656 0.519 1.504 -0.117
6 45 3 101.332 52.416 37.828 0.696 0.531 1.552 -0.016
6 46 3 89.081 50.7 38.028 0.358 0.588 1.784 0.023
6 47 3 52.375 43.672 37.931 0.671 0.654 1.523 -2.994
6 50 2 48.028 75.258 39.031 11.924 2.618 2.781 3.087
6 52 1 63.753 74.278 38.262 3.64 1.577 1.031 3.087
6 55 1 46.396 71.06 38.234 2.955 1.625 0.743 3.092
6 57 3 88.952 51.287 38.063 0.694 0.568 1.866 0.023
6 59 3 51.443 44.832 37.907 0.592 0.34 1.275 -3.085
6 62 4 82.081 54.115 37.688 1.557 0.715 1.445 3.052
6 63 3 63.772 40.019 38.032 0.458 0.532 1.537 -0.359
6 72 4 51.448 26.813 38.394 0.454 0.492 0.847 1.06
6 77 3 55.043 27.092 38.188 0.654 0.482 1.231 0.745
6 82 5 82.465 77.838 38.131 3.596 1.406 0.886 3.087
6 83 3 106.781 54.472 37.776 0.565 0.602 1.573 0.043
6 86 5 75.229 73.5 38.244 2.973 1.389 0.764 3.087
6 88 5 74.335 86.299 37.805 1.69 0.582 1.266 -3.111
6 90 3 132.699 59.629 37.711 0.503 0.399 1.046 0.149
6 94 3 69.243 89.538 38.319 0.349 0.297 0.643 -3.107
6 95 3 65.966 88.027 38.279 0.413 0.262 0.652 -3.09
7 1 3 72.211 49.009 38.014 0.666 0.534 1.616 3.142
7 2 4 82.278 50.494 37.902 1.642 0.605 1.535 3.142
7 3 3 73.413 48.079 38.015 0.869 0.581 1.582 0
7 8 3 62.922 37.642 38.698 0.181 0.165 0.377 0.633
7 15 4 101.75 58.875 37.696 1.695 0.601 1.599 0.004
7 22 3 102.293 53.463 37.87 0.672 0.786 1.542 0
7 25 4 73.591 52.73 37.815 1.743 0.686 1.673 3.142
7 33 3 37.636 42.844 38.127 0.24 0.392 0.913 0.001
7 35 5 105.02 57.487 37.597 1.743 0.65 1.496 3.142
7 38 4 51.387 37.913 38.259 0.604 0.471 0.981 2.571
7 42 5 60.291 77.037 38.316 2.725 1.677 1.027 3.106
7 43 3 38.173 41.552 38.106 0.285 0.512 0.927 -0.076
7 45 3 101.941 52.614 37.866 0.722 0.601 1.507 -0.004
7 46 3 89.678 50.755 37.989 0.857 0.437 1.633 -0.002
7 47 3 51.676 43.744 37.924 0.455 0.613 1.436 2.926
7 50 2 45.354 74.798 39.019 11.801 2.714 2.586 3.096
7 52 1 59.426 73.586 38.273 3.695 1.693 1.043 3.106
7 55 1 42.358 70.249 38.295 1.504 1.234 0.677 3.096
7 57 3 89.438 51.362 38.083 0.612 0.622 1.842 -0
7 59 3 51.48 44.783 37.968 0.443 0.326 1.445 -2.447
7 62 4 80.076 53.822 37.708 1.482 0.656 1.475 3.142
7 63 3 64.197 40.191 38.045 0.423 0.425 1.468 -2.887
7 72 4 51.429 26.799 38.429 0.336 0.38 0.829 0.056
7 77 3 54.876 27.957 38.545 0.286 0.331 0.504 -1.842
7 82 5 78.285 77.164 38.166 3.469 1.505 0.754 3.107
7 83 3 107.507 54.645 37.877 0.825 0.605 1.63 0
7 88 5 72.173 85.815 38.192 0.458 0.149 0.527 0
7 90 3 132.777 59.531 37.748 0.25 0.395 1.445 -0.161
7 94 3 68.375 89.397 37.912 0.623 0.594 1.317 3.142
7 95 3 66.51 88.155 38.055 0.541 0.419 1.216 0
8 1 3 71.631 48.89 38.253 0.457 0.585 1.142 -0.016
8 2 4 81.189 50.256 37.905 1.665 0.595 1.539 3.105
8 3 3 74.15 48.098 38.011 0.892 0.672 1.603 -0.02
8 15 4 105.168 59.518 37.678 1.708 0.696 1.599 -0.024
8 22 3 102.868 53.556 37.812 0.773 0.682 1.488 -0.027
8 25 4 72.467 52.453 37.812 1.008 0.548 1.648 -3.124
8 33 3 36.941 42.621 38.135 0.32 0.458 1.079 -0.055
8 35 5 103.836 57.258 37.54 1.841 0.68 1.275 -0.028
8 38 4 51.204 37.226 38.253 0.345 0.583 1.225 2.981
8 42 5 57.925 76.441 38.689 2.217 0.729 0.298 -3.124
8 43 3 37.42 41.47 38.123 0.317 0.544 1.061 -0.021
8 45 3 102.598 52.628 37.87 0.815 0.669 1.56 0.02
8 46 3 90.388 50.889 38.044 0.736 0.683 1.787 0.188
8 47 3 50.879 43.501 37.951 0.486 0.414 1.509 -3.016
8 50 2 42.551 74.318 39.105 11.955 2.737 2.695 3.106
8 52 1 55.755 72.929 38.365 2.298 1.794 0.852 3.107
8 55 1 37.768 69.458 38.309 0.656 1.438 0.393 3.113
8 57 3 90.051 51.578 38.076 0.717 0.713 1.842 0.211
8 59 3 51.557 44.812 37.878 0.379 0.279 1.259 2.559
8 62 4 78.159 53.5 37.677 1.375 0.663 1.521 3.123
8 63 3 64.57 40.214 38.64 0.237 0.206 0.44 -2.057
8 82 5 74.622 76.586 38.393 2.509 1.518 0.51 3.136
8 83 3 107.868 54.707 37.762 0.484 0.53 1.415 -0.05
8 88 5 69.704 85.397 38.219 0.763 0.558 0.825 -3.142
8 90 3 132.945 59.483 37.666 0.426 0.314 1.592 -2.564
8 94 3 67.725 89.093 38.14 0.536 0.276 0.985 -3.101
8 95 3 67.001 88.064 38.006 0.282 0.304 1.113 3.077
8 107 4 147.225 65.419 37.359 0.63 0.323 1.443 3.14
9 1 3 70.859 48.795 37.923 0.62 0.575 1.661 0.037
9 2 4 80.046 49.997 37.903 1.683 0.48 1.572 -3.104
9 3 3 74.848 48.37 37.952 0.527 0.34 1.339 0.037
9 15 4 107.909 60.026 37.683 1.69 0.637 1.588 0.085
9 22 3 103.497 53.65 37.842 0.693 0.764 1.556 0.037
9 25 4 71.03 51.883 37.725 1.113 0.695 1.486 -3.057
9 35 5 102.273 57 37.686 1.901 0.785 1.597 3.14
9 38 4 51.25 36.285 38.297 0.902 0.475 0.999 1.613
9 45 3 103.202 52.84 37.88 0.709 0.517 1.607 0.037
9 46 3 91.07 50.926 37.986 0.637 0.615 1.71 0.037
9 50 2 39.684 73.77 38.929 11.464 2.894 2.246 3.109
9 52 1 52.196 71.935 38.342 0.661 1.023 0.382 3.142
9 57 3 90.785 51.696 38.045 0.857 0.638 1.898 0.037
9 59 3 51.5 44.745 37.932 0.387 0.31 1.399 -0.391
9 62 4 76.256 53.182 37.589 1.348 0.724 1.338 -3.057
9 63 3 64.919 40.279 38.155 0.389 0.27 1.334 1.121
9 83 3 108.639 54.923 38.513 0.4 0.448 0.347 0.038
9 90 3 133.339 59.555 37.536 0.547 0.522 1.079 -1.901
9 107 4 145.56 65.103 37.554 0.741 0.431 0.576 3.088
9 109 3 137.288 61.759 37.422 0.735 0.546 0.775 -2.605
10 1 3 70.138 48.655 37.996 0.415 0.518 1.424 3.095
10 2 4 78.98 49.84 37.842 1.677 0.576 1.443 3.074
10 3 3 75.843 48.369 38.102 0.366 0.545 1.23 -0.006
10 15 4 111.404 60.555 37.68 1.791 0.679 1.614 -0.036
10 22 3 104.226 53.8 37.861 0.91 0.563 1.536 0.056
10 25 4 69.676 51.455 37.793 0.61 0.475 1.442 0.002
10 35 5 100.566 56.596 37.71 1.85 0.891 1.616 -3.111
10 45 3 103.844 52.907 37.887 0.754 0.503 1.596 -0.003
10 46 3 91.656 51.111 38.01 0.877 0.649 1.751 0
10 57 3 91.511 51.896 38.064 0.932 0.886 1.863 -0.002
10 59 3 51.622 44.675 38.225 0.202 0.432 0.735 2.922
10 62 4 74.414 52.795 37.563 1.234 0.659 1.219 -3.137
10 63 3 65.28 40.283 38.063 0.265 0.202 0.975 -0.07
10 83 3 109.263 55.041 38.55 0.413 0.299 0.357 0.016
10 90 3 133.506 59.456 37.67 0.645 0.588 1.644 0.219
10 107 4 143.635 64.734 37.416 0.741 0.435 1.563 -3.118
10 109 3 137.322 61.744 37.444 0.806 0.395 0.776 0.096
11 1 3 69.42 48.451 38.026 0.232 0.368 1.177 -0
11 2 4 77.853 49.653 37.992 1.469 0.52 1.34 -3.124
11 3 3 76.684 48.378 38.025 0.795 0.537 1.592 -0.006
11 15 4 114.904 61.132 37.707 1.745 0.714 1.616 0.003
11 22 3 104.934 54.087 37.873 0.638 0.318 1.568 0
11 25 4 68.417 50.899 38.199 0.396 0.559 0.266 0
11 35 5 98.921 56.42 37.726 1.759 0.55 1.557 -3.124
11 45 3 104.585 53.046 37.891 0.903 0.567 1.463 0.111
11 46 3 92.49 51.112 37.993 0.831 0.796 1.688 -0.021
11 57 3 92.138 52.087 37.932 0.607 0.353 1.342 -0.018
11 62 4 72.791 52.444 37.59 0.795 0.596 1.312 0.038
11 63 3 65.711 40.344 38.342 0.239 0.425 0.737 0.086
11 83 3 109.873 55.246 37.914 0.366 0.595 1.67 0.487
11 107 4 141.996 64.314 37.525 1.266 0.623 1.553 3.142
11 109 3 137.333 61.737 37.384 0.813 0.432 0.856 0.086
12 1 3 68.689 48.382 38.01 0.282 0.257 1.084 3.036
12 2 4 77.005 49.53 37.917 0.499 0.444 1.36 3.118
12 3 3 77.414 48.436 38.231 0.496 0.547 1.122 -0.024
12 15 4 118.35 61.774 37.693 1.752 0.723 1.584 0.035
12 22 3 105.604 54.039 38.449 0.157 0.273 0.306 0.071
12 25 4 67.097 50.472 37.864 0.439 0.458 0.771 2.988
12 35 5 97.392 56.15 37.651 1.804 0.563 1.436 -3.101
12 45 3 105.224 53.105 38.416 0.206 0.168 0.327 0.071
12 46 3 93.029 52.09 37.971 0.957 0.767 1.707 -0.023
12 62 4 71.167 52.25 37.713 0.695 0.615 1.17 3.117
12 83 3 110.392 55.463 37.888 0.757 0.599 1.639 0.009
12 107 4 139.677 63.917 37.481 1.177 0.659 1.483 -3.139
12 109 3 137.318 61.708 37.449 0.79 0.451 0.885 0.051
13 1 3 68.159 48.11 37.946 0.621 0.302 1.228 -0.099
13 3 3 78.069 48.544 37.921 0.752 0.705 1.337 -0.005
13 15 4 121.775 62.329 37.703 1.801 0.969 1.58 0.012
13 35 5 95.762 55.87 37.717 1.766 0.653 1.42 -3.13
13 46 3 93.425 52.241 37.82 0.489 0.249 1.312 0.005
13 83 3 110.925 55.704 37.945 0.485 0.578 1.653 1.71
13 107 4 137.938 63.591 37.602 1.592 0.76 1.628 -3.13
13 109 3 137.316 61.661 37.481 0.754 0.56 0.994 0.005
14 3 3 78.884 48.628 38.283 0.223 0.522 0.959 3.04
14 15 4 125.238 62.995 37.673 1.789 0.802 1.589 0.081
14 35 5 94.172 55.642 37.663 1.227 0.593 1.51 -3.103
14 46 3 94.521 51.203 37.979 0.298 0.573 1.594 0.034
14 83 3 111.451 55.992 37.896 0.797 0.941 1.648 -0.041
14 107 4 136.038 63.237 37.625 1.711 0.676 1.699 3.089
14 115 3 177.836 67.042 37.567 0.26 0.294 1.084 3.128
15 15 4 128.704 63.6 37.681 1.805 0.787 1.629 0.008
15 35 5 92.918 55.496 37.682 0.85 0.58 1.382 0.05
15 46 3 95.171 51.335 37.964 0.507 0.648 1.673 0.062
15 83 3 112.025 56.092 37.882 0.853 0.457 1.634 0.083
15 107 4 134.16 62.934 37.704 1.734 0.686 1.662 -3.09
15 115 3 177.211 66.973 37.587 0.28 0.244 1.679 -3.083
16 15 4 132.109 64.101 37.668 1.688 0.716 1.595 -0.005
16 35 5 91.206 55.19 37.551 0.711 0.399 1.317 3.104
16 83 3 112.856 55.957 37.84 0.521 0.428 1.541 3.082
16 107 4 132.249 62.611 37.674 1.714 0.615 1.686 -3.029
16 115 3 176.664 66.806 37.525 0.39 0.38 1.451 -3.098
16 120 1 169.366 90.258 37.297 4.213 1.202 0.639 3.136
17 15 4 135.578 64.575 37.665 1.717 0.749 1.625 -0.04
17 83 3 113.466 56.064 37.866 0.386 0.603 1.762 0.121
17 107 4 130.376 62.198 37.673 1.583 0.578 1.69 3.141
17 115 3 176.149 66.64 37.625 0.537 0.471 1.374 3.058
17 120 1 164.266 89.667 37.52 4.269 1.678 0.916 -3.14
17 122 1 178.602 97.044 37.003 3.651 1.576 0.58 -3.14
17 124 4 158.544 95.632 37.262 1.372 0.439 0.982 -3.14
18 15 4 139.021 64.976 37.618 1.625 0.671 1.583 0
18 83 3 114.024 56.196 37.821 0.407 0.55 1.501 0.083
18 107 4 128.579 61.766 37.626 1.541 0.652 1.59 3.142
18 115 3 175.745 66.445 37.676 0.606 0.394 1.589 3.092
18 120 1 159.294 88.757 37.496 4.386 1.41 0.792 3.133
18 122 1 174.867 96.525 37.268 4.262 1.513 1.232 3.125
18 124 4 155.052 94.825 37.365 0.842 0.175 0.414 3.092
19 15 4 142.441 65.489 37.599 1.712 0.604 1.565 0.004
19 83 3 114.658 56.167 38.196 0.241 0.4 0.579 -0.083
19 107 4 126.934 61.389 37.673 0.723 0.577 1.476 -0.003
19 115 3 175.152 66.243 37.719 0.7 0.578 1.711 -3.107
19 120 1 153.316 87.417 37.606 4.496 0.602 0.946 3.138
19 122 1 171.306 95.966 37.475 4.184 1.617 1.428 3.138
19 124 4 161.581 95.43 37.465 2.262 1.458 1.119 3.133
19 128 1 158.298 92.022 37.479 5.116 1.336 1.204 -3.112
19 130 5 185.079 96.725 37.194 0.395 0.705 0.219 -3.11
20 15 4 145.819 65.941 37.594 1.561 0.659 1.441 0.014
20 107 4 125.074 60.781 37.5 0.5 0.499 1.34 0.042
20 115 3 174.617 65.958 37.75 0.79 0.631 1.7 -3.103
20 120 1 148.18 87.136 37.612 4.058 1.687 1.184 3.122
20 122 1 167.822 95.354 37.52 4.83 1.611 1.472 -3.112
20 124 4 158.231 94.757 37.413 2.999 1.125 1.018 3.118
20 128 1 155.412 91.627 37.628 4.482 1.775 1.478 -3.114
20 130 5 183.176 96.367 37.422 4.22 1.412 0.993 -3.097
20 136 1 200.706 100.007 36.962 3.108 1.745 0.553 -3.087
21 15 4 149.25 66.474 37.592 1.556 0.632 1.607 -0.177
21 107 4 123.093 60.212 37.538 1.608 0.482 1.255 -0.019
21 115 3 174.17 65.817 37.738 0.893 0.61 1.682 3.004
21 120 1 143.699 86.362 37.44 2.095 1.356 0.584 3.11
21 122 1 164.627 94.825 37.506 4.363 1.754 1.364 -3.126
21 124 4 154.806 94.344 37.366 3.943 1.446 1.045 3.129
21 128 1 152.785 91.058 37.458 4.407 1.823 1.162 -3.097
21 130 5 179.068 95.833 37.429 4.29 1.745 1.245 -3.12
21 136 1 195.98 99.343 37.277 3.415 1.509 0.999 3.122
21 141 1 210.282 100.95 37.255 3.407 1.303 0.546 3.113
21 143 3 223.981 74.541 37.21 0.536 0.506 1.425 0.202
21 144 3 171.291 105.032 37.447 0.437 0.368 1.445 1.452
22 15 4 152.667 66.953 37.553 1.592 0.633 1.574 0.065
22 107 4 121.668 59.833 37.685 0.994 0.528 1.511 3.08
22 115 3 173.643 65.782 37.787 0.669 0.516 1.705 3.065
22 122 1 161.685 94.321 37.569 4.415 1.752 1.48 -3.138
22 124 4 151.805 93.943 37.566 3.95 1.569 1.335 -3.13
22 128 1 150.188 90.27 37.427 4.085 1.516 1.175 -3.04
22 130 5 175.944 95.302 37.499 4.776 1.725 1.441 -3.098
22 136 1 190.311 98.654 37.42 3.489 1.596 1.483 3.104
22 141 1 204.633 100.37 37.072 3.212 2.03 1.142 3.102
22 143 3 222.688 74.299 37.345 0.767 0.407 1.28 0.031
22 144 3 171.874 105.123 37.447 0.701 0.637 1.495 1.291
22 146 3 220.88 74.757 37.44 0.643 0.448 1.169 3.114
22 147 3 184.1 107.78 37.458 0.669 0.521 1.581 0.646
22 148 3 218.961 74.187 37.37 0.374 0.221 0.924 -3.086
23 15 4 156.103 67.458 37.534 1.593 0.709 1.551 -0.004
23 115 3 173.035 65.565 37.768 0.779 0.496 1.686 -3.064
23 122 1 158.686 93.76 37.57 4.36 1.451 1.457 -3.14
23 124 4 148.855 93.446 37.384 3.933 1.635 1.015 -3.102
23 128 1 147.589 89.532 37.571 3.805 1.35 0.842 -3.059
23 130 5 172.911 94.881 37.567 4.701 1.874 1.482 -3.107
23 136 1 185.943 98.161 37.435 3.434 1.591 1.371 3.119
23 141 1 200.653 99.437 37.355 4.186 1.596 1.342 -3.113
23 143 3 221.502 74.015 37.434 0.781 0.495 1.711 -3.08
23 144 3 172.583 104.996 37.403 0.359 0.53 1.268 2.243
23 146 3 219.652 74.593 37.366 1.053 0.459 1.403 -3.136
23 147 3 184.69 107.851 37.518 0.715 0.654 1.579 -0.638
23 148 3 217.841 74.054 37.544 0.559 0.307 1.111 -3.09
23 151 5 217.965 102.651 37.162 0.323 0.804 0.361 -3.114
24 15 4 159.535 67.946 37.515 1.32 0.735 1.459 0.052
24 115 3 172.51 65.523 37.765 0.549 0.503 1.546 0.04
24 122 1 156.834 93.55 37.61 1.935 1.578 1.327 -3.062
24 124 4 147.121 93.101 37.437 1.29 1.423 0.911 -3.098
24 128 1 146.171 89.338 37.388 1.082 1.544 0.908 3.131
24 130 5 170.151 94.342 37.449 4.219 1.66 1.344 -3.108
24 136 1 181.965 97.631 37.46 3.427 1.608 1.425 3.126
24 141 1 196.376 98.705 37.481 4.067 1.503 1.377 -3.099
24 143 3 220.376 73.708 37.531 0.935 0.675 1.615 -3.104
24 144 3 173.303 104.917 37.655 0.323 0.29 0.935 3.131
24 146 3 218.727 74.369 37.489 1.104 0.582 1.348 -3.042
24 147 3 185.14 107.619 37.549 0.662 0.439 1.61 3.077
24 148 3 216.469 73.732 37.266 1.713 0.641 1.112 -3.008
24 151 5 214.252 101.769 37.287 4.328 1.682 1.185 -3.114
24 153 3 195.581 107.276 37.619 0.425 0.676 1.61 -3.063
25 15 4 163.065 68.462 37.53 1.176 0.743 1.615 0.021
25 115 3 171.942 65.369 37.784 0.556 0.534 1.705 0.087
25 122 1 153.6 93.013 37.554 2.132 1.521 1.122 -3.129
25 124 4 144.342 92.394 37.621 0.368 1.066 0.04 0
25 128 1 143.529 88.329 37.528 0.351 0.943 0.66 -0
25 130 5 168.294 94.081 37.272 1.661 1.609 0.918 -3.015
25 136 1 178.106 97.195 37.484 3.345 1.588 1.375 3.13
25 141 1 192.168 97.694 37.477 4.11 0.984 1.433 -3.085
25 143 3 219.164 73.394 37.515 0.871 0.667 1.671 -3.09
25 146 3 217.942 74.232 37.447 1.394 0.638 1.556 3.092
25 147 3 185.753 107.674 37.596 0.537 0.541 1.61 -0.535
25 148 3 214.981 73.352 37.489 1.18 0.582 1.541 -3.023
25 151 5 209.362 100.902 37.376 4.028 1.697 1.478 -3.113
25 153 3 195.927 107.439 37.605 0.448 0.377 1.255 -3.094
25 164 4 253.683 86.887 37.004 0.801 0.834 0.859 -3.138
25 166 3 246.934 81.297 37.129 0.412 0.509 1.298 -0.201
26 15 4 166.535 69.127 37.494 1.28 0.647 1.492 -0.024
26 115 3 171.355 65.224 37.73 0.629 0.584 1.67 -3.134
26 130 5 164.013 93.078 37.374 3.871 1.171 0.52 -3.09
26 136 1 174.592 96.713 37.44 3.186 1.554 1.378 3.142
26 141 1 188.226 97.415 37.451 4.109 1.635 1.44 -3.101
26 143 3 218.124 72.995 37.563 1.848 0.752 1.661 -3.105
26 146 3 216.877 74.017 37.482 1.572 0.672 1.498 -3.105
26 147 3 186.285 107.517 37.359 0.545 0.487 1.079 -1.628
26 148 3 214.103 73.081 37.549 1.887 0.658 1.587 -3.105
26 151 5 204.863 100.099 37.405 4.056 1.757 1.369 -3.117
26 153 3 196.399 107.582 37.694 0.496 0.341 1.281 -1.516
26 164 4 257.06 87.648 36.996 0.875 0.83 1.169 0.037
26 166 3 246.405 81.154 37.314 0.478 0.33 1.248 -1.626
27 15 4 169.92 69.714 37.602 1.342 0.617 1.514 0.023
27 115 3 170.933 65.223 37.706 0.605 0.431 1.52 -0.064
27 130 5 161.879 93.109 37.433 1.083 1.541 0.87 -3.135
27 136 1 171.677 96.335 37.512 2.112 1.626 1.236 -3.104
27 143 3 217.029 72.886 37.574 1.79 0.641 1.623 3.119
27 146 3 215.843 73.757 37.514 1.721 0.672 1.521 -3.092
27 147 3 186.605 107.288 37.386 0.471 0.257 1.382 2.376
27 148 3 212.844 72.842 37.592 1.811 0.78 1.576 -3.122
27 153 3 197.178 107.779 38.276 0.349 0.281 0.484 0.026
27 164 4 260.471 88.516 36.891 0.783 0.859 0.908 0.052
27 166 3 245.913 80.931 37.273 0.508 0.715 1.356 -3.121
28 15 4 173.466 70.29 37.544 1.232 0.522 1.33 3.142
28 115 3 170.138 65.067 37.615 0.736 0.525 1.554 3.142
28 130 5 158.364 92.424 37.711 0.186 1.42 0.102 -3.127
28 136 1 167.86 95.75 37.411 3.001 1.659 0.71 3.142
28 143 3 215.849 72.628 37.644 1.631 0.639 1.653 3.142
28 146 3 214.718 73.502 37.535 1.612 0.637 1.505 3.142
28 148 3 211.55 72.682 37.585 1.82 0.642 1.588 3.142
28 164 4 263.85 89.042 37.082 0.612 0.82 1.046 0
28 166 3 245.23 80.836 37.275 0.247 0.61 1.613 -0.168
29 15 4 176.953 70.741 37.448 0.926 0.486 1.158 0.023
29 115 3 169.646 65.023 37.769 0.394 0.471 1.441 0.001
29 136 1 165.81 95.256 37.262 0.408 0.984 0.677 -3.087
29 143 3 214.795 72.355 37.619 1.409 0.801 1.654 -3.094
29 146 3 213.508 73.191 37.559 1.332 0.676 1.532 -3.094
29 148 3 210.28 72.437 37.573 1.819 0.477 1.554 -3.094
29 164 4 267.015 89.751 36.982 0.979 0.891 0.803 0.023
29 166 3 244.63 80.641 37.262 0.263 0.542 1.321 0.055
29 207 1 272.215 88.001 36.88 3.744 0.526 0.698 -0.024
30 15 4 180.489 71.399 37.421 1.118 0.755 1.219 0.019
30 143 3 213.561 71.988 37.607 1.654 0.725 1.604 -3.067
30 146 3 212.441 72.94 37.615 0.956 0.528 1.387 -3.067
30 148 3 209.023 72.163 37.619 1.815 0.547 1.584 -3.067
30 164 4 270.32 90.375 37.208 0.948 0.859 1.165 0
30 166 3 244.043 80.615 37.323 0.333 0.546 1.506 2.75
30 207 1 272.382 88.116 36.873 3.964 0.288 0.578 -3.107
31 15 4 183.814 72.009 37.608 1.21 0.611 1.33 0.06
31 143 3 212.41 71.715 37.665 1.577 0.763 1.626 -3.103
31 146 3 211.639 72.654 37.888 0.264 0.45 0.624 -3.103
31 148 3 207.848 71.838 37.576 1.488 0.536 1.546 -3.104
31 164 4 273.713 90.991 37.116 1.033 0.799 1.363 0.043
31 166 3 243.632 80.496 37.292 0.736 0.562 1.622 3.094
31 207 1 272.302 87.933 36.853 3.947 0.656 0.942 -0.005
31 211 3 277.746 84.236 37.204 0.658 0.579 1.214 0.061
32 15 4 187.317 72.546 37.553 0.633 0.704 1.214 0.024
32 143 3 211.354 71.644 37.594 0.763 0.568 1.597 3.094
32 148 3 206.802 71.497 37.602 0.87 0.576 1.587 3.094
32 164 4 277.006 91.689 37.074 0.856 0.927 1.123 0.012
32 166 3 243.028 80.426 37.407 0.738 0.588 1.486 -3.114
32 207 1 272.281 87.988 36.92 4.311 0.566 1.027 -0.007
32 211 3 276.994 84.132 37.291 0.499 0.544 1.413 3.083
32 218 5 291.485 88.8 37.481 0.265 0.399 0.741 0.226
33 15 4 190.581 73.204 37.567 0.378 0.608 1.246 -3.056
33 143 3 210.263 71.523 37.545 0.536 0.345 1.304 3.03
33 148 3 205.49 71.221 37.514 0.695 0.401 1.329 3.111
33 164 4 280.385 92.42 37.185 0.919 0.881 1.554 0.021
33 166 3 242.475 80.262 37.417 0.684 0.538 1.535 3.141
33 207 1 272.357 87.742 37.012 4.312 0.954 1.059 0.023
33 211 3 276.204 84.119 37.644 0.333 0.558 0.803 -0.217
33 218 5 291.319 89.285 37.293 0.389 0.517 1.781 1.716
33 222 1 270.563 108.903 37.928 2.041 1.624 1.221 -3.106
34 143 3 209.172 71.26 37.626 0.255 0.156 1.011 -3.111
34 148 3 204.194 70.971 37.545 0.401 0.241 1.129 -3.111
34 164 4 283.663 93.065 37.183 0.995 0.89 1.233 0.049
34 166 3 241.835 80.119 37.382 0.828 0.611 1.5 -3.127
34 207 1 272.428 87.401 37.234 4.416 1.642 1.433 -0
34 211 3 275.557 83.93 37.792 0.16 0.398 0.761 0.058
34 218 5 291.211 89.703 37.28 0.583 0.538 1.503 1.561
34 222 1 265.248 107.79 37.979 2.562 1.77 1.396 3.135
34 225 1 293.76 113.065 37.889 3.713 1.828 0.93 3.135
34 226 1 250.998 105.233 38.019 5.151 1.746 1.057 3.135
34 227 2 304.539 118.609 38.892 4.948 2.03 1.439 3.135
35 164 4 286.859 93.681 37.245 1.016 1.016 1.277 0.077
35 166 3 241.275 79.936 37.333 0.781 0.595 1.621 -3.116
35 207 1 272.457 87.247 37.268 4.451 1.848 1.458 0.029
35 211 3 274.85 83.737 37.471 0.308 0.341 0.987 -0.009
35 218 5 291.081 90.055 37.322 0.684 0.559 1.623 1.51
35 222 1 260.643 106.861 38.072 5.552 1.819 1.328 -3.136
35 225 1 288.332 111.948 37.899 4.078 1.84 1.132 -3.126
35 226 1 245.341 104.378 37.855 4.184 2.057 1.162 -3.14
35 227 2 298.488 117.357 38.456 2.891 2.131 2.773 3.08
35 231 1 306.905 59.557 37.361 4.185 2.165 1.055 1.589
35 237 3 279.581 83.121 37.53 0.849 0.725 1.599 2.579
36 164 4 290.049 94.283 37.335 1.065 0.954 1.424 0.022
36 166 3 240.78 79.779 37.334 0.708 0.579 1.52 -3.072
36 207 1 272.535 87.201 37.223 4.498 2.078 1.39 0.041
36 211 3 274.154 83.747 37.701 0.322 0.423 1.129 3.086
36 218 5 291.021 90.517 37.365 0.639 0.526 1.648 1.476
36 222 1 254.548 105.7 38.082 4.635 1.792 1.334 -3.121
36 225 1 282.895 110.769 37.922 4.28 1.956 1.294 -3.079
36 226 1 240.965 103.341 37.997 2.499 1.583 0.883 -3.098
36 227 2 294.817 116.573 38.388 5.779 2.577 2.823 -3.11
36 231 1 306.808 61.456 37.504 2.573 1.015 1.358 1.633
36 237 3 278.848 83.002 37.828 0.659 0.79 1.046 3.079
36 240 3 316.587 65.165 37.443 0.582 0.326 1.566 -1.526
36 241 2 284.975 85.177 36.732 0.245 0.162 0.42 -0.281
36 247 2 321.598 118.065 38.411 3.302 2.449 2.308 -3.094
36 248 1 288.503 82.386 36.555 0.201 0.158 0.595 -0.821
36 249 3 289.549 81.438 36.73 0.222 0.124 0.346 -0.871
36 255 3 321.148 90.532 37.357 0.354 0.435 1.109 -2.818
36 259 3 320.618 91.245 37.377 0.461 0.278 1.1 -2.822
37 164 4 293.236 94.616 37.344 1.028 0.942 1.456 0.045
37 166 3 240.321 79.727 37.246 0.612 0.749 1.185 1.525
37 207 1 272.784 87.341 37.279 4.765 1.993 1.448 0.073
37 211 3 273.392 83.691 37.908 0.331 0.353 0.809 0.069
37 218 5 290.864 90.64 37.45 0.489 0.615 1.696 1.794
37 222 1 249.767 104.225 38.276 2.622 0.514 0.867 -3.108
37 225 1 277.566 109.548 37.907 4.518 1.957 1.343 -3.093
37 226 1 236.03 102.339 38.021 1.912 1.415 0.853 -3.135
37 227 2 289.391 115.572 38.51 4.61 2.652 2.575 -3.107
37 231 1 306.334 66.294 37.516 2.334 1.687 1.079 1.65
37 237 3 278.167 83.115 37.589 0.908 0.692 1.822 2.676
37 240 3 316.802 64.369 37.477 0.423 0.541 1.703 -0.299
37 241 2 284.975 85.191 36.74 0.169 0.098 0.382 0.051
37 247 2 316.609 116.947 38.391 5.03 2.907 2.134 -3.1
37 248 1 288.537 82.346 36.705 0.14 0.174 0.425 0.216
37 249 3 289.53 81.421 36.704 0.2 0.161 0.403 0.241
37 255 3 321.69 90.967 37.414 0.472 0.529 1.286 0.548
37 259 3 321.198 91.643 37.455 0.609 0.431 1.236 0.486
37 260 3 277.345 86.618 36.939 0.186 0.24 0.463 2.916
38 164 4 296.512 94.778 37.36 1.107 0.933 1.52 0.009
38 207 1 272.894 87.343 37.284 4.829 1.897 1.511 0.041
38 211 3 272.714 83.453 37.58 0.528 0.544 1.537 3.136
38 218 5 290.889 90.754 37.442 0.408 0.724 1.713 1.914
38 225 1 271.008 108.325 37.996 4.416 2.045 1.311 -3.095
38 226 1 231.448 101.504 37.955 0.646 1.085 0.711 -3.142
38 227 2 284.884 114.669 38.386 5.115 2.14 2.501 -3.133
38 231 1 305.999 68.123 37.503 4.354 1.896 1.242 1.595
38 237 3 277.262 83.111 37.617 0.984 0.527 1.751 -3.104
38 240 3 316.929 63.842 37.492 0.675 0.379 1.445 -1.736
38 241 2 284.971 85.177 36.824 0.136 0.151 0.351 3.142
38 247 2 309.917 115.626 38.632 3.247 2.768 2.624 3.142
38 248 1 288.571 82.309 36.759 0.167 0.091 0.415 3.095
38 249 3 289.646 81.387 36.781 0.144 0.135 0.445 3.036
38 255 3 321.987 91.317 37.439 0.311 0.546 1.17 0.143
38 259 3 321.671 91.904 37.583 0.653 0.474 1.457 0.191
38 260 3 277.422 86.65 36.95 0.137 0.17 0.508 2.976
38 266 5 304.403 116.787 37.336 0.413 0.276 0.427 -3.142
38 268 1 273.908 112.685 37.66 4.063 1.677 1.22 -3.093
38 273 1 291.192 79.006 36.874 0.143 0.227 0.357 3.142
38 277 4 309.482 60.075 37.535 1.309 0.605 1.361 1.609
39 164 4 299.852 94.958 37.328 1.094 0.926 1.524 -0.056
39 207 1 272.9 87.244 37.285 4.947 1.944 1.433 0.011
39 211 3 271.953 83.296 37.53 0.74 0.612 1.551 3.111
39 218 5 290.845 90.929 37.471 0.548 0.752 1.701 1.98
39 225 1 265.383 107.092 37.955 4.238 1.635 1.142 3.136
39 226 1 226.298 100.809 37.698 0.276 1.424 0.386 0.075
39 227 2 280.025 113.008 38.383 3.352 0.623 2.313 3.142
39 231 1 305.459 70.919 37.404 4.379 1.767 1.605 1.541
39 237 3 276.595 83 37.677 0.704 0.377 1.665 -3.115
39 240 3 317.062 63.163 37.668 0.541 0.646 1.704 -3.135
39 241 2 285.044 85.142 36.863 0.131 0.131 0.288 2.285
39 247 2 304.188 114.342 38.518 3.357 2.78 2.568 3.106
39 248 1 288.59 82.315 36.796 0.198 0.135 0.408 -1.183
39 249 3 289.658 81.359 36.793 0.169 0.178 0.439 2.06
39 255 3 322.322 91.628 37.536 0.31 0.402 1.201 0.09
39 259 3 322.27 92.14 37.646 0.635 0.531 1.503 0.106
39 260 3 277.484 86.566 37.011 0.19 0.202 0.407 -0.069
39 266 5 300.091 116.438 37.39 4.4 1.303 1.034 3.119
39 268 1 269.343 111.734 37.676 3.764 1.799 1.239 -3.139
39 273 1 291.232 78.988 36.899 0.165 0.189 0.437 0.5
39 277 4 309.209 61.484 37.577 1.211 0.579 1.332 1.503
39 280 1 297.469 61.157 37.647 0.499 1.473 1.185 -1.524
39 281 3 297.071 66.956 37.377 0.714 0.664 1.568 -1.529
40 164 4 303.124 95.33 37.329 1.065 0.955 1.525 0.023
40 207 1 272.995 87.146 37.234 4.822 1.996 1.45 0.004
40 211 3 271.263 83.244 37.449 0.804 0.61 1.512 3.105
40 218 5 290.803 91.483 37.478 0.679 0.753 1.691 1.551
40 225 1 260.494 106.157 37.964 2.376 1.638 1.213 -3.124
40 231 1 304.993 73.702 37.387 4.281 1.813 1.769 1.536
40 237 3 275.956 82.932 37.689 0.654 0.775 1.753 -3.13
40 240 3 317.254 62.492 37.646 0.553 0.685 1.687 1.566
40 241 2 285.072 85.087 36.813 0.206 0.24 0.425 0.091
40 247 2 299.013 113.388 38.433 4.559 2.77 2.436 3.14
40 248 1 288.631 82.257 36.801 0.208 0.229 0.495 -2.965
40 249 3 289.694 81.293 36.808 0.252 0.316 0.433 -0.475
40 255 3 322.975 91.887 37.538 0.347 0.553 1.529 0.07
40 259 3 322.698 92.468 37.646 0.375 0.487 1.672 0.02
40 260 3 277.528 86.52 36.937 0.272 0.212 0.58 0.012
40 266 5 294.608 115.585 37.619 5.895 1.677 1.508 3.128
40 268 1 264.483 110.662 37.707 3.648 1.413 1.103 -3.137
40 273 1 291.258 78.976 36.891 0.284 0.234 0.494 1.629
40 277 4 308.833 63.197 37.348 1.076 0.559 1.476 1.562
40 280 1 297.666 59.755 37.206 3.162 1.754 1.379 -1.588
40 281 3 296.86 67.532 37.407 0.398 0.874 1.334 -1.592
41 164 4 306.425 95.803 37.38 1.082 0.94 1.483 0.192
41 207 1 273.103 87.176 37.104 4.64 1.991 1.153 0.043
41 211 3 270.593 83.048 37.452 0.596 0.512 1.461 -3.089
41 218 5 290.682 92.191 37.466 0.741 0.8 1.678 1.357
41 225 1 255.462 105.332 37.649 0.604 1.521 0.5 -3.063
41 231 1 304.643 76.347 37.378 4.223 2.037 1.604 1.543
41 237 3 275.237 82.797 37.642 0.461 0.593 1.755 -3.079
41 240 3 317.277 61.894 37.449 0.289 0.588 1.556 -1.521
41 241 2 285.097 85.096 36.767 0.102 0.138 0.396 -0.713
41 247 2 294.963 112.508 38.222 10.129 2.86 2.425 3.117
41 248 1 288.656 82.206 36.722 0.173 0.141 0.319 1.718
41 249 3 289.73 81.326 36.759 0.147 0.15 0.302 -1.12
41 255 3 323.477 92.064 37.652 0.26 0.473 1.434 0.034
41 259 3 323.301 92.687 37.727 0.317 0.31 1.563 0.114
41 260 3 277.501 86.461 36.92 0.229 0.21 0.37 2.927
41 266 5 287.988 114.341 37.607 2.47 1.744 1.295 3.133
41 268 1 259.384 109.17 37.667 1.089 0.437 0.624 -3.117
41 273 1 291.322 78.926 36.771 0.19 0.2 0.386 0.507
41 280 1 297.936 59.341 37.318 4.056 1.692 1.577 -1.534
41 281 3 296.636 68.083 37.318 0.409 0.45 1.479 -1.673
41 299 2 312.16 79.695 36.811 0.244 0.207 0.307 -3.122
41 300 1 333.387 125.948 37.719 3.411 1.892 1.578 3.129
42 164 4 309.883 96.285 37.404 1.186 0.829 1.52 0.314
42 207 1 273.354 87.23 37.31 4.153 1.757 1.531 -0.008
42 211 3 269.853 82.924 37.754 0.234 0.311 1.048 0.051
42 218 5 290.726 93.074 37.491 0.86 0.597 1.625 1.148
42 231 1 304.341 78.87 37.431 3.997 2.074 1.683 1.49
42 237 3 274.416 82.658 37.676 0.543 0.821 1.753 -3.017
42 240 3 317.288 61.159 37.535 0.239 0.268 0.943 1.49
42 241 2 285.112 85.022 36.836 0.206 0.154 0.479 2.896
42 247 2 288.846 111.38 38.294 9.26 2.589 2.352 3.126
42 248 1 288.695 82.177 36.734 0.23 0.276 0.389 2.428
42 249 3 289.754 81.246 36.784 0.175 0.176 0.306 2.299
42 255 3 324.021 92.23 37.668 0.322 0.545 1.627 0.004
42 259 3 323.833 92.943 37.69 0.371 0.459 1.616 0.004
42 273 1 291.353 78.912 36.829 0.174 0.164 0.316 1.989
42 277 4 308.31 65.912 37.358 1.102 0.594 1.612 1.627
42 280 1 297.928 59.263 37.325 4.115 1.871 1.59 -1.553
42 281 3 296.456 68.53 37.358 0.47 0.49 1.391 0.02
42 299 2 312.118 81.158 36.806 0.17 0.143 0.311 -2.152
42 300 1 328.625 125.057 37.595 4.052 1.89 1.658 3.12
42 306 1 348.188 130.447 37.622 2.936 0.295 1.352 3.027
42 310 4 340.647 96.393 37.644 0.726 0.324 0.981 3.128
43 164 4 313.279 96.966 37.453 1.481 0.777 1.485 0.033
43 207 1 274.95 87.379 36.88 0.782 1.643 0.516 0.048
43 218 5 290.761 93.78 37.489 0.804 0.778 1.59 2.372
43 231 1 304.31 80.908 37.404 4.422 2.046 1.699 1.465
43 237 3 273.738 82.465 37.727 0.429 0.639 1.504 3.142
43 247 2 286.889 111.062 38.43 1.665 2.481 2.604 -3.111
43 255 3 324.491 92.352 37.722 0.328 0.558 1.378 0.057
43 259 3 324.315 93.049 37.846 0.314 0.528 1.408 0.057
43 277 4 308.131 67.149 37.449 0.844 0.546 1.21 1.606
43 280 1 297.944 59.37 37.387 3.753 1.812 1.403 -1.536
43 281 3 296.191 69.133 37.324 0.435 0.722 1.482 0.045
43 299 2 312.552 84.082 36.737 0.182 0.157 0.317 -2.039
43 300 1 321.94 123.581 37.663 0.489 1.04 0.413 -3.073
43 306 1 343.565 129.667 37.764 2.356 1.056 1.61 -3.111
43 310 4 338.9 96.129 37.636 0.981 0.489 1.379 0.053
43 315 1 319.191 117.516 37.641 2.15 1.448 0.807 2.995
43 318 1 344.334 126.338 37.376 4.014 1.309 0.624 -3.111
43 320 5 342.169 122.655 37.52 0.663 1.259 0.299 3.064
44 164 4 316.757 97.596 37.478 1.731 0.789 1.511 0.012
44 207 1 273.379 87.178 36.81 3.751 1.706 0.609 -0.001
44 218 5 290.955 94.692 37.468 0.948 0.527 1.632 1.546
44 231 1 304.421 83.02 37.424 4.571 1.949 1.7 1.369
44 237 3 272.897 82.338 37.625 0.458 0.662 1.674 -0.038
44 247 2 281.215 109.992 39.217 1.469 2.313 1.501 -3.136
44 255 3 325.005 92.501 37.704 0.58 0.615 1.57 0.003
44 259 3 324.882 93.127 37.759 0.965 0.527 1.679 0.003
44 277 4 307.866 68.56 37.306 1.586 0.612 1.551 1.615
44 280 1 298.009 59.032 37.305 4.352 1.795 1.56 -1.521
44 281 3 295.855 69.682 37.684 0.382 0.302 0.742 1.628
44 299 2 312.943 85.54 36.791 0.193 0.147 0.33 0.453
44 300 1 320.083 123.375 37.829 3.224 1.778 1.588 3.119
44 306 1 339.679 128.855 37.695 2.992 1.118 1.466 -3.13
44 310 4 337.267 95.799 37.685 1.447 0.562 1.549 -0.019
44 315 1 315.411 116.692 37.839 4.792 1.41 1.348 -3.123
44 318 1 338.266 125.154 37.497 3.799 1.593 1.038 -3.13
44 320 5 337.228 121.087 37.664 2.051 1.733 0.852 -3.13
44 322 5 351.001 127.311 37.42 0.282 1.041 0.094 0.263
45 164 4 320.136 98.111 37.476 1.526 0.905 1.52 0.036
45 207 1 274.562 87.362 36.788 1.357 1.439 0.708 3.039
45 218 5 291.022 95.412 37.511 0.602 0.734 1.675 -0.141
45 231 1 304.784 85.087 37.365 4.509 1.909 1.705 1.248
45 247 2 273.349 108.569 39.621 5.794 2.375 1.219 3.11
45 255 3 325.482 92.586 37.729 0.519 0.641 1.651 -0.087
45 259 3 325.393 93.223 37.729 0.62 0.566 1.721 0.204
45 277 4 307.618 69.83 37.221 1.573 0.567 1.421 1.524
45 280 1 298.028 59.091 37.147 4.222 1.701 1.63 -1.541
45 281 3 295.614 70.308 37.393 0.33 0.291 1.091 -1.568
45 300 1 315.014 122.151 37.772 5.623 1.07 1.758 3.107
45 306 1 335.896 127.738 38.501 1.738 0.504 0.526 3.124
45 310 4 335.768 95.519 37.664 1.689 0.547 1.542 -3.095
45 315 1 309.569 115.717 37.886 4.416 1.668 1.266 3.133
45 318 1 332.194 123.824 37.72 3.51 1.605 1.564 -3.137
45 320 5 332.774 119.844 37.708 4.117 1.345 0.828 3.139
45 322 5 346.62 126.228 37.417 4.042 1.233 0.902 -3.119
45 325 1 311.019 42.547 37.307 2.077 1.871 1.084 -1.531
45 327 2 351.45 123.552 37.682 7.409 2.421 0.968 3.134
46 164 4 323.552 98.798 37.512 1.575 0.846 1.476 0.008
46 218 5 291.197 96.267 37.504 1.001 0.527 1.486 0.988
46 231 1 305.223 87.049 37.408 4.484 2.241 1.644 1.131
46 247 2 268.388 107.104 39.651 4.697 2.183 1.11 -2.997
46 255 3 326.302 92.607 37.683 0.207 0.21 1.516 0.011
46 259 3 326.111 93.267 37.77 0.198 0.28 1.706 -0.135
46 277 4 307.365 71.167 37.778 0.891 0.553 0.687 1.531
46 280 1 298.058 58.91 37.359 4.276 1.746 1.45 -1.511
46 281 3 295.484 70.874 37.698 0.429 0.442 0.625 -0.003
46 300 1 311.129 122.095 37.793 4.631 1.916 1.656 3.045
46 306 1 331.913 126.897 37.992 2.486 0.524 1.283 3.079
46 310 4 334.198 95.149 37.685 1.855 0.721 1.55 3.109
46 315 1 304.327 114.758 37.672 4.465 1.705 0.995 -3.136
46 318 1 326.1 122.44 37.731 2.776 1.377 1.544 -3.022
46 320 5 327.801 118.978 37.829 4.795 1.808 1.012 -3.094
46 322 5 340.681 125.124 37.761 4.243 1.924 1.732 -3.09
46 325 1 310.995 44.963 37.364 4.008 1.143 0.682 1.553
46 327 2 345.122 122.191 37.809 7.637 2.512 0.858 -3.129
47 164 4 326.961 99.431 37.501 1.558 0.881 1.54 0.054
47 218 5 291.473 96.978 37.52 0.689 0.597 1.348 1.065
47 231 1 306.087 88.877 37.347 4.592 1.894 1.673 1.051
47 255 3 326.757 92.688 37.718 0.509 0.233 1.575 0.015
47 259 3 326.514 93.333 37.752 0.628 0.498 1.655 0.015
47 300 1 308.012 121.795 37.741 4.469 1.72 1.652 3.015
47 306 1 327.456 126.186 37.868 3.589 1.179 1.72 -3.107
47 310 4 332.66 94.998 37.738 1.806 0.71 1.627 3.133
47 315 1 299.108 113.626 37.771 4.462 1.133 0.589 -3.114
47 318 1 321.979 121.74 37.692 0.753 0.586 0.753 -3.095
47 320 5 321.809 117.49 37.67 4.496 1.445 0.893 -3.095
47 322 5 334.46 123.304 37.871 2.981 1.133 1.596 -3.138
47 325 1 309.988 48.351 37.539 3.645 1.775 1.057 1.58
47 327 2 340.834 121.362 38.656 11.493 2.939 2.506 -3.138
48 164 4 330.462 100.106 37.492 1.4 0.986 1.502 0.047
48 218 5 291.678 97.921 37.534 0.347 0.644 1.5 3.033
48 231 1 307.144 90.801 37.403 4.458 1.78 1.769 0.924
48 255 3 327.293 92.696 37.721 0.463 0.244 1.599 0.036
48 259 3 327.071 93.348 37.76 0.758 0.497 1.704 0.066
48 306 1 322.53 125.157 37.763 2.036 1.069 1.601 3.119
48 310 4 331.134 94.7 37.708 1.774 0.649 1.622 3.027
48 318 1 316.089 120.231 37.498 0.929 1.543 1.233 3.124
48 320 5 316.809 116.62 37.633 4.304 1.743 0.631 3.136
48 325 1 309.23 52.659 37.497 1.836 1.71 1.157 1.615
48 327 2 334.512 120.103 38.499 12.853 2.76 2.297 -3.121
48 345 4 395.622 112.538 37.548 0.966 0.542 1.266 0.172
49 164 4 333.885 100.82 37.523 1.276 0.886 1.467 0.177
49 218 5 291.744 98.672 37.364 0.46 0.637 1.356 -0.057
49 231 1 308.695 92.877 37.388 4.246 1.693 1.557 0.77
49 255 3 327.791 92.951 38.001 0.282 0.406 1.057 -3.092
49 259 3 327.62 93.539 38.078 0.166 0.143 0.41 0.05
49 306 1 305.286 122.155 37.633 0.619 1.308 0.771 -3
49 310 4 329.841 94.535 37.682 1.447 0.582 1.578 -2.962
49 318 1 310.53 118.519 37.501 0.228 0.196 0.495 3.02
49 320 5 313.647 115.97 37.899 0.309 1.371 0.289 3.054
49 327 2 328.497 118.758 38.581 11.63 2.532 2.426 -3.116
49 345 4 397.631 112.914 37.505 0.774 0.549 1.123 0.019
49 350 3 393.412 107.578 37.69 0.406 0.244 0.741 -0.007
50 164 4 337.166 101.329 37.532 1.522 0.995 1.542 0.05
50 218 5 292.131 99.424 37.592 0.461 0.336 0.858 -1.603
50 231 1 310.476 94.658 37.373 4.405 1.907 1.584 0.615
50 255 3 328.304 92.868 37.698 0.514 0.599 1.618 0.072
50 259 3 328.293 93.509 37.719 0.584 0.471 1.602 0.072
50 310 4 328.685 94.14 37.776 0.865 0.442 1.514 0.05
50 320 5 306.876 114.173 37.605 3.853 0.934 0.659 -3.096
50 327 2 323.854 117.263 37.866 10.236 1.437 0.98 -3.119
50 345 4 399.933 113.571 37.587 0.843 0.66 1.055 0.038
50 350 3 392.907 107.495 37.671 0.638 0.461 1.387 -3.069
51 164 4 340.802 101.98 37.522 0.966 0.892 1.471 0.005
51 231 1 312.691 96.07 37.481 4.243 1.714 1.616 0.448
51 255 3 328.912 93.065 37.856 0.311 0.444 1.337 0.189
51 259 3 328.767 93.526 37.766 0.4 0.418 1.534 0.189
51 310 4 327.407 93.776 37.643 0.913 0.263 1.028 0.103
51 345 4 401.704 114.176 37.655 1.227 0.571 1.208 -0.011
51 350 3 392.227 107.248 37.782 0.386 0.511 1.403 0.024
52 164 4 344.226 102.523 37.544 1.119 0.936 1.432 -0.002
52 231 1 315.045 97.288 37.429 4.095 1.799 1.546 0.327
52 255 3 329.433 93.076 37.734 0.447 0.534 1.45 -3.121
52 259 3 329.264 93.804 37.749 0.305 0.311 1.456 -3.121
52 310 4 325.809 93.247 37.576 1.092 0.507 1.232 0.001
52 345 4 403.661 114.97 37.653 1.149 0.704 1.406 0.082
52 350 3 391.706 107.043 37.693 0.725 0.552 1.401 0.082
52 351 3 394.216 106.993 37.806 0.537 0.582 1.517 -0.022
53 164 4 347.616 103.056 37.514 1.04 0.818 1.411 0
53 231 1 317.834 98.435 37.543 3.971 1.756 1.624 0.227
53 255 3 329.832 93.106 37.72 0.554 0.626 1.572 0
53 259 3 329.819 93.742 37.844 0.177 0.163 0.874 -0
53 310 4 324.808 92.817 37.737 0.649 0.293 1.482 -0.002
53 345 4 405.557 115.485 37.689 0.872 0.621 1.301 0
53 350 3 391.088 106.859 37.825 0.688 0.499 1.429 3.142
53 351 3 395.003 106.906 37.852 0.424 0.527 1.575 0
54 164 4 351.102 103.717 37.56 1.048 0.777 1.494 0.04
54 231 1 321.625 99.84 37.515 2.399 2.059 1.426 0.13
54 255 3 330.481 93.289 37.638 0.316 0.426 1.508 0.038
54 259 3 330.372 93.993 37.65 0.458 0.385 1.516 0.18
54 310 4 323.514 92.292 37.974 0.183 0.264 0.691 -0.008
54 345 4 407.105 115.9 37.587 1.231 0.496 1.415 0.163
54 350 3 390.444 106.725 37.78 0.738 0.532 1.351 0.005
54 351 3 395.837 107.17 37.797 0.408 0.346 1.494 0.028
55 164 4 354.49 104.378 37.477 1.021 0.941 1.333 -0
55 231 1 325.465 101.044 37.194 0.614 1.68 0.339 -0.052
55 255 3 331.056 93.066 37.632 0.382 0.609 1.381 -0.073
55 259 3 330.89 94.124 37.628 0.454 0.549 1.437 -0.073
55 345 4 408.806 116.218 37.671 1.336 0.677 1.675 0.114
55 350 3 389.717 106.61 37.821 0.903 0.57 1.44 3.142
55 351 3 396.802 107.265 37.949 0.775 0.731 1.6 0
56 164 4 357.918 105.161 37.445 0.882 0.868 1.248 -0.024
56 231 1 328.166 101.716 37.526 2.031 1.6 1.127 -0.025
56 255 3 331.391 93.381 37.922 0.197 0.483 0.718 -0.029
56 259 3 331.319 94.117 37.945 0.401 0.571 0.74 -0.057
56 345 4 410.484 116.538 37.613 1.669 0.584 1.454 -0.014
56 350 3 389.09 106.431 37.804 0.957 0.655 1.483 3.111
56 351 3 397.537 107.422 37.916 0.562 0.719 1.624 -0.02
56 355 4 445.932 123.005 37.327 0.606 0.502 1.216 -3.036
56 356 3 432.147 115.462 37.717 0.58 0.417 1.166 3.108
56 357 4 444.538 130.337 37.473 0.731 0.374 1.204 2.087
57 164 4 361.408 105.947 37.494 0.959 0.791 1.199 -0.049
57 345 4 411.927 116.949 37.652 1.446 0.587 1.568 0.166
57 350 3 388.432 106.374 37.834 0.781 0.462 1.503 3.12
57 351 3 398.381 107.617 37.933 0.66 0.477 1.704 -0.081
57 355 4 445.844 123.047 37.397 0.773 0.648 1.119 2.878
57 356 3 431.452 115.227 37.728 0.556 0.385 1.241 -3.092
57 357 4 443.867 131.39 37.573 1.345 0.457 1.103 2.143
57 359 2 412.57 137.038 39.018 9.071 2.905 2.334 -3.096
58 164 4 364.743 106.687 37.616 0.81 0.911 1.4 3.127
58 345 4 413.508 117.367 37.681 1.803 0.68 1.56 0.066
58 350 3 387.897 106.156 37.813 0.687 0.547 1.509 3.132
58 351 3 399.277 107.777 37.953 0.761 0.586 1.735 0.036
58 355 4 445.924 122.982 37.39 0.79 0.654 1.271 0.034
58 356 3 430.808 115.044 37.642 0.734 0.558 1.506 2.877
58 357 4 442.981 132.728 37.593 0.735 0.887 1.318 -0.058
58 359 2 408.244 135.198 38.928 11.662 1.889 2.277 3.14
59 164 4 368.195 107.467 37.452 0.932 0.79 1.163 0.028
59 345 4 414.944 117.706 37.711 1.833 0.623 1.628 0.031
59 350 3 387.466 105.883 37.879 0.437 0.646 1.472 -3.138
59 351 3 400.133 107.856 37.946 0.714 0.748 1.685 0.042
59 355 4 446.11 123.041 37.373 1.334 0.601 1.42 2.894
59 356 3 430.118 114.851 37.699 0.653 0.49 1.438 3.126
59 357 4 442.301 133.498 37.63 1.21 0.513 1.371 2.07
59 359 2 401.348 133.617 38.659 12.966 1.414 2.348 -3.141
59 362 1 454.038 145.033 37.334 3.722 1.801 0.771 3.03
60 164 4 371.612 108.283 37.573 0.845 0.922 1.349 0
60 345 4 416.418 117.965 37.729 1.88 0.826 1.661 -0.022
60 350 3 386.849 105.767 37.817 0.416 0.637 1.431 3.121
60 351 3 401.048 107.989 37.932 0.865 0.744 1.681 -0.01
60 355 4 445.886 122.984 37.339 0.903 0.554 1.147 -0.009
60 356 3 429.375 114.681 37.798 0.832 0.675 1.555 3.126
60 357 4 441.438 134.383 37.731 1.357 0.638 1.417 2.139
60 359 2 396.512 133.263 38.688 7.347 2.996 2.324 3.142
60 362 1 449.227 144.208 37.435 4.298 2.003 0.665 -3.142
61 164 4 374.934 109.056 37.599 0.925 0.749 1.097 0.049
61 345 4 418.007 118.208 37.75 1.733 0.742 1.628 0
61 350 3 386.328 105.641 37.756 0.229 0.426 1.246 0.019
61 351 3 401.85 108.085 37.888 0.853 0.605 1.617 0.01
61 355 4 445.943 122.995 37.433 1.052 0.503 1.306 2.963
61 356 3 428.739 114.585 37.783 0.795 0.671 1.541 -3.114
61 357 4 440.981 134.932 37.653 1.151 0.638 1.402 2.292
61 362 1 444.227 143.065 37.533 4.136 1.627 1.201 3.108
62 164 4 378.356 109.829 37.519 1.091 0.894 1.267 -3.125
62 345 4 419.607 118.513 37.787 1.911 0.877 1.716 0.069
62 350 3 385.736 105.513 37.724 0.361 0.45 1.267 3.122
62 351 3 402.581 108.29 37.907 0.743 0.598 1.587 -0.026
62 355 4 445.769 123.024 37.478 1.028 0.73 1.506 3.071
62 356 3 428.022 114.502 37.849 0.877 0.539 1.588 -3.112
62 357 4 440.615 135.246 37.731 1.669 0.538 1.531 2.168
62 362 1 439.175 142.036 37.596 4.481 1.813 1.315 3.118
62 369 4 467.918 156.953 37.492 0.876 0.431 1.487 3.101
62 370 4 461.832 154.408 37.295 1.491 0.628 1.25 -3.122
62 371 5 436.583 150.822 38.142 0.264 0.358 0.385 3.104
63 164 4 381.82 110.41 37.687 0.892 0.837 1.264 -0.285
63 345 4 421.195 118.975 37.712 1.809 0.623 1.626 0.075
63 350 3 385.199 105.418 37.782 0.248 0.292 0.913 0.01
63 351 3 403.562 108.369 37.912 0.466 0.669 1.487 0.237
63 355 4 445.659 123.091 37.497 0.977 0.61 1.438 2.508
63 357 4 440.434 135.339 37.777 1.718 0.577 1.595 2.032
63 362 1 434.338 140.987 37.778 4.451 1.809 1.153 3.103
63 369 4 465.679 156.542 37.548 0.998 0.433 0.833 3.142
63 370 4 458.149 153.583 37.433 1.563 0.52 1.506 3.024
63 371 5 436.329 150.64 37.947 1.091 0.64 1.069 -0.069
63 372 5 477.53 151.631 37.201 0.3 1.13 0.392 -0
63 373 3 453.987 119.073 37.512 0.589 0.394 0.848 0
63 374 4 478.306 157.846 37.298 0.861 0.565 0.687 3.132
63 376 3 429.364 148.25 38.136 0.242 0.289 0.306 3.142
64 164 4 385.272 111.288 37.609 1.071 0.803 1.331 -0.052
64 345 4 422.819 119.347 37.705 1.802 0.707 1.641 -0.015
64 351 3 404.159 108.577 37.809 0.802 0.675 1.586 0.003
64 355 4 445.585 123.091 37.542 1.031 0.746 1.444 -3.089
64 357 4 440.459 135.376 37.79 1.739 0.819 1.61 1.87
64 362 1 428.945 139.833 38.053 2.788 1.443 0.743 3.137
64 369 4 463.699 156.024 37.571 0.863 0.531 1.292 3.14
64 370 4 459.933 153.568 37.402 1.711 0.645 1.437 -3.124
64 371 5 436.212 150.494 37.613 1.565 0.758 1.665 0.629
64 372 5 472.385 150.304 37.474 0.95 1.732 0.593 3.118
64 373 3 452 118.846 37.592 1.121 0.535 1.337 3.107
64 374 4 474.942 156.953 37.309 1.323 0.395 1.282 3.127
64 376 3 427.463 147.819 37.93 0.781 0.483 0.623 -2.791
64 377 1 482.62 130.192 37.442 0.744 0.871 1.009 -0.01
64 378 4 454.339 152.679 37.825 0.845 0.55 0.88 0.017
65 164 4 388.71 111.974 37.559 1.111 0.941 1.375 0.061
65 345 4 424.581 119.713 37.666 1.236 0.678 1.584 0.032
65 351 3 405.1 108.807 37.878 0.415 0.532 1.363 0.058
65 355 4 445.551 123.156 37.562 1.543 0.698 1.529 2.479
65 357 4 440.449 135.406 37.859 1.777 0.708 1.648 1.99
65 362 1 424.07 139.017 38.079 2.015 1.373 0.675 3.126
65 369 4 461.559 155.705 37.575 1.438 0.672 1.611 -3.122
65 370 4 456.038 152.78 37.47 1.835 0.691 1.413 -3.086
65 371 5 436.116 150.373 37.599 1.564 0.797 1.602 -2.554
65 372 5 468.444 149.4 37.722 3.854 1.55 1.031 -3.122
65 373 3 450.139 118.609 37.803 1.457 0.717 1.564 3.001
65 374 4 471.213 156.112 37.492 1.411 0.74 1.281 -3.107
65 376 3 425.788 147.413 37.509 1.68 0.56 1.356 3.139
65 377 1 482.426 130.293 37.21 0.675 0.862 0.85 -0.039
65 378 4 450.578 151.788 37.528 1.645 0.641 1.585 -3.115
65 380 1 494.956 132.856 37.437 2.294 1.222 1.207 0.019
65 381 1 485.567 147.317 38.952 0.266 1.036 1.195 -3.03
66 164 4 392.245 112.741 37.639 0.84 0.875 1.076 0.031
66 345 4 425.878 119.932 37.688 1.538 0.679 1.612 -0.051
66 351 3 405.99 108.709 37.633 0.203 0.544 1.141 3.116
66 355 4 445.221 123.27 37.573 1.869 0.702 1.489 2.131
66 357 4 440.489 135.279 37.821 1.499 0.565 1.704 1.797
66 369 4 459.476 155.147 37.617 1.143 0.564 1.529 2.897
66 370 4 452.046 151.899 37.493 2.23 0.642 1.534 -3.085
66 371 5 436.14 150.267 37.554 1.544 0.613 1.611 -2.616
66 372 5 463.328 148.297 37.836 3.961 1.591 1.241 3.089
66 373 3 448.5 118.681 37.787 1.566 0.652 1.633 2.878
66 374 4 467.038 155.199 37.569 1.122 0.393 1.227 -3.019
66 376 3 424.234 147.067 37.511 1.52 0.416 1.32 3.106
66 377 1 484.041 130.394 37.381 3.67 1.118 1.356 -0.029
66 378 4 446.56 150.74 37.487 2.421 0.655 1.474 -3.126
66 380 1 495.504 132.86 37.395 3.402 1.769 1.335 -0.04
66 381 1 485.548 147.256 39.042 0.364 0.967 0.849 3.141
66 384 5 494.617 159.494 38.107 1.982 0.604 0.069 -0.134
66 385 5 480.337 159.218 37.898 0.245 0.578 0.284 -0.006
67 164 4 395.709 113.398 37.637 0.836 0.879 1.135 -3.101
67 345 4 427.358 120.096 37.636 1.354 0.62 1.585 -0.044
67 355 4 444.516 124.126 37.574 1.509 0.643 1.48 2.225
67 357 4 440.423 135.357 37.848 1.76 0.72 1.675 1.862
67 369 4 457.398 154.726 37.778 0.791 0.621 1.115 -3.019
67 370 4 447.772 150.971 37.49 1.843 0.742 1.465 -3.13
67 371 5 436.194 150.164 37.566 1.634 0.756 1.611 -2.613
67 372 5 458.361 146.997 37.895 3.286 1.555 1.174 -3.113
67 373 3 447.339 118.924 37.778 1.623 0.77 1.578 2.637
67 376 3 422.65 146.863 37.547 1.49 0.454 1.497 -3.14
67 377 1 484.201 130.211 37.369 4.008 1.528 1.587 -0.013
67 378 4 442.582 149.756 37.579 1.652 0.62 1.564 -3.069
67 380 1 495.676 132.892 37.212 3.792 1.661 1.394 0.032
67 381 1 485.537 147.241 39.044 0.876 0.413 1.234 1.762
67 384 5 490.083 158.61 37.95 2.122 1.085 0.697 3.129
67 385 5 476.628 158.391 37.718 0.381 0.633 0.64 -3.14
67 386 3 483.434 125.118 37.646 0.499 0.61 1.623 3.054
67 387 3 472.881 161.808 37.822 0.378 0.564 0.937 3.123
67 388 3 473.934 128.311 37.511 0.472 0.505 1.701 1.676
68 345 4 428.694 120.222 37.674 1.107 0.661 1.578 0.011
68 355 4 443.786 125.048 37.574 1.518 0.625 1.478 1.944
68 357 4 440.499 135.22 37.781 1.468 0.596 1.6 1.874
68 369 4 455.035 154.125 37.887 1.482 0.634 1.052 -3.068
68 370 4 444.211 150.074 37.819 0.892 0.649 0.91 0.034
68 371 5 436.059 150.039 37.57 1.347 0.599 1.636 -2.244
68 372 5 452.167 145.596 37.858 3.837 1.821 1.316 -3.11
68 373 3 446.743 119.326 37.751 1.552 0.878 1.626 2.395
68 376 3 421.107 146.615 37.525 1.556 0.5 1.469 -3.097
68 377 1 484.13 130.092 37.347 3.855 1.769 1.485 0.016
68 378 4 438.917 148.853 37.64 1.265 0.586 1.342 3.083
68 380 1 495.791 132.87 37.137 3.95 1.725 1.246 -0.021
68 381 1 485.595 147.182 39.011 0.306 0.699 1.126 -0.002
68 384 5 486.299 157.665 38.067 2.875 1.063 0.816 2.99
68 385 5 472.832 157.543 37.706 0.5 0.636 0.822 3.139
68 386 3 482.93 124.974 37.613 0.451 0.653 1.472 -0.028
68 387 3 472.519 161.648 38.081 0.53 0.479 0.644 -3.004
68 388 3 473.884 128.698 37.461 0.169 0.349 1.419 0.021
68 390 5 483.9 151.947 38.073 1.544 1.18 0.307 -3.094
68 393 3 510.228 131.225 37.619 0.34 0.602 1.393 -0.036
69 345 4 429.577 120.275 37.645 0.757 0.635 1.421 -0.02
69 355 4 443.067 126.236 37.614 1.569 0.632 1.37 1.78
69 357 4 440.532 135.137 37.832 1.514 0.607 1.53 1.97
69 369 4 452.854 153.593 38.027 0.619 0.498 0.646 3.123
69 372 5 447.352 144.607 38.243 2.321 1.309 0.543 3.127
69 373 3 446.36 119.633 37.627 1.597 0.852 1.693 1.999
69 376 3 419.749 146.334 37.884 0.601 0.308 0.266 3.14
69 377 1 484.248 130.029 37.406 4.117 1.829 1.58 -0.015
69 378 4 435.251 147.985 37.692 1.202 0.496 1.069 3.129
69 380 1 495.773 132.828 37.348 3.875 1.695 1.613 0.015
69 381 1 485.539 147.198 39.149 0.336 0.775 0.905 -0.001
69 384 5 482.007 156.921 38.007 2.894 1.545 0.779 3.121
69 385 5 469.024 156.606 37.823 0.744 0.531 0.658 3.137
69 386 3 482.247 124.782 37.752 0.442 0.594 1.289 3.109
69 387 3 472.095 161.615 37.917 0.732 0.479 1.16 3.078
69 388 3 474.236 129.022 37.561 0.807 0.552 1.746 0.248
69 390 5 477.484 150.54 37.868 2.998 1.736 0.788 3.122
69 393 3 509.399 131.023 37.456 0.411 0.301 1.166 -3.096
70 345 4 430.103 120.421 37.571 1.17 0.556 1.328 0.028
70 355 4 442.578 127.561 37.517 1.397 0.486 1.233 1.687
70 357 4 440.665 135.043 38.197 0.303 0.464 0.86 -0.005
70 369 4 450.961 153.02 37.956 0.38 0.275 0.852 -3.123
70 372 5 442.732 143.539 38.322 0.401 1.097 0.083 3.099
70 373 3 446.272 119.759 37.759 1.515 0.71 1.59 2.1
70 377 1 484.292 130.039 37.416 4.175 1.881 1.576 -0.004
70 380 1 495.809 132.827 37.297 3.929 1.752 1.473 0.016
70 381 1 485.594 147.175 38.461 0.313 0.661 1.275 -0.005
70 384 5 477.738 155.712 37.666 3.063 1.073 1.603 3.125
70 385 5 464.79 155.702 37.574 1.936 0.551 1.171 3.121
70 386 3 481.708 124.615 37.901 0.451 0.462 0.653 -0.048
70 387 3 471.673 161.451 37.742 0.671 0.524 1.41 -3.123
70 388 3 474.619 129.282 37.569 0.964 0.632 1.744 -0.047
70 390 5 472.2 148.889 37.73 3.613 0.655 1.065 3.121
70 393 3 508.691 130.882 37.759 0.383 0.68 0.675 -0.005
71 345 4 430.339 120.36 37.596 0.81 0.669 1.545 -0.021
71 355 4 442.214 128.703 37.532 1.54 0.477 1.283 -1.58
71 369 4 448.827 152.58 37.728 1.126 0.702 1.272 -3.126
71 373 3 445.941 120.124 37.286 0.306 0.49 0.923 -0.005
71 377 1 484.382 129.946 37.458 4.226 2.015 1.568 0.004
71 380 1 495.798 132.779 37.367 3.948 1.814 1.505 0.047
71 384 5 473.337 154.72 38.053 3.538 1.145 0.841 3.127
71 385 5 461.125 154.797 37.991 0.302 0.253 0.349 3.109
71 386 3 481.243 124.469 37.753 0.817 0.623 1.759 3.112
71 387 3 471.235 161.302 38.054 0.616 0.431 0.841 -3.085
71 388 3 475.151 129.456 37.616 0.559 0.511 1.782 0.017
71 390 5 465.299 147.83 37.842 3.714 1.619 0.902 -3.108
71 393 3 508.049 130.764 37.936 0.216 0.416 0.647 -3.106
72 345 4 430.274 120.389 37.589 0.475 0.498 1.455 -0.016
72 355 4 441.766 129.919 37.64 1.272 0.395 1.275 1.541
72 377 1 484.468 130.148 37.48 4.404 1.793 1.56 0.016
72 380 1 495.859 132.813 37.408 4.073 1.648 1.579 0.042
72 384 5 468.519 153.621 37.679 3.06 1.211 1.676 3.134
72 385 5 457.233 153.847 37.861 0.815 0.451 0.447 -3.077
72 386 3 480.584 124.308 37.743 0.991 0.617 1.708 -3.064
72 387 3 470.788 161.135 37.709 0.65 0.424 1.521 3.138
72 388 3 475.633 129.454 37.612 0.572 0.51 1.707 -0.031
72 390 5 459.082 146.316 37.944 2.858 1.297 0.727 -3.14
72 393 3 507.444 130.686 37.929 0.382 0.696 0.496 -0.005
72 397 1 541.001 142.579 37.241 3.769 1.693 0.905 0.035
73 345 4 430.399 120.411 37.604 0.696 0.639 0.982 -0.005
73 355 4 441.367 130.873 37.736 1.411 0.421 1.263 1.613
73 369 4 444.68 151.257 37.909 0.512 0.337 0.252 3.142
73 377 1 484.675 130.078 37.475 4.358 1.835 1.545 -0
73 380 1 495.957 132.706 37.447 4.146 1.98 1.592 0.011
73 386 3 480.052 124.125 38.162 0.503 0.569 0.758 3.142
73 388 3 475.995 129.488 37.523 0.45 0.363 1.522 0
73 393 3 506.756 130.607 37.587 0.827 0.652 1.497 3.142
73 397 1 540.925 142.475 37.19 3.627 1.7 0.88 -0
74 355 4 440.961 131.663 37.672 0.833 0.395 1.09 -1.544
74 377 1 484.782 129.971 37.453 4.265 2.012 1.5 0
74 380 1 496.143 132.816 37.466 4.43 1.887 1.575 0
74 386 3 479.545 123.984 38.066 0.416 0.584 1.12 0.12
74 388 3 475.916 129.359 37.529 0.381 0.494 1.66 -1.57
74 397 1 540.824 142.433 37.196 3.396 1.728 1.212 0
74 398 3 555.383 138.653 37.688 0.563 0.357 0.782 -1.566
75 377 1 484.83 129.957 37.426 4.293 1.925 1.525 -0.007
75 380 1 496.275 132.792 37.47 4.372 1.869 1.559 0.006
75 386 3 478.824 123.708 37.706 0.721 0.695 1.804 0.048
75 388 3 475.989 129.375 37.584 0.433 0.445 1.601 0.03
75 397 1 541.05 142.44 37.082 3.886 1.812 1.059 0.004
75 398 3 554.586 138.588 37.62 0.367 0.266 1.055 0.086
75 400 4 556.022 140.819 37.437 1.633 0.594 1.449 3.066
76 377 1 484.879 129.918 37.342 4.286 1.937 1.385 -0.014
76 380 1 496.401 132.745 37.452 4.275 1.944 1.598 0.018
76 386 3 478.156 123.628 37.649 0.514 0.366 1.571 -3.112
76 388 3 476.038 129.316 37.6 0.469 0.54 1.399 -0.044
76 397 1 541.193 142.436 37.16 4.135 1.839 1.252 0.013
76 398 3 554.075 138.836 37.594 0.497 0.528 1.282 -3.103
76 400 4 555.422 140.795 37.691 0.346 0.434 1.111 -3.039
76 401 4 561.538 148.481 37.364 1.095 0.719 1.106 0.014
77 377 1 484.995 129.883 37.392 3.942 1.787 1.436 0.007
77 380 1 496.539 132.69 37.408 4.079 1.88 1.489 0.027
77 386 3 477.69 123.39 37.759 0.298 0.513 0.61 0.049
77 397 1 541.277 142.415 37.268 4.233 1.808 1.351 0.023
77 398 3 553.29 138.752 37.623 0.27 0.25 0.787 2.911
77 400 4 554.178 141.116 38.026 0.507 0.282 0.564 -3.088
77 401 4 563.538 148.803 37.338 0.975 0.685 1.294 -0.186
77 403 4 560.515 143.829 37.244 0.932 0.586 1.444 2.887
77 404 1 574.775 143.896 37.271 4.29 0.49 0.898 1.213
78 377 1 484.823 129.848 37.412 4.301 1.737 1.523 0.021
78 380 1 496.536 132.854 37.407 3.982 1.467 1.534 0.02
78 386 3 477.127 123.063 37.635 0.3 0.475 1.303 -0.038
78 397 1 541.273 142.371 37.318 4.26 1.856 1.411 0.002
78 398 3 552.759 138.995 37.616 0.447 0.605 1.503 -3.116
78 400 4 552.995 140.884 38 0.26 0.5 0.694 2.993
78 401 4 565.618 148.93 37.478 0.956 0.595 1.197 0.007
78 403 4 558.563 144.189 37.365 1.458 0.677 1.526 2.822
78 404 1 575.76 146.735 37.322 4.708 0.841 1.122 1.064
79 377 1 485.059 129.951 37.471 3.938 1.504 1.32 -0.07
79 380 1 496.511 132.942 37.421 3.728 1.249 1.397 0.025
79 397 1 541.294 142.305 37.371 4.293 2.05 1.463 0.015
79 398 3 552.088 139.155 37.695 0.409 0.465 1.054 -0.643
79 400 4 551.593 140.703 37.987 0.791 0.587 0.89 2.877
79 401 4 568.193 149.244 37.438 1.618 0.571 1.321 0.141
79 403 4 556.359 144.505 37.331 1.354 0.61 1.491 2.782
79 404 1 577.494 149.179 37.282 4.599 1.698 1.323 0.883
80 377 1 486.568 130.353 37.009 0.61 0.906 0.571 0.022
80 380 1 496.247 133.01 37.426 3.966 0.837 1.404 0.052
80 397 1 541.364 142.353 37.397 4.413 1.961 1.484 0.005
80 398 3 551.573 139.157 37.755 0.36 0.624 1.254 3.068
80 400 4 550.434 140.373 37.781 1.386 0.548 1.541 -3.107
80 401 4 569.856 149.489 37.434 0.873 0.543 1.299 -0.012
80 403 4 553.86 144.787 37.422 1.145 0.605 1.445 -0.04
80 404 1 579.262 151.384 37.542 4.509 1.65 1.316 0.658
80 414 4 556.977 140.741 37.583 1.296 0.623 1.498 3.099
80 417 3 588.182 147.099 37.599 0.799 0.551 1.455 0.5
81 377 1 488.57 130.215 40.002 3.549 1.506 0.799 3.064
81 380 1 497.043 133.285 37.386 2.113 0.507 1.21 0.1
81 397 1 541.51 142.317 37.412 4.601 2.131 1.545 0.005
81 398 3 551.081 139.27 37.616 0.825 0.682 1.533 3.114
81 400 4 548.997 139.878 37.668 1.776 0.686 1.661 3.114
81 401 4 572.322 150.024 37.432 1.425 0.654 1.522 0.253
81 403 4 551.356 144.933 37.453 1.591 0.667 1.553 3.079
81 404 1 581.491 153.287 37.381 4.43 1.655 1.404 0.456
81 414 4 555.85 140.681 37.672 1.622 0.671 1.522 3.114
81 417 3 588.748 147.335 37.652 0.63 0.654 1.59 0.299
81 418 3 561.594 139.956 36.916 0.118 0.153 0.328 2.76
81 420 1 562.907 139.09 36.98 0.245 0.2 0.364 -0.805
81 421 3 572.791 138.061 37.031 0.22 0.177 0.505 -1.575
81 423 5 569.451 130.315 37.223 1.296 0.183 0.633 -1.608
81 425 1 558.803 141.575 36.97 0.313 0.205 0.416 -0.553
82 377 1 489.204 130.597 40.288 2.901 1.829 0.39 3.132
82 380 1 497.111 133.302 37.404 1.989 0.453 1.019 -0.04
82 397 1 541.661 142.398 37.427 4.639 1.933 1.454 0.031
82 398 3 550.462 139.23 37.607 0.764 0.627 1.439 2.708
82 400 4 547.646 139.467 37.756 1.79 0.772 1.672 -3.123
82 401 4 574.518 150.65 37.483 1.422 0.474 1.555 0.035
82 403 4 548.805 144.964 37.488 1.837 0.745 1.58 2.901
82 404 1 584.259 154.892 37.468 4.372 1.755 1.373 0.309
82 414 4 554.828 140.64 37.749 1.542 0.709 1.669 2.701
82 417 3 589.544 147.719 37.701 0.765 0.461 1.532 0.489
82 418 3 561.611 139.921 37.045 0.215 0.089 0.372 -0.951
82 420 1 562.906 139.068 37.045 0.177 0.256 0.397 0.613
82 421 3 572.736 138.015 37.045 0.226 0.126 0.474 -1.591
82 423 5 569.446 130.394 37.415 1.053 0.23 0.387 -1.611
82 425 1 558.799 141.579 37.066 0.258 0.124 0.444 -0.812
82 428 5 570.145 127.407 37.622 1.12 0.095 0.317 -1.604
82 429 5 578.5 131.093 37.346 1.215 0.265 0.882 -1.647
83 380 1 497.338 132.873 38.685 2.251 1.105 3.37 3.117
83 397 1 541.745 142.35 37.404 4.622 2.006 1.472 0
83 398 3 549.771 139.043 37.623 0.72 0.557 1.474 -3.087
83 400 4 546.248 139.165 37.746 1.888 0.645 1.706 -3.085
83 401 4 576.89 151.437 37.532 1.705 0.473 1.614 0.247
83 403 4 545.925 144.871 37.52 1.793 0.673 1.562 3.077
83 404 1 587.526 156.234 37.509 4.33 1.964 1.411 0.214
83 414 4 553.315 140.656 37.686 1.656 0.782 1.626 2.791
83 417 3 590.248 148.039 37.741 0.828 0.573 1.56 -0.024
83 418 3 561.686 139.875 37.024 0.174 0.085 0.426 2.41
83 420 1 562.896 139.054 37.07 0.217 0.211 0.473 0.5
83 421 3 572.825 138.03 36.979 0.27 0.215 0.374 0.003
83 423 5 569.533 130.144 37.374 0.268 1.664 1.293 -0.001
83 425 1 558.802 141.564 37.074 0.241 0.169 0.43 2.409
83 428 5 570.186 127.373 37.545 1.112 0.163 0.163 1.534
83 429 5 578.448 131.146 37.192 0.198 1.547 0.872 -0.048
84 397 1 541.88 142.261 37.386 4.597 2 1.478 0
84 398 3 549.174 138.855 37.637 0.63 0.701 1.547 -3.119
84 400 4 544.9 138.88 37.718 1.703 0.561 1.716 -3.116
84 401 4 579.066 152.086 37.547 1.522 0.483 1.628 0.263
84 403 4 543.119 144.505 37.471 1.722 0.645 1.569 3.142
84 404 1 591.314 157.445 37.48 4.483 1.746 1.437 0.109
84 414 4 551.847 140.499 37.702 1.757 0.836 1.675 -3.116
84 417 3 590.808 148.379 37.789 0.473 0.629 1.384 -0.138
84 418 3 561.673 139.933 37.037 0.123 0.135 0.424 -0.487
84 420 1 562.899 139.026 37.054 0.137 0.183 0.487 -0.755
84 421 3 572.883 138.011 37.059 0.378 0.306 0.589 -3.088
84 423 5 569.512 129.539 37.314 1.45 0.641 0.91 -1.567
84 425 1 558.845 141.561 37.106 0.167 0.175 0.349 -0.497
84 428 5 570.234 127.166 37.489 1.495 0.326 0.822 -1.586
84 429 5 578.46 131.14 37.215 1.613 0.22 0.804 -1.629
84 431 5 572.586 112.822 37.629 1.477 0.201 0.608 -1.614
84 435 4 574.528 127.742 37.141 0.205 0.117 0.621 -3.088
84 436 4 569.38 130.835 37.411 0.097 0.154 0.488 0.35
85 397 1 541.993 142.204 37.344 4.329 2.053 1.397 0
85 398 3 548.271 138.55 37.423 0.366 0.574 1.043 3.105
85 400 4 543.066 138.415 37.779 1.616 0.5 1.611 3.142
85 401 4 582.497 153.282 37.591 1.701 0.469 1.574 0.178
85 403 4 539.297 143.731 37.494 1.022 0.675 1.466 3.142
85 404 1 597.005 158.782 37.477 4.232 1.767 1.268 0.026
85 414 4 549.58 140.226 37.692 1.685 0.481 1.69 3.106
85 417 3 591.76 148.687 37.903 0.735 0.59 1.506 0.003
85 418 3 561.73 139.814 37.04 0.196 0.288 0.446 -0.764
85 420 1 562.971 139.029 37.041 0.166 0.183 0.478 2.203
85 421 3 572.88 138.029 37.126 0.231 0.24 0.458 0
85 423 5 569.458 128.85 37.116 0.09 0.122 0.52 -1.712
85 425 1 558.897 141.489 37.074 0.145 0.16 0.486 -0.71
85 428 5 570.207 127.115 37.326 1.454 0.171 0.779 -1.578
85 429 5 578.477 131.048 37.37 1.677 0.155 0.858 -1.613
85 431 5 572.592 112.86 37.4 1.374 0.161 0.608 -1.597
85 435 4 574.513 127.685 37.133 0.173 0.066 0.523 0
85 436 4 569.534 130.165 37.39 1.561 0.154 0.977 -1.569
85 442 5 582.809 146.404 37.109 0.169 0.181 0.403 0.637
85 443 4 583.843 147.603 37.083 0.145 0.068 0.411 -2.8
86 397 1 542.046 142.153 37.337 4.015 2.033 1.358 0
86 398 3 546.679 138.032 37.51 0.457 0.671 1.321 -0.042
86 400 4 539.632 137.614 37.639 0.792 0.466 1.423 -0.042
86 401 4 589.163 155.518 37.677 1.854 0.592 1.553 0.093
86 403 4 531.525 141.551 37.459 0.988 0.484 1.197 0
86 404 1 609.332 161.44 37.536 4.296 1.915 1.262 -0.007
86 414 4 545.871 139.313 37.605 0.903 0.481 1.639 -0.042
86 417 3 593.861 149.236 37.892 0.932 0.647 1.626 -0.025
86 418 3 561.822 139.749 37.032 0.135 0.059 0.398 -0.687
86 420 1 563.054 138.924 37.025 0.08 0.111 0.406 -0.866
86 421 3 572.94 137.891 37.122 0.375 0.293 0.656 1.713
86 425 1 558.953 141.393 37.053 0.17 0.142 0.301 -0.292
86 428 5 570.204 127.022 37.405 1.62 0.428 0.993 -1.542
86 429 5 578.501 131.014 37.386 0.227 1.579 0.929 3.12
86 431 5 572.619 112.744 37.602 1.535 0.262 0.682 -1.611
86 435 4 574.614 127.599 37.163 0.134 0.186 0.431 1.713
86 436 4 569.524 129.749 37.304 2.029 0.474 0.927 -1.542
86 442 5 582.862 146.337 37.154 0.147 0.178 0.475 -2.464
86 443 4 583.88 147.538 37.153 0.14 0.212 0.455 -2.584
86 444 3 566.377 119.023 38.117 0.424 0.509 1.149 -1.558
87 397 1 542.307 142.175 37.347 3.652 1.785 1.077 -0.007
87 398 3 546.036 137.804 37.67 0.406 0.618 1.339 0.032
87 401 4 591.93 156.33 37.652 1.845 0.596 1.569 0.125
87 403 4 528.671 140.877 37.31 0.595 0.384 1.062 0.043
87 404 1 614.481 162.643 37.618 4.128 1.812 1.255 0.049
87 414 4 544.443 138.765 37.477 1.031 0.532 1.177 -3.084
87 417 3 594.526 149.45 37.914 0.883 0.571 1.736 0.121
87 418 3 561.805 139.735 36.975 0.102 0.096 0.357 -2.989
87 421 3 572.917 137.793 37.158 0.271 0.342 0.551 3.018
87 428 5 570.188 126.96 37.362 1.661 0.404 1.021 1.5
87 429 5 578.528 130.984 37.505 0.251 1.649 1.196 3.089
87 431 5 572.625 112.634 37.504 1.651 0.215 0.945 1.527
87 435 4 574.597 127.583 37.218 0.082 0.129 0.573 1.257
87 436 4 569.605 129.913 37.326 1.677 0.17 0.771 1.514
87 442 5 582.918 146.297 37.185 0.165 0.174 0.457 -2.284
87 443 4 583.929 147.52 37.219 0.16 0.229 0.419 -2.548
87 444 3 566.29 119.731 38.059 0.22 0.371 0.973 -1.579
88 397 1 542.386 142.205 37.343 3.484 1.853 1.024 0.009
88 398 3 545.417 137.696 37.639 0.332 0.611 1.509 3.1
88 401 4 594.778 156.982 37.709 1.764 0.593 1.543 0.079
88 404 1 620.147 164.048 37.585 4.34 1.733 1.221 0.028
88 417 3 595.247 149.613 38.236 0.765 0.55 0.936 -0.009
88 421 3 572.97 137.851 37.036 0.256 0.255 0.517 -1.635
88 428 5 570.287 126.957 37.281 1.653 0.274 0.733 -1.715
88 435 4 574.613 127.452 37.078 0.276 0.197 0.433 -1.635
88 436 4 569.581 129.872 37.286 1.681 0.369 0.889 -1.584
88 442 5 582.925 146.299 37.189 0.139 0.164 0.422 -2.302
88 443 4 583.95 147.52 37.193 0.168 0.163 0.45 -1.943
88 444 3 566.104 120.447 38.158 0.203 0.445 1.045 -1.567
88 447 3 603.819 193.859 37.986 0.38 0.507 1.47 0.016
88 450 5 620.721 189.81 37.519 0.962 0.407 0.868 3.095
89 397 1 542.401 142.047 37.26 3.409 2.054 0.874 3.142
89 398 3 544.729 137.449 37.679 0.218 0.463 1.117 2.877
89 401 4 597.783 157.514 37.742 1.904 0.672 1.597 -0
89 404 1 625.924 165.477 37.657 4.148 1.959 1.237 -0.011
89 417 3 595.98 149.766 37.981 0.726 0.564 1.669 -0.011
89 421 3 572.971 137.771 37.175 0.248 0.245 0.394 0
89 428 5 570.307 126.926 37.363 1.623 0.344 0.878 1.568
89 436 4 569.477 129.734 37.421 1.762 0.538 1.214 1.568
89 442 5 582.962 146.276 37.061 0.169 0.142 0.346 -2.482
89 443 4 583.992 147.487 37.191 0.222 0.126 0.405 -2.287
89 444 3 566.029 121.182 38.189 0.405 0.492 0.877 -1.578
89 447 3 603.504 193.518 37.796 0.611 0.533 1.172 0.027
89 450 5 617.517 189.014 37.552 0.435 0.165 0.512 -3.086
89 452 1 534.389 148.185 37.343 0.764 1.544 0.587 0
90 397 1 542.774 142.278 37.285 2.649 1.683 1.176 -0.055
90 398 3 544.079 137.291 37.558 0.607 0.244 1.269 1.65
90 401 4 600.815 157.89 37.771 1.808 0.708 1.591 -0.06
90 404 1 632.142 167.092 37.545 4.42 1.794 1.191 0.045
90 417 3 596.826 150.003 37.972 0.858 0.521 1.7 -0.024
90 421 3 573.016 137.716 37.133 0.176 0.317 0.428 -2.978
90 428 5 570.263 126.947 37.407 1.633 0.25 0.648 1.505
90 436 4 569.629 129.587 37.43 2 0.336 1.152 1.505
90 443 4 583.934 147.306 37.215 0.35 0.114 0.485 0.584
90 444 3 566.117 121.75 38.181 0.544 0.436 0.98 -1.589
90 447 3 603.071 193.263 37.85 0.746 0.392 1.537 -2.982
90 450 5 614.955 188.417 37.627 1.326 0.64 1.221 3.109
90 452 1 542.41 149.918 37.305 0.913 1.454 0.821 0.198
91 398 3 543.327 137.1 37.706 0.351 0.192 0.826 1.649
91 401 4 604.612 158.319 37.792 1.837 0.889 1.568 -0.027
91 404 1 639.301 168.853 37.642 3.795 1.855 1.319 0.035
91 417 3 597.722 150.201 38.499 0.327 0.53 0.432 -2.911
91 428 5 570.313 126.887 37.363 1.601 0.229 1.037 1.578
91 436 4 569.661 129.692 37.308 1.621 0.246 0.769 1.578
91 444 3 565.899 122.634 38.346 0.428 0.369 0.631 -1.592
91 447 3 602.24 192.984 37.737 0.598 0.364 1.175 0.176
91 450 5 611.321 187.312 37.8 1.075 0.651 1.291 -3.123
91 452 1 551.582 151.801 37.397 1.741 1.608 0.796 0.041
92 401 4 607.813 158.625 37.815 1.924 0.796 1.623 0.04
92 404 1 645.665 170.487 37.719 4.233 1.857 1.053 0.062
92 417 3 598.447 150.284 38.533 0.351 0.659 0.522 0.053
92 447 3 601.755 192.931 38.041 0.672 0.304 1.344 0.063
92 450 5 608.642 186.497 37.838 1.406 0.613 1.498 3.139
92 452 1 559.083 153.494 37.616 2.284 1.706 1.267 0.037
92 460 3 666.521 169.686 37.694 0.455 0.32 1.471 0.003
93 401 4 611.77 159.155 37.792 1.839 0.693 1.553 0.076
93 404 1 652.8 172.45 37.647 4.017 2.024 0.975 0
93 417 3 599.37 150.433 37.932 0.31 0.515 1.596 3.13
93 447 3 601.054 193.145 37.942 0.721 0.367 1.576 1.546
93 450 5 604.828 185.505 37.793 1.923 0.447 1.327 3.132
93 452 1 568.394 155.501 37.651 2.236 1.72 1.239 -0.009
93 460 3 668.787 170.184 37.589 0.967 0.504 1.361 -0.008
94 401 4 615.019 159.613 37.776 1.832 0.694 1.603 0.041
94 404 1 658.842 174.112 37.584 4.329 1.83 1.155 0.038
94 417 3 599.874 150.605 37.945 0.729 0.663 1.649 -0.026
94 447 3 600.622 193.148 38.156 0.443 0.199 0.453 0.006
94 450 5 601.67 184.807 37.836 1.396 0.449 1.366 -3.083
94 452 1 576.617 157.387 37.496 1.065 1.707 0.802 0.044
94 460 3 670.508 170.593 37.752 1.015 0.585 1.257 0.008
95 401 4 623.667 161.233 37.784 1.904 0.785 1.586 0.052
95 404 1 673.815 178.163 37.403 4.305 1.843 1.243 0.045
95 417 3 601.823 150.992 37.951 0.331 0.489 1.741 3.112
95 447 3 600.03 193.459 38.246 0.45 0.506 1.667 1.667
95 452 1 595.489 161.669 37.671 1.702 1.723 0.965 0.061
95 460 3 675.925 171.701 37.591 1.396 0.646 1.622 0.024
96 401 4 626.932 161.926 37.824 1.955 0.716 1.6 0.015
96 404 1 678.027 179.226 37.692 1.115 1.809 0.931 0.063
96 417 3 602.417 151.231 37.749 0.498 0.647 1.203 -0.015
96 452 1 602.405 163.404 37.742 2.407 1.858 1.249 0.019
96 460 3 677.748 172.168 37.655 1.595 0.384 1.478 0.014
97 401 4 630.328 162.696 37.797 1.895 0.658 1.516 -0.002
97 404 1 683.603 180.717 37.526 0.817 1.643 0.816 0.043
97 417 3 603.008 151.379 37.874 0.257 0.62 1.502 3.139
97 452 1 609.519 165.007 37.89 2.408 1.939 1.203 0.011
97 460 3 679.742 172.585 37.608 1.46 0.543 1.611 0.019
97 470 3 701.324 174.978 38.081 0.301 0.538 0.357 -0.114
97 471 3 701.033 173.857 37.686 0.573 0.462 1.143 0.069
97 473 4 686.786 171.077 38.256 0.292 0.523 0.928 2.574
98 401 4 633.607 163.379 37.775 1.946 0.695 1.541 0.011
98 404 1 689.169 182.102 37.497 0.798 1.722 0.841 0.029
98 417 3 603.503 151.72 37.911 0.539 0.486 1.377 -0.031
98 452 1 616.472 166.634 37.859 2.401 1.996 1.307 0.02
98 460 3 681.757 173.077 37.664 1.708 0.693 1.636 0.025
98 470 3 701.892 174.972 37.944 0.325 0.539 0.799 -0.04
98 471 3 701.717 173.759 37.645 0.47 0.787 1.366 0.035
98 473 4 684.257 170.412 37.969 0.62 0.635 1.173 -3.133
98 477 3 683.102 169.298 38 0.361 0.571 1.108 0.004
99 401 4 637.01 164.134 37.75 1.813 0.686 1.503 -0.002
99 404 1 695.101 183.537 37.537 1.611 1.718 1.055 0.019
99 417 3 604.101 151.994 37.986 0.357 0.298 1.17 -0.028
99 452 1 623.545 168.227 37.849 2.426 1.881 1.433 0.008
99 460 3 683.772 173.579 37.674 1.635 0.518 1.689 0.002
99 470 3 702.517 175.206 37.993 0.206 0.56 0.704 -0.066
99 471 3 702.526 173.427 37.973 0.17 0.381 0.675 0.045
99 473 4 681.866 169.692 37.921 0.908 0.578 1.771 -3.111
99 477 3 683.729 169.214 38.008 0.319 0.427 1.15 3.134
99 478 2 717.077 184.927 38.19 8.307 2.769 3.001 0.07
100 401 4 640.44 164.821 37.758 1.814 0.655 1.442 0.031
100 404 1 700.46 184.773 37.747 1.484 1.707 1.131 0.003
100 452 1 630.316 169.794 37.755 2.668 1.887 1.269 0.012
100 460 3 685.576 174.009 37.689 1.298 0.566 1.661 0.013
100 470 3 703.078 175.407 37.662 0.47 0.363 1.366 0.025
100 471 3 702.98 173.55 37.618 0.386 0.45 1.393 -0.008
100 473 4 679.488 169.083 37.987 1.493 0.601 1.636 -3.119
100 477 3 684.377 169.132 37.955 0.345 0.239 0.992 0.007
100 478 2 719.143 185.456 38.287 6.871 3.148 2.628 0.005
100 480 3 702.93 174.233 37.811 0.535 0.609 1.605 -0.056
101 401 4 643.813 165.59 37.755 1.796 0.698 1.425 -0.035
101 404 1 705.062 185.816 37.526 0.405 1.806 0.707 0.022
101 452 1 637.01 171.292 37.874 2.632 2.108 1.189 0.05
101 460 3 687.654 174.509 37.69 1.676 0.608 1.683 0.058
101 470 3 703.764 175.583 37.849 0.426 0.687 1.487 0.017
101 471 3 703.793 173.777 37.813 0.426 0.525 1.497 -0.07
101 473 4 677.202 168.502 37.988 1.609 0.627 1.676 -3.132
101 477 3 684.926 169.418 37.944 0.644 0.548 1.594 0.02
101 478 2 723.411 186.68 38.257 9.797 3.006 3.226 0.023
101 480 3 703.587 174.341 37.831 0.524 0.498 1.486 -0.044
101 481 3 717.427 178.435 37.758 0.394 0.54 1.387 3.12
102 401 4 648.001 166.471 37.707 1.603 0.677 1.482 -0.033
102 404 1 711.06 187.202 37.389 0.842 1.722 0.83 0.023
102 452 1 644.563 173.028 37.812 3.665 1.868 1.435 -0.033
102 460 3 690.027 175.137 37.728 1.746 0.584 1.671 0.025
102 470 3 704.445 175.755 37.709 0.49 0.606 1.732 0.039
102 471 3 704.512 173.906 37.795 0.463 0.578 1.513 -0.074
102 473 4 674.312 167.693 38.029 1.673 0.866 1.696 -3.132
102 477 3 686.015 169.481 37.951 0.782 0.686 1.618 0.021
102 478 2 728.112 187.77 38.183 11.82 2.977 2.99 0.023
102 480 3 704.298 174.538 37.694 0.487 0.65 1.293 -0.074
102 481 3 716.726 178.169 37.669 0.346 0.433 1.447 -3.07
103 401 4 656.19 168.263 37.76 1.502 0.629 1.5 -0.043
103 404 1 721.518 189.676 37.377 0.931 1.802 1.018 0.022
103 452 1 659.381 176.33 37.802 3.727 1.865 1.397 0.011
103 460 3 694.927 176.172 37.716 1.882 0.614 1.76 0.01
103 470 3 706.097 176.303 37.861 0.661 0.417 1.685 -0.048
103 471 3 705.962 174.181 37.888 0.625 0.706 1.564 -0.034
103 473 4 668.789 166.46 38.092 1.362 0.525 1.671 -3.09
103 477 3 687.531 170.17 37.99 0.453 0.828 1.663 -1.365
103 478 2 735.285 189.686 38.184 11.874 3.128 3.11 0.062
103 480 3 705.886 174.807 37.882 0.602 0.554 1.601 0.023
103 481 3 715.176 177.719 37.864 0.576 0.611 1.478 2.809
103 483 4 713.774 211.847 37.526 0.974 0.463 1.168 -3.076
104 401 4 659.517 168.943 37.736 1.595 0.602 1.452 0.051
104 404 1 725.684 190.68 37.569 1.475 1.74 1.317 0.031
104 452 1 665.339 177.643 37.819 3.685 2.013 1.392 0.051
104 460 3 696.933 176.617 37.727 1.821 0.668 1.751 0.051
104 470 3 706.708 176.285 37.878 0.759 0.796 1.697 0.019
104 471 3 706.654 174.297 37.905 0.564 0.579 1.572 0.019
104 473 4 666.324 165.873 37.977 1.087 0.403 1.592 -3.096
104 477 3 688.213 170.439 37.982 0.911 0.528 1.657 0.049
104 478 2 738.33 190.465 38.171 12.019 2.638 2.898 0.051
104 480 3 706.511 174.902 37.988 0.655 0.472 1.635 0.019
104 481 3 714.647 177.54 37.859 0.42 0.627 1.571 3.094
104 483 4 711.654 211.211 37.767 0.715 0.492 1.124 -3.118
104 487 4 666.2 200.207 37.918 1.118 0.649 1.591 -3.073
105 401 4 662.799 169.642 37.697 1.756 0.504 1.49 -0.043
105 404 1 729.396 191.634 37.51 1.472 1.724 1.236 0.084
105 452 1 671.113 178.958 37.841 3.656 1.817 1.336 0.017
105 460 3 699.017 177.041 37.733 1.853 0.637 1.743 -0.014
105 470 3 707.323 176.458 37.891 0.456 0.55 1.763 -0.013
105 471 3 707.245 174.349 37.822 0.318 0.523 1.462 -0.013
105 473 4 664.148 165.21 37.99 1.158 0.42 1.497 -3.05
105 477 3 689.149 170.641 37.967 0.588 0.553 1.599 0.055
105 478 2 741.229 191.274 38.236 11.846 2.614 3.047 0.069
105 480 3 707.164 175.061 37.894 0.539 0.455 1.712 -0.013
105 481 3 714.05 177.433 37.841 0.385 0.545 1.516 2.972
105 483 4 709.29 210.736 37.63 1.025 0.523 1.583 -3.137
105 487 4 663.612 199.55 37.905 0.91 0.355 1.402 3.09
106 401 4 666.464 170.352 37.668 1.11 0.674 1.509 -0
106 404 1 732.883 192.428 37.6 1.518 1.773 1.218 0
106 452 1 676.792 180.304 37.769 3.742 2.016 1.365 0
106 460 3 701.112 177.511 37.755 1.925 0.795 1.776 0.056
106 470 3 707.997 176.586 37.922 0.498 0.663 1.8 -0.165
106 471 3 707.848 174.59 37.929 0.549 0.502 1.582 -0
106 473 4 662.027 164.658 37.931 0.844 0.498 1.063 -3.104
106 477 3 689.614 170.847 37.976 0.812 0.641 1.631 -0
106 478 2 744.046 191.952 38.387 11.766 2.85 3.298 0.057
106 480 3 707.82 175.166 37.948 0.626 0.564 1.706 0
106 481 3 713.446 177.2 37.864 0.402 0.556 1.663 3.09
106 483 4 707.197 210.234 37.675 1.451 0.768 1.556 3.133
106 487 4 661.132 198.838 37.86 1.339 0.542 1.201 3.084
107 401 4 669.874 171.146 37.686 1.094 0.582 1.353 0.048
107 404 1 735.973 193.184 37.43 1.108 1.78 1.088 0.048
107 452 1 682.353 181.557 37.738 3.71 1.96 1.425 0.048
107 460 3 702.987 178.128 37.751 1.752 0.633 1.747 0.048
107 470 3 708.628 176.705 37.952 0.4 0.507 1.76 -0.08
107 471 3 708.466 174.715 37.939 0.484 0.451 1.721 0.023
107 473 4 659.619 163.995 37.985 0.578 0.447 1.334 -3.119
107 477 3 690.392 170.97 37.988 0.446 0.608 1.722 0.029
107 478 2 746.923 192.54 38.343 11.75 2.825 3.13 0.048
107 480 3 708.475 175.328 37.943 0.526 0.523 1.734 0.023
107 481 3 712.877 177.084 37.89 0.324 0.54 1.693 -3.119
107 483 4 704.898 209.619 37.721 1.616 0.567 1.429 -3.106
107 487 4 658.361 198.169 37.915 0.927 0.481 1.499 -3.12
108 401 4 673.274 171.948 37.727 1.083 0.759 1.378 0.025
108 404 1 739.417 194.023 37.533 1.635 1.814 1.327 -0.087
108 452 1 687.803 182.842 37.75 3.805 1.973 1.484 0.016
108 460 3 705.031 178.599 37.748 1.756 0.907 1.731 -0.004
108 470 3 709.238 176.817 37.945 0.601 0.394 1.691 0.358
108 471 3 709.12 174.893 37.923 0.856 0.553 1.655 0.08
108 477 3 691.128 171.232 37.952 0.412 0.59 1.666 0.031
108 478 2 749.643 193.319 38.185 11.747 2.808 2.771 0.08
108 480 3 709.135 175.471 37.942 0.514 0.449 1.748 0.083
108 481 3 712.513 176.809 37.899 0.687 0.626 1.706 3.132
109 401 4 677.021 172.765 37.711 1.526 0.515 1.284 0.097
109 404 1 742.756 194.876 37.375 0.982 1.744 1.222 0.067
109 452 1 694.074 184.36 37.753 3.941 2.013 1.48 0.057
109 460 3 707.344 179.379 37.738 1.788 0.625 1.758 0.161
109 470 3 710.03 176.897 37.938 0.519 0.618 1.778 0.074
109 471 3 710.058 174.99 37.843 0.289 0.473 1.514 0.181
109 477 3 691.93 171.292 37.993 0.461 0.635 1.736 0.123
109 478 2 752.95 194.034 38.271 11.922 2.734 3.195 0.069
109 480 3 710.075 175.607 37.966 0.331 0.501 1.759 0.074
109 481 3 711.745 176.652 37.926 0.631 0.532 1.626 -3.068
