0 1 4 690.702 198.922 37.658 1.302 0.626 1.523 0.048
0 2 2 675.778 175.96 38.775 11.909 3.142 3.004 -3.126
0 4 4 699.832 201.04 37.627 1.288 0.755 1.647 0.025
0 6 4 728.798 210.63 37.604 1.952 0.664 1.74 0.007
0 7 3 688.311 200.055 38.102 0.265 0.509 0.473 0.017
0 8 4 701.056 202.987 37.645 1.477 0.698 1.616 -0.023
0 10 4 693.67 200.977 37.563 0.955 0.541 1.5 -0.033
0 11 1 719.878 182.705 37.941 2.304 1.509 0.628 -3.081
1 1 4 688.295 198.541 37.65 1.603 0.61 1.488 0.106
1 2 2 680.503 177.076 38.74 12.737 3.003 2.983 -3.112
1 4 4 697.02 200.439 37.577 1.677 0.658 1.522 0.154
1 6 4 726.855 210.21 37.524 1.779 0.577 1.622 0.074
1 7 3 686.244 199.371 37.549 1.344 0.493 1.582 0.085
1 8 4 699.032 202.651 37.641 1.683 0.507 1.617 0.113
1 10 4 691.91 200.513 37.641 0.786 0.484 1.3 0.105
1 11 1 723.738 183.523 37.78 4.085 1.625 0.816 -3.1
2 1 4 684.596 197.449 37.632 1.502 0.594 1.603 0.115
2 2 2 687.381 178.75 38.758 12.839 3.13 3.007 3.137
2 4 4 692.973 199.399 37.618 1.841 0.682 1.624 -0.004
2 6 4 723.761 209.578 37.569 1.487 0.674 1.623 -0.006
2 7 3 683.783 198.639 37.596 1.622 0.722 1.562 -0.004
2 8 4 695.728 201.816 37.614 1.71 0.649 1.671 -0.004
2 10 4 688.65 199.761 37.67 1.572 0.676 1.468 -0.004
2 11 1 728.095 184.573 37.966 3.066 1.418 0.615 3.108
2 16 5 664.205 173.039 37.546 0.238 0.429 0.35 2.999
2 19 1 645.288 189.698 37.823 1.686 1.139 1.169 -0.058
3 1 4 682.223 196.688 37.723 1.603 0.659 1.615 -0.029
3 2 2 692.581 179.993 38.668 11.863 2.983 2.608 3.116
3 4 4 689.932 198.548 37.705 1.89 0.702 1.639 -0.029
3 6 4 721.55 209.151 37.625 1.071 0.605 1.684 0.026
3 7 3 681.774 198.05 37.661 1.683 0.695 1.534 -0.029
3 8 4 693.253 201.257 37.679 1.727 0.838 1.647 -0.029
3 10 4 686.308 198.993 37.7 1.484 0.654 1.511 -0.029
3 11 1 731.198 185.713 38.023 0.725 0.398 0.325 -3.11
3 16 5 668.149 174.454 37.68 4.114 1.452 1.371 3.142
3 19 1 641.553 188.835 37.733 2.398 1.14 1.156 -0.04
3 20 3 669.904 163.208 37.81 0.541 0.602 1.629 -3.122
4 1 4 678.762 195.708 37.743 1.861 0.515 1.679 0.038
4 2 2 698.325 181.659 38.654 12.149 2.384 2.361 3.136
4 4 4 685.781 197.613 37.632 1.573 0.571 0.916 0.038
4 6 4 718.948 208.831 37.496 2.37 1.035 1.533 -0.019
4 7 3 679.175 197.459 37.688 1.631 0.811 1.609 0.038
4 8 4 690.005 200.523 37.676 1.73 0.777 1.64 -0.012
4 10 4 683.525 198.17 37.668 1.94 0.712 1.509 0.038
4 16 5 675.125 176.01 37.757 3.893 1.662 1.351 3.13
4 19 1 637.05 187.777 37.792 2.329 1.068 1.305 -0.008
4 20 3 669.785 163.315 38.368 0.326 0.376 0.201 1.491
4 34 1 673.923 172.118 37.833 4.212 1.524 1.604 3.136
5 1 4 675.283 194.913 37.794 1.847 0.738 1.6 -0.005
5 2 2 703.913 182.848 39.02 12.031 3.159 2.519 3.095
5 4 4 682.048 196.499 37.726 1.977 0.689 1.632 -0.005
5 6 4 715.854 207.823 37.699 0.833 0.47 1.318 -0.027
5 7 3 676.564 196.982 37.741 1.721 1.01 1.585 -0.005
5 8 4 686.723 199.654 37.686 1.677 0.706 1.628 -0.005
5 10 4 680.708 197.337 37.717 1.937 0.792 1.568 -0.005
5 16 5 681.519 177.514 37.817 4.05 1.753 1.494 3.095
5 19 1 632.478 186.785 37.833 2.389 1.227 1.431 -0.028
5 20 3 669.734 163.29 38.276 0.353 0.644 0.966 0.895
5 34 1 682.822 174.485 37.957 4.234 1.826 1.443 3.095
5 45 4 621.638 183.36 37.767 0.687 0.495 0.838 0.012
6 1 4 672.786 194.603 37.777 1.798 0.921 1.665 0
6 2 2 708.229 183.741 39.057 12.21 2.682 2.251 -3.141
6 4 4 679.196 195.699 37.75 1.771 0.755 1.604 0
6 6 4 713.868 207.283 37.616 0.402 0.455 1.231 -2.731
6 7 3 674.873 196.565 37.731 1.115 0.824 1.635 0
6 8 4 684.285 199.013 37.696 1.109 0.453 1.686 0
6 10 4 678.547 196.792 37.708 1.81 0.763 1.535 0
6 16 5 686.14 178.491 37.771 3.866 1.743 1.533 -3.141
6 19 1 628.97 185.958 37.857 2.489 1.11 1.663 0.077
6 20 3 669.689 163.365 37.937 0.465 0.567 1.614 0.416
6 34 1 688.821 175.809 38.043 3.642 1.53 1.087 -3.141
6 45 4 617.108 182.372 37.667 0.756 0.539 0.953 0.133
6 48 1 655.868 174.273 38.743 4.655 1.653 0.601 -3.085
7 1 4 668.99 194.108 37.807 1.69 0.641 1.702 0.049
7 2 2 712.31 184.719 39.325 8.312 2.493 1.819 3.14
7 4 4 675.008 194.703 37.685 1.309 0.686 1.549 0.049
7 6 4 710.634 205.993 37.563 0.777 0.61 1.665 -3.093
7 7 3 671.163 195.943 37.735 1.088 0.595 1.578 0.049
7 8 4 680.818 197.65 37.691 1.103 0.682 1.617 0.049
7 10 4 675.305 195.972 37.651 1.454 0.772 1.518 0.049
7 16 5 692.875 180.047 37.593 3.561 1.731 1.324 3.14
7 19 1 623.855 184.669 37.809 2.498 1.101 1.802 0.049
7 20 3 669.683 163.338 38.273 0.406 0.486 0.947 1.276
7 34 1 697.593 177.927 37.778 2.476 1.468 1.351 3.141
7 45 4 610.36 180.949 37.541 0.543 0.567 1.258 -1.864
7 48 1 661.86 176.091 38.589 4.033 1.517 0.918 -3.09
8 1 4 665.883 193.714 37.764 1.298 0.705 1.571 0.012
8 4 4 671.915 194.177 37.793 1.263 0.638 1.554 0.012
8 7 3 668.684 195.613 37.698 1.171 0.775 1.444 0.012
8 8 4 678.198 197.065 37.882 1.107 0.651 1.285 0.012
8 10 4 672.682 195.35 37.761 1.383 0.748 1.523 0.012
8 16 5 696.604 180.938 37.783 0.693 1.649 1.182 -3.13
8 19 1 619.879 183.7 37.921 2.417 1.14 1.641 0.059
8 20 3 669.712 163.376 38.404 0.406 0.435 0.758 1.701
8 34 1 702.982 178.9 37.683 0.446 0.41 0.332 0.984
8 45 4 605.415 180.027 37.78 0.587 0.476 1.186 0.041
8 48 1 665.181 176.879 38.638 3.945 1.679 0.94 -3.13
9 1 4 663.252 193.248 37.766 1.467 0.62 1.597 -0.008
9 4 4 668.83 193.751 37.731 1.167 0.662 1.451 -0.056
9 7 3 666.365 195.215 37.693 1.692 0.756 1.518 0.075
9 8 4 675.991 196.668 38.263 0.221 0.262 0.33 0.243
9 10 4 670.126 194.776 37.75 1.489 0.712 1.585 0.021
9 16 5 701.405 182.318 37.948 0.487 0.795 0.819 -3.11
9 19 1 615.921 182.707 37.946 2.511 1.118 1.742 0.061
9 20 3 669.605 163.358 38.016 0.522 1.113 1.548 1.537
9 45 4 599.942 178.847 37.888 1.166 0.687 1.153 -0.004
9 48 1 667.485 177.564 38.769 3.687 1.74 0.538 -3.109
10 1 4 657.43 192.206 37.947 0.562 0.597 1.369 0.054
10 4 4 662.39 192.94 37.637 0.392 0.604 1.172 0.06
10 7 3 661.012 194.052 37.605 1.191 0.582 1.235 0
10 19 1 607.098 180.648 37.964 2.643 1.054 1.788 0.013
10 45 4 589.032 176.71 37.784 0.994 0.634 1.594 -0.061
10 48 1 667.905 177.664 38.644 0.442 1.517 0.667 -3.117
11 1 4 655.255 191.848 37.728 0.999 0.539 1.479 0
11 4 4 660.17 192.611 37.825 0.637 0.456 1.148 0.003
11 7 3 658.925 193.617 37.697 0.787 0.49 1.363 0.004
11 19 1 603.963 179.916 38.01 2.963 1.148 1.783 -0.001
11 45 4 585.179 175.886 37.86 1.117 0.391 1.55 0
11 48 1 668.123 177.785 38.757 0.381 1.404 0.649 3.138
12 1 4 653.329 191.554 37.755 0.903 0.454 1.392 -0.074
12 4 4 657.872 192.108 37.751 1.066 0.633 1.269 -0.011
12 7 3 657.062 193.334 37.75 0.791 0.487 1.239 -0.011
12 19 1 600.999 179.256 37.994 2.704 1.097 1.717 -0.003
12 45 4 581.348 175.049 37.822 1.514 0.538 1.595 0.001
13 1 4 651.297 191.115 37.798 1.135 0.549 1.519 0.006
13 4 4 656.075 191.706 37.801 0.609 0.62 1.416 0.024
13 7 3 655.155 192.988 37.551 0.812 0.475 1.339 0.024
13 19 1 597.846 178.559 37.986 2.712 1.151 1.798 0.005
13 45 4 577.804 174.261 37.817 1.11 0.592 1.657 -0.001
13 68 4 546.703 166.398 37.937 0.267 1.05 0.89 0.048
14 1 4 648.281 190.44 37.726 0.345 0.323 1.091 -0.09
14 19 1 591.989 177.299 38.033 2.947 1.296 1.784 0
14 45 4 570.931 172.627 37.729 1.321 0.606 1.458 -0
14 68 4 540.55 164.485 37.565 0.49 0.879 1.162 -0.004
15 19 1 587.512 176.263 38.005 2.983 1.191 1.796 0.007
15 45 4 564.722 171.225 37.772 1.563 0.543 1.582 -0.017
15 68 4 535.106 162.98 37.775 0.532 0.935 0.871 -0.368
15 70 3 526.086 163.082 37.535 0.2 0.446 0.871 3.12
15 71 3 541.124 170.418 37.856 0.404 0.735 1.698 -0.07
16 19 1 581.128 174.797 37.99 2.962 1.151 1.739 -0.015
16 45 4 556.955 169.479 37.774 1.671 0.657 1.528 -0.03
16 68 4 527.125 160.895 37.7 2.803 1.047 1.73 -0.008
16 70 3 522.629 162.425 37.534 0.713 0.474 1.329 -0.008
16 71 3 539.736 170.03 37.874 0.214 0.356 1.486 -0.02
17 19 1 574.703 173.402 37.973 2.969 1.183 1.737 -0.012
17 45 4 549.274 167.712 37.826 1.641 0.718 1.583 0.002
17 68 4 520.157 159.126 37.679 2.774 1.09 1.499 -0.054
17 70 3 519.211 161.775 37.677 0.997 0.626 1.377 -0.074
17 71 3 538.252 169.832 38.077 0.534 0.741 1.591 -0.062
17 74 1 549.554 146.178 37.198 4.229 0.934 0.736 3.119
17 76 4 513.327 159.38 37.676 0.958 0.611 1.221 -0.034
17 77 1 526.575 140.69 37.462 3.966 1.586 0.957 -3.093
18 19 1 571.528 172.687 37.961 2.936 1.11 1.771 -0.018
18 45 4 545.363 166.744 37.789 1.683 0.689 1.612 0.003
18 68 4 516.636 158.249 37.764 2.754 0.984 1.647 -0.011
18 70 3 517.404 161.418 37.679 0.97 0.565 1.357 -0.016
18 71 3 537.574 169.706 38.063 0.45 0.842 1.629 -0.012
18 74 1 554.522 147.481 37.466 3.54 0.637 1.481 3.102
18 76 4 510.654 159.013 37.69 0.887 0.638 1.1 -0.043
18 77 1 533.625 142.234 37.409 3.912 1.722 1.505 3.105
19 19 1 568.372 171.982 37.958 2.793 1.122 1.773 0.003
19 45 4 541.846 165.957 37.798 2.435 0.775 1.598 -0
19 68 4 513.161 157.447 37.688 2.718 1.041 1.693 0
19 70 3 515.957 161.145 37.659 1.002 0.588 1.422 0
19 71 3 536.956 169.349 38.013 0.654 0.526 1.522 -0.028
19 74 1 559.711 148.567 37.432 4.286 1.028 1.09 3.142
19 76 4 508.3 158.618 37.652 1.293 0.552 1.512 0
19 77 1 540.23 143.643 37.51 4.307 1.838 1.353 3.135
19 79 1 534.689 139.207 37.29 1.469 0.802 1.028 3.112
19 80 1 516.467 134.403 37.102 1.163 1.523 0.916 -3.113
20 19 1 565.082 171.223 37.89 2.939 1.102 1.654 0.013
20 45 4 538.334 165.064 37.796 1.63 0.596 1.565 0.022
20 68 4 509.676 156.671 37.754 2.707 1.015 1.733 -0.006
20 70 3 514.059 160.744 37.563 1.386 0.614 1.423 -0.012
20 71 3 536.235 169.168 38.104 0.613 0.512 1.668 -0.048
20 74 1 563.1 148.991 37.27 0.426 1.561 1.087 3.009
20 76 4 505.748 158.168 37.768 1.332 0.6 1.484 0.025
20 77 1 546.745 145.13 37.635 5.049 1.805 1.327 -3.114
20 79 1 540.599 140.156 37.481 4.563 1.68 1.501 -3.13
20 80 1 520.572 135.286 37.533 4.135 2.116 1.71 3.137
21 19 1 561.931 170.541 37.866 2.694 1.09 1.636 -0.027
21 45 4 534.434 164.248 37.789 1.725 0.922 1.593 -0.027
21 68 4 506.168 155.959 37.733 2.873 0.967 1.751 -0.027
21 70 3 512.349 160.247 37.619 1.464 0.518 1.485 -0.027
21 71 3 535.49 169.153 38.054 1.177 0.899 1.736 0.007
21 74 1 569.382 150.56 37.381 2.901 1.748 1.339 3.134
21 76 4 503.001 157.778 37.728 1.123 0.593 1.558 -0.027
21 77 1 553.287 146.471 37.458 4.533 1.89 1.49 3.13
21 79 1 545.603 141.344 37.461 4.474 1.752 1.453 3.123
21 80 1 525.372 136.458 37.671 4.714 2.045 1.935 3.136
21 82 4 477.515 152.209 37.525 0.379 0.54 1.065 0.039
22 19 1 558.664 169.812 37.855 2.602 1.116 1.587 -0.02
22 45 4 530.538 163.373 37.793 1.788 0.908 1.587 -0.02
22 68 4 502.624 155.221 37.758 2.879 1.083 1.717 -0.02
22 70 3 510.601 159.776 37.675 1.619 0.639 1.593 -0.02
22 71 3 534.807 168.962 38.079 1.036 0.561 1.707 -0.031
22 74 1 574.045 151.754 37.348 0.834 1.613 0.66 3.142
22 76 4 500.42 157.311 37.704 1.309 0.603 1.651 -0.02
22 77 1 559.871 147.956 37.496 4.283 1.811 1.327 -3.117
22 79 1 550.324 142.376 37.478 3.56 1.694 1.536 3.142
22 80 1 530.257 137.678 37.71 4.036 1.98 1.871 3.142
22 82 4 475.987 151.884 37.591 0.965 0.508 1.034 0
22 83 5 467.888 149.939 37.587 0.512 0.662 1.068 0.064
22 84 1 513.968 137.5 37.472 3.069 1.639 1.497 3.142
23 19 1 555.212 169.086 37.782 2.077 1.079 1.568 0.021
23 45 4 526.669 162.382 37.722 1.694 0.658 1.589 -0.01
23 68 4 499.132 154.495 37.755 2.803 1.021 1.763 -0.019
23 70 3 508.793 159.275 37.655 1.739 0.705 1.592 -0.019
23 71 3 534.034 168.812 37.998 0.972 0.782 1.654 -0.025
23 74 1 579.886 153.248 37.469 2.079 1.627 0.746 3.142
23 76 4 497.852 156.764 37.646 1.457 0.591 1.612 -0.019
23 77 1 566.178 149.356 37.572 3.654 1.414 1.175 -3.104
23 79 1 555.849 143.895 37.416 4.102 1.249 1.551 -3.116
23 80 1 535.26 138.827 37.668 4.332 1.813 2.021 -3.133
23 82 4 474.167 151.478 37.688 1.032 0.54 1.518 -0.009
23 83 5 466.527 149.629 37.48 0.364 0.522 1.054 -0.078
23 84 1 519.452 138.816 37.492 3.927 1.836 1.527 -3.129
24 19 1 552.018 168.373 37.857 2.116 1.071 1.584 -0
24 45 4 522.752 161.453 37.715 1.677 0.627 1.576 0
24 68 4 495.666 153.735 37.777 2.882 0.974 1.774 -0
24 70 3 507.176 158.908 37.684 2.028 0.722 1.62 0
24 71 3 533.279 168.69 37.894 0.8 0.674 1.406 -3.02
24 76 4 495.21 156.198 37.729 1.658 0.502 1.727 -0
24 77 1 571.363 150.112 37.329 0.626 1.571 0.678 3.142
24 80 1 540.317 140.24 37.685 4.509 1.348 1.716 -3.142
24 82 4 472.814 151.143 37.731 0.611 0.333 1.317 0
24 83 5 464.894 149.193 37.796 0.622 0.46 0.979 0
24 84 1 525.138 140.245 37.525 4.137 1.618 1.434 3.142
25 19 1 548.43 167.567 37.825 1.556 1.109 1.368 0.007
25 45 4 518.849 160.511 37.728 1.744 0.672 1.606 0.012
25 68 4 492.147 152.935 37.81 2.849 1.051 1.824 0.001
25 70 3 505.58 158.488 37.717 1.703 0.691 1.611 -0.01
25 71 3 532.498 168.477 37.988 0.665 0.71 1.559 -0.041
25 76 4 492.709 155.647 37.731 1.524 0.584 1.728 0.006
25 80 1 544.068 140.795 37.505 1.4 1.842 1.532 -3.123
25 82 4 471.271 150.818 37.624 1.159 0.513 1.384 -0.031
25 83 5 463.724 148.883 37.616 0.943 0.507 1.144 0.055
25 84 1 531.186 141.713 37.493 3.822 1.699 1.314 -3.123
26 19 1 540.702 165.905 37.765 1.789 1.089 1.409 -0.098
26 45 4 509.361 158.094 37.63 1.324 0.672 1.467 0.015
26 68 4 483.67 151.161 37.841 2.974 1.105 1.773 -0.055
26 70 3 501.302 157.852 37.674 1.836 0.783 1.62 0.016
26 76 4 486.883 154.209 37.753 1.816 0.713 1.708 0.047
26 80 1 545.579 145.204 37.373 3.322 1.621 0.679 -3.051
26 82 4 467.573 149.947 37.632 1.595 0.529 1.387 -0.026
26 83 5 459.94 147.971 37.704 0.765 0.678 1.444 -0.422
26 87 4 435.605 140.73 37.768 1.082 0.714 1.113 0.042
27 19 1 537.48 165.161 37.844 1.486 1.037 1.529 -0.033
27 45 4 505.549 157.116 37.648 1.526 0.652 1.556 0.046
27 68 4 480.593 150.611 37.862 3.871 1.381 1.88 -0.028
27 70 3 499.675 157.392 37.622 1.42 0.603 1.501 -0.026
27 76 4 484.428 153.57 37.76 1.71 0.719 1.713 0.013
27 82 4 466.06 149.609 37.696 1.601 0.554 1.602 0.016
27 83 5 458.477 147.686 37.627 1.637 0.68 1.414 0.016
27 87 4 431.642 139.796 37.782 1.138 0.51 1.355 0.081
28 19 1 533.978 164.304 37.808 1.529 1.047 1.539 -0.014
28 45 4 501.633 156.208 37.628 1.204 0.662 1.488 0.021
28 68 4 477.416 149.784 37.909 3.214 1.166 1.886 -0.006
28 70 3 497.548 156.842 37.673 1.206 0.579 1.513 0.054
28 76 4 481.817 152.925 37.786 1.683 0.724 1.746 0.02
28 82 4 464.5 149.207 37.754 1.782 0.575 1.635 0.012
28 83 5 457.048 147.383 37.729 1.303 0.65 1.524 -0.013
28 87 4 428.168 138.81 37.637 0.921 0.363 1.325 0.044
29 45 4 497.805 155.349 37.651 1.305 0.639 1.42 0.056
29 68 4 473.794 148.953 37.9 2.984 1.066 1.821 0.033
29 70 3 495.877 156.436 37.675 1.136 0.621 1.389 0.056
29 76 4 479.327 152.283 37.789 1.795 0.677 1.695 0.056
29 82 4 463.176 148.999 37.747 1.9 0.778 1.561 0.056
29 83 5 455.454 147.078 37.747 1.728 0.686 1.572 0.056
29 87 4 424.471 137.98 37.71 1.036 0.603 1.206 0.056
30 45 4 493.88 154.461 37.636 1.343 0.61 1.642 -0.016
30 68 4 470.218 148.155 37.865 2.926 1.043 1.808 -0.011
30 70 3 494.241 156.057 37.736 1.187 0.603 1.385 0.024
30 76 4 476.592 151.653 37.729 1.404 0.673 1.636 0.038
30 82 4 461.804 148.636 37.76 1.645 0.623 1.596 0.057
30 83 5 453.992 146.695 37.779 1.662 0.592 1.597 -0.006
30 87 4 420.413 137.043 37.698 1.612 0.686 1.496 0.06
30 92 5 461.565 149.08 37.131 1.673 0.382 0.41 0.007
30 93 3 427.529 143.196 37.949 0.672 0.398 1.45 -0.01
31 45 4 489.186 153.463 37.613 1.28 0.605 1.521 0.022
31 68 4 466.094 147.15 37.884 2.96 0.991 1.867 0.019
31 70 3 492.275 155.61 37.555 0.619 0.546 1.463 0.011
31 76 4 473.537 150.852 37.776 1.093 0.582 1.744 0.105
31 82 4 460.042 148.249 37.784 1.684 0.722 1.66 0.105
31 83 5 452.493 146.411 37.815 1.673 0.687 1.573 -0.001
31 87 4 416.204 136.257 37.827 1.133 0.468 1.294 0.108
31 93 3 426.954 143.294 37.952 0.496 0.591 1.5 0.402
31 95 4 408.834 135.066 37.741 0.565 0.368 1.249 0.108
32 45 4 485.355 152.655 37.62 1.349 0.645 1.354 0.005
32 68 4 462.722 146.347 37.919 3.089 1.06 1.808 -0.011
32 70 3 490.445 155.287 37.689 0.999 0.603 1.406 0.027
32 76 4 471.319 150.335 38.204 0.456 0.543 0.699 0.03
32 82 4 458.617 147.903 37.797 1.755 0.718 1.609 0.015
32 83 5 451.054 146.085 37.817 1.743 0.772 1.564 0.008
32 87 4 412.342 135.694 37.835 1.309 0.772 1.449 0.004
32 93 3 426.525 143.141 38.082 0.555 0.422 1.474 -0.001
32 95 4 405.313 134.395 37.657 0.425 0.42 1.172 0.002
33 45 4 480.084 151.511 37.666 0.955 0.63 1.154 0.033
33 68 4 457.79 145.308 37.886 2.908 1.061 1.782 -0.023
33 82 4 456.729 147.467 37.732 2.04 0.623 1.502 0.033
33 83 5 448.926 145.649 37.802 1.693 0.668 1.618 0.033
33 87 4 406.875 134.902 37.751 1.457 0.738 1.471 0.005
33 93 3 425.658 143.099 37.982 0.913 0.797 1.597 -3.13
33 95 4 400.235 133.444 37.708 0.777 0.714 1.33 0.005
34 45 4 473.109 149.884 37.676 0.573 0.452 1.24 0.034
34 68 4 451.606 143.973 37.936 2.838 1.103 1.869 -0.032
34 82 4 453.78 146.879 37.799 1.059 0.583 1.586 0.043
34 83 5 446.289 145.274 37.82 1.671 0.698 1.645 -0.052
34 92 5 460.452 150.032 37.398 1.046 1.515 0.82 -0.006
34 93 3 425.104 142.832 38 0.719 0.491 1.52 0.702
34 95 4 400.097 133.385 37.733 1.559 0.73 1.396 0.024
34 96 4 370.407 124.666 37.662 0.771 0.435 1.144 0.005
34 97 4 393.597 132.051 37.642 1.247 0.424 1.294 0.024
34 98 4 369.772 126.424 37.625 0.461 1.309 1.188 -0.133
35 45 4 469.415 149.029 37.803 0.539 0.502 1.332 -0.014
35 68 4 448.228 143.223 37.891 2.815 1.156 1.732 -0.021
35 82 4 452.566 146.622 37.769 1.054 0.487 1.316 -0.023
35 83 5 444.737 144.911 37.874 1.377 0.654 1.399 -0.058
35 87 4 390.073 131.21 37.756 1.203 0.561 1.293 0.102
35 93 3 424.67 142.635 38.039 0.647 0.808 1.541 -3.086
35 96 4 366.31 123.691 37.763 0.886 0.52 1.147 -0.036
35 97 4 396.367 132.339 37.803 1.642 0.629 1.491 0.13
35 98 4 366.131 125.63 37.752 0.432 1.14 1.114 -0.011
36 45 4 465.715 148.033 37.768 0.507 0.497 1.194 -1.444
36 68 4 444.81 142.464 37.926 2.638 1.1 1.812 0.005
36 82 4 450.958 146.266 37.768 1.143 0.57 1.528 0.057
36 83 5 443.306 144.58 37.861 0.791 0.607 1.554 -0.006
36 87 4 386.642 130.491 37.757 1.013 0.479 1.536 0.155
36 92 5 458.225 146.814 38.158 0.359 0.296 0.6 0.057
36 93 3 424.373 142.321 38.071 0.459 0.498 1.552 0.084
36 96 4 362.366 122.879 37.6 0.514 0.496 0.897 0.096
36 97 4 392.639 131.413 37.844 1.697 0.778 1.617 -0.043
36 98 4 362.078 124.688 37.785 1.402 1.221 1.34 0.061
37 45 4 461.796 147.011 37.711 0.511 0.489 1.231 0.036
37 68 4 441.292 141.801 37.723 2.586 1.067 1.34 -0.039
37 82 4 449.635 146.07 37.856 0.825 0.419 1.219 0.041
37 83 5 441.814 144.256 37.855 0.653 0.642 1.442 0.005
37 87 4 383.043 129.774 37.785 1.049 0.594 1.507 0.014
37 92 5 455.515 146.285 37.844 0.774 0.536 1.116 0.015
37 93 3 424.281 142.165 38.017 0.561 0.559 1.536 3.07
37 96 4 358.367 121.938 37.593 1.071 0.559 1.208 0.136
37 97 4 388.98 130.481 37.875 1.636 0.75 1.622 0.014
37 98 4 358.262 123.897 37.815 1.784 1.161 1.637 0.099
37 103 1 381.294 105.259 37.765 1.886 1.344 0.829 3.075
38 68 4 437.174 141.082 37.762 2.386 1.018 1.357 -0.051
38 83 5 440.014 143.848 37.753 1.216 0.544 1.174 -0.01
38 87 4 378.557 128.759 37.805 1.447 0.603 1.512 -0.003
38 92 5 452.493 145.609 37.921 0.889 0.358 1.214 -0.047
38 97 4 384.398 129.328 37.863 1.856 0.717 1.579 0.012
38 98 4 353.786 122.891 37.716 1.976 1.198 1.462 0.035
38 103 1 387.845 107.158 37.811 4.108 1.541 1.283 -3.127
38 104 4 353.234 120.824 37.48 1.631 0.602 1.212 0.035
39 68 4 433.624 140.324 37.697 2.188 0.801 1.19 0.034
39 83 5 438.41 143.473 37.767 1.064 0.648 1.251 0.138
39 87 4 375.045 127.902 37.809 1.341 0.54 1.426 0
39 97 4 380.723 128.489 37.895 1.732 0.638 1.603 0.054
39 98 4 350.189 122.135 37.808 1.904 1.23 1.495 -0.02
39 103 1 394.252 108.121 37.849 4.583 2.294 1.305 -3.124
39 104 4 349.693 120.051 37.69 0.839 0.535 1.335 0.043
40 68 4 429.032 139.579 37.752 1.259 0.969 1.267 0.026
40 83 5 436.599 143.105 37.952 0.931 0.551 1.156 -0.03
40 87 4 370.692 126.916 37.838 1.491 0.563 1.543 0.026
40 97 4 376.559 127.467 37.888 2.466 0.561 1.541 0.026
40 98 4 345.846 121.094 37.755 1.921 1.224 1.534 0.026
40 103 1 401.735 110.001 37.923 4.1 1.616 1.143 -3.138
40 104 4 344.71 118.884 37.802 1.028 0.742 1.419 0.026
41 87 4 359.69 124.578 37.835 1.363 0.677 1.541 0
41 97 4 364.864 124.919 37.861 1.872 0.806 1.632 0.028
41 98 4 334.136 118.551 37.762 2.158 1.367 1.576 -0
41 104 4 331.747 116.172 37.729 1.094 0.701 1.557 0
42 87 4 356.016 123.801 37.826 1.382 0.745 1.539 0.071
42 97 4 361.049 124.007 37.875 1.8 0.764 1.594 0.071
42 98 4 330.389 117.668 37.782 2.409 1.249 1.602 0.024
42 104 4 327.569 115.39 37.751 1.29 0.604 1.541 0.024
43 87 4 352.452 123.051 37.813 1.543 0.706 1.536 0.009
43 97 4 357.338 123.174 37.843 1.846 0.723 1.533 0.019
43 98 4 326.825 116.938 37.77 2.188 1.337 1.562 -0.04
43 104 4 323.357 114.543 37.726 1.55 0.61 1.488 -0.02
43 114 5 285.601 104.464 37.191 0.58 0.755 0.366 0.009
44 87 4 348.765 122.258 37.774 1.396 0.647 1.474 -0.004
44 97 4 353.513 122.31 37.833 1.732 0.696 1.563 -0.034
44 98 4 323.187 116.196 37.77 2.149 1.292 1.625 -0.041
44 104 4 319.139 113.718 37.724 1.754 0.544 1.508 0.08
44 114 5 280.641 103.535 37.374 1.041 1.54 0.826 -0.029
44 117 4 280.162 107.263 37.453 0.509 0.396 1.1 -0.071
45 87 4 345.109 121.392 37.79 1.289 0.666 1.473 0.015
45 97 4 349.844 121.479 37.83 1.706 0.751 1.581 0.015
45 98 4 319.46 115.405 37.78 2.455 1.245 1.71 0.025
45 104 4 315.094 112.943 37.713 1.658 0.66 1.624 0.026
45 114 5 275.966 102.565 37.5 0.883 1.738 1.447 -0.014
45 117 4 276.609 106.441 37.343 1.337 0.592 1.116 0.122
46 87 4 341.593 120.562 37.748 1.467 0.696 1.473 0
46 97 4 346.061 120.563 37.825 1.56 0.777 1.587 0
46 98 4 315.57 114.685 37.783 2.692 1.429 1.678 -0.024
46 104 4 310.827 112.155 37.715 1.799 0.626 1.679 -0
46 114 5 271.684 101.513 37.332 0.164 0.839 0.118 -0.023
46 117 4 273.092 105.51 37.409 1.351 0.576 1.281 -0
47 87 4 337.261 119.493 37.691 1.131 0.58 1.429 0.031
47 97 4 341.418 119.401 37.788 1.223 0.82 1.585 0.031
47 98 4 311.692 113.845 37.766 2.971 1.41 1.666 -0.008
47 104 4 305.838 111.227 37.717 1.787 0.673 1.657 0.031
47 114 5 265.967 100.345 37.581 0.753 1.723 1.315 0.032
47 117 4 268.841 104.316 37.342 1.336 0.433 1.162 0.032
47 122 5 256.283 100.841 37.474 0.424 0.543 0.358 3.118
48 87 4 331.464 118.16 37.706 1.056 0.618 1.396 0.072
48 97 4 335.432 117.933 37.801 1.119 0.61 1.4 -0.002
48 98 4 306.058 112.652 37.765 2.332 1.467 1.678 -0.021
48 104 4 299.079 109.953 37.738 1.754 0.763 1.606 -0.01
48 114 5 258.617 98.802 37.293 0.921 1.603 0.831 0.021
48 117 4 263.136 102.732 37.297 1.441 0.656 0.972 0.136
48 122 5 250.545 99.753 37.317 1.195 0.467 1.071 0.058
48 124 3 262.289 107.935 37.609 0.358 0.478 0.829 -0.017
49 87 4 327.93 117.502 37.757 1.195 0.545 1.544 -0.004
49 97 4 331.641 117.071 37.804 1.043 0.776 1.386 -0.004
49 98 4 302.375 111.872 37.784 2.394 1.386 1.691 -0.004
49 104 4 295.678 109.367 37.771 1.761 0.7 1.609 -0.004
49 114 5 254.365 97.87 37.369 0.224 1.463 0.585 0.05
49 117 4 259.622 101.91 37.355 0.994 0.807 1.326 0.027
49 122 5 247.008 98.949 37.309 0.926 0.792 1.23 -0.028
49 124 3 261.849 107.927 37.542 0.439 0.443 1.287 -0.097
49 126 5 252.662 101.805 37.762 0.215 0.206 0.486 0.063
49 127 4 237.83 98.755 37.361 0.732 0.364 0.707 0.059
50 87 4 319.877 115.657 37.632 0.902 0.577 1.335 0.023
50 97 4 323.542 115.442 37.795 1.132 0.42 1.339 0.023
50 98 4 294.386 110.084 37.78 2.415 1.307 1.689 -0
50 104 4 286.332 107.587 37.664 1.804 0.695 1.576 -0
50 114 5 244.14 95.68 37.207 1.069 1.851 0.928 0.023
50 117 4 251.15 99.914 37.415 1.591 0.77 1.392 0.023
50 122 5 238.892 97.244 37.465 1.052 0.562 1.078 0.023
50 124 3 260.544 107.536 37.695 0.718 0.621 1.553 0.004
50 126 5 247.979 100.642 37.541 1.544 0.638 1.681 0.023
50 127 4 232.399 97.6 37.391 1.183 0.527 1.546 0.023
51 87 4 316.313 114.947 37.626 0.986 0.5 1.393 0
51 97 4 319.855 114.733 37.651 1.089 0.655 1.316 0
51 98 4 290.697 109.275 37.743 2.379 1.362 1.675 -0.021
51 104 4 282.046 106.743 37.672 1.734 0.613 1.652 -0.021
51 114 5 238.476 94.5 37.527 3.244 1.83 1.492 -0.021
51 117 4 247.431 99.075 37.387 1.456 0.785 1.267 -0.021
51 122 5 235.062 96.54 37.311 1.286 0.771 1.286 0
51 124 3 260.056 107.369 37.757 0.445 0.571 1.554 -0.033
51 126 5 246.036 100.214 37.519 1.469 0.62 1.577 -0.021
51 127 4 230.124 97.01 37.471 0.919 0.614 1.13 0
51 128 4 218.164 81.98 37.481 1.097 0.504 1.128 -1.282
52 87 4 312.72 114.163 37.54 0.888 0.493 1.251 0.077
52 97 4 316.263 114.117 37.742 1 0.58 1.317 -0.121
52 98 4 287.035 108.513 37.684 2.302 1.326 1.648 0.026
52 104 4 277.738 106.006 37.632 1.768 0.703 1.636 0.026
52 114 5 233.718 93.575 37.511 3.602 1.886 1.481 -0.016
52 117 4 243.588 98.275 37.427 1.58 0.714 1.337 -0.03
52 122 5 231.454 95.814 37.438 1.384 0.796 1.438 -0.013
52 124 3 259.471 107.097 37.751 0.519 0.484 1.613 0.004
52 126 5 243.818 99.809 37.555 1.597 0.696 1.642 -0.03
52 127 4 228.366 96.605 37.44 0.945 0.488 1.274 -0.064
52 128 4 218.255 81.919 37.487 1.251 0.446 1.081 1.669
52 131 1 211.204 81.69 37.597 4.133 1.63 1.335 -1.215
52 132 5 215.649 79.036 37.461 0.821 0.442 0.54 -1.961
53 87 4 309.044 113.609 37.614 1.24 0.429 1.357 0.094
53 97 4 312.753 113.388 37.731 0.973 0.538 1.088 0.094
53 98 4 283.384 107.692 37.646 2.243 1.248 1.569 0.003
53 104 4 273.486 105.186 37.619 1.642 0.636 1.631 -0.011
53 114 5 229.105 92.606 37.54 3.534 1.819 1.58 0.029
53 117 4 239.715 97.603 37.498 1.606 0.746 1.425 0.029
53 122 5 227.793 94.978 37.383 1.488 0.689 1.429 0.016
53 124 3 259.022 107.058 37.815 0.548 0.392 1.57 0.02
53 126 5 241.824 99.416 37.605 1.661 0.793 1.68 0.029
53 127 4 225.785 95.975 37.436 1.567 0.567 1.532 0.016
53 128 4 218.202 81.786 37.546 1.376 0.695 1.344 -1.35
53 131 1 210.519 82.396 37.719 4.424 1.594 1.355 -1.037
53 132 5 215.705 79.377 37.592 1.296 0.539 1.199 -1.593
53 136 5 257.18 74.07 37.188 1.023 0.481 0.479 3.08
53 138 5 204.553 91.099 37.83 0.446 0.304 0.708 3.142
53 140 1 210.164 74.734 37.426 1.029 1.514 0.862 3.136
54 87 4 305.4 112.864 37.623 0.906 0.323 1.083 -0.016
54 97 4 309.238 112.801 37.56 1.056 0.361 1.157 -0.016
54 98 4 279.728 106.893 37.652 2.223 1.16 1.59 0.029
54 104 4 269.186 104.347 37.582 1.654 0.543 1.554 0.029
54 114 5 224.21 91.684 37.536 3.956 1.842 1.57 -0.002
54 117 4 235.93 96.989 37.452 1.484 0.697 1.419 0.004
54 122 5 224.167 94.374 37.447 1.389 0.79 1.282 0.162
54 124 3 258.515 106.972 37.731 0.752 0.488 1.563 0.009
54 126 5 239.807 98.921 37.539 1.704 0.56 1.604 0.004
54 127 4 223.585 95.413 37.453 1.532 0.497 1.488 0.071
54 128 4 218.267 81.884 37.573 1.447 0.474 1.431 -1.512
54 131 1 209.361 82.87 37.647 4.353 1.733 1.45 -0.72
54 132 5 215.366 79.083 37.619 1.494 0.875 1.223 -1.844
54 136 5 254.91 74.028 37.536 1.052 0.556 1.326 3.117
54 138 5 202.283 90.599 37.821 0.404 0.311 0.631 0.142
54 140 1 210.076 74.838 37.718 2.372 1.666 1.544 -3.102
54 143 5 216.959 80.106 37.766 0.545 0.148 0.965 -1.33
55 87 4 301.804 112.137 37.498 0.874 0.556 1.115 -0
55 98 4 276.109 106.131 37.592 2.219 1.31 1.654 0.013
55 104 4 264.975 103.522 37.586 1.635 0.649 1.584 0.007
55 114 5 219.861 90.782 37.517 3.594 1.815 1.53 0.034
55 117 4 232.054 96.358 37.475 1.672 0.749 1.473 0.037
55 122 5 220.487 93.551 37.516 1.461 0.639 1.439 0.242
55 124 3 257.894 106.887 37.761 0.759 0.603 1.594 0.02
55 126 5 237.826 98.611 37.588 1.781 0.634 1.694 -0.014
55 128 4 218.14 81.891 37.676 1.573 0.699 1.357 -1.359
55 131 1 207.995 83.105 37.589 4.28 1.842 1.544 -0.468
55 132 5 215.426 79.218 37.762 1.679 0.916 1.127 -1.967
55 136 5 253.194 73.779 38.193 0.178 0.131 0.12 3.123
55 138 5 199.935 90.226 37.549 0.494 0.523 0.995 -0.021
55 140 1 210.499 75.205 37.744 2.145 1.702 1.543 -3.105
55 143 5 216.945 80.349 37.912 0.477 0.663 0.866 -1.93
55 144 5 196.769 64.406 37.095 3.646 1.115 0.44 0
55 148 4 221.322 94.832 37.58 1.517 0.568 1.64 0.047
56 98 4 272.461 105.335 37.638 2.149 1.287 1.532 0
56 104 4 260.649 102.674 37.611 1.685 0.608 1.619 0.018
56 114 5 215.059 89.817 37.541 4.028 1.838 1.568 0.03
56 117 4 228.215 95.61 37.49 1.758 0.789 1.452 -0
56 122 5 216.884 92.836 37.44 1.501 0.842 1.309 -0
56 124 3 257.302 106.638 37.969 0.184 0.144 0.714 -1.571
56 126 5 235.83 98.304 37.623 1.686 0.707 1.744 0
56 128 4 218.148 81.862 37.597 1.57 0.649 1.352 -1.326
56 131 1 206.269 83.179 37.648 4.325 1.766 1.47 -0.259
56 132 5 215.544 79.47 37.586 2.548 0.741 1.243 -1.846
56 136 5 251.058 73.521 38.155 0.305 0.152 0.174 0.019
56 138 5 197.575 89.987 37.642 0.585 0.599 1.45 0
56 140 1 210.528 75.358 37.795 3.031 1.765 1.477 -2.757
56 143 5 216.947 80.358 37.847 0.721 0.529 1.237 -1.326
56 144 5 201.467 65.162 37.386 3.563 1.608 0.929 3.142
56 148 4 219.059 94.288 37.567 1.568 0.584 1.51 0
57 98 4 268.029 104.488 37.559 2.07 1.126 1.527 0.008
57 104 4 255.535 101.667 37.572 1.598 0.631 1.607 0.008
57 114 5 209.621 88.798 37.634 3.938 1.796 1.706 0.025
57 117 4 223.826 94.712 37.471 1.643 0.64 1.426 0.005
57 122 5 212.516 91.995 37.46 1.419 0.703 1.375 0.018
57 124 3 256.632 106.664 37.725 0.737 0.476 1.625 0.01
57 126 5 233.855 98.004 37.637 1.673 0.808 1.716 0.008
57 128 4 218.106 81.967 37.688 1.764 0.685 1.531 -1.369
57 131 1 204.001 82.881 37.654 4.143 1.79 1.603 -0.102
57 132 5 215.355 79.129 37.758 1.594 0.999 1.324 -1.927
57 138 5 194.784 89.722 37.62 0.704 0.538 1.467 -0.019
57 140 1 211.342 76.238 38.045 1.952 1.273 0.942 -2.776
57 143 5 216.99 80.241 37.814 0.996 0.661 1.277 -1.564
57 144 5 207.243 66.423 37.448 3.755 1.694 1.161 3.136
57 148 4 216.469 93.57 37.573 1.62 0.48 1.613 0.026
57 155 1 183.165 64.357 37.728 2.494 1.672 1.111 -3.127
58 98 4 260.697 103.021 37.57 2.105 1.312 1.562 0.004
58 104 4 246.856 99.736 37.542 1.332 0.714 1.518 -0.012
58 114 5 200.34 86.934 37.62 3.961 1.854 1.613 0.014
58 122 5 212.071 92.519 37.622 1.703 0.659 1.63 -0.003
58 124 3 255.407 106.546 37.703 0.636 0.496 1.572 -0.028
58 126 5 229.977 97.081 37.657 1.678 0.732 1.749 0.001
58 128 4 217.872 82.642 37.729 1.864 0.803 1.564 -1.492
58 131 1 199.354 82.001 37.753 3.865 1.866 1.719 -0.017
58 132 5 215.588 79.873 37.752 2.665 0.825 1.386 -1.822
58 138 5 189.771 88.553 37.601 1.527 0.582 1.558 0.009
58 140 1 211.371 77.014 37.813 3.739 1.741 1.629 -2.38
58 143 5 216.872 80.528 37.77 1.249 0.689 1.581 -1.894
58 144 5 216.505 68.546 37.585 4.404 1.661 1.469 -3.11
58 148 4 216.736 93.084 37.55 1.714 0.704 1.497 0.011
58 155 1 192.231 66.643 37.922 4.099 1.617 0.978 -3.127
58 157 5 169.999 84.962 38.201 0.225 0.455 0.34 -0.043
58 158 4 205.247 90.481 37.534 1.57 0.554 1.39 0.13
58 159 1 204.934 73.449 37.616 3.248 1.078 1.337 -3.135
58 160 1 207.084 69.926 37.8 4.231 2.086 1.759 -3.135
58 161 5 183.181 57.551 37.886 0.339 0.486 0.774 -3.102
59 98 4 257.022 102.204 37.539 2.114 1.317 1.507 0.082
59 104 4 242.446 98.725 37.499 1.083 0.698 1.549 -0.024
59 114 5 195.586 85.932 37.649 4.085 1.887 1.674 0.02
59 122 5 209.751 92.032 37.639 1.821 0.649 1.702 0.01
59 124 3 254.663 106.434 37.682 0.664 0.478 1.5 0.081
59 126 5 228.148 96.648 37.619 1.905 0.692 1.744 0.079
59 128 4 217.734 83.026 37.727 2.014 0.83 1.611 -1.418
59 131 1 196.413 81.518 37.729 4.214 1.858 1.636 -0.031
59 132 5 215.597 80.467 37.712 2.836 0.946 1.464 -1.899
59 138 5 187.73 87.98 37.7 1.059 0.5 1.596 0.367
59 140 1 211.608 77.554 37.809 3.681 2.07 1.637 -2.268
59 143 5 216.713 81.387 37.841 1.076 0.523 1.389 -1.816
59 144 5 221.277 69.687 37.617 4.47 1.709 1.477 -3.112
59 148 4 213.361 92.169 37.558 1.76 0.724 1.502 0.066
59 155 1 197.156 67.676 37.998 3.512 1.959 1.21 -3.136
59 157 5 172.268 85.526 38.24 0.408 0.399 0.602 -0.003
59 158 4 201.572 89.707 37.563 1.715 0.556 1.496 0.18
59 159 1 205.701 73.35 37.68 3.668 1.38 1.34 -3.044
59 160 1 212.541 71.17 37.87 4.552 1.99 1.893 -3.138
59 161 5 178.228 62.64 38.149 1.885 1.787 0.327 -2.986
59 162 5 241.81 71.702 38.079 0.239 0.381 0.236 0.065
60 98 4 253.361 101.444 37.499 2.273 1.219 1.506 0.059
60 104 4 238.231 97.692 37.558 1.302 0.652 1.537 0.083
60 114 5 190.925 84.874 37.68 3.97 1.903 1.653 0.048
60 122 5 207.51 91.541 37.646 1.907 0.717 1.691 0
60 124 3 254.16 106.289 37.713 0.402 0.418 1.387 0.01
60 126 5 226.189 96.208 37.584 1.739 0.67 1.646 0.024
60 128 4 217.495 83.609 37.701 1.802 0.844 1.499 -1.433
60 131 1 193.234 80.843 37.784 4.486 1.967 1.629 0.018
60 132 5 215.553 80.962 37.703 2.741 1.008 1.431 -1.821
60 138 5 185.162 87.187 37.642 1.564 0.588 1.635 0.011
60 140 1 211.532 77.874 37.819 4.58 1.853 1.659 -2.308
60 143 5 216.755 81.698 37.757 1.446 0.81 1.5 -1.547
60 144 5 225.759 70.757 37.552 4.019 1.712 1.438 -3.132
60 148 4 210.465 91.336 37.567 2.258 0.802 1.46 0.065
60 155 1 202.576 68.752 38.145 4.287 1.616 0.938 3.138
60 157 5 174.304 85.895 37.541 2.144 0.98 1.558 0.093
60 158 4 197.886 88.935 37.571 1.714 0.66 1.498 0.069
60 159 1 206.45 73.398 37.749 3.934 1.818 1.317 -3.111
60 160 1 217.967 72.433 37.835 4.878 1.959 1.885 3.127
60 161 5 182.802 63.917 38.47 1.45 0.703 0.115 3.097
60 162 5 239.576 71.043 37.816 0.629 0.689 0.902 -3.115
60 165 4 203.712 63.577 37.78 0.806 0.278 0.989 -3.073
60 166 3 213.645 59.765 38.028 0.261 0.425 1.138 -3.106
61 98 4 249.674 100.607 37.514 2.232 1.213 1.542 -0.015
61 104 4 234.13 96.669 37.573 1.464 0.705 1.613 0.011
61 114 5 186.185 83.828 37.708 3.916 1.841 1.566 0.038
61 122 5 205.461 91.109 37.678 2.178 0.776 1.675 0.007
61 124 3 253.376 106.473 37.916 0.198 0.506 1.013 0.025
61 126 5 224.227 95.866 37.64 1.679 0.669 1.768 0.002
61 128 4 216.98 84.534 37.681 1.774 0.754 1.548 -1.312
61 131 1 190.426 80.207 37.809 3.464 2.135 1.633 0.023
61 132 5 215.423 81.528 37.727 2.708 1.032 1.437 -1.663
61 138 5 182.884 86.481 37.693 1.59 0.659 1.6 0.042
61 140 1 211.679 78.503 37.83 4.433 1.895 1.653 -2.236
61 143 5 216.667 82.219 37.763 1.735 0.855 1.59 -1.631
61 144 5 230.899 71.927 37.544 3.293 1.656 1.365 3.124
61 148 4 207.299 90.435 37.585 2.233 0.762 1.414 0.017
61 155 1 207.847 69.925 37.833 4.045 1.894 1.711 -3.124
61 157 5 176.031 86.015 37.798 2.276 0.591 1.652 0.189
61 158 4 194.239 88.221 37.586 1.746 0.613 1.503 0.078
61 159 1 207.154 73.469 37.783 3.781 1.808 1.315 -3.102
61 160 1 223.733 73.553 37.836 4.709 2.09 1.881 -3.11
61 161 5 187.748 64.577 38.223 2.23 1.62 0.465 3.099
61 162 5 237.682 70.696 37.563 1.619 0.734 1.561 -0.005
61 165 4 207.693 64.453 38.14 0.334 0.511 0.469 -3.108
61 166 3 214.235 60.055 38.223 0.471 0.272 0.755 -0.033
62 98 4 245.321 99.642 37.488 2.306 1.247 1.395 -0.038
62 104 4 229.053 95.472 37.577 1.107 0.663 1.517 0.031
62 114 5 180.417 82.498 37.712 3.999 1.865 1.591 0.044
62 122 5 203.115 90.586 37.793 1.537 0.748 1.458 0.024
62 124 3 252.769 106.184 38.055 0.313 0.644 0.934 -0.011
62 126 5 221.922 95.563 37.685 1.704 0.694 1.693 -0.039
62 128 4 216.054 85.753 37.666 1.801 0.994 1.485 -0.917
62 131 1 186.265 79.275 37.822 3.155 2.13 1.683 -0.008
62 132 5 214.991 82.533 37.692 2.737 1.138 1.464 -1.426
62 138 5 180.164 85.835 37.634 1.653 0.493 1.565 0.103
62 140 1 211.696 79.156 37.846 4.34 1.883 1.653 -2.081
62 143 5 216.347 83.404 37.723 1.492 0.806 1.549 -1.29
62 148 4 203.693 89.471 37.607 1.764 0.705 1.443 0.024
62 155 1 213.403 71.097 37.833 2.802 1.753 1.7 -3.132
62 157 5 179.343 86.744 37.7 2.228 0.761 1.636 0.292
62 158 4 189.945 87.536 37.614 1.526 0.779 1.489 0.014
62 159 1 207.741 73.711 37.99 3.473 1.864 0.9 -3.026
62 160 1 230.475 75.243 37.825 4.037 1.96 1.861 -3.124
62 161 5 194.143 65.82 38.142 4.008 1.858 0.942 3.067
62 162 5 235.83 70.296 37.543 0.973 0.564 1.471 3.096
62 165 4 212.294 65.824 37.572 1.621 0.612 1.605 -3.127
62 166 3 215.059 60.217 37.889 0.627 0.399 1.534 0.012
62 170 5 179.492 59.365 38.091 0.224 0.357 0.269 3.135
63 98 4 241.002 98.633 37.506 2.26 1.184 1.622 0.003
63 104 4 224.798 94.425 37.577 1.368 0.639 1.626 -0.006
63 114 5 174.827 81.241 37.689 3.764 1.853 1.537 -0.016
63 122 5 200.265 90.1 37.673 1.706 0.763 1.645 -0.1
63 124 3 251.893 106.127 37.586 0.336 0.397 1.476 -0.014
63 126 5 219.526 95.08 37.64 1.297 0.672 1.621 0.021
63 128 4 214.343 87.001 37.633 1.77 0.806 1.486 -1.124
63 131 1 181.601 78.232 37.815 3.266 2.078 1.659 -0.02
63 132 5 214.131 83.73 37.65 2.789 1.04 1.496 -1.111
63 138 5 177.609 85.339 37.638 1.152 0.538 1.533 0.039
63 140 1 211.718 79.821 37.842 4.444 1.994 1.669 -1.986
63 143 5 215.639 84.608 37.685 1.167 0.753 1.521 -1.181
63 148 4 199.818 88.583 37.601 1.654 0.649 1.481 -0.066
63 155 1 220.066 72.42 38.038 2.965 1.503 1.161 -3.13
63 157 5 182.67 87.662 37.752 1.098 0.577 1.742 0.039
63 158 4 185.535 86.604 37.646 1.65 0.587 1.468 0.039
63 159 1 208.762 73.98 38.085 1.938 1.431 0.541 -3.12
63 160 1 237.243 76.705 37.998 3.097 1.69 1.151 -3.125
63 161 5 200.023 66.984 38.084 3.673 1.93 1.078 -3.128
63 162 5 234.165 69.758 37.988 0.469 0.605 0.515 3.142
63 165 4 216.684 67.066 37.608 1.727 0.48 1.462 -3.079
63 166 3 215.815 60.395 37.877 0.551 0.45 1.632 -3.009
63 170 5 184.547 60.816 37.789 0.777 0.597 0.975 3.125
63 174 4 158.576 81.26 37.721 0.697 0.465 1.397 -0.479
63 175 3 146.492 83.834 38.029 0.183 0.395 0.894 0.048
64 98 4 236.168 97.628 37.526 2.356 1.275 1.26 0.099
64 104 4 220.21 93.534 37.558 1.602 0.609 1.533 -0.053
64 114 5 167.957 79.693 37.545 3.89 1.916 1.236 0
64 122 5 197.168 89.392 37.68 1.669 0.819 1.678 -0.053
64 126 5 217.034 94.598 37.614 1.489 0.562 1.692 -0.053
64 128 4 211.571 87.946 37.609 1.792 0.785 1.47 -0.462
64 131 1 175.835 77.025 37.86 3.186 1.819 1.488 -0.052
64 132 5 212.608 85.021 37.656 2.639 1.042 1.485 -0.879
64 138 5 174.104 84.869 37.745 1.577 0.557 1.657 -0.052
64 140 1 211.517 80.441 37.821 4.312 1.885 1.594 -1.858
64 143 5 214.48 85.929 37.627 1.058 0.608 1.478 -0.922
64 148 4 195.093 87.704 37.632 1.69 0.748 1.45 -0.053
64 155 1 227.931 74.125 37.886 2.865 1.558 0.968 3.133
64 157 5 184.975 87.992 37.729 3.096 0.859 1.685 -3.123
64 158 4 180.509 85.507 37.625 1.733 0.573 1.445 0.128
64 161 5 206.473 68.408 38.059 3.864 1.814 1.109 3.129
64 162 5 232.611 69.406 37.572 0.767 0.68 1.404 1.599
64 165 4 221.804 68.255 37.855 0.71 0.388 0.708 3.133
64 166 3 216.726 60.721 38.074 0.438 0.425 0.95 2.616
64 170 5 190.424 62.211 38.088 0.475 0.76 0.592 -3.141
64 174 4 153.581 80.144 37.622 0.932 0.717 1.425 0
64 175 3 145.413 83.388 37.992 0.265 0.191 0.716 0.052
65 98 4 232.904 96.892 37.478 2.252 1.21 1.55 -0.031
65 104 4 216.725 92.91 37.56 1.289 0.667 1.586 -0.031
65 114 5 163.009 78.604 37.7 3.926 1.999 1.52 -0.068
65 122 5 195.026 88.894 37.722 1.736 0.743 1.627 -0.031
65 126 5 214.848 94.2 37.642 1.175 0.654 1.734 -0.031
65 128 4 209.115 88.343 37.605 1.755 0.761 1.546 -0.407
65 131 1 171.519 76.104 37.952 3.096 1.893 1.852 -0.031
65 132 5 211.256 85.709 37.59 2.754 1.04 1.445 -0.711
65 138 5 171.859 84.623 37.693 1.287 0.53 1.604 -0.031
65 140 1 211.372 80.817 37.8 4.377 1.889 1.659 -1.743
65 143 5 213.161 86.838 37.602 1.102 0.674 1.392 -0.916
65 148 4 191.715 87.116 37.639 1.667 0.729 1.448 -0.031
65 155 1 233.637 75.404 37.924 3.078 1.524 1.017 3.111
65 157 5 186.806 88.402 37.749 3.043 0.934 1.75 -3.112
65 158 4 176.909 84.678 37.669 1.685 0.746 1.507 -0.031
65 161 5 211.153 69.584 38.043 3.365 1.703 1.172 3.111
65 162 5 231.719 69.197 37.931 0.607 0.671 0.838 -0.025
65 166 3 217.337 61.028 37.815 0.36 0.488 1.326 1.804
65 170 5 194.406 63.305 38.12 0.346 0.289 0.499 -3.107
65 174 4 150.059 79.441 37.693 0.914 0.861 1.607 -0.746
65 175 3 144.494 83.411 37.848 0.706 0.493 1.487 0.007
65 180 5 168.204 63.493 38.104 2.56 1.6 0.538 3.126
66 98 4 225.073 95.328 37.627 2.038 1.175 1.159 -0.045
66 104 4 207.762 91.463 37.593 1.104 0.525 1.471 0.003
66 114 5 150.102 75.68 37.519 3.8 1.845 1.047 0.003
66 122 5 189.529 87.607 37.727 1.683 0.649 1.686 0.003
66 126 5 210.163 93.092 37.579 1.23 0.627 1.724 0.003
66 128 4 201.91 88.136 37.536 1.521 0.711 1.433 0.003
66 131 1 160.342 73.432 37.843 1.393 1.809 1.667 -0.11
66 132 5 206.762 86.597 37.596 2.799 0.919 1.501 -0.381
66 138 5 165.467 83.687 37.754 1.741 0.554 1.71 0.003
66 140 1 210.683 81.885 37.707 4.286 1.783 1.555 -1.487
66 143 5 208.391 88.464 37.568 1.616 0.723 1.38 -0.381
66 148 4 182.736 85.542 37.688 1.647 0.783 1.495 0.003
66 157 5 192.236 89.592 37.726 2.85 1.215 1.712 -3.139
66 158 4 167.542 82.458 37.67 1.789 0.77 1.493 0.003
66 161 5 224.237 72.631 38.057 2.937 1.768 0.634 3.097
66 162 5 230.292 68.599 37.554 0.595 0.891 1.005 3.099
66 174 4 140.967 77.373 37.604 0.775 0.81 1.267 -0.033
66 175 3 142.365 82.839 37.974 0.166 0.217 1.071 0.04
66 180 5 177.552 66.705 38.136 3.991 1.785 0.82 -3.013
66 182 4 136.089 77.952 37.545 0.69 0.442 1.172 0.037
67 98 4 222.232 94.731 37.522 1.451 1.164 1.528 -0.016
67 104 4 204.459 90.791 37.597 0.977 0.556 1.659 -0.018
67 114 5 145.015 74.588 37.718 3.994 1.828 1.703 -0.018
67 122 5 187.405 87.267 37.735 1.681 0.667 1.62 -0.018
67 126 5 208.686 92.533 38.264 0.24 0.299 0.444 -0.018
67 128 4 198.874 87.721 37.565 1.392 0.896 1.532 -0.018
67 131 1 155.328 72.357 37.884 1.565 1.819 1.684 -0.018
67 132 5 204.69 86.656 37.566 2.676 0.764 1.536 -0.372
67 138 5 163.143 83.291 37.721 1.621 0.668 1.611 -0.018
67 140 1 210.175 82.373 37.667 4.167 1.71 1.652 -1.267
67 143 5 205.776 88.459 37.568 0.971 0.614 1.39 -0.018
67 148 4 179.167 84.95 37.664 1.651 0.897 1.485 -0.02
67 157 5 194.056 89.835 37.644 2.759 1.114 1.693 3.123
67 158 4 163.917 81.66 37.678 1.747 0.766 1.438 -0.018
67 161 5 229.071 73.887 38.122 2.697 1.184 0.38 -3.13
67 174 4 137.344 76.497 37.6 0.969 0.701 1.552 0.094
67 175 3 141.448 82.918 37.923 0.416 0.568 1.47 -0.076
67 180 5 180.705 67.754 38.142 4.165 1.858 0.827 -3.043
67 182 4 134.444 77.667 37.521 0.696 0.528 1.138 0.094
68 98 4 219.271 94.177 37.609 2.205 1.273 1.492 0.002
68 104 4 201.274 89.995 37.526 0.921 0.462 1.504 -0
68 114 5 141.513 73.794 37.478 1.019 1.755 1.186 -0.061
68 122 5 185.243 86.889 37.726 1.709 0.66 1.67 -0
68 126 5 206.857 91.981 37.912 0.517 0.68 0.765 0
68 128 4 195.932 87.133 37.578 1.62 0.85 1.364 0
68 131 1 150.415 71.395 37.868 1.195 1.818 1.5 -0.041
68 132 5 202.532 86.747 37.595 2.683 0.941 1.445 -0.356
68 138 5 160.791 82.81 37.748 1.716 0.621 1.597 -0
68 140 1 209.516 82.947 37.665 4.134 1.817 1.459 -1.1
68 143 5 203.415 88.415 37.555 1.454 0.626 1.411 -0
68 148 4 175.618 84.197 37.708 1.719 0.931 1.462 0
68 157 5 195.683 90.13 37.675 2.779 1.114 1.673 0
68 158 4 160.346 80.812 37.666 1.797 0.692 1.459 -0
68 161 5 234.622 75.578 38.166 3.036 0.689 0.489 3.142
68 174 4 133.836 75.818 37.603 1.027 0.883 1.277 0
68 175 3 140.657 82.758 37.961 0.278 0.6 1.584 -0.038
68 180 5 184.465 69.498 38.023 0.804 0.396 0.377 -3.098
68 182 4 132.544 77.243 37.554 1.129 0.504 1.296 0
69 98 4 216.109 93.537 37.548 1.302 1.111 1.35 0.01
69 104 4 198.228 89.246 38.004 0.636 0.262 0.588 -0.184
69 114 5 135.245 72.46 37.492 3.717 1.85 1.069 0.012
69 122 5 183.066 86.47 37.736 1.689 0.652 1.662 -0.047
69 126 5 205.041 91.382 37.769 1.003 0.649 1.259 0.017
69 128 4 192.78 86.43 37.593 1.551 0.796 1.524 -0.064
69 131 1 144.2 70.12 37.858 3.143 1.904 1.634 -0.06
69 132 5 200.34 86.676 37.493 2.468 0.752 1.371 -0.281
69 138 5 158.48 82.333 37.745 1.773 0.624 1.689 -0.086
69 140 1 208.533 83.377 37.685 4.238 1.855 1.627 -0.844
69 143 5 200.76 88.326 37.554 1.506 0.567 1.478 -0.225
69 148 4 172.001 83.285 37.717 1.751 0.78 1.474 0.015
69 157 5 197.261 90.186 37.615 2.805 0.953 1.799 2.99
69 158 4 156.676 80.053 37.715 1.788 0.696 1.444 -0.052
69 174 4 130.337 75.199 37.685 1.026 0.852 1.231 -0.085
69 175 3 139.8 82.529 37.974 0.435 0.567 1.596 0.069
69 182 4 130.999 76.965 37.568 0.966 0.728 1.442 -0.207
70 98 4 213.741 93.114 37.651 1.777 1.103 1.338 -0.023
70 104 4 194.759 88.448 37.789 0.974 0.36 0.842 -0.001
70 114 5 130.408 71.498 37.506 3.771 1.87 1.082 -0.001
70 122 5 180.878 86.119 37.744 1.68 0.646 1.599 -0.02
70 126 5 203.562 90.869 37.753 0.913 0.525 1.412 0.019
70 128 4 189.484 85.719 37.639 1.37 0.786 1.48 -0.001
70 131 1 138.803 69.089 37.861 3.075 1.996 1.485 -0.001
70 132 5 198.076 86.613 37.487 2.535 1.038 1.41 -0.205
70 138 5 156.213 81.981 37.794 1.694 0.676 1.65 -0.001
70 140 1 207.187 83.671 37.724 4.133 1.812 1.643 -0.577
70 143 5 197.735 88.165 37.595 0.907 0.583 1.477 -0.092
70 148 4 168.357 82.497 37.694 1.725 0.823 1.445 -0.001
70 157 5 198.25 90.512 37.67 2.031 0.77 1.683 0.019
70 158 4 153.063 79.338 37.709 1.749 0.731 1.503 -0.001
70 174 4 126.768 74.711 37.804 0.9 0.765 1.48 -0.001
70 175 3 138.943 82.327 37.954 0.625 0.604 1.536 -0.001
70 182 4 129.213 76.673 37.569 1.177 0.689 1.377 -0.001
71 98 4 210.605 92.47 37.521 0.615 0.606 1.014 0.041
71 104 4 191.319 87.885 37.696 0.996 0.525 1.474 0.005
71 114 5 125.513 70.446 37.557 3.978 1.81 0.938 0.001
71 122 5 178.5 85.664 37.739 1.21 0.541 1.629 0.015
71 126 5 202.042 90.261 37.801 1.069 0.508 1.452 0.075
71 128 4 186.252 85.081 37.687 1.361 0.691 1.453 -0.282
71 131 1 134.18 68.077 37.814 1.172 1.785 1.463 0.005
71 132 5 195.779 86.178 37.52 2.385 0.82 1.375 -0.236
71 138 5 154.435 81.644 37.764 1.714 0.61 1.65 -0.023
71 140 1 205.332 83.801 37.581 4.051 1.85 1.368 -0.32
71 143 5 194.967 87.909 37.491 1.07 0.554 1.4 -0.244
71 148 4 164.743 81.751 37.695 1.934 0.727 1.506 -0.007
71 157 5 200.091 90.689 37.839 1.413 0.773 1.399 0.052
71 158 4 149.367 78.643 37.751 1.839 0.712 1.47 0.02
71 174 4 123.219 74.222 37.572 1.037 0.81 1.351 -0.016
71 175 3 138.095 82.139 37.982 0.75 0.623 1.625 -0.006
71 182 4 127.609 76.317 37.639 1.246 0.641 1.378 0.024
72 104 4 187.071 87.267 37.662 1.02 0.536 1.621 -0.001
72 114 5 119.98 69.344 37.721 3.615 1.831 1.596 -0.001
72 122 5 175.761 85.108 37.681 1.28 0.569 1.605 -0.001
72 126 5 200.368 89.769 37.578 0.88 0.573 1.364 -0.012
72 128 4 182.109 84.29 37.661 1.296 0.7 1.446 -0.001
72 131 1 127.32 66.7 37.882 1.132 1.838 1.572 -0.001
72 132 5 192.821 85.81 37.491 2.515 0.957 1.33 -0.001
72 138 5 151.745 81.184 37.794 1.823 0.884 1.725 -0.001
72 140 1 201.995 83.701 37.668 2.108 1.807 1.328 -0.001
72 143 5 191.112 87.199 37.763 1.065 0.621 1.317 -0.001
72 148 4 160.253 80.867 37.676 1.954 0.773 1.504 -0.001
72 158 4 144.948 77.868 37.721 1.887 0.777 1.543 -0.001
72 174 4 119.192 73.658 37.676 0.937 0.87 1.47 -0.001
72 175 3 137.127 81.955 37.977 0.902 0.707 1.712 -0.048
72 182 4 125.558 75.933 37.702 1.711 0.609 1.605 -0.001
73 104 4 182.092 86.319 37.694 1.326 0.539 1.519 0
73 114 5 113.296 68.073 37.5 3.728 1.843 1.059 -0
73 122 5 172.779 84.58 37.691 1.154 0.497 1.512 0
73 126 5 198.257 89.451 37.636 1.039 0.699 1.057 -0.004
73 128 4 177.342 83.347 37.65 1.498 0.709 1.48 -0
73 131 1 119.08 65.114 37.878 1.432 1.828 1.658 0
73 132 5 189.562 85.493 37.553 2.814 1.106 1.274 -0.283
73 138 5 148.867 80.454 37.798 1.78 0.694 1.66 -0
73 140 1 198.705 83.226 37.759 1.873 1.767 1.022 -0
73 143 5 186.823 85.843 37.713 0.817 0.584 1.371 0
73 148 4 154.86 79.677 37.716 1.68 0.652 1.471 0
73 158 4 139.775 76.896 37.733 1.931 0.852 1.497 0
73 174 4 114.523 73.009 37.604 0.971 0.737 1.39 0
73 175 3 135.792 81.745 38.282 0.422 0.566 1.123 0.12
73 182 4 123.282 75.407 37.7 1.68 0.611 1.594 0
73 187 5 89.439 68.23 37.56 0.378 0.465 1.188 -0
74 104 4 172.853 84.08 37.691 1.055 0.678 1.375 0.006
74 114 5 101.281 65.686 37.55 3.885 1.957 1.168 0.002
74 122 5 166.915 83.454 37.732 0.749 0.657 1.461 0.003
74 128 4 168.198 81.516 37.64 1.298 0.518 1.282 -0.258
74 131 1 102.778 62.043 37.833 3.08 1.992 1.623 0
74 132 5 182.792 84.52 37.546 2.108 0.934 1.428 0.022
74 138 5 143.574 79.164 37.78 1.814 0.644 1.607 0.032
74 143 5 177.973 83.954 37.705 0.954 0.46 1.235 0.011
74 148 4 145.087 77.355 37.723 1.665 0.701 1.409 0.022
74 158 4 130.619 75 37.771 2.624 0.86 1.483 0.016
74 174 4 106.04 71.376 37.655 1.477 0.889 1.45 0.004
74 175 3 133.758 81.451 38.001 0.914 0.564 1.612 0.052
74 182 4 118.928 74.639 37.753 1.779 0.681 1.552 0.007
74 187 5 83.465 67.066 37.553 0.928 0.556 1.228 -0.074
74 189 3 78.154 69.274 37.625 0.258 0.399 1.339 -0.16
74 190 4 76.497 66.317 37.468 0.639 0.334 1.132 -0.101
75 104 4 169.27 83.151 37.777 0.977 0.549 1.158 -0.053
75 114 5 96.685 64.769 37.774 4.059 1.863 1.439 0.019
75 122 5 164.472 82.993 37.755 0.97 0.485 1.385 0.021
75 128 4 164.785 81.015 37.49 1.604 0.937 1.289 0.049
75 131 1 97.625 60.985 37.849 1.453 1.78 1.609 0.026
75 132 5 180.122 84.121 37.65 1.918 0.76 1.176 -0.089
75 138 5 141.283 78.73 37.761 1.929 0.54 1.666 -0.068
75 143 5 174.364 83.274 37.67 0.585 0.552 1.303 0.027
75 148 4 141.053 76.582 37.718 2.086 0.734 1.405 -0.042
75 158 4 126.556 74.15 37.75 1.909 0.772 1.511 0.091
75 174 4 102.677 70.656 37.624 1.651 0.69 1.497 0.043
75 175 3 132.614 81.409 38.053 0.533 0.63 1.651 0.013
75 182 4 117.322 74.311 37.744 1.671 0.635 1.617 0.001
75 187 5 81.047 66.837 37.597 0.453 0.505 1.334 -0.032
75 189 3 77.469 69.296 37.751 0.655 0.841 1.546 -0.02
75 190 4 74.216 66.301 37.377 0.832 0.474 1.008 0.067
75 192 3 76.122 70.689 37.19 0.406 0.408 0.57 -0.036
76 104 4 165.627 82.201 37.592 0.889 0.362 1.194 0.043
76 114 5 92.19 63.89 37.499 3.903 1.85 1.248 0.013
76 122 5 162.194 82.62 37.779 1.006 0.418 1.357 0.026
76 128 4 160.753 80.13 37.626 0.864 0.647 1.36 0.026
76 131 1 91.721 59.97 37.817 1.24 1.823 1.468 0.013
76 132 5 177.451 83.615 37.58 1.596 0.727 0.859 0.02
76 138 5 139.339 78.361 37.777 2.046 0.536 1.557 0.013
76 143 5 170.606 82.522 37.593 0.937 0.48 1.029 0.043
76 148 4 137.084 75.889 37.723 2.339 0.679 1.39 -0.009
76 158 4 122.956 73.432 37.718 1.992 0.767 1.462 0.011
76 174 4 99.429 69.952 37.68 1.727 0.743 1.526 0.013
76 175 3 131.688 81.304 38.04 0.438 0.686 1.674 0.024
76 182 4 115.656 73.985 37.727 1.612 0.635 1.572 0.013
76 187 5 78.679 66.641 37.527 0.472 0.324 1.321 0.013
76 189 3 76.99 68.945 37.69 0.376 0.441 1.297 0.063
76 190 4 71.795 66.01 37.567 0.468 0.458 0.952 0.013
76 192 3 76.576 69.387 37.813 0.408 0.392 1.575 0.073
76 193 4 69.226 39.139 37.287 0.837 0.274 0.959 -1.525
77 114 5 87.775 62.956 37.7 3.996 1.888 1.621 0.001
77 122 5 159.95 82.175 37.695 0.992 0.401 1.213 -3.083
77 128 4 157.148 79.453 37.651 0.97 0.753 1.465 0.038
77 131 1 85.695 58.875 37.795 1.567 1.805 1.661 -0.052
77 138 5 137.337 77.971 37.814 0.811 0.552 1.601 -0.004
77 143 5 167.032 81.577 37.679 0.795 0.503 1.08 0.031
77 148 4 133.537 75.291 37.715 1.638 0.695 1.431 -0.049
77 158 4 119.233 72.654 37.708 1.877 0.813 1.473 0.045
77 174 4 96.208 69.223 37.683 1.796 0.693 1.547 0.144
77 175 3 130.744 81.192 37.989 0.465 0.766 1.629 0.027
77 182 4 114.034 73.644 37.748 1.62 0.606 1.59 0.057
77 187 5 76.245 66.346 37.615 0.785 0.475 1.428 0.017
77 189 3 76.322 68.772 37.709 0.512 0.559 1.732 0.327
77 190 4 69.419 65.619 37.641 0.559 0.47 1.123 -0.335
77 192 3 76.015 69.231 37.794 0.426 0.514 1.549 -2.901
77 193 4 69.667 39.851 37.322 1.503 0.916 0.978 2.476
77 196 1 82.391 34.006 37.146 0.636 1.364 0.574 -2.106
77 197 5 68.13 27.714 37.04 2.765 1.092 1.473 2.05
77 198 1 104.854 45.745 37.545 4.1 1.935 1.689 -3.055
77 201 5 94.849 41.253 37.138 0.653 1.274 0.626 -2.962
77 202 1 80.848 21.444 37.05 4.112 1.376 0.826 -1.668
78 114 5 83.561 62.052 37.517 3.88 1.882 1.288 0.009
78 122 5 157.73 81.79 37.701 0.736 0.435 1.318 0.008
78 128 4 153.665 78.889 37.602 0.932 0.723 1.211 0.043
78 131 1 79.978 57.895 37.701 1.118 1.795 1.576 0.009
78 138 5 135.921 77.532 37.705 1.077 0.454 1.574 0.085
78 143 5 163.104 80.637 37.786 0.949 0.616 1.079 0.043
78 148 4 129.729 74.632 37.703 1.519 0.711 1.462 0.04
78 158 4 115.563 71.88 37.709 1.87 0.813 1.512 0.04
78 174 4 92.923 68.511 37.711 1.743 0.796 1.625 0.04
78 175 3 130.059 81.041 38.028 0.769 0.527 1.618 0.028
78 182 4 112.338 73.396 37.679 1.667 0.699 1.592 0.052
78 187 5 73.833 66.054 37.579 1.13 0.518 1.353 -0.037
78 189 3 75.632 68.582 37.8 0.521 0.727 1.701 0.063
78 190 4 67.388 65.066 37.539 0.838 0.429 1.145 -0.021
78 192 3 75.318 69.176 37.782 0.441 0.426 1.748 0.063
78 193 4 69.802 40.467 36.812 3.826 2.01 0.947 3.142
78 196 1 83.196 34.65 37.103 3.697 1.787 1.549 -2.26
78 197 5 67.931 27.565 37.061 2.283 0.842 1.669 -0.939
78 198 1 107.889 46.652 37.571 4.104 1.768 1.656 -3.055
78 201 5 95.75 41.814 37.416 4.157 1.761 1.608 -2.981
78 202 1 81.034 23.89 37.312 2.283 0.722 0.601 -1.812
79 114 5 79.289 61.218 37.702 3.993 1.887 1.579 0.007
79 122 5 155.459 81.344 37.697 0.48 0.557 1.075 -0.07
79 128 4 150.037 78.254 37.725 1.133 0.653 1.268 -0.004
79 131 1 74.057 56.924 37.752 1.187 1.794 1.567 0.003
79 138 5 133.574 77.039 37.748 1.387 0.65 1.583 0.037
79 143 5 159.2 79.688 37.649 0.931 0.557 1.184 0.003
79 148 4 125.832 73.918 37.663 1.693 0.713 1.384 0.018
79 158 4 112.174 71.195 37.716 2.483 0.808 1.495 0.009
79 174 4 89.68 67.742 37.682 1.784 0.753 1.554 0.014
79 175 3 129.156 80.906 37.656 0.3 0.566 1.147 -3.138
79 182 4 110.712 73.068 37.747 1.669 0.663 1.602 0.038
79 187 5 71.666 65.857 37.639 0.941 0.46 1.485 -0.027
79 189 3 74.89 68.438 37.761 0.56 0.576 1.688 -0.146
79 190 4 64.785 64.437 37.473 1.136 0.532 1.571 -0.054
79 192 3 74.587 69.122 37.625 0.532 0.648 1.531 -0.211
79 193 4 70.194 41.107 37.337 1.219 1.331 1 -3.093
79 196 1 84.605 36.8 37.25 3.49 2.082 1.291 -2.425
79 197 5 68.007 28.207 37.06 0.722 0.348 1.244 1.354
79 198 1 110.974 47.535 37.626 4.177 1.696 1.695 -3.071
79 201 5 98.614 42.719 37.498 4.079 1.727 1.603 -2.972
79 202 1 80.553 25.169 37.145 4.388 1.754 1.175 -1.741
79 208 1 45.196 58.114 37.927 0.365 1.209 0.775 -0.005
80 114 5 75.19 60.318 37.669 3.996 1.973 1.627 0.028
80 122 5 152.923 80.963 37.689 0.974 0.554 1.435 0.026
80 128 4 146.443 77.615 37.652 0.98 0.65 0.412 0.014
80 131 1 68.216 55.869 37.688 1.192 1.765 1.605 0
80 138 5 131.415 76.584 37.713 1.045 0.597 1.429 0.009
80 143 5 155.281 78.904 37.718 0.756 0.498 0.843 0.026
80 148 4 122.071 73.282 37.67 1.535 0.747 1.426 0.004
80 158 4 108.616 70.506 37.704 2.726 0.807 1.504 0.017
80 174 4 86.515 66.968 37.671 1.806 0.758 1.618 -0.013
80 175 3 128.364 80.678 38.079 0.348 0.559 1.35 0.005
80 182 4 109.213 72.814 37.722 1.956 0.636 1.564 0.006
80 187 5 69.426 65.599 37.59 1.764 0.553 1.564 0.008
80 189 3 74.154 68.255 37.74 0.614 0.646 1.704 0.014
80 190 4 62.779 63.83 37.523 0.551 0.453 1.463 0.008
80 192 3 73.925 68.989 37.726 0.559 0.546 1.699 0.014
80 196 1 86.185 38.445 37.312 4.089 1.98 1.431 -2.496
80 197 5 67.358 29.965 37.164 1.744 0.805 1.497 -2.559
80 198 1 114.26 48.461 37.61 4.129 1.815 1.689 -3.032
80 201 5 101.557 43.755 37.506 4.21 1.824 1.587 -2.993
80 202 1 81.159 26.059 37.085 2.019 0.521 0.92 -1.821
80 208 1 42.462 57.655 37.914 0.318 1.127 0.735 0
81 114 5 71.226 59.589 37.607 3.967 2.011 1.539 -0.002
81 128 4 142.712 76.771 37.544 1.175 0.583 1.259 -0.013
81 131 1 62.417 54.846 37.692 1.243 1.757 1.344 -0.002
81 138 5 129.56 76.28 37.626 0.771 0.518 1.44 -0.009
81 148 4 118.213 72.422 37.642 1.719 0.694 1.373 -0.009
81 158 4 105.265 69.857 37.677 1.963 0.866 1.447 -0.009
81 174 4 83.402 66.186 37.695 1.79 0.787 1.627 0.009
81 175 3 127.582 80.289 38.164 0.156 0.218 0.533 -0.061
81 182 4 107.547 72.447 37.711 1.122 0.638 1.593 -0.041
81 187 5 67.265 65.105 37.579 1.215 0.547 1.575 0.037
81 189 3 73.439 68.153 37.701 0.701 0.598 1.729 -0.039
81 190 4 60.344 63.188 37.471 1.283 0.507 1.517 0.009
81 192 3 73.285 69.032 37.694 0.724 0.722 1.705 -0.039
81 196 1 87.835 40.148 37.387 4.332 1.431 1.44 -2.655
81 197 5 67.684 30.928 37.163 0.543 0.591 1.252 -2.912
81 198 1 117.6 49.499 37.588 4.034 1.688 1.622 -2.996
81 201 5 104.612 44.757 37.543 4.138 2.2 1.54 -3.045
81 202 1 81.017 29.276 37.105 4.051 1.922 1.112 -1.977
81 208 1 39.491 57.149 38.078 1.521 1.26 0.704 0.011
82 114 5 62.279 57.966 37.655 4.018 1.905 1.661 0.009
82 131 1 48.585 52.282 37.677 1.306 1.8 1.406 0.001
82 138 5 124.473 75.415 37.682 0.708 0.58 1.478 -0.008
82 148 4 109.329 70.492 37.57 1.39 0.747 1.298 -0.05
82 158 4 96.559 68.196 37.631 1.843 0.83 1.409 0.027
82 174 4 76.287 64.264 37.72 1.865 0.646 1.653 -0.022
82 182 4 103.874 71.642 37.587 1.696 0.622 1.409 -0.045
82 189 3 71.773 67.87 37.796 0.584 0.701 1.796 -1.178
82 190 4 54.917 61.867 37.486 1.176 0.597 1.405 0.002
82 192 3 71.574 68.764 37.929 0.454 0.593 1.484 -1.207
82 196 1 94.037 43.13 37.361 4.643 1.725 1.524 -2.926
82 198 1 126.012 52.081 37.17 3.231 1.974 1.111 -3.097
82 201 5 112.948 47.417 37.411 3.952 1.769 1.495 -3.034
82 202 1 82.82 33.813 37.186 4.41 1.887 1.294 -2.204
82 208 1 35.005 56.075 37.779 1.713 1.052 1.044 0.001
82 215 5 32.68 58.185 38.051 0.132 0.499 0.265 -0.614
82 216 3 37.911 59.306 37.959 0.38 0.433 0.673 -0.01
82 217 4 134.02 75.081 37.522 1.153 0.585 1.12 -0.048
82 218 3 63.3 78.266 37.826 0.597 0.79 1.707 -0.368
82 220 4 62.292 63.397 37.584 1.581 0.512 1.577 0.122
82 222 3 68.207 44.94 37.646 0.65 0.664 1.81 -2.215
83 114 5 58.161 57.194 37.624 4.047 1.926 1.616 0.001
83 131 1 41.893 51.006 37.672 1.12 1.785 1.355 0.001
83 138 5 122.032 74.967 37.689 0.885 0.557 1.15 -0.035
83 148 4 104.818 69.621 37.684 1.361 0.658 1.397 0.001
83 158 4 92.066 67.363 37.687 2.278 0.826 1.369 0.001
83 174 4 72.817 63.567 37.686 1.87 0.884 1.605 0.001
83 182 4 101.94 71.32 37.652 1.557 0.634 1.451 0.001
83 189 3 70.897 67.843 37.801 0.76 0.621 1.646 0.056
83 190 4 52.394 61.395 37.545 1.444 0.589 1.495 0.001
83 192 3 70.814 68.611 37.887 0.552 0.534 1.43 -0.027
83 196 1 97.816 44.332 37.435 4.402 1.702 1.421 -2.983
83 198 1 130.202 54.248 37.569 3.443 0.346 0.774 -2.945
83 201 5 117.575 48.761 37.551 4.006 1.481 1.399 -3.082
83 202 1 84.535 36.182 37.306 3.958 1.761 1.278 -2.317
83 208 1 33.264 55.694 37.65 2.255 1.065 1.398 0.001
83 215 5 31.095 58.02 37.874 0.462 0.239 0.361 0.086
83 216 3 36.136 58.974 37.868 0.358 0.383 0.553 0.015
83 217 4 129.665 74.222 37.866 1.079 0.703 0.75 -0
83 218 3 63.051 78.365 37.784 0.403 0.474 1.717 -1.565
83 220 4 59.8 62.614 37.595 1.683 0.495 1.581 0.001
83 222 3 68.535 45.561 37.769 0.591 0.56 1.748 -2.105
83 226 4 70.044 46.007 37.737 1.6 0.785 1.616 -1.975
83 227 3 69.165 45.475 37.694 0.442 0.621 1.484 -2.116
83 229 3 70.27 44.376 37.343 0.369 0.34 1.007 0.003
84 114 5 54.817 56.591 37.631 4.037 1.958 1.648 0.02
84 131 1 36.286 49.796 37.713 1.157 1.833 1.41 -0.022
84 138 5 119.849 74.536 37.688 0.51 0.497 1.31 0.03
84 148 4 101.339 68.831 37.644 1.391 0.692 1.488 0.009
84 158 4 88.647 66.661 37.635 2.466 0.785 1.474 -0.038
84 174 4 69.992 63.038 37.666 1.89 1.032 1.611 0.001
84 182 4 100.24 70.854 37.688 0.812 0.671 1.611 0.009
84 189 3 70.343 67.682 37.78 0.52 0.528 1.8 -1.57
84 190 4 50.118 60.959 37.539 1.583 0.537 1.509 -0.056
84 192 3 69.977 68.627 38.3 0.445 0.192 0.624 1.75
84 196 1 101.349 45.289 37.383 4.402 1.789 1.294 -3.03
84 201 5 121.566 49.959 37.187 3.808 0.936 0.692 -3.016
84 202 1 86.67 38.144 37.408 1.758 1.871 0.606 -2.591
84 208 1 32.847 55.578 38.153 1.389 1.042 0.516 -0.006
84 215 5 30.014 57.931 37.918 0.204 0.324 0.292 -0.047
84 216 3 34.649 58.728 37.751 0.407 0.347 0.78 -0.046
84 217 4 126.055 73.611 37.901 1.14 0.436 0.826 -0.16
84 218 3 62.805 78.252 38.185 0.256 0.491 0.663 1.27
84 220 4 57.691 62.125 37.593 1.691 0.639 1.585 -0.007
84 222 3 68.518 45.876 37.796 0.66 0.751 1.829 -2.347
84 226 4 70.053 46.542 37.74 1.246 0.819 1.773 -1.764
84 227 3 69.331 45.875 37.704 0.816 0.677 1.652 -2.082
84 229 3 70.576 44.872 37.455 1.329 0.795 1.447 -1.986
84 230 3 67.442 32.651 37.863 0.191 0.431 0.493 -1.83
84 231 3 66.705 33.121 37.584 0.256 0.428 0.719 -1.968
84 233 3 67.308 33.797 37.299 0.224 0.435 1.438 -2
84 234 5 38.891 55.376 37.699 0.527 0.452 0.473 -0.007
85 114 5 51.679 55.978 37.623 3.959 1.946 1.673 -0.013
85 131 1 29.68 48.252 37.533 3.348 1.921 1.456 -0.013
85 138 5 117.669 74.233 37.83 0.655 0.357 1.299 0
85 148 4 97.729 68.042 37.625 1.419 0.722 1.296 0
85 158 4 85.351 65.953 37.594 2.421 0.838 1.509 0
85 174 4 67.212 62.353 37.682 1.828 0.878 1.652 -0.073
85 182 4 98.617 70.451 37.622 0.885 0.671 1.495 0
85 189 3 69.548 67.705 37.788 0.704 0.629 1.789 -0.106
85 190 4 47.972 60.611 37.504 1.527 0.541 1.523 -0.013
85 192 3 69.305 68.424 37.989 0.595 0.519 1.358 -0.106
85 196 1 105.079 46.247 37.364 4.337 1.785 1.367 -3.096
85 201 5 124.791 50.275 37.391 0.958 1.713 0.867 -3.096
85 202 1 86.408 38.178 37.254 0.838 1.351 0.718 -2.965
85 208 1 31.906 55.45 37.974 1.55 1.138 0.881 -0.13
85 215 5 28.907 57.772 37.845 0.337 0.322 0.225 -0.028
85 216 3 33.239 58.5 37.856 0.437 0.359 0.423 -0.028
85 217 4 122.311 72.875 37.646 0.8 0.71 1.073 -0
85 218 3 62.524 78.078 37.757 0.521 0.839 1.67 1.375
85 220 4 55.539 61.678 37.561 1.807 0.652 1.59 -0.013
85 222 3 68.738 46.287 37.82 0.692 0.612 1.785 -1.8
85 226 4 70.097 47.08 37.709 1.836 0.859 1.701 -1.732
85 227 3 69.345 46.302 37.718 0.546 0.665 1.675 -1.825
85 229 3 70.641 45.553 37.422 1.07 0.749 1.166 1.544
85 230 3 67.543 33.453 37.336 0.714 0.557 1.647 -1.991
85 231 3 66.533 33.808 37.314 0.616 0.671 1.503 -2.133
85 233 3 67.224 34.347 37.309 0.555 0.781 1.569 -1.991
85 234 5 36.555 54.68 37.59 0.673 0.667 1.041 -0.013
85 238 1 81.762 14.953 37.158 3.822 2.011 1.353 -1.609
86 114 5 48.693 55.347 37.657 4.185 1.85 1.694 0.003
86 131 1 25.499 47.311 37.623 0.68 1.742 1.138 0.031
86 138 5 115.436 73.859 37.781 0.8 0.501 1.043 -3.08
86 148 4 94.22 67.357 37.606 1.486 0.611 1.524 0.021
86 158 4 82.006 65.201 37.575 1.997 0.799 1.393 -3.12
86 174 4 64.373 61.7 37.664 1.851 0.887 1.68 0.019
86 182 4 97.076 70.121 37.563 0.897 0.624 1.43 -0.01
86 189 3 68.892 67.713 37.748 0.697 0.739 1.806 0.029
86 190 4 45.778 60.207 37.556 1.555 0.573 1.596 -0.061
86 192 3 68.682 68.442 37.752 0.649 0.738 1.768 0.058
86 196 1 108.831 47.303 37.352 4.185 1.687 1.448 -3.121
86 202 1 90.25 40.659 37.267 0.907 0.575 1.409 3.109
86 208 1 30.423 55.311 37.802 2.28 1.126 1.268 -0.174
86 215 5 27.98 57.687 37.845 0.463 0.386 0.372 3.135
86 216 3 31.864 58.208 37.937 0.538 0.453 0.375 -3.084
86 218 3 62.311 78.05 37.667 0.721 0.572 1.555 0
86 220 4 53.477 61.426 37.592 1.708 0.665 1.704 0.029
86 222 3 68.884 46.498 37.861 0.673 0.451 1.679 1.136
86 226 4 70.123 47.444 37.811 1.506 0.828 1.373 -2.222
86 227 3 69.491 46.648 37.81 0.764 0.696 1.655 1.136
86 229 3 70.664 45.839 37.589 1.57 0.796 1.435 1.167
86 230 3 67.469 33.962 37.679 0.677 0.42 1.022 -0.001
86 231 3 66.504 34.285 37.298 0.466 0.763 1.553 1.56
86 233 3 67.213 34.875 37.332 0.425 0.583 1.51 1.603
86 234 5 34.318 53.845 37.462 1.226 0.728 1.427 -0.116
86 238 1 81.154 18.171 37.19 3.913 1.982 1.366 -1.583
86 244 1 85.027 0 37.513 2.235 1.928 1.114 -1.626
87 114 5 45.945 54.682 37.666 4.04 1.911 1.684 0.032
87 131 1 19.81 46.203 37.624 1.112 1.88 1.279 -0.123
87 148 4 90.679 66.714 37.609 1.477 0.707 1.317 0.081
87 158 4 78.869 64.51 37.651 1.882 0.756 1.295 -0.114
87 174 4 61.508 61.004 37.612 1.843 0.893 1.579 0.055
87 182 4 95.527 69.713 37.572 1.034 0.521 1.518 0.01
87 189 3 68.227 67.635 37.741 0.637 0.604 1.776 -0.054
87 190 4 43.513 59.771 37.546 1.745 0.553 1.583 0
87 192 3 68.028 68.339 37.688 0.669 0.685 1.857 -0.013
87 196 1 112.778 48.252 37.301 3.683 1.736 0.583 3.14
87 208 1 29.323 55.233 37.741 2.34 1.085 1.316 -0.17
87 215 5 27.209 57.582 38.01 0.221 0.316 0.194 3.125
87 216 3 30.862 58.054 38.002 0.244 0.264 0.386 -3.081
87 218 3 62.529 78.163 37.65 0.485 0.908 1.549 1.587
87 220 4 51.364 61.245 37.603 1.687 0.807 1.607 -0.018
87 222 3 69.058 46.694 37.88 0.618 0.755 1.701 2.843
87 226 4 70.23 47.911 37.882 1.797 0.93 1.395 -1.794
87 227 3 69.439 47.094 37.814 0.742 0.854 1.508 3.03
87 229 3 70.536 46.203 37.684 0.518 0.586 1.37 1.923
87 230 3 67.293 34.519 37.552 0.471 0.485 1.227 -0.067
87 231 3 66.515 34.897 37.537 0.768 0.342 1.084 -0.067
87 233 3 67.163 35.508 37.317 0.733 0.432 1.555 -0.067
87 234 5 32.133 53.103 37.45 1.014 0.733 1.444 0.225
87 238 1 80.56 21.171 37.202 4.06 1.762 1.288 -1.609
87 244 1 84.33 3.206 37.387 4.146 1.923 1.098 -1.565
88 114 5 42.741 53.963 37.668 4.086 1.846 1.684 0.061
88 131 1 13.485 44.854 37.524 0.673 1.835 1.653 0.003
88 148 4 86.347 66.033 37.541 1.453 0.526 1.46 -0.033
88 158 4 74.932 63.608 37.582 1.673 0.858 1.438 -0.052
88 174 4 58.068 60.21 37.59 1.876 0.845 1.615 -0.005
88 182 4 93.343 69.344 37.563 0.931 0.609 1.481 -0.014
88 189 3 67.417 67.52 37.718 0.625 0.69 1.789 -0.018
88 190 4 40.929 59.364 37.55 1.661 0.702 1.634 -0.066
88 192 3 67.205 68.171 37.731 0.323 0.628 1.747 -0.018
88 208 1 28.116 55.177 37.588 2.413 1.124 1.824 -0.18
88 215 5 26.32 57.455 37.933 0.553 0.401 0.615 0.066
88 216 3 29.54 57.781 38.036 0.568 0.278 0.556 0.08
88 218 3 62.579 78.071 38.14 0.404 0.528 0.655 -1.608
88 220 4 48.941 60.772 37.599 1.722 0.765 1.622 0.023
88 222 3 69.2 46.776 37.903 0.465 0.491 1.567 0
88 226 4 70.186 48.9 37.935 1.642 0.696 1.443 1.313
88 227 3 69.684 47.613 37.905 0.453 0.654 1.343 -0
88 229 3 70.727 46.843 37.561 0.389 0.5 0.981 3.142
88 231 3 66.535 35.577 37.324 0.461 0.71 1.513 1.613
88 233 3 67.12 36.131 37.496 0.52 0.434 1.196 -0.04
88 234 5 29.2 52.069 37.447 1.288 0.691 1.445 0.212
88 238 1 79.674 24.076 37.473 2.145 0.615 0.891 -1.647
88 244 1 83.338 7.76 37.4 4.391 1.571 1.002 -1.584
89 114 5 39.646 53.254 37.75 4.101 1.893 1.892 0.059
89 131 1 6.92 43.716 37.604 0.83 1.825 1.489 0.003
89 148 4 82.004 65.221 37.62 0.902 0.563 0.976 -0.012
89 158 4 71.296 62.913 37.558 1.861 0.85 1.496 0.003
89 174 4 54.555 59.354 37.582 1.863 0.822 1.58 0
89 189 3 66.647 67.391 37.717 0.57 0.667 1.667 0.529
89 190 4 38.505 58.999 37.527 1.623 0.653 1.604 -0.089
89 192 3 66.487 68.055 37.967 0.605 0.441 1.155 0.529
89 208 1 26.68 55.163 37.555 2.954 1.147 1.751 -0.188
89 215 5 25.654 57.472 37.409 1.411 0.663 1.628 -0.047
89 216 3 28.479 57.577 37.79 0.993 0.523 0.9 -0.047
89 220 4 46.539 60.119 37.591 1.663 0.638 1.677 0.039
89 222 3 69.397 47.17 38.024 0.379 0.64 1.301 3.03
89 226 4 70.208 49.644 37.988 1.185 0.46 1.358 -2.139
89 231 3 66.593 36.263 37.405 0.614 0.554 1.5 2.328
89 233 3 67.153 36.786 37.408 0.643 0.588 1.491 1.589
89 234 5 26.273 51.172 37.507 1.049 0.744 1.555 -0.047
89 238 1 80.112 28.127 37.235 4.211 1.408 1.447 -1.749
89 244 1 82.569 12.164 37.28 4.257 1.817 0.764 -1.571
90 114 5 36.466 52.587 37.834 3.939 2.079 1.396 0.009
90 131 1 0 42.538 37.543 1.102 1.754 1.218 -0.01
90 148 4 77.882 64.198 37.556 0.851 0.77 0.987 0.009
90 158 4 67.558 62.208 37.546 1.969 0.818 1.426 0.009
90 174 4 51.312 58.498 37.577 2.278 0.797 1.586 0.009
90 189 3 65.897 67.318 37.93 0.413 0.719 1.048 0.089
90 190 4 36.505 58.702 38.033 0.75 0.399 0.527 0.206
90 192 3 65.657 67.978 38.009 0.367 0.545 0.874 0.089
90 208 1 25.501 55.15 37.594 2.99 1.248 1.803 -0.168
90 215 5 25.259 57.475 37.488 1.597 0.701 1.626 -0.04
90 216 3 27.774 57.51 37.494 1.736 0.67 1.632 -0.04
90 220 4 44.291 59.629 37.589 1.957 0.658 1.644 0.138
90 222 3 69.446 47.762 38.378 0.536 0.251 0.491 1.093
90 226 4 70.292 50.129 38.039 1.068 0.803 1.464 1.093
90 231 3 66.459 37.225 37.365 0.45 0.615 1.316 -0.304
90 233 3 67.193 37.493 37.36 0.348 0.804 1.375 -0.03
90 234 5 23.097 50.479 37.539 1.23 0.764 1.573 0.023
90 238 1 80.497 31.553 37.324 4.274 0.535 1.096 -1.987
