0 2 4 83.593 96.092 37.998 0.773 0.83 1.376 0.009
0 6 2 81.402 44.513 38.811 12.278 2.586 2.718 -3.134
0 7 1 80.982 68.682 38.253 4.579 1.927 1.576 3.128
0 9 1 89.325 73.596 38.089 4.01 1.622 1.419 -0
0 16 1 90.204 68.297 38.116 4.432 1.85 1.416 -0
0 18 1 91.158 61.673 38.193 4.499 1.742 1.496 -0.012
0 19 1 92.561 53.461 38.359 4.565 2.004 1.79 0.023
0 21 4 85.138 87.088 37.984 0.942 0.641 1.22 0.009
0 22 1 93.876 17.136 38.025 0.713 1.794 0.753 -3.137
1 2 4 83.02 99.402 37.667 0.787 0.781 1.232 0.076
1 6 2 81.364 44.513 38.7 12.45 2.759 2.761 -3.129
1 7 1 81.85 64.512 38.12 4.624 1.846 1.598 -3.122
1 9 1 89.421 73.648 37.925 4.096 1.768 1.467 -0.008
1 16 1 90.152 68.399 37.981 4.293 1.829 1.457 -0.004
1 18 1 91.144 61.848 38.025 4.667 1.877 1.527 -0.041
1 19 1 92.654 53.651 38.174 4.517 2.008 1.798 0.015
1 21 4 84.624 90.208 37.848 1.196 0.798 1.351 0.019
1 22 1 93.528 19.421 38.106 2.441 1.751 1.356 0.029
1 24 3 64.857 107.635 37.88 0.351 0.644 1.177 -0.077
1 27 5 73.021 114.83 37.382 1.123 0.545 0.382 -1.57
2 2 4 82.409 102.591 37.601 0.755 0.815 1.149 0.005
2 6 2 81.272 45.002 38.625 11.469 2.829 2.94 3.142
2 7 1 82.536 59.891 37.947 4.37 2.05 1.595 -3.126
2 9 1 89.387 73.681 37.794 4.292 1.848 1.465 -0.013
2 16 1 90.126 68.512 37.835 4.413 1.923 1.497 0.008
2 18 1 91.155 62.108 37.856 5.024 1.906 1.522 -0.034
2 19 1 92.677 53.706 37.993 4.533 1.973 1.768 -0.002
2 21 4 83.966 93.329 37.678 1.15 0.763 1.471 -0.03
2 22 1 92.989 22.61 37.883 2.004 2.039 0.866 0.015
2 24 3 64.868 108.133 37.778 0.626 0.311 0.599 1.462
2 27 5 73.543 112.533 37.314 2.391 1.64 1.201 -3.131
2 29 3 64.186 108.191 37.774 0.58 0.41 0.61 1.462
2 33 1 74.211 74.372 37.225 0.356 0.254 0.55 -3.122
3 2 4 81.726 105.806 37.595 0.806 0.812 1.398 -0.113
3 6 2 81.385 44.703 38.905 12.217 2.617 3.406 -3.132
3 7 1 83.388 55.598 37.899 4.397 1.856 1.561 -3.138
3 9 1 89.458 73.769 37.77 4.187 2.087 1.496 0.001
3 16 1 90.171 68.654 37.823 4.801 2.044 1.528 0.008
3 18 1 91.177 62.184 37.811 4.981 1.827 1.494 -0.023
3 19 1 92.654 53.691 37.922 4.525 1.977 1.712 -0.014
3 21 4 83.465 96.413 37.615 1.1 0.712 1.512 0.039
3 22 1 92.389 26.326 37.637 0.835 1.749 0.619 0.073
3 24 3 64.707 108.708 37.989 0.283 0.597 0.687 -0.104
3 27 5 74.195 108.976 37.512 2.688 1.644 1.506 3.124
3 29 3 64.075 108.64 37.764 0.309 0.503 1.147 -0.07
3 33 1 74.245 74.354 37.283 0.335 0.328 0.55 0.065
4 2 4 81.062 109.018 37.423 0.97 0.892 1.263 -0.009
4 6 2 81.36 44.599 38.71 12.3 2.601 3.343 -3.138
4 7 1 84.17 51.188 37.847 4.313 1.842 1.617 -3.131
4 9 1 89.266 73.927 37.754 4.629 1.903 1.482 0.012
4 16 1 90.098 68.862 37.759 4.524 1.933 1.475 0.042
4 18 1 91.122 62.363 37.803 4.718 1.722 1.481 -0.014
4 19 1 92.615 53.879 37.952 4.163 2.059 1.74 -0.005
4 21 4 82.935 99.547 37.598 1.254 0.746 1.463 0.028
4 22 1 91.849 29.62 37.553 0.808 1.791 0.604 0
4 24 3 64.826 109.189 38.018 0.282 0.544 0.845 -3.104
4 27 5 74.692 105.771 37.504 3.681 1.978 1.383 -3.107
4 29 3 64.015 109.091 37.61 0.23 0.452 0.943 -3.104
4 33 1 74.241 74.397 37.233 0.323 0.313 0.566 0.041
5 2 4 80.387 112.377 37.504 1.318 0.921 1.534 0.004
5 6 2 81.425 44.748 38.838 11.78 2.514 3.526 -3.133
5 7 1 84.715 48.154 37.711 1.564 1.827 1.23 3.132
5 9 1 89.275 74.085 37.749 4.485 1.83 1.476 0.019
5 16 1 90.079 68.812 37.734 4.591 1.901 1.376 -0.007
5 18 1 91.062 62.443 37.778 4.528 1.67 1.478 -0.024
5 19 1 92.555 53.919 37.927 3.796 1.776 1.766 -0.005
5 21 4 82.377 102.581 37.578 1.202 0.868 1.46 0.004
5 22 1 91.304 32.963 37.562 0.829 1.721 0.624 -0.009
5 24 3 64.601 109.685 37.819 0.441 0.56 1.184 -0.011
5 27 5 75.41 101.731 37.618 3.84 1.96 1.497 -3.138
5 29 3 63.949 109.707 37.833 0.576 0.668 1.155 0.014
5 33 1 74.207 74.376 37.222 0.343 0.304 0.544 3.094
5 41 3 69.064 129.146 37.51 0.473 0.298 1.322 -1.603
5 42 1 57.462 128.967 37.011 3.3 0.226 0.506 -1.59
5 44 3 68.162 130.161 37.483 0.483 0.355 1.348 -1.603
6 2 4 79.749 115.431 37.503 1.215 0.787 1.41 -0.033
6 6 2 81.565 45.09 38.943 11.372 2.028 3.304 3.132
6 7 1 85.436 43.962 37.933 1.034 1.583 1.396 3.132
6 9 1 89.266 74.057 37.708 4.581 1.752 1.438 -0.003
6 16 1 89.98 68.909 37.721 4.165 1.744 1.451 -0.003
6 18 1 90.984 62.458 37.763 4.253 1.57 1.511 -0.003
6 19 1 92.529 53.838 37.683 4.09 1.599 1.376 0.003
6 21 4 81.895 105.639 37.558 1.167 0.817 1.473 0.003
6 22 1 90.764 36.415 37.517 0.656 1.784 0.665 -0.076
6 24 3 64.465 110.227 37.907 0.273 0.687 1.196 0.11
6 27 5 76.216 97.569 37.667 3.904 1.987 1.547 -3.136
6 29 3 63.542 110.253 37.827 0.735 0.783 1.355 -0.041
6 33 1 74.154 74.425 37.264 0.29 0.254 0.604 -1.593
6 41 3 69.87 129.398 37.351 0.434 0.219 1.446 -1.692
6 42 1 56.028 126.209 37.212 3.046 0.256 0.615 -1.51
6 44 3 68.741 130.391 37.446 0.569 0.296 1.219 -1.728
6 47 1 63.997 142.945 37.027 1.248 1.427 0.874 3.142
7 2 4 79.101 118.413 37.549 0.96 0.798 1.456 0.018
7 6 2 80.933 48.752 38.747 3.914 1.99 3.61 -3.103
7 7 1 86.146 39.857 37.681 0.372 1.692 0.652 -3.117
7 9 1 89.349 74.166 37.701 4.277 1.825 1.436 0.003
7 16 1 89.82 68.918 37.703 4.014 1.298 1.404 0.014
7 18 1 90.64 62.293 37.601 3.943 0.779 1.2 -0.018
7 19 1 92.515 53.79 37.851 3.776 1.481 1.678 -0
7 21 4 81.26 108.715 37.569 1.238 0.794 1.591 -0.059
7 22 1 90.12 39.951 37.409 0.331 1.534 0.643 0.064
7 24 3 64.282 110.619 37.807 0.281 0.685 1.236 0.008
7 27 5 76.836 93.291 37.724 4.096 2.181 1.558 -3.126
7 29 3 63.505 110.651 37.86 0.475 0.583 1.394 0.009
7 33 1 74.107 74.379 37.193 0.267 0.201 0.433 0.034
7 41 3 70.563 129.625 37.421 0.355 0.446 1.529 -1.652
7 42 1 57.424 126.725 37.112 3.769 0.843 0.674 -1.476
7 44 3 69.437 130.555 37.483 0.567 0.608 1.365 -1.652
7 47 1 63.96 143.225 37.172 1.769 1.607 0.854 3.13
7 49 1 67.914 117.689 37.017 1.027 1.626 0.654 3.122
7 52 1 48.257 125.194 37.263 1.33 1.282 0.635 -1.578
7 55 5 66.475 123.73 37.073 0.611 0.274 0.726 -3.08
8 2 4 78.504 121.704 37.443 1.352 0.879 1.285 0
8 6 2 81.129 48.848 38.945 3.753 1.514 3.103 3.14
8 9 1 89.286 74.225 37.699 4.247 1.951 1.427 -0.019
8 16 1 89.828 68.927 37.714 3.86 1.379 1.464 0
8 18 1 90.65 62.285 37.577 3.611 0.944 1.08 -0
8 19 1 92.329 54.131 37.943 2.99 1.275 1.612 0
8 21 4 80.662 111.663 37.595 1.161 0.779 1.485 0
8 22 1 89.478 43.51 37.557 0.403 1.593 0.686 0
8 24 3 64.115 111.131 37.935 0.32 0.74 1.162 -0
8 27 5 77.769 88.384 37.77 3.666 2.017 1.512 3.139
8 29 3 63.419 111.154 37.836 0.494 0.375 1.344 0
8 41 3 71.237 129.827 37.49 0.613 0.603 1.564 -1.595
8 42 1 58.193 127.22 37.284 4.214 1.311 0.957 -1.54
8 44 3 70.214 130.766 37.544 0.75 0.563 1.414 -1.595
8 47 1 63.89 143.47 37.331 2.258 1.749 1.283 3.134
8 49 1 67.312 119.086 37.279 4.174 1.932 1.13 -2.943
8 52 1 47.037 124.411 37.863 1.837 0.463 0.874 -1.529
8 55 5 66.396 123.649 37.11 0.801 0.443 0.666 -2.935
9 2 4 78.075 124.848 37.527 1.388 0.941 1.452 0.02
9 6 2 81.104 48.819 38.904 3.71 1.76 3.014 3.092
9 9 1 89.286 74.309 37.72 4.025 1.929 1.465 -0.007
9 16 1 89.363 68.794 37.528 3.813 0.548 1.052 0.029
9 18 1 90.509 62.148 37.505 3.808 0.697 1.051 0.029
9 21 4 80.101 114.9 37.581 1.518 0.931 1.519 -0.001
9 22 1 89 46.39 37.941 2.369 1.639 1.101 0.008
9 24 3 63.984 111.596 37.847 0.363 0.66 1.056 -0.316
9 27 5 78.662 83.765 37.775 3.577 1.885 1.531 -3.128
9 29 3 63.388 111.626 37.836 0.49 0.482 1.351 0.036
9 41 3 71.989 129.933 37.563 0.605 0.373 1.347 -1.346
9 42 1 58.952 127.446 37.408 3.543 1.423 0.846 -1.489
9 44 3 70.953 131.069 37.615 0.851 0.541 1.648 -1.607
9 47 1 63.865 143.456 37.323 2.095 1.832 1.175 -3.128
9 49 1 67.192 119.341 37.426 4.659 1.77 1.331 -2.876
9 52 1 49.161 125.248 37.657 2.29 1.022 1.217 -1.518
9 55 5 66.084 124.153 37.279 2.11 0.866 0.815 -3.139
10 2 4 77.603 127.997 37.425 1.445 0.819 1.423 0.029
10 6 2 81.074 48.81 39.411 3.637 1.421 2.096 3.125
10 9 1 89.318 74.228 37.655 3.997 1.895 1.362 -0.008
10 16 1 89.389 68.776 37.44 3.723 0.444 0.798 -0.017
10 18 1 90.872 62.26 37.715 3.725 1.323 1.557 -0.017
10 21 4 79.489 117.863 37.568 1.27 0.841 1.551 0.029
10 22 1 88.071 51.117 37.481 0.564 1.389 0.936 -0.009
10 24 3 63.993 112.094 37.842 0.52 0.59 1.288 -0.007
10 27 5 79.515 78.867 37.759 3.542 1.794 1.515 -3.117
10 29 3 63.308 112.056 37.951 0.602 0.745 1.363 -0.007
10 41 3 72.721 130.228 37.494 0.586 0.584 1.537 -1.483
10 42 1 59.5 127.773 37.455 2.576 1.569 1.143 -1.471
10 44 3 71.632 131.23 37.584 0.697 0.529 1.571 -1.483
10 47 1 63.706 144.098 37.176 3.519 1.831 1.355 -3.102
10 49 1 67.165 119.171 37.455 4.32 2.041 1.437 -2.902
10 52 1 48.891 125.456 37.606 4.054 1.744 1.544 -1.542
10 55 5 65.28 124.777 37.54 4.249 1.57 1.652 -2.828
11 2 4 77.194 131.021 37.486 1.117 0.838 1.446 0.022
11 6 2 81.02 50.507 38.82 0.286 1 2.288 3.136
11 9 1 89.206 74.373 37.49 3.811 1.867 1.012 -0.023
11 16 1 89.408 68.815 37.372 3.704 0.53 0.603 0.006
11 18 1 90.484 62.351 37.442 3.374 0.531 0.628 0.017
11 21 4 78.989 120.973 37.546 1.397 0.887 1.459 0.049
11 22 1 87.552 55.187 37.503 0.447 1.502 0.691 -0.024
11 24 3 64.01 112.62 37.824 0.484 0.475 1.375 1.304
11 27 5 80.386 74.143 37.582 3.077 1.877 1.069 3.137
11 29 3 63.403 112.545 37.708 0.3 0.455 1.246 0.246
11 41 3 73.496 130.319 37.518 0.641 0.418 1.451 -1.614
11 42 1 60.454 128.068 37.752 1.666 1.344 0.507 -1.598
11 44 3 72.484 131.466 37.65 0.681 0.493 1.716 -1.556
11 47 1 63.725 144.157 37.204 3.856 1.906 1.103 3.133
11 49 1 67.176 119.387 37.494 4.788 1.943 1.438 -2.869
11 52 1 49.786 125.811 37.603 3.249 1.868 1.126 -1.46
11 55 5 65.163 124.772 37.556 4.353 1.796 1.637 -2.814
11 66 5 75.629 131.848 36.952 0.142 0.049 0.258 -1.557
12 2 4 76.713 134.325 37.442 1.445 0.848 1.342 0.003
12 9 1 89.197 74.238 37.559 4.063 1.572 0.959 -0.042
12 16 1 89.278 68.906 37.506 3.33 0.409 0.993 -0.043
12 21 4 78.521 124.225 37.519 1.633 0.853 1.488 0
12 22 1 86.92 58.527 37.775 2.002 1.717 0.653 -0.005
12 24 3 63.936 113.163 37.9 0.497 0.623 1.218 0.008
12 27 5 81.017 70.329 37.575 0.26 1.491 0.606 -3.14
12 29 3 63.374 113.187 37.926 0.604 0.409 1.427 0
12 41 3 74.153 130.445 37.599 0.547 0.562 1.635 -1.547
12 42 1 61.847 128.459 37.26 4.562 1.819 0.985 -1.518
12 44 3 73.141 131.694 37.605 0.727 0.55 1.734 -1.547
12 47 1 63.68 144.268 37.279 4.087 1.86 1.436 -3.116
12 49 1 67.218 119.433 37.513 4.864 1.8 1.47 -2.867
12 52 1 50.357 125.874 37.489 4.109 1.708 1.371 -1.501
12 55 5 65.127 124.836 37.53 4.436 1.829 1.663 -2.821
12 66 5 75.612 131.923 36.953 0.266 0.245 0.424 -0
12 70 1 70.18 113.493 37.099 0.26 0.206 0.49 -2.922
13 2 4 76.305 137.417 37.478 1.126 0.827 1.438 -0.007
13 9 1 89.261 74.4 37.344 3.688 1.715 0.65 -0.025
13 21 4 78.158 127.392 37.488 1.647 0.762 1.47 0.074
13 22 1 86.168 63.282 37.506 0.482 1.598 0.34 3.136
13 24 3 63.959 113.635 37.881 0.454 0.566 1.322 -0.273
13 27 5 81.824 65.179 37.608 0.319 1.391 0.306 3.127
13 29 3 63.185 113.86 37.901 0.446 0.617 1.531 -0.505
13 41 3 74.752 130.488 37.557 0.715 0.445 1.558 -1.578
13 42 1 63.537 129.234 37.389 2.654 1.719 1.379 -1.437
13 44 3 73.916 131.953 37.63 0.592 0.521 1.667 -1.578
13 47 1 63.751 144.279 37.306 3.939 1.914 1.426 -3.114
13 49 1 67.205 119.555 37.525 4.786 1.799 1.478 -2.878
13 52 1 51.257 126.18 37.638 4.056 1.721 1.21 -1.501
13 55 5 65.119 124.901 37.541 4.372 1.908 1.694 -2.842
13 66 5 75.63 131.908 36.977 0.152 0.249 0.44 -0.118
13 70 1 70.18 113.5 37.123 0.297 0.231 0.418 -2.966
14 2 4 75.848 140.635 37.466 1.107 0.806 1.402 -0.009
14 9 1 88.993 75.697 37.212 0.879 1.458 0.625 0.035
14 21 4 77.747 130.612 37.5 1.811 0.835 1.496 -0.01
14 22 1 85.459 67.593 37.323 0.819 1.618 0.687 0.01
14 24 3 63.902 114.166 37.966 0.463 0.516 1.113 3.137
14 29 3 63.166 114.309 37.955 0.54 0.811 1.395 3.135
14 41 3 75.279 130.641 37.607 0.733 0.623 1.611 -1.538
14 42 1 63.913 129.439 37.37 3.511 1.799 1.423 -1.392
14 44 3 74.561 132.205 37.665 0.541 0.598 1.786 -1.543
14 47 1 63.736 144.338 37.365 3.954 1.988 1.439 -3.134
14 49 1 67.255 119.711 37.531 4.804 1.627 1.515 -2.862
14 52 1 52.159 126.428 37.607 3.82 1.914 1.488 -1.532
14 55 5 65.104 124.954 37.598 4.541 1.9 1.651 -2.823
14 66 5 75.641 131.945 37.009 0.213 0.096 0.37 1.536
14 70 1 70.215 113.535 37.133 0.261 0.21 0.435 -3.139
14 73 4 69.033 116.271 37.069 0.112 0.129 0.371 -2.946
15 2 4 75.188 143.916 37.443 0.963 0.635 1.381 0.005
15 9 1 88.959 75.587 37.385 1.471 1.335 0.63 -0.104
15 21 4 77.333 133.702 37.525 1.715 0.827 1.502 -0.004
15 22 1 84.912 70.777 37.838 2.347 1.635 1.121 0.031
15 24 3 63.896 114.763 37.89 0.318 0.549 1.409 -0.069
15 29 3 63.235 114.677 37.985 0.407 0.301 0.867 -3.081
15 41 3 75.873 130.834 37.634 0.779 0.651 1.609 -1.428
15 42 1 64.23 129.576 37.441 4.399 1.807 1.406 -1.407
15 44 3 75.229 132.279 37.683 0.488 0.441 1.789 -1.668
15 47 1 63.69 144.36 37.376 4.126 1.954 1.489 -3.131
15 49 1 67.133 119.725 37.53 4.842 1.812 1.511 -2.892
15 52 1 52.598 126.623 38.037 2.383 1.633 0.524 -1.527
15 55 5 65.118 125.012 37.588 4.532 1.991 1.66 -2.794
15 66 5 75.625 131.964 37.037 0.221 0.325 0.424 3.116
15 70 1 70.209 113.519 37.201 0.386 0.197 0.365 -3.109
15 73 4 69.076 116.224 37.115 0.344 0.214 0.413 -3.109
16 2 4 74.793 147.011 37.412 1.155 0.85 1.405 0
16 9 1 89.065 75.935 37.493 0.751 1.468 0.414 -0.036
16 21 4 76.808 137.057 37.454 1.224 0.752 1.484 0
16 22 1 84.013 75.889 37.408 0.53 1.608 0.625 -0.015
16 24 3 63.769 115.26 38.223 0.243 0.488 0.603 -0.646
16 29 3 63.184 115.3 38.212 0.325 0.679 0.627 -0.904
16 41 3 76.461 131.01 37.619 0.717 0.691 1.638 -1.295
16 42 1 64.864 129.919 37.499 4.342 1.82 1.359 -1.389
16 44 3 75.817 132.471 37.646 0.615 0.658 1.702 0.072
16 47 1 63.698 144.334 37.398 4.043 1.85 1.54 -3.132
16 49 1 67.045 119.792 37.541 4.653 1.832 1.499 -2.91
16 52 1 54.085 126.758 37.604 3.991 1.936 1.476 -1.509
16 55 5 65.151 125.134 37.602 4.56 1.762 1.664 -2.865
16 66 5 75.61 131.969 37.023 0.205 0.284 0.434 0
16 70 1 70.208 113.591 37.155 0.246 0.139 0.418 -3.015
16 73 4 69.088 116.175 37.121 0.442 0.205 0.48 -3.015
17 2 4 74.214 150.295 37.396 1.414 0.877 1.532 -0
17 9 1 89.126 76.138 37.339 0.252 0.788 0.349 -0.066
17 21 4 76.326 139.928 37.439 1.712 0.816 1.584 0
17 22 1 83.333 79.329 37.553 2.04 1.819 1.06 -0.059
17 24 3 63.758 115.798 38.192 0.171 0.609 0.497 -0.05
17 29 3 63.048 115.761 38.221 0.466 0.506 0.718 0.101
17 41 3 76.981 131.47 37.742 0.478 0.729 1.337 -1.165
17 42 1 65.505 130.198 37.451 4.149 1.83 1.422 -1.343
17 44 3 76.38 132.567 37.834 0.382 0.702 1.264 -1.569
17 47 1 63.643 144.32 37.41 4.101 1.889 1.498 -3.118
17 49 1 66.98 119.924 37.5 4.488 2.061 1.557 -2.893
17 52 1 55.01 126.933 37.571 4.041 1.922 1.461 -1.541
17 55 5 65.126 125.257 37.591 4.607 1.748 1.645 -2.845
17 70 1 70.194 113.684 37.122 0.421 0.18 0.423 -3.084
17 73 4 69.127 116.19 37.111 0.448 0.211 0.443 -3.084
18 2 4 73.698 153.442 37.383 1.357 0.838 1.519 0.005
18 21 4 75.776 143.027 37.453 1.657 0.773 1.489 0.005
18 22 1 82.611 83.351 37.682 2.367 1.735 1.347 0.006
18 24 3 63.756 116.254 38.099 0.23 0.684 0.891 -3.093
18 29 3 62.997 116.277 37.997 0.386 0.648 1.094 -0.36
18 41 3 77.326 131.907 37.564 0.557 0.782 1.537 0.355
18 42 1 66.176 130.657 37.458 3.969 1.994 1.425 -1.272
18 44 3 76.901 132.814 37.655 0.701 0.571 1.72 -1.539
18 47 1 63.734 144.398 37.417 4.197 2.008 1.505 -3.092
18 49 1 66.956 119.923 37.515 4.482 1.931 1.478 -2.87
18 52 1 56.035 127.172 37.57 3.9 1.924 1.435 -1.599
18 55 5 65.068 125.364 37.592 4.314 1.642 1.665 -2.834
18 70 1 70.154 113.715 37.082 0.406 0.2 0.403 -2.967
18 73 4 69.118 116.202 37.15 0.39 0.167 0.392 -2.967
19 2 4 73.148 156.588 37.392 1.292 0.809 1.478 0.01
19 21 4 75.157 146.178 37.415 1.785 0.79 1.472 0.01
19 22 1 81.76 88.271 37.26 0.677 1.727 0.586 0.045
19 24 3 63.724 116.721 37.922 0.167 0.582 1.019 3.08
19 29 3 63.012 116.73 37.972 0.314 0.681 1.17 3.08
19 41 3 77.754 132.342 37.558 0.555 0.649 1.595 -1.1
19 42 1 66.463 130.879 37.448 4.452 1.851 1.384 -1.293
19 44 3 77.429 133.06 37.617 0.563 0.761 1.728 -2.331
19 47 1 63.798 144.37 37.409 4.085 1.769 1.466 -3.096
19 49 1 67.002 119.997 37.46 4.653 1.745 1.41 -2.858
19 52 1 56.853 127.305 37.538 4.024 1.855 1.431 -1.561
19 55 5 64.889 125.198 37.585 4.141 2.069 1.588 -2.825
19 73 4 69.119 116.201 37.111 0.4 0.17 0.255 -2.982
19 87 3 74.811 178.116 37.474 0.387 0.276 1.215 1.6
20 2 4 72.675 159.682 37.364 1.456 0.891 1.556 0.047
20 21 4 74.55 149.206 37.436 1.771 0.747 1.523 0.136
20 22 1 81.111 92.499 37.273 0.262 1.451 0.322 0.018
20 24 3 63.621 117.221 38.02 0.28 0.573 0.849 -2.933
20 29 3 62.882 117.149 38.179 0.498 0.629 0.873 -2.933
20 41 3 78.121 132.929 37.509 0.807 0.37 1.485 -0.84
20 42 1 67.14 131.31 37.459 4.227 1.88 1.394 -1.281
20 44 3 77.829 133.461 37.63 0.727 0.66 1.763 -1.512
20 47 1 63.76 144.494 37.439 4.18 1.892 1.468 -3.087
20 49 1 67.101 120.009 37.342 4.512 1.735 1.264 -2.864
20 52 1 57.676 127.546 37.507 4.38 1.688 1.497 -1.522
20 55 5 65.052 125.234 37.61 4.307 1.71 1.464 -2.831
20 87 3 74.853 177.92 37.453 0.43 0.355 1.374 -3.075
20 95 5 59.305 152.095 36.795 0.289 0.137 0.386 3.12
21 2 4 72.234 162.813 37.42 1.366 0.801 1.462 -0.009
21 21 4 73.868 152.415 37.441 1.931 0.774 1.547 0.19
21 22 1 80.447 96.281 37.2 0.553 1.535 0.303 0.002
21 41 3 78.416 133.469 37.508 0.883 0.428 1.558 -0.544
21 42 1 67.892 131.915 37.469 4.313 1.836 1.39 -1.116
21 44 3 77.917 134.045 37.612 0.719 0.447 1.758 -0.951
21 47 1 63.714 144.589 37.438 4.216 1.982 1.529 -3.105
21 49 1 67.178 119.894 37.334 4.297 1.551 1.036 -2.859
21 52 1 58.672 127.776 37.491 4.256 1.736 1.427 -1.528
21 55 5 64.529 125.894 37.575 2.907 1.758 1.636 -2.809
21 87 3 74.962 177.755 37.462 0.282 0.537 1.471 -3.095
21 95 5 59.265 152.004 36.842 0.49 0.291 0.28 3.024
22 2 4 71.844 165.873 37.408 1.319 0.838 1.386 0.036
22 21 4 73.257 155.529 37.425 1.943 0.724 1.494 0.029
22 22 1 79.926 100.198 37.285 0.218 0.733 0.037 -3.09
22 41 3 78.653 134.16 37.525 0.635 0.516 1.432 -0.304
22 42 1 68.74 132.901 37.5 4.195 1.769 1.421 -1.002
22 44 3 78.143 134.557 37.619 0.586 0.545 1.708 -3.138
22 47 1 63.672 144.687 37.453 4.214 1.921 1.458 -3.089
22 52 1 59.51 127.912 37.451 4.441 1.939 1.345 -1.495
22 55 5 64.57 125.992 37.538 2.776 1.855 1.586 -2.831
22 87 3 75.119 177.673 37.525 0.46 0.855 1.474 -3.106
22 95 5 59.215 151.797 36.777 0.878 0.138 0.314 -0.597
23 2 4 71.403 168.979 37.369 1.417 0.867 1.497 0
23 21 4 72.717 158.575 37.426 1.785 0.761 1.513 0
23 22 1 79.369 102.44 37.653 2.343 1.576 1.189 0.068
23 41 3 78.872 134.664 37.475 0.658 0.554 1.576 -0.117
23 42 1 69.635 134.126 37.453 4.231 1.852 1.373 -0.804
23 44 3 78.262 135.212 37.587 0.576 0.404 1.593 -1.515
23 47 1 63.63 144.804 37.412 4.04 1.87 1.494 -3.096
23 52 1 60.658 128.377 37.475 4.095 1.682 1.487 -1.432
23 55 5 64.933 125.286 37.514 4.378 1.876 1.618 -2.82
23 87 3 75.232 177.513 37.508 0.506 1.01 1.553 -3.125
23 95 5 58.931 151.757 36.884 1.238 0.778 0.656 -0.556
24 2 4 70.959 171.971 37.338 1.284 0.87 1.513 0.011
24 21 4 72.283 161.767 37.396 1.787 0.94 1.52 0.011
24 22 1 78.761 106.257 37.364 0.35 1.461 0.156 3.097
24 41 3 79.06 135.268 37.453 0.385 0.544 1.531 0.415
24 42 1 70.273 135.808 37.426 4.326 1.892 1.441 -0.733
24 44 3 78.473 135.689 37.571 0.613 0.293 1.648 -2.236
24 47 1 63.662 144.904 37.367 3.94 1.958 1.483 -3.1
24 52 1 61.682 128.758 37.405 4.274 1.676 1.503 -1.411
24 55 5 65.007 125.347 37.493 4.304 1.821 1.669 -2.796
24 87 3 75.214 177.292 37.476 0.435 0.976 1.513 -3.07
25 2 4 70.514 175.046 37.377 1.194 0.764 1.479 -0.015
25 21 4 71.8 164.898 37.372 1.72 0.893 1.483 -0.015
25 22 1 78.331 108.967 37.307 0.13 1.285 0.109 -0.062
25 41 3 79.25 135.865 37.441 0.346 0.367 1.305 0.003
25 42 1 70.904 137.672 37.254 4.376 1.927 1.195 -0.58
25 44 3 78.677 136.356 37.562 0.427 0.482 1.473 0.003
25 47 1 63.662 144.887 37.32 3.975 1.763 1.47 -3.089
25 52 1 62.831 129.425 37.376 3.922 1.389 1.452 -1.342
25 55 5 65.198 125.473 37.458 4.216 1.294 1.663 -2.83
25 87 3 74.871 177.056 37.709 0.368 0.557 1.216 -0.028
25 108 3 51.196 177.304 37.378 0.342 0.731 1.342 -0.046
26 2 4 70.02 178.25 37.359 1.812 0.764 1.48 0.024
26 21 4 71.381 168.031 37.403 1.857 0.906 1.526 0.024
26 22 1 77.873 110.492 37.475 1.861 1.706 0.748 -0.087
26 41 3 79.423 136.389 37.403 0.406 0.424 1.58 -0.722
26 42 1 71.272 140.084 37.313 4.264 1.79 1.269 -0.393
26 44 3 78.922 136.906 37.431 0.353 0.518 1.544 -0.722
26 47 1 63.638 144.916 37.267 3.966 1.776 1.384 -3.106
26 52 1 64.111 129.848 37.313 3.681 1.751 1.276 -1.299
26 55 5 65.205 125.306 37.5 3.436 1.556 1.288 -2.885
26 87 3 74.847 177.091 37.573 0.482 0.484 1.58 3.016
26 108 3 51.22 176.587 37.712 0.234 0.562 1.311 2.996
26 110 1 75.558 226.832 37.327 0.933 0.393 1.204 -1.586
27 2 4 69.657 181.185 37.382 1.651 0.831 1.543 0.029
27 21 4 71.064 171.208 37.398 1.824 0.885 1.52 0.007
27 42 1 71.352 143.035 37.261 4.059 2.049 1.256 -0.096
27 44 3 79.084 137.547 37.788 0.178 0.47 0.818 0.021
27 47 1 63.648 144.907 37.319 3.91 1.761 1.44 -3.107
27 52 1 65.336 130.771 37.304 3.408 1.687 1.42 -1.183
27 87 3 74.816 177.091 37.568 0.563 0.698 1.663 2.812
27 108 3 51.498 175.915 37.58 0.472 0.691 1.733 1.06
27 110 1 78.437 227.092 37.324 1.101 0.27 1.072 -1.879
27 111 1 36.578 225.575 37.171 3.848 1.049 1.23 -1.552
28 2 4 69.152 184.115 37.406 1.646 0.612 1.525 -0.002
28 21 4 70.781 174.349 37.387 1.89 0.83 1.537 -0.002
28 42 1 70.897 148.067 37.045 0.775 1.82 0.651 -3.137
28 47 1 63.675 144.957 37.291 3.691 1.777 1.372 -3.065
28 52 1 66.22 131.94 37.229 4.054 1.046 1.221 2.048
28 87 3 75.071 177.194 37.567 0.487 0.689 1.619 -2.653
28 108 3 51.625 175.31 37.603 0.401 0.465 1.756 1.9
28 110 1 80.929 227.497 37.363 1.497 0.497 1.347 -1.605
28 111 1 44.161 226.953 37.239 4.982 1.628 1.119 -1.583
29 2 4 68.935 187.066 37.377 1.695 0.99 1.546 -0.126
29 21 4 70.388 177.6 37.381 1.737 0.897 1.525 -0.003
29 42 1 70.18 151.986 37.073 0.645 1.482 0.561 0.049
29 47 1 63.801 144.97 37.315 3.719 1.437 1.473 -3.092
29 52 1 67.483 133.201 37.199 3.857 1.164 1.176 2.23
29 87 3 75.264 176.937 37.554 0.66 0.675 1.631 3.126
29 108 3 51.687 174.704 37.601 0.378 0.653 1.702 3.138
29 110 1 83.942 227.651 37.28 1.687 0.431 1.323 -1.746
29 111 1 52.384 227.787 37.198 4.91 0.994 1.323 -1.59
29 121 1 19.335 221.905 37.657 2.387 0.392 1.342 -1.59
29 123 1 36.831 223.019 37.347 5.115 1.884 1.869 -1.59
30 2 4 68.452 189.94 37.375 1.647 0.874 1.541 0.029
30 21 4 69.983 180.687 37.388 1.701 0.778 1.539 0.029
30 42 1 69.289 156.379 36.939 0.714 1.712 0.549 0.029
30 47 1 63.866 145.11 37.337 3.616 1.206 1.073 -3.087
30 52 1 68.951 134.791 37.259 4 1.737 0.765 2.386
30 87 3 75.339 176.769 37.564 0.405 0.526 1.54 3.122
30 108 3 51.798 174.076 37.678 0.36 0.619 1.461 3.141
30 111 1 60.464 228.763 37.291 4.861 0.624 1.255 -1.6
30 121 1 29.449 224.668 37.621 1.347 1.603 1.3 -1.516
30 123 1 41.917 223.981 37.382 5.216 1.889 1.755 -1.544
30 127 4 86.522 227.981 37.353 1.579 0.682 1.413 -1.553
31 2 4 68.069 192.748 37.316 1.741 0.913 1.534 -0.019
31 21 4 69.572 183.778 37.35 1.707 0.838 1.545 -0.019
31 42 1 68.394 161.088 36.965 0.797 1.782 0.748 -0.012
31 47 1 63.819 145.475 37.342 2.866 1.099 1.195 -3.085
31 52 1 70.188 138.106 37.064 0.961 1.641 0.751 3.057
31 87 3 75.569 176.505 37.523 0.627 0.696 1.657 3.087
31 108 3 51.983 173.384 37.582 0.524 0.676 1.593 -3.139
31 111 1 68.34 230.377 37.276 4.747 1.646 1.375 -1.576
31 121 1 34.982 225.777 37.474 4.882 1.755 2.002 -1.54
31 123 1 47.08 225.06 37.385 5.086 1.845 1.732 -1.553
31 127 4 88.666 228.141 37.297 1.026 0.664 0.915 -1.676
32 2 4 67.595 195.534 37.289 1.643 0.855 1.474 -0.18
32 21 4 69.153 186.81 37.294 1.581 0.798 1.453 -0.119
32 42 1 67.441 166.222 36.992 0.76 1.782 0.684 3.132
32 47 1 63.823 145.969 37.337 1.744 0.921 1.02 -3.103
32 87 3 75.637 176.244 37.793 0.435 0.451 0.933 -3.119
32 108 3 52.253 172.865 37.565 0.262 0.496 1.46 3.121
32 111 1 76.185 231.494 37.336 4.541 1.581 1.424 -1.596
32 121 1 42.227 227.31 37.529 5.12 1.805 1.947 -1.538
32 123 1 52.111 226.09 37.517 5.071 1.75 2 -1.545
32 127 4 91.278 228.25 37.361 1.159 0.668 1.321 -1.668
32 144 3 34.809 213.532 37.372 0.226 0.426 1.539 0.95
33 2 4 67.238 198.293 37.299 1.663 0.841 1.508 -0.044
33 21 4 68.737 189.833 37.324 1.5 0.87 1.464 -0.044
33 42 1 66.399 171.517 37.086 0.743 1.851 0.564 3.137
33 47 1 63.846 146.151 37.344 1.29 0.945 0.704 3.084
33 87 3 75.575 176.093 37.44 0.499 0.603 1.541 3.094
33 108 3 52.352 172.187 37.547 0.356 0.721 1.316 2.985
33 111 1 84.009 232.66 37.393 4.526 1.716 1.381 -1.556
33 121 1 49.686 228.782 37.525 4.956 1.748 1.881 -1.536
33 123 1 57.162 226.961 37.501 5.086 1.796 1.915 -1.563
33 127 4 93.448 228.437 37.638 1.056 0.298 0.518 -1.649
33 144 3 34.303 213.557 37.312 0.505 0.552 1.496 1.428
33 147 3 79.007 220.839 37.635 0.429 0.593 1.588 2.441
33 149 5 77.398 250.333 37.618 3.674 1.128 0.337 1.621
33 151 1 18.429 222.614 37.222 3.842 1.222 1.559 -1.489
33 155 5 48.835 209.474 37.105 1.807 0.27 1.204 -2.51
33 156 3 35.649 211.186 37.358 0.289 0.452 1.534 -1.266
34 2 4 66.931 200.969 37.265 1.667 0.895 1.535 0.038
34 21 4 68.288 192.898 37.292 1.123 0.826 1.55 0.061
34 42 1 65.445 176.7 37.078 0.537 1.642 0.428 -3.136
34 47 1 63.917 145.922 37.313 1.883 0.721 0.719 -3.099
34 87 3 75.679 175.905 37.391 0.385 0.18 1.21 -0.039
34 111 1 91.886 233.983 37.449 4.654 1.805 1.54 -1.564
34 121 1 57.165 230.311 37.598 4.911 1.949 1.904 -1.521
34 123 1 62.154 227.945 37.513 4.917 1.855 1.851 -1.532
34 127 4 95.447 228.495 37.414 1.484 0.552 1.116 -2.005
34 144 3 33.661 213.411 37.393 0.783 0.541 1.579 1.732
34 147 3 78.51 220.135 37.624 0.445 0.592 1.451 -0.849
34 149 5 70.57 248.568 37.748 3.53 0.371 1.075 1.616
34 151 1 25.498 224.501 37.375 3.668 1.734 1.608 -1.533
34 155 5 48.633 209.631 37.132 0.238 1.299 1.225 -0.931
34 156 3 35.629 211.131 37.429 0.278 0.579 1.601 1.744
34 159 1 69.225 216.871 36.784 0.192 0.094 0.356 -0.558
34 161 2 8.55 217.868 37.959 7.212 2.626 2.169 -1.535
35 2 4 66.581 203.63 37.26 1.633 0.766 1.506 -0.104
35 21 4 67.937 195.425 37.301 1.654 0.81 1.546 0.017
35 42 1 64.622 180.89 37.239 2.624 1.86 1.07 0.06
35 87 3 75.87 175.665 37.472 1.096 0.594 1.634 0.051
35 111 1 99.645 234.986 37.358 4.223 1.198 1.434 -1.535
35 121 1 64.448 231.772 37.623 4.278 1.724 1.861 -1.502
35 123 1 67.208 229.097 37.567 4.795 1.848 1.802 -1.473
35 127 4 97.056 228.514 37.365 1.463 0.606 1.065 -1.509
35 144 3 33.053 213.275 37.372 0.793 0.461 1.482 1.579
35 147 3 78.131 219.406 37.594 0.301 0.597 1.564 2.389
35 149 5 62.731 247.154 37.733 2.426 1.02 0.724 1.649
35 151 1 32.587 225.987 37.339 3.794 1.748 1.573 -1.512
35 155 5 48.625 209.639 37.153 1.348 0.135 1.194 0.692
35 156 3 35.609 211.127 37.428 0.271 0.611 1.506 1.958
35 159 1 69.193 216.858 36.764 0.168 0.141 0.329 -0.568
35 161 2 13.648 218.793 38.034 6.87 2.647 3.079 -1.5
35 168 2 98.47 251.719 38.036 6.074 2.21 1.349 1.61
36 2 4 66.34 206.312 37.236 1.634 0.844 1.513 0.016
36 21 4 67.593 198.086 37.277 1.693 0.789 1.545 -0.028
36 42 1 63.733 185.793 37.152 2.953 1.879 0.966 0.12
36 87 3 75.894 175.185 37.407 0.793 0.437 1.512 0.089
36 111 1 106.68 236.546 37.322 2.605 1.758 1.429 -1.459
36 121 1 71.929 233.34 37.775 3.917 1.841 1.89 -1.407
36 123 1 72.267 230.202 37.578 4.817 1.808 1.817 -1.412
36 127 4 98.224 228.602 37.494 1.291 0.301 0.906 -1.712
36 144 3 32.356 213.123 37.47 0.839 0.544 1.564 1.652
36 147 3 77.669 218.837 37.58 0.474 0.645 1.635 2.425
36 149 5 56.395 245.79 37.655 1.453 0.501 1.319 1.685
36 151 1 39.764 227.313 37.409 3.845 1.778 1.558 -1.454
36 155 5 48.581 209.626 37.144 1.36 0.612 1.275 -2.357
36 156 3 35.616 211.083 37.466 0.368 0.703 1.658 -1.139
36 159 1 69.127 216.887 36.766 0.157 0.177 0.338 0.154
36 161 2 18.268 219.679 38.151 7.024 2.829 2.438 -1.434
36 168 2 92.329 250.322 38.174 6.253 1.475 1.904 1.642
37 2 4 66.228 208.904 37.245 1.665 0.917 1.545 0.089
37 21 4 67.28 200.716 37.257 1.705 0.721 1.472 0.151
37 42 1 62.749 191.058 37.1 2.013 1.89 1.013 0.286
37 121 1 79.474 234.889 37.916 3.56 1.649 1.623 -1.282
37 123 1 77.303 231.345 37.618 4.796 1.744 1.739 -1.306
37 127 4 99.211 228.923 37.308 1.335 0.643 0.731 -1.347
37 144 3 31.851 213.081 37.461 0.339 0.555 1.599 1.779
37 147 3 77.267 218.267 37.669 0.541 0.532 1.558 2.928
37 149 5 50.624 244.619 37.6 1.914 0.573 1.065 1.849
37 151 1 46.897 228.588 37.538 4.168 1.877 1.669 -1.326
37 155 5 48.543 209.584 37.135 1.383 0.467 1.215 0.897
37 156 3 35.615 211.033 37.505 0.382 0.698 1.585 2.164
37 159 1 69.111 216.915 36.797 0.275 0.219 0.393 -0.655
37 161 2 23.053 220.478 37.983 7.023 2.678 2.859 -1.336
37 168 2 85.446 249.686 38.177 6.207 2.072 1.729 1.753
37 175 1 73.175 249.879 37.356 4.557 1.109 0.56 1.784
37 176 1 22.324 224.358 36.955 1.502 1.658 0.548 -1.396
38 2 4 66.44 211.442 37.264 1.606 0.874 1.558 0.112
38 21 4 66.977 203.225 37.243 1.726 0.772 1.524 0.224
38 42 1 62.075 194.506 37.233 3.796 1.904 1.323 0.378
38 121 1 87.059 236.254 38.273 2.798 1.461 0.731 -1.164
38 123 1 82.39 232.432 37.578 4.576 1.83 1.789 -1.145
38 127 4 100.212 229.089 37.355 0.897 0.389 0.732 -1.225
38 144 3 31.35 212.967 37.556 0.245 0.468 1.458 1.877
38 149 5 43.149 243.261 37.617 2.99 0.416 1.206 1.966
38 151 1 54.187 229.91 37.519 4.3 1.865 1.706 -1.202
38 155 5 48.732 209.416 37.084 1.671 0.37 1.197 1.049
38 156 3 35.657 210.989 37.421 0.345 0.664 1.407 -0.846
38 159 1 69.104 216.935 36.773 0.118 0.171 0.395 3.133
38 161 2 27.715 221.263 37.997 6.907 2.712 2.945 -1.179
38 168 2 78.989 248.704 38.101 6.076 2.196 1.849 1.938
38 175 1 65.917 248.509 37.359 4.502 1.183 0.488 1.961
38 176 1 27.593 225.355 37.058 4.601 1.705 0.86 -1.175
38 181 3 76.852 217.625 37.578 0.472 0.571 1.636 2.756
39 2 4 66.89 213.894 37.271 1.623 0.856 1.521 0.192
39 21 4 66.619 206.025 37.21 1.212 0.866 1.53 0.498
39 42 1 61.457 198.236 37.151 4.117 1.925 1.349 0.568
39 123 1 87.538 233.534 37.621 4.537 1.994 1.885 -0.973
39 127 4 101.449 229.401 37.463 0.846 0.602 1.308 -0.995
39 144 3 30.77 212.819 37.474 0.485 0.602 1.572 -0.867
39 149 5 37.375 242.546 37.538 3.935 1.378 1.129 2.094
39 151 1 61.573 231.16 37.622 4.506 1.72 1.773 -0.998
39 155 5 48.668 209.607 37.103 1.322 0.272 1.22 -1.938
39 156 3 35.68 210.982 37.732 0.422 0.593 0.904 1.937
39 161 2 32.171 222.18 37.994 7.094 2.745 2.912 -0.996
39 168 2 73.157 247.901 38.056 7.338 2.231 2.145 2.084
39 175 1 58.71 246.718 37.898 2.852 0.537 1.279 2.17
39 176 1 34.343 226.621 37.129 4.589 1.849 0.972 -1.02
39 181 3 76.443 216.97 37.569 0.5 0.662 1.631 2.963
39 186 5 70.85 219.745 36.833 0.13 0.242 0.313 -2.657
39 187 1 69.987 218.536 36.778 0.193 0.172 0.426 -2.657
39 190 3 68.29 214.47 36.78 0.212 0.152 0.392 -2.657
40 2 4 67.662 216.186 37.295 1.771 0.921 1.522 0.361
40 21 4 66.523 208.209 37.208 1.779 0.875 1.536 0.521
40 42 1 60.802 201.4 37.191 4.275 1.837 1.301 0.789
40 123 1 92.728 234.456 37.655 4.542 1.758 1.821 -0.818
40 127 4 102.822 229.779 37.492 0.972 0.69 1.028 -0.999
40 144 3 30.307 212.609 37.438 0.781 0.597 1.461 2.284
40 149 5 31.276 241.632 37.634 4.058 1.605 1.277 2.298
40 151 1 68.775 232.595 37.567 3.886 1.794 1.736 -0.805
40 155 5 48.68 209.596 37.159 1.366 0.291 1.193 -1.677
40 156 3 35.764 210.875 37.415 0.397 0.893 1.65 -0.247
40 161 2 36.798 222.991 37.849 6.916 2.916 2.791 -0.777
40 168 2 67.046 247.131 38.019 7.869 2.405 2.009 2.289
40 175 1 53.114 245.916 38.431 1.255 0.136 0.253 2.369
40 176 1 40.875 227.993 37.33 4.588 2.009 1.46 -0.788
40 181 3 75.966 216.27 37.635 0.554 0.509 1.528 -2.604
40 186 5 70.895 219.759 36.779 0.187 0.142 0.372 0.008
40 187 1 70.045 218.544 36.753 0.154 0.187 0.405 0.008
40 203 1 23.138 216.026 37.222 2.047 0.448 1.292 -0.64
41 2 4 68.602 218.398 37.266 1.687 1.004 1.514 0.566
41 21 4 66.609 210.958 37.232 1.065 0.829 1.505 0.711
41 42 1 60.27 204.096 37.227 4.247 1.91 1.448 0.981
41 123 1 97.882 235.405 37.673 4.384 1.723 1.848 -0.622
41 127 4 104.251 230.155 37.307 1.018 0.634 1.524 -0.65
41 144 3 29.724 212.445 37.48 0.593 0.468 1.398 2.774
41 149 5 25.301 240.906 37.5 0.3 0.715 0.525 2.793
41 151 1 75.846 233.918 37.573 3.743 1.8 1.747 -0.579
41 155 5 48.664 209.563 37.147 1.21 0.14 0.394 1.59
41 156 3 35.868 210.972 37.437 1.652 0.649 1.603 -0.565
41 161 2 41.165 223.887 37.824 7.109 2.773 2.476 -0.549
41 168 2 60.867 246.191 38.08 7.528 2.381 2.208 2.488
41 175 1 43.306 243.606 37.489 2.469 0.266 1.11 2.579
41 176 1 47.245 229.023 37.194 4.743 1.864 1.026 -0.594
41 181 3 75.821 215.538 37.57 0.551 0.621 1.604 -2.701
41 186 5 70.964 219.763 36.767 0.106 0.159 0.353 3.053
41 187 1 70.079 218.56 36.727 0.136 0.108 0.365 -3.035
41 190 3 68.388 214.491 36.748 0.284 0.219 0.392 -2.628
41 203 1 23.409 215.772 37.424 2.036 1.015 0.965 -0.533
41 211 5 109.569 240.203 38.511 0.224 1.318 0.015 2.458
42 2 4 69.83 220.449 37.303 1.675 0.892 1.529 0.472
42 21 4 67.06 213.321 37.246 1.125 0.903 1.49 0.817
42 42 1 59.978 206.486 37.147 4.259 1.824 1.266 1.171
42 123 1 102.96 236.371 37.527 4.288 1.734 1.747 -0.397
42 127 4 105.62 230.387 37.418 0.969 0.707 1.422 -0.333
42 144 3 29.291 212.201 37.454 0.356 0.596 1.522 -0.386
42 151 1 82.743 235.248 37.585 3.892 1.785 1.715 -0.367
42 155 5 48.671 209.585 37.091 1.247 0.281 1.257 -1.302
42 156 3 35.834 211.042 37.528 0.472 0.806 1.551 -0.368
42 161 2 45.601 224.782 37.824 7.116 2.862 2.435 -0.347
42 168 2 54.243 245.356 37.998 8.983 2.396 2.367 2.749
42 175 1 38.416 242.986 37.719 1.085 0.971 1.285 2.749
42 176 1 53.539 230.352 37.437 4.722 2.014 1.526 -0.365
42 181 3 75.544 214.95 37.625 0.659 0.556 1.694 -0
42 186 5 70.966 219.805 36.802 0.148 0.226 0.325 -2.728
42 190 3 68.437 214.525 36.789 0.272 0.166 0.339 -2.419
42 203 1 23.459 215.55 37.274 2.027 1.477 1.203 -0.347
42 211 5 117.225 241.807 37.95 0.461 1.412 1.389 -0.389
42 213 4 126.663 234.805 37.426 0.49 0.563 1.447 -0.392
43 2 4 71.343 222.181 37.374 1.664 0.887 1.509 0.291
43 21 4 67.798 215.591 37.281 1.181 0.927 1.501 1.093
43 42 1 59.734 208.688 37.212 4.188 1.869 1.283 1.293
43 123 1 107.706 237.43 37.597 3.387 1.981 1.587 -0.07
43 127 4 106.733 230.7 37.43 0.727 0.496 1.462 -0.072
43 144 3 28.792 212.088 37.482 0.384 0.364 1.451 2.942
43 151 1 89.457 236.528 37.647 3.851 1.837 1.615 -0.219
43 155 5 48.882 209.437 37.038 1.624 0.429 0.791 -0.916
43 156 3 35.819 210.838 37.776 0.393 0.407 1.023 0.503
43 161 2 50.514 225.647 37.871 5.972 2.857 2.451 -0.13
43 168 2 46.864 244.248 37.966 6.387 2.586 2.249 2.892
43 176 1 59.935 231.45 37.512 4.7 1.86 1.507 -0.207
43 181 3 75.44 214.54 37.595 0.754 1.193 1.594 0.162
43 187 1 70.114 218.635 36.828 0.207 0.169 0.424 0.162
43 203 1 23.464 215.574 37.235 2.047 1.637 1.276 -0.191
43 211 5 124.841 243.184 37.9 0.593 1.269 1.485 -0.151
43 213 4 128.125 235.059 37.448 0.578 0.361 1.391 -0.17
44 2 4 73.022 223.65 37.41 1.717 0.855 1.493 0.333
44 21 4 68.764 217.766 37.311 1.088 0.912 1.484 0.829
44 42 1 59.721 210.666 37.212 4.264 1.691 1.252 1.375
44 123 1 113.205 238.266 37.815 3.862 1.775 1.712 -0.08
44 127 4 108.148 230.742 37.466 1.492 0.918 1.476 -0.239
44 144 3 28.262 211.877 37.562 0.454 0.42 1.281 2.986
44 151 1 96.073 237.878 37.634 3.642 1.831 1.58 -0.06
44 155 5 48.734 209.557 37.052 1.249 0.153 0.82 2.162
44 156 3 35.747 210.853 37.867 0.284 0.563 0.876 -0.152
44 161 2 54.401 226.453 37.965 6.851 2.883 2.681 -0.046
44 168 2 41.401 243.215 38.023 7.71 2.341 2.37 3.038
44 176 1 66.249 232.601 37.527 4.743 1.932 1.479 -0.095
44 181 3 75.521 213.605 37.651 0.443 0.615 1.354 -1.794
44 190 3 68.492 214.462 36.77 0.245 0.218 0.409 0.412
44 203 1 23.576 215.642 37.349 2.295 1.687 1.141 -0.356
44 211 5 132.58 244.527 37.828 0.404 1.436 1.539 -0.041
44 213 4 129.314 235.225 37.361 0.304 0.32 0.902 -0.057
44 216 5 114.801 257.63 37.295 2.861 1.062 0.343 3.043
44 217 1 65.291 179.087 37.227 1.629 1.577 0.728 1.514
45 2 4 74.867 224.899 37.431 1.532 0.908 1.566 0.224
45 21 4 70.128 219.828 37.528 0.907 0.853 0.969 0.487
45 42 1 59.55 212.453 37.147 4.213 2.2 1.135 1.413
45 123 1 118.206 239.196 37.712 3.461 1.678 1.859 -0.009
45 127 4 109.009 230.937 37.523 1.178 0.635 1.438 -0.26
45 144 3 27.712 211.695 37.632 0.358 0.433 1.107 -0.063
45 151 1 102.491 239.102 37.617 3.704 1.794 1.73 -0.009
45 155 5 48.889 209.355 37.248 1.438 0.701 1.041 -1.361
45 156 3 35.77 210.857 37.777 0.205 0.593 0.98 -0.063
45 161 2 59.19 227.409 37.917 5.759 2.933 2.487 -0.005
45 168 2 35.43 242.266 37.899 7.705 2.404 2.252 3.101
45 176 1 72.677 233.834 37.483 4.748 1.914 1.4 -0.024
45 181 3 75.42 212.895 37.667 0.529 0.491 1.344 -2.369
45 203 1 23.767 215.723 37.143 1.728 1.467 0.778 -0.009
45 213 4 130.783 235.503 37.669 0.39 0.438 0.875 0.025
45 216 5 108.783 256.688 37.405 3.901 1.886 0.824 3.132
45 217 1 64.534 183.16 37.047 1.532 1.288 0.362 1.519
46 2 4 76.699 225.906 37.428 1.458 0.924 1.456 0.258
46 21 4 71.709 221.599 37.344 1.265 0.904 1.49 0.306
46 42 1 59.773 214.233 37.147 4.219 1.815 1.221 1.308
46 123 1 123.492 240.193 37.67 3.444 1.786 1.801 0.014
46 127 4 109.835 231.124 37.507 1.278 0.581 1.404 0.006
46 151 1 109.077 240.356 37.67 3.8 1.802 1.61 -0.022
46 155 5 48.965 209.195 37.124 1.811 0.319 0.39 -0.984
46 156 3 35.786 210.883 37.862 0.132 0.374 0.596 -0.085
46 161 2 63.183 228.188 38.018 6.43 2.863 2.636 0.006
46 168 2 29.113 241.058 37.976 5.435 2.407 1.651 3.115
46 176 1 78.973 235.159 37.54 5.1 2.145 1.478 -0.026
46 181 3 75.03 212.313 37.63 0.707 0.558 1.326 0.691
46 213 4 132.37 235.772 37.453 0.715 0.638 1.137 0.014
46 216 5 101.831 255.111 37.555 5.999 1.922 1.236 3.126
46 217 1 64.844 184.847 37.31 2.885 0.309 0.64 1.523
46 218 4 46.015 229.192 37.034 0.717 0.741 0.504 0
47 2 4 78.602 226.625 37.456 1.446 0.878 1.511 -0.033
47 21 4 73.412 223.162 37.403 1.546 1 1.534 0.578
47 42 1 60.217 215.791 37.192 4.004 1.571 1.22 1.19
47 123 1 128.761 241.088 37.716 3.44 1.774 1.81 -0.024
47 127 4 110.624 231.163 37.539 1.633 0.74 1.595 -0.012
47 151 1 115.289 241.593 37.636 3.532 1.838 1.546 -0.024
47 161 2 68.179 229.249 38.042 5.128 3.002 2.598 0.017
47 176 1 85.435 236.348 37.553 5.214 2.237 1.411 -0.021
47 181 3 74.791 211.538 37.679 0.579 0.524 1.457 -2.519
47 213 4 133.386 236.09 37.427 0.807 0.524 1.336 -0.05
47 216 5 94.62 253.412 37.588 4.705 1.704 1.206 3.14
47 217 1 63.464 188.94 37.339 4.047 1.333 0.669 1.526
47 218 4 51.239 229.975 37.442 2.592 1.151 1.494 -0.009
48 2 4 80.618 227.178 37.436 1.388 0.818 1.495 -0.009
48 21 4 75.377 224.579 37.397 1.272 0.879 1.473 -0.009
48 42 1 60.442 216.5 37.218 2.342 1.503 1.079 1.133
48 123 1 134.095 242.087 37.743 3.482 1.779 1.76 -0.044
48 127 4 110.967 231.216 37.568 1.836 0.711 1.608 -0.044
48 151 1 121.543 242.73 37.698 3.548 1.783 1.656 -0.044
48 155 5 48.882 209.295 37.35 0.8 0.141 0.666 2.269
48 161 2 72.052 230.006 38.066 6.511 2.767 2.725 -0.009
48 176 1 92.025 237.513 37.616 5.091 1.931 1.441 -0.034
48 181 3 74.596 210.913 37.614 0.531 0.724 1.229 -2.523
48 213 4 135.017 236.333 37.57 0.717 0.506 1.189 -0.035
48 216 5 88.159 252.081 37.954 4.658 2.087 1.715 -3.129
48 217 1 63.055 192.602 37.274 3.77 0.607 0.962 1.54
48 218 4 57.465 230.916 37.531 2.668 1.406 1.485 -0.009
49 2 4 82.673 227.64 37.436 1.371 0.872 1.388 0.007
49 21 4 77.443 226.12 37.518 0.418 0.598 1.298 -0.031
49 42 1 61.683 218.299 36.939 3.601 0.252 0.62 1.019
49 123 1 139.405 243.036 37.836 3.348 1.818 1.707 -0.025
49 127 4 110.929 231.216 37.559 1.798 0.715 1.562 -0.09
49 151 1 128.101 244.064 37.703 3.902 1.835 1.513 -0.018
49 155 5 49.527 208.299 37.215 2.23 0.418 0.455 2.002
49 161 2 77.268 231.1 38.148 5.218 2.877 2.815 -0.02
49 176 1 98.546 238.805 37.638 5.165 2.013 1.488 -0.027
49 181 3 74.293 210.315 37.723 0.453 0.498 1.094 -2.486
49 213 4 136.441 236.555 37.729 0.621 0.545 1.354 -0.03
49 216 5 81.763 250.757 37.602 4.819 1.936 1.291 -3.141
49 217 1 61.873 195.85 37.384 3.687 1.872 1.062 1.481
49 218 4 63.731 231.998 37.473 2.627 1.609 1.474 -0.023
50 2 4 84.835 228.007 37.431 1.372 0.843 1.414 -0.031
50 21 4 79.991 227.235 37.319 0.983 0.813 1.383 0.014
50 123 1 144.785 244.127 37.761 3.423 1.825 1.829 0.035
50 127 4 110.942 231.245 37.59 1.79 0.742 1.53 -0.129
50 151 1 134.577 245.356 37.738 3.303 1.886 1.542 0.003
50 161 2 80.92 231.748 38.18 7.326 2.813 3.029 0.035
50 176 1 105.108 240.056 37.645 5.222 2.093 1.539 -0.009
50 181 3 74.148 209.771 37.745 0.207 0.6 1.257 -2.508
50 213 4 137.87 236.962 37.535 1.282 0.6 1.679 0.037
50 218 4 70.114 233.118 37.5 2.634 1.676 1.583 0.003
51 2 4 86.996 228.245 37.377 1.148 0.931 1.326 0.02
51 21 4 82.366 228.184 37.302 0.944 0.707 1.275 0.02
51 123 1 150.466 245.166 37.878 4.004 1.769 1.786 0.02
51 127 4 110.968 231.213 37.562 1.686 0.637 1.492 -0.031
51 151 1 141.124 246.711 37.822 3.241 1.867 1.559 0.02
51 161 2 86.814 232.933 38.208 5.086 2.892 2.779 0.02
51 176 1 111.826 241.377 37.699 5.191 2.017 1.466 0.005
51 213 4 139.358 237.112 37.692 1.402 0.66 1.634 0.02
51 218 4 75.771 234.216 37.572 4.035 1.648 1.518 0.02
52 2 4 89.383 228.455 37.473 1.235 0.892 1.386 0.004
52 21 4 84.905 228.952 37.494 0.942 0.743 1.259 0.004
52 123 1 155.527 246.155 37.886 3.344 1.763 1.744 0.004
52 127 4 110.952 231.187 37.533 1.708 0.65 1.494 -0.049
52 151 1 148.056 248.107 37.663 3.676 1.817 1.412 0.004
52 161 2 91.717 233.814 38.249 4.911 2.957 2.863 0.004
52 176 1 118.525 242.651 37.869 5.235 2.061 1.774 0.004
52 213 4 140.686 237.454 37.69 1.364 0.501 1.724 0.057
52 218 4 82.277 235.49 37.585 3.649 1.721 1.407 0.004
53 2 4 91.638 228.654 37.351 1.31 0.783 1.328 -0.066
53 21 4 87.457 229.476 37.516 0.974 0.862 1.345 -0.066
53 123 1 160.928 247.111 37.781 3.331 1.758 1.787 -0.02
53 127 4 110.967 231.221 37.515 1.769 0.608 1.455 -0.067
53 151 1 154.511 249.369 37.705 3.305 1.8 1.492 -0.02
53 161 2 97.093 234.818 38.309 3.927 2.75 3.123 -0.02
53 176 1 125.317 243.849 37.753 5.175 1.941 1.507 -0.02
53 213 4 142.127 237.743 37.683 1.557 0.679 1.668 -0.02
53 218 4 88.667 236.759 37.615 4.005 1.82 1.588 -0.02
54 2 4 93.914 228.986 37.384 1.433 0.867 1.493 0.048
54 21 4 90.186 229.892 37.491 0.93 0.748 1.226 0.049
54 123 1 166.367 248.224 37.854 3.435 1.764 1.844 0.033
54 127 4 110.98 231.138 37.48 1.776 0.767 1.403 0.011
54 151 1 161.662 250.827 37.749 3.816 1.884 1.644 0.014
54 161 2 102.039 235.669 38.248 4.014 2.811 2.812 0.001
54 176 1 131.983 245.15 37.747 5.232 2.013 1.456 0.005
54 213 4 143.652 238.108 37.72 1.738 0.587 1.724 -0.026
54 218 4 95.164 238.037 37.644 4.15 1.723 1.495 0.017
55 2 4 96.442 229.423 37.496 0.897 0.851 1.208 0.132
55 21 4 92.681 230.31 37.408 1.323 0.651 1.335 0.02
55 123 1 171.722 249.247 37.822 3.383 1.792 1.927 0.055
55 127 4 111.165 231.071 37.424 1.836 0.808 1.256 0.03
55 151 1 168.618 252.155 37.731 3.657 1.922 1.604 0.034
55 161 2 107.034 236.641 38.263 4.114 2.845 2.841 0.013
55 176 1 138.448 246.444 37.763 4.781 2.197 1.426 0.016
55 213 4 145.25 238.28 37.711 1.842 0.844 1.671 0.067
55 218 4 101.836 239.268 37.678 4.105 1.591 1.456 0.031
56 2 4 98.989 229.686 37.495 1.056 0.895 1.312 -0.055
56 21 4 95.666 230.742 37.442 0.946 0.779 1.403 -0.055
56 123 1 177.129 250.231 37.798 3.341 1.757 1.88 0.011
56 127 4 111.018 231.064 37.388 1.63 0.579 1.154 -0.182
56 151 1 175.6 253.479 37.711 3.098 1.86 1.55 -0.012
56 161 2 112.56 237.665 38.314 3.256 2.779 2.95 -0.033
56 176 1 144.726 247.751 37.786 3.877 2.156 1.467 -0.036
56 213 4 146.608 238.702 37.727 1.743 0.686 1.628 0.008
56 218 4 108.371 240.658 37.261 3.99 1.759 0.736 0.006
57 2 4 101.36 230.253 37.46 0.939 0.835 1.164 0.147
57 21 4 98.468 231.304 37.432 1.017 0.686 1.149 0.031
57 123 1 182.453 251.333 37.749 3.361 1.796 1.68 0.031
57 127 4 111.041 231.064 37.563 1.567 0.531 1.225 -0.219
57 151 1 182.724 254.855 37.683 3.596 1.858 1.589 0.033
57 161 2 115.853 238.11 38.433 6.843 2.793 2.877 0.031
57 176 1 151.127 248.985 37.776 4.654 2.15 1.461 0.031
57 213 4 148.07 238.997 37.733 1.737 0.67 1.691 0.01
57 218 4 114.974 241.937 37.688 4.112 1.679 1.494 0.041
57 229 1 212.384 255 37.478 0.352 1.293 1.184 0.031
58 2 4 103.782 230.843 37.471 0.783 0.818 1.215 0.026
58 123 1 187.921 252.475 37.798 3.454 1.767 1.918 0.048
58 127 4 110.97 230.931 37.368 1.665 0.766 0.731 -0.105
58 151 1 189.983 256.24 37.635 3.559 1.81 1.495 -0.045
58 161 2 122.649 239.472 38.404 3.282 2.832 2.928 0.034
58 176 1 157.715 250.242 37.778 5.461 2.075 1.462 0.025
58 213 4 149.328 239.223 37.735 2.027 0.704 1.666 0.015
58 218 4 121.297 243.115 37.751 4.059 1.642 1.495 0.06
58 229 1 215.49 255.749 37.44 0.351 1.187 1.132 -0.011
59 123 1 193.26 253.625 37.783 3.401 1.79 1.83 0.028
59 127 4 111.26 231.083 37.464 1.143 0.582 1.18 0.054
59 151 1 196.463 257.471 37.463 2.206 1.942 1.193 0.042
59 161 2 127.753 240.365 38.415 3.254 2.78 2.667 -0.032
59 176 1 164.46 251.621 37.747 5.278 2.04 1.414 -0.032
59 213 4 150.989 239.607 37.697 1.39 0.736 1.648 0
59 218 4 128.023 244.522 37.715 2.897 1.663 1.496 0.03
59 229 1 218.814 256.533 37.466 0.62 1.16 1.048 0.029
60 123 1 198.66 254.79 37.677 3.441 1.809 1.757 0.009
60 151 1 204.396 259.013 37.421 3.356 1.828 1.251 0.009
60 161 2 132.78 241.239 38.358 3.287 2.756 2.82 0
60 176 1 171.34 253.039 37.725 5.139 2.002 1.468 0.009
60 213 4 152.375 239.928 37.747 1.156 0.597 1.67 -0.004
60 218 4 133.432 245.693 37.35 3.988 1.829 0.504 -0
60 229 1 221.812 257.267 37.451 0.414 1.088 1.335 -0.156
61 123 1 204.523 256.139 37.718 4.357 1.815 1.894 0.026
61 151 1 211.691 260.453 37.564 3.315 1.615 1.627 -0.056
61 161 2 137.922 242.095 38.268 3.206 2.751 2.778 -0.014
61 176 1 178.373 254.451 37.785 5.278 1.965 1.541 0.006
61 213 4 153.58 240.18 37.695 1.229 0.591 1.704 0.098
61 218 4 139.622 246.81 37.746 3.535 1.85 1.545 -0.058
61 229 1 224.942 257.942 37.428 0.372 1.207 1.244 0.029
61 233 4 196.249 274.476 37.851 0.649 0.238 0.963 2.963
62 123 1 209.567 257.233 37.712 3.321 1.761 1.761 0.003
62 151 1 217.867 261.824 37.28 0.647 1.725 1.009 -0.048
62 161 2 142.658 242.931 38.418 3.827 2.692 2.602 -0.021
62 176 1 185.386 255.783 37.704 5.038 1.92 1.473 0.007
62 213 4 155.294 240.429 37.722 1.161 0.713 1.629 -0.017
62 218 4 145.27 248.024 37.555 3.511 1.74 1.035 -0.042
62 229 1 228.14 258.675 37.347 0.462 1.142 1.237 -0.018
62 233 4 196.253 273.154 37.65 0.872 0.531 1.74 1.562
63 123 1 215.073 258.466 37.714 3.457 1.768 1.911 -0.015
63 151 1 225.264 263.276 37.699 0.574 1.579 1.265 -0.015
63 161 2 147.959 243.933 38.295 3.196 2.863 2.617 -0.02
63 176 1 192.567 257.232 37.722 5.074 1.711 1.502 -0.015
63 213 4 156.421 240.832 37.805 0.645 0.696 1.546 3.047
63 218 4 151.673 249.42 37.779 2.623 1.847 1.476 0.045
63 229 1 231.307 259.333 37.473 0.401 1.18 1.312 -0.015
63 233 4 196.409 271.826 37.697 0.823 0.658 1.722 -1.744
64 123 1 220.617 259.692 37.734 3.449 1.818 1.832 -0.012
64 151 1 232.762 264.916 37.498 0.642 1.416 1.553 -0.012
64 161 2 152.987 244.835 38.427 3.151 2.775 2.99 -0.012
64 176 1 199.818 258.668 37.876 4.929 1.78 1.838 -0.009
64 213 4 157.929 241.005 37.761 0.827 0.553 1.484 -0.012
64 218 4 157.421 250.514 37.797 3.309 1.832 1.395 -0.012
64 229 1 234.646 260.037 37.375 0.849 1.215 1.573 -0.012
64 233 4 196.564 270.279 37.789 0.504 0.594 1.805 -1.747
64 237 5 229.052 279.338 38.388 2.336 1.062 0.316 3.139
64 238 2 247.895 287.414 38.909 7.536 2.888 1.556 3.133
65 123 1 226.613 261.127 37.65 4.268 1.761 1.914 0.031
65 151 1 240.427 266.636 37.233 0.898 1.131 0.767 0.031
65 161 2 158.004 245.754 38.26 3.212 2.758 2.72 -0.029
65 176 1 207.215 260.252 37.654 4.95 1.805 1.458 0.031
65 213 4 159.374 241.343 37.712 0.871 0.633 1.147 0.13
65 218 4 163.208 251.47 37.722 4.103 1.664 1.593 0.06
65 229 1 238.26 260.866 37.389 1.797 1.196 1.535 0.031
65 233 4 196.722 268.895 37.824 0.843 0.669 1.811 -1.597
65 237 5 222.535 278.104 38.327 3.359 1.709 0.682 3.094
65 238 2 242.231 286.257 38.58 4.76 3.1 0.762 3.129
65 240 1 141.432 246.97 37.376 0.773 1.589 0.739 0.02
65 241 2 247.415 282.907 38.752 5.462 2.112 1.407 -3.127
66 123 1 231.912 262.294 37.683 3.397 1.752 1.855 0.027
66 151 1 247.958 268.268 37.153 0.646 0.692 0.823 0.011
66 161 2 163.063 246.762 38.218 3.292 2.785 2.707 0
66 176 1 214.635 261.876 37.623 4.993 1.77 1.446 0.003
66 213 4 160.704 241.596 37.784 0.89 0.961 1.272 -0
66 218 4 169.552 252.77 37.739 4.078 1.805 1.48 0
66 229 1 241.495 261.675 37.404 1.998 1.256 1.618 0.04
66 233 4 196.819 267.941 37.818 0.845 0.727 1.76 -1.472
66 237 5 215.971 276.751 38.173 5.034 1.703 1.121 -3.138
66 238 2 239.549 285.631 38.792 8.051 2.877 2.236 -3.138
66 240 1 146.215 247.9 37.731 3.701 1.518 0.808 0
66 241 2 240.788 281.498 38.947 6.137 2.203 1.687 -3.138
67 123 1 237.593 263.652 37.646 3.415 1.837 1.897 0.04
67 151 1 255.553 270.042 37.369 0.328 0.429 0.921 0.021
67 161 2 167.894 247.736 38.342 3.737 2.646 2.43 0.016
67 176 1 222.171 263.648 37.434 4.897 1.886 1.194 0.001
67 213 4 162.08 241.803 37.69 0.352 0.229 1.298 0.065
67 218 4 176.244 253.931 37.737 3.492 1.64 1.476 0.032
67 229 1 244.639 262.446 37.39 1.969 1.289 1.372 -0.03
67 233 4 197.086 267.058 38.195 0.775 0.616 0.966 -1.753
67 237 5 208.717 275.217 38.232 4.937 1.77 1.01 3.141
67 238 2 233.353 284.289 39.041 5.115 2.96 1.805 -3.137
67 240 1 153.856 249.472 37.506 0.504 1.572 0.323 -0.055
67 241 2 234.414 280.176 38.924 6.134 2.244 1.8 -3.112
68 123 1 243.32 264.952 37.614 3.365 1.8 1.919 0.003
68 161 2 173.309 248.827 38.328 3.286 2.74 2.455 0.032
68 176 1 229.797 265.381 37.528 4.897 1.894 1.462 0.022
68 213 4 163.716 242.136 37.615 0.729 0.603 1.436 -0.018
68 218 4 182.654 255.128 37.738 3.943 1.751 1.507 -0.004
68 229 1 247.885 263.186 37.346 2.103 1.303 1.523 0.003
68 233 4 197.371 266.183 38.275 0.533 0.406 0.654 -1.512
68 237 5 201.361 273.763 38.357 3.965 1.491 0.756 3.134
68 238 2 227.86 283.682 38.97 2.15 1.838 1.459 3.122
68 240 1 159.872 250.732 37.346 0.679 1.561 0.696 0.003
68 241 2 228.025 278.743 38.832 6.133 2.162 2.031 -3.12
69 123 1 249.212 266.356 37.663 3.4 1.783 1.762 0.022
69 161 2 178.527 249.816 38.296 3.128 2.828 2.414 0.007
69 176 1 237.652 267.06 37.446 4.96 1.844 1.37 0.01
69 213 4 165.261 242.463 37.715 0.921 0.556 1.177 -0.004
69 218 4 189.271 256.34 37.711 4.107 1.74 1.581 0
69 229 1 250.875 263.904 37.558 1.675 1.184 1.155 -0.015
69 233 4 197.556 265.774 38.364 0.332 0.61 0.753 2.606
69 237 5 195.341 272.512 38.239 2.575 1.488 0.645 3.121
69 238 2 229.149 283.425 38.646 11.482 2.676 2.654 -3.138
69 240 1 166.087 251.977 37.387 0.743 1.58 0.704 0.038
69 241 2 221.1 277.232 38.761 7.447 2.488 2.072 -3.125
70 123 1 255.111 267.643 37.608 3.43 1.79 1.812 0.007
70 161 2 183.671 250.84 38.286 3.24 2.677 2.487 0.015
70 176 1 245.443 268.822 37.29 4.932 1.868 1.062 0.007
70 218 4 195.91 257.756 37.717 4.001 1.875 1.584 0.005
70 229 1 254.217 264.583 37.42 2.001 1.225 1.496 0.009
70 233 4 197.642 265.09 38.299 0.254 0.264 0.701 -1.663
70 237 5 189.8 271.501 38.467 0.178 0.972 0.41 3.14
70 238 2 224.585 282.353 38.637 12.683 3.003 2.664 -3.141
70 240 1 172.446 253.198 37.412 0.651 1.48 0.696 0
70 241 2 214.168 275.697 38.976 6.078 2.22 1.808 -3.105
71 123 1 260.977 268.868 37.613 3.304 1.818 1.876 0
71 161 2 188.681 251.885 38.365 3.324 2.732 2.823 0
71 176 1 253.372 270.577 37.199 4.778 1.871 0.985 0
71 218 4 202.692 259.126 37.668 3.876 1.839 1.547 0
71 229 1 257.307 265.23 37.327 1.802 1.199 1.459 -0.007
71 237 5 183.093 269.982 38.634 0.05 0.566 0.035 -3.116
71 238 2 220.813 281.616 38.625 12.41 3.139 2.64 -3.142
71 240 1 178.909 254.416 37.44 0.627 1.568 0.425 0
71 241 2 207.819 274.232 38.987 6.064 2.235 1.738 -3.116
72 123 1 267.31 270.155 37.568 4.296 1.851 1.819 0.005
72 161 2 193.769 252.946 38.205 3.115 2.817 2.512 0.041
72 176 1 261.503 272.31 37.224 4.79 1.729 1.079 -0.005
72 218 4 209.269 260.411 37.371 4.107 1.667 1.038 0.009
72 229 1 260.594 265.945 37.422 2.037 1.251 1.641 -0.006
72 238 2 216.598 280.673 38.753 11.771 2.705 2.425 -3.123
72 240 1 185.529 255.774 37.289 0.165 0.854 0.386 -0.035
72 241 2 201.61 272.813 39.051 5.643 2.397 1.732 -3.127
73 123 1 272.996 271.269 37.556 3.556 1.745 1.825 -0.03
73 161 2 198.818 254.103 38.076 3.43 2.872 2.78 -0.023
73 176 1 269.752 274.174 37.207 4.763 1.821 1.076 -0.046
73 218 4 215.917 261.938 37.562 4.101 1.925 1.379 -0.013
73 229 1 263.755 266.595 37.447 1.993 1.279 1.586 -0.022
73 238 2 212.855 279.837 38.628 11.685 2.712 2.737 3.137
73 240 1 192.129 257.028 37.314 0.076 1.013 0.319 -0.023
73 241 2 195.39 271.301 39.085 5.224 2.29 1.469 -3.093
74 123 1 279.051 272.486 37.547 3.451 1.843 1.818 -0.017
74 161 2 203.682 255.128 38.376 3.344 2.909 2.987 -0.007
74 176 1 278.126 276.014 37.242 4.79 1.784 1.053 -0.012
74 218 4 222.564 263.343 37.558 3.994 1.878 1.417 0.01
74 229 1 266.931 267.25 37.406 2.029 1.243 1.542 -0.02
74 238 2 209.17 278.977 38.516 11.802 3.039 2.629 3.09
74 240 1 198.717 258.427 37.28 0.413 1.435 0.882 -0.025
74 241 2 189.219 269.958 39.185 4.455 2.368 1.407 -3.135
75 123 1 285.021 273.715 37.582 3.468 1.842 1.656 0.015
75 161 2 208.694 256.258 38.192 3.126 2.733 2.469 -0.014
75 176 1 286.502 277.778 37.163 4.681 1.737 0.917 0.015
75 218 4 229.466 264.855 37.579 4.003 1.853 1.488 0.038
75 229 1 270.348 268.065 37.43 2.593 1.339 1.519 0
75 240 1 205.38 259.691 37.236 0.905 1.693 0.595 -0.014
75 250 1 265.283 290.717 37.162 3.987 1.14 0.786 3.089
76 123 1 290.964 274.955 37.588 3.325 1.823 1.697 0.035
76 161 2 213.516 257.078 38.303 3.573 2.814 2.813 0.054
76 176 1 293.389 279.247 37.246 1.712 1.769 0.96 0.007
76 218 4 236.331 266.345 37.573 4.166 1.914 1.531 0.03
76 229 1 273.363 268.705 37.451 2.29 1.182 1.589 0.037
76 240 1 212.216 261.12 37.27 0.852 1.646 0.598 0.046
76 250 1 260.565 289.462 37.239 3.903 0.669 0.903 -3.113
77 123 1 297.029 276.133 37.638 3.342 1.768 1.756 0.013
77 161 2 218.536 258.153 38.056 3.222 2.744 2.828 -0.014
77 176 1 301.587 280.97 37.15 1.41 1.682 0.767 -0.039
77 218 4 243.332 267.766 37.565 4.234 1.76 1.503 0.01
77 229 1 276.784 269.444 37.463 2.839 1.339 1.644 -0.018
77 240 1 217.568 262.198 37.324 3.659 1.904 1.117 -0.029
77 250 1 255.262 288.219 37.244 5.372 0.416 1.106 -3.14
77 252 5 322.499 277.181 37.428 0.388 0.546 1.583 -0.028
78 123 1 303.03 277.335 37.588 3.303 1.816 1.809 0.001
78 161 2 223.005 258.959 38.099 4.271 2.758 2.838 0
78 176 1 309.186 282.606 37.245 0.243 0.572 0.251 0.001
78 218 4 250.374 269.308 37.539 4.216 1.947 1.488 0.012
78 229 1 279.662 270.036 37.47 2.257 1.157 1.636 0.05
78 240 1 225.929 263.987 37.219 0.733 1.638 0.579 0.001
78 250 1 250.051 287.735 37.297 3.828 1.703 0.939 -3.123
78 252 5 325.03 278.058 37.315 0.3 0.685 1.263 0.001
78 254 1 274.698 292.228 37.308 2.81 0.491 0.532 -3.111
79 123 1 309.099 278.661 37.68 3.284 1.781 1.646 0.011
79 161 2 228.436 260.14 38.192 3.122 2.646 2.5 0.018
79 176 1 317.55 284.319 37.336 0.672 1.331 0.737 0.011
79 218 4 257.441 270.802 37.568 4.248 1.956 1.566 0.025
79 229 1 283.099 270.791 37.464 2.869 1.258 1.618 0.01
79 240 1 232.592 265.315 37.274 1.082 1.485 0.53 0.018
79 250 1 246.401 286.62 37.195 1.546 1.167 0.475 3.086
79 252 5 327.738 278.783 37.404 0.642 0.597 1.206 0.009
79 254 1 269.53 291.024 37.272 4.819 0.514 0.855 -3.122
80 123 1 315.085 279.91 37.602 3.374 1.721 1.783 0.02
80 161 2 233.218 261.179 37.981 3.447 2.699 2.845 0.022
80 176 1 325.599 286.035 37.325 0.482 1.396 0.582 0.02
80 218 4 264.585 272.358 37.536 4.388 1.938 1.508 0.004
80 229 1 286.213 271.471 37.472 2.766 1.168 1.681 0.04
80 240 1 238.122 266.634 37.39 4.22 2.213 1.115 0.022
80 252 5 330.19 279.507 37.538 0.508 0.648 1.553 0.02
80 254 1 264.424 289.999 37.26 2.349 0.78 0.949 -3.076
81 123 1 321.149 281.129 37.601 3.4 1.804 1.848 -0.01
81 161 2 238.216 262.211 38.032 3.201 2.66 2.62 0
81 176 1 333.888 287.84 37.283 0.596 1.528 0.595 -0.01
81 218 4 271.764 273.899 37.552 4.471 1.95 1.523 0
81 229 1 289.42 272.178 37.499 2.91 1.3 1.652 0.011
81 240 1 245.071 267.912 37.329 4.168 1.621 1.078 0
81 252 5 332.757 280.19 37.532 0.583 0.54 1.175 -0.01
81 254 1 259.981 288.736 37.334 2.503 0.238 0.468 -3.122
82 123 1 327.142 282.482 37.676 3.406 1.762 1.642 0.007
82 161 2 243.074 263.354 37.99 3.243 2.825 2.724 0.002
82 218 4 279.012 275.572 37.565 4.622 2.177 1.547 -0.008
82 229 1 292.529 272.903 37.505 2.896 1.343 1.637 0.002
82 240 1 252.36 269.581 37.486 3.573 2.056 1.321 -0.025
82 252 5 335.202 280.861 37.692 0.328 0.563 1.381 0.012
82 258 1 225.874 264.135 37.202 0.511 1.764 0.68 0.009
82 259 1 280.128 292.962 37.468 3.732 0.479 1.062 -3.127
83 123 1 333.126 283.752 37.536 3.392 1.817 1.791 -0.025
83 161 2 248.035 264.315 38.094 3.257 2.688 2.544 0.034
83 218 4 285.805 276.912 37.56 3.389 2.154 1.528 -0.018
83 229 1 295.704 273.627 37.544 2.889 1.3 1.619 0.054
83 240 1 259.16 271.018 37.414 4.496 2 1.341 0.089
83 252 5 337.74 281.637 37.641 0.493 0.591 1.395 -0.061
83 258 1 232.673 265.586 37.325 0.859 1.748 0.602 0.07
83 259 1 275.021 292.255 37.465 2.364 1.433 1.084 -3.113
83 261 5 305.912 302.573 37.461 0.23 1.497 0.626 1.579
84 123 1 339.056 285.047 37.656 3.352 1.764 1.85 0.002
84 161 2 252.354 265.325 38.162 4.039 2.825 2.805 -0.005
84 218 4 292.516 278.214 37.628 4.783 1.828 1.642 0.044
84 229 1 298.512 274.201 37.536 2.269 1.338 1.647 0.033
84 240 1 266.341 272.634 37.497 4.2 2.087 1.448 0.007
84 252 5 340.136 282.329 37.594 0.8 0.606 1.339 -0.008
84 258 1 238.815 266.901 37.44 1.988 1.886 1.078 0.025
84 259 1 270.174 291.043 37.407 2.143 1.363 0.998 3.133
84 261 5 301.571 301.59 37.599 1.257 0.665 0.968 -3.137
84 263 1 315.635 269.835 37.01 0.154 0.098 0.497 3.092
84 266 1 314.251 270.654 37.051 0.196 0.108 0.328 3.092
85 123 1 344.973 286.369 37.572 3.384 1.744 1.678 0.011
85 161 2 256.835 266.176 38.14 4.722 2.676 2.591 0.023
85 218 4 299.861 279.766 37.598 4.24 1.71 1.568 -0.007
85 229 1 301.972 274.955 37.537 2.885 1.347 1.657 -0.007
85 240 1 273.254 274.139 37.449 4.528 2.011 1.452 0.023
85 252 5 342.64 283.044 37.719 0.547 0.775 1.304 0.011
85 258 1 245.78 268.338 37.475 2.129 1.752 0.946 0.019
85 259 1 265.765 290.258 37.518 0.499 1.644 0.913 3.126
85 261 5 314.921 298.001 37.33 3.379 0.986 0.344 3.139
85 263 1 315.61 269.8 36.984 0.174 0.166 0.402 1.564
85 266 1 314.244 270.61 36.993 0.128 0.091 0.372 1.564
86 123 1 350.892 287.657 37.732 3.369 1.709 1.529 0.053
86 161 2 261.872 267.37 38.144 3.566 2.835 2.906 -0.029
86 218 4 307.432 281.407 37.573 4.253 1.692 1.526 0.035
86 229 1 305.104 275.529 37.53 2.861 1.229 1.665 0.03
86 240 1 280.327 275.674 37.499 4.667 2.108 1.549 0.054
86 252 5 345.117 283.714 37.493 0.556 0.768 1.323 -0.041
86 258 1 252.062 269.78 37.301 3.303 2.076 1.272 -0.054
86 259 1 263.595 292.351 37.439 1.65 0.514 0.9 2.943
86 261 5 309.758 296.993 37.389 4.294 1.327 0.502 0.047
86 263 1 315.64 269.774 36.995 0.293 0.24 0.462 -3.142
86 266 1 314.256 270.586 37.09 0.225 0.272 0.353 0
87 123 1 356.727 288.939 37.885 3.393 1.681 1.501 0.069
87 161 2 266.09 268.133 38.181 3.938 2.708 2.709 0.06
87 218 4 314.949 283.002 37.595 4.199 1.73 1.57 0.053
87 229 1 308.221 275.968 37.542 2.759 1.227 1.599 0.053
87 240 1 287.44 277.214 37.523 4.551 2.054 1.523 0.047
87 252 5 347.726 284.359 37.74 0.728 0.529 1.253 0.011
87 258 1 258.703 271.245 37.14 3.638 1.85 0.907 0.03
87 261 5 304.211 295.613 37.493 4.514 1.259 0.895 -3.048
87 263 1 315.655 269.766 36.999 0.195 0.104 0.437 -1.119
87 266 1 314.286 270.578 37.028 0.2 0.153 0.468 -1.069
87 282 3 358.707 280.755 37.733 0.34 0.502 1.549 -0.016
88 123 1 362.631 290.229 37.693 3.382 1.685 1.618 0.09
88 161 2 270.134 269.032 38.16 4.096 2.849 2.717 0.103
88 218 4 322.458 284.597 37.578 4.058 1.87 1.483 0.048
88 229 1 311.4 276.403 37.565 2.803 1.349 1.623 0
88 240 1 294.414 278.818 37.533 4.693 2.136 1.56 0.12
88 252 5 350.219 285 37.583 0.575 0.678 1.241 0.081
88 258 1 265.558 272.675 37.398 3.764 1.865 1.399 0.161
88 261 5 298.017 293.973 37.632 5.631 0.893 1.02 -3.017
88 263 1 315.638 269.786 37.029 0.206 0.167 0.573 -0.819
88 266 1 314.247 270.553 37.073 0.235 0.198 0.522 0.108
88 282 3 358.087 280.648 37.803 0.297 0.607 1.308 -3.058
89 161 2 273.655 269.733 38.179 4.932 2.732 2.899 0.18
89 218 4 330.053 286.184 37.626 4.176 1.722 1.473 0.144
89 229 1 314.542 276.736 37.537 2.758 1.236 1.637 0.143
89 240 1 301.23 280.292 37.565 4.967 2.09 1.475 0.166
89 252 5 352.849 285.638 37.76 0.721 0.737 1.32 0.156
89 258 1 272.506 274.196 37.39 3.819 1.811 1.246 0.213
89 261 5 291.955 293.121 37.523 4.562 1.752 1.071 -2.965
89 263 1 315.652 269.786 37.08 0.236 0.192 0.403 -0.58
89 266 1 314.269 270.577 37.073 0.298 0.18 0.487 -0.58
89 282 3 357.485 280.475 37.864 0.438 0.695 1.407 -2.949
90 161 2 276.499 270.388 38.151 6.796 2.8 2.808 0.295
90 218 4 337.499 287.773 37.587 4.033 1.662 1.328 0.248
90 229 1 317.663 277.177 37.535 2.69 1.182 1.56 0.26
90 240 1 307.585 281.623 37.605 3.772 1.949 1.483 0.26
90 252 5 355.431 286.209 37.521 0.651 0.467 1.183 0.298
90 258 1 279.366 275.719 37.448 4.211 1.86 1.193 0.261
90 261 5 286.295 291.76 37.432 4.326 1.444 0.465 -2.869
90 263 1 315.666 269.814 37.064 0.118 0.168 0.449 -0.599
90 266 1 314.284 270.621 37.066 0.227 0.162 0.448 -0.599
90 282 3 356.89 280.408 37.75 0.316 0.53 1.235 0.401
91 161 2 280.45 271.317 38.174 6.432 2.744 2.904 0.417
91 218 4 344.842 289.42 37.64 4.094 1.736 1.522 0.426
91 229 1 320.636 277.584 37.576 2.36 1.232 1.675 0.314
91 240 1 313.719 282.948 37.63 4.827 1.869 1.522 0.402
91 252 5 357.988 286.784 37.562 0.698 0.5 1.187 0.494
91 258 1 286.353 277.155 37.461 4.317 1.84 1.364 0.417
91 261 5 280.734 290.208 37.438 3.951 0.845 0.463 -2.754
91 263 1 315.72 269.846 37.098 0.221 0.228 0.432 0
91 266 1 314.324 270.596 37.102 0.167 0.166 0.524 0
91 282 3 356.365 280.277 37.858 0.471 0.583 1.192 -2.674
91 299 1 336.524 272.668 37.15 0.198 0.201 0.336 -1.633
92 161 2 284.541 272.143 38.189 5.621 2.764 2.904 0.601
92 218 4 351.932 291.01 37.536 3.798 1.621 1.107 0.543
92 229 1 323.961 278.25 37.61 2.939 1.282 1.618 0.521
92 240 1 320.558 284.437 37.647 4.579 1.85 1.51 0.559
92 252 5 360.625 287.427 37.682 0.585 0.643 1.583 0.42
92 258 1 293.401 278.594 37.504 4.443 1.905 1.389 0.55
92 261 5 274.763 289.125 37.354 4.377 1.277 0.306 -2.587
92 263 1 315.705 269.875 37.087 0.203 0.223 0.507 -0.323
92 266 1 314.361 270.648 37.128 0.206 0.279 0.493 -0.165
92 282 3 355.885 280.139 37.811 0.596 0.735 1.337 -2.717
92 299 1 336.537 272.681 37.06 0.204 0.217 0.412 -1.83
93 161 2 288.108 273.047 38.153 5.178 2.702 2.848 0.748
93 218 4 359.1 292.603 37.741 3.663 1.703 1.465 0.748
93 229 1 326.804 278.849 37.645 2.32 1.287 1.624 0.748
93 240 1 327.424 286.019 37.671 4.457 2.132 1.487 0.739
93 252 5 363.174 287.915 37.792 0.468 0.557 1.503 0.858
93 258 1 300.382 280.065 37.526 4.728 2.017 1.356 0.713
93 263 1 315.765 269.843 37.121 0.145 0.257 0.522 0
93 266 1 314.376 270.624 37.132 0.184 0.245 0.531 0
93 282 3 355.34 280.016 37.733 0.763 0.633 1.492 -2.097
93 299 1 336.535 272.688 37.156 0.204 0.244 0.485 -1.522
94 161 2 291.453 273.827 38.187 4.656 2.805 2.801 0.919
94 218 4 366.723 294.312 37.826 4.401 1.583 1.244 0.911
94 229 1 329.912 279.529 37.629 2.396 1.296 1.575 0.907
94 240 1 334.411 287.485 37.671 4.411 1.852 1.457 0.913
94 252 5 365.686 288.454 37.654 0.652 0.601 1.294 0.633
94 258 1 307.584 281.409 37.597 4.799 1.87 1.395 0.887
94 263 1 315.74 269.782 37.13 0.26 0.228 0.605 -3.026
94 266 1 314.284 270.512 37.113 0.472 0.488 0.596 0.116
94 282 3 354.76 279.85 37.81 0.603 0.676 1.469 -2.193
94 299 1 336.547 272.622 37.191 0.265 0.23 0.458 -3.026
95 161 2 293.615 274.21 38.167 6.425 2.714 2.919 1.109
95 218 4 373.736 295.739 37.81 4.035 1.658 1.424 1.039
95 229 1 333.325 280.318 37.649 2.958 1.255 1.663 1.097
95 240 1 343.052 288.725 37.733 3.747 0.63 1.475 1.04
95 252 5 368.343 288.72 37.759 0.631 0.745 1.177 1.036
95 258 1 314.756 282.798 37.553 4.896 2.048 1.443 1.064
95 263 1 315.746 269.707 37.122 0.132 0.159 0.478 0.34
95 266 1 314.413 270.491 37.119 0.198 0.142 0.51 0.24
95 282 3 354.103 279.673 37.924 0.41 0.641 1.618 1.107
95 299 1 336.518 272.546 37.142 0.123 0.159 0.457 1.789
96 161 2 296.107 274.776 38.187 7.012 2.8 2.86 1.231
96 229 1 336.591 281.155 37.693 2.369 1.262 1.647 1.321
96 240 1 349.796 290.737 37.588 4.331 2.14 1.278 1.298
96 258 1 321.946 284 37.612 4.914 1.523 1.461 1.219
96 263 1 315.746 269.649 37.101 0.161 0.24 0.513 2.008
96 266 1 314.411 270.453 37.174 0.125 0.162 0.434 -1.036
96 282 3 353.457 279.453 37.842 0.382 0.652 1.568 -1.792
96 299 1 336.526 272.515 37.198 0.144 0.194 0.516 2.735
97 161 2 298.704 275.131 38.144 7.011 2.831 2.922 1.407
97 229 1 339.585 281.858 37.738 2.306 1.166 1.65 1.463
97 240 1 356.894 292.373 37.615 4.375 1.691 0.989 1.433
97 258 1 329.068 285.276 37.613 4.821 1.422 1.366 1.403
97 263 1 315.734 269.619 37.115 0.227 0.216 0.54 0.666
97 266 1 314.372 270.405 37.119 0.254 0.228 0.503 0.666
97 282 3 352.862 279.27 38.02 0.479 0.773 1.391 1.557
97 299 1 336.531 272.493 37.168 0.206 0.16 0.493 -0.74
98 161 2 301.305 275.49 37.787 6.859 2.764 2.003 1.501
98 229 1 342.433 282.596 37.69 1.909 1.259 1.61 1.63
98 240 1 363.873 293.825 37.449 3.893 1.449 0.914 1.58
98 258 1 336.249 286.85 37.616 4.65 1.615 1.364 1.53
98 263 1 315.704 269.614 37.104 0.104 0.098 0.42 -1.575
98 266 1 314.328 270.375 37.104 0.183 0.149 0.354 -0.053
98 282 3 352.278 279.194 37.954 0.312 0.466 1.373 -1.626
98 299 1 336.531 272.437 37.239 0.199 0.15 0.418 -0.81
98 333 1 343.28 203.015 37.716 2.902 1.78 0.814 3.092
98 338 1 289.41 275.295 37.464 2.362 1.385 1.349 1.416
98 339 1 301.28 279.936 37.306 0.303 0.976 0.655 1.556
99 161 2 303.515 275.778 38.178 7.423 2.067 2.614 1.569
99 229 1 345.627 283.374 37.646 2.306 1.167 1.594 1.657
99 240 1 371.17 294.837 37.3 3.785 0.24 0.457 1.635
99 258 1 343.454 288.364 37.663 4.637 1.672 1.404 1.591
99 263 1 315.659 269.558 37.068 0.101 0.137 0.356 0
99 266 1 314.316 270.39 37.065 0.081 0.125 0.415 0
99 299 1 336.518 272.436 37.23 0.182 0.201 0.432 2.915
99 333 1 343.478 202.177 37.624 1.147 1.729 0.71 -3.105
99 338 1 292.874 276.233 37.54 4.112 1.623 1.313 1.695
99 339 1 307.098 281.085 37.565 4.151 1.657 1.553 1.603
100 161 2 306.258 275.876 38.099 6.615 2.421 2.907 1.429
100 229 1 348.699 284.039 37.558 1.992 0.995 1.53 1.616
100 258 1 349.271 289.456 37.73 1.259 1.407 0.973 1.616
100 299 1 336.477 272.411 37.165 0.216 0.228 0.539 0.213
100 333 1 343.446 202.157 37.764 1.214 1.798 0.589 -3.128
100 338 1 298.578 277.714 37.334 4.172 1.032 1.393 1.837
100 339 1 314.683 282.578 37.536 4.242 1.38 1.378 1.616
100 350 5 339.714 223.393 37.419 0.206 0.17 0.424 -0.085
100 353 3 351.063 278.85 37.997 0.39 0.73 1.176 -1.324
100 356 5 341.983 190.481 37.943 0.479 1.042 0.436 -3.045
101 161 2 308.583 275.87 38.164 7.087 2.416 2.993 1.403
101 229 1 351.831 284.878 37.647 2.364 1.175 1.522 1.646
101 258 1 357.384 290.734 37.708 2.718 0.84 1.159 1.51
101 299 1 336.512 272.469 37.102 0.29 0.214 0.219 -3.006
101 333 1 344.097 201.959 37.836 0.523 0.635 0.55 0.066
101 338 1 302.716 278.293 37.156 0.981 0.345 0.715 1.561
101 339 1 322.246 284.107 37.643 4.174 1.286 1.538 1.62
101 350 5 339.677 223.386 37.428 0.239 0.289 0.556 -0.083
101 353 3 350.58 278.785 37.967 0.326 0.505 1.077 2.176
101 356 5 341.531 194.898 37.922 0.422 1.395 0.6 -3.089
102 161 2 311.051 275.536 38.114 6.852 2.194 2.853 1.307
102 229 1 354.402 285.435 37.711 1.334 0.945 1.135 -1.531
102 333 1 343.836 200.616 38.032 3.152 1.854 0.792 3.134
102 338 1 305.457 278.743 37.211 1.083 0.596 0.953 1.763
102 339 1 329.669 285.948 37.587 3.966 1.667 1.282 1.623
102 350 5 339.679 223.343 37.472 0.188 0.336 0.612 3.12
102 353 3 350.098 278.66 37.918 0.653 0.518 1.363 -1.62
102 356 5 340.92 198.642 38.042 1.687 1.77 1.037 3.135
103 161 2 313.298 274.685 38.189 6.925 1.985 2.553 1.232
103 229 1 357.768 286.223 37.939 1.661 0.828 0.788 1.602
103 333 1 343.87 200.36 37.996 3.72 1.879 1.383 -3.135
103 339 1 337.285 287.457 37.566 3.802 1.333 1.433 1.603
103 350 5 339.696 223.289 37.521 0.461 0.384 0.663 0
103 353 3 349.37 278.326 38.108 0.381 0.396 0.706 -0.489
103 356 5 340.244 202.801 37.946 2.477 1.961 1.237 -3.118
104 161 2 315.64 274.273 38 6.935 2.285 2.411 1.097
104 333 1 343.647 201.282 38.132 2.087 1.78 1.299 3.142
104 350 5 339.66 223.328 37.498 0.296 0.342 0.576 0
104 353 3 348.872 278.258 37.913 0.527 0.566 1.117 -0.501
104 356 5 339.792 206.23 38.225 4.699 2.018 1.733 3.11
104 374 5 333.021 210.158 37.791 1.067 0.191 0.976 -0
105 161 2 317.606 273.16 38.012 7.087 2.123 2.721 0.989
105 350 5 339.659 223.271 37.552 0.366 0.32 0.622 0.002
105 356 5 339.114 210.583 38.215 4.93 2.022 1.731 3.133
105 374 5 333.085 209.602 37.846 3.312 0.357 1.02 -0.001
105 376 1 347.082 177.994 38.288 1.859 0.998 1.218 3.116
106 161 2 319.702 271.917 38.24 6.98 2.876 2.983 0.834
106 350 5 339.67 223.301 37.599 0.339 0.301 0.658 3.092
106 356 5 338.387 214.797 38.232 4.965 1.896 1.782 3.117
106 374 5 333.108 209.33 37.88 1.657 0.319 1.001 0.04
106 376 1 346.919 177.286 37.916 3.261 0.497 0.677 -3.124
106 383 1 332.982 210.502 37.683 0.394 0.25 0.62 0.031
106 384 5 333.872 204.924 37.737 0.225 0.198 0.484 0.023
106 385 1 344.945 193.782 38.167 4.176 1.732 1.527 -3.101
106 388 1 330.822 223.905 37.596 0.343 0.3 0.606 -0.022
106 393 1 345.59 187.605 37.981 2.531 0.544 1.025 -3.127
106 395 1 343.927 200.19 38.203 4.368 1.875 1.533 -3.101
107 161 2 321.35 270.35 38.109 7.039 2.55 2.696 0.736
107 356 5 337.925 219.216 38.202 4.719 2.042 1.746 3.125
107 374 5 333.069 209.277 37.895 1.678 0.415 1.023 3.117
107 376 1 346.995 177.171 38.184 3.721 0.518 1.087 -3.125
107 383 1 333.002 210.427 37.894 0.268 0.343 0.296 -3.14
107 384 5 333.875 204.9 37.718 0.268 0.22 0.593 -3.14
107 385 1 344.952 193.781 38.22 4.175 1.92 1.593 -3.125
107 388 1 330.812 223.857 37.627 0.253 0.217 0.478 -3.032
107 393 1 345.669 187.589 38.194 2.666 0.627 1.439 -3.125
107 395 1 343.935 200.084 38.212 4.672 1.966 1.584 -3.125
107 397 5 342.244 206.389 37.898 1.767 0.308 1.056 0.04
107 401 5 341.524 210.609 37.757 0.242 0.325 0.597 -0.059
108 356 5 337.246 223.389 38.104 4.641 1.892 1.673 -3.134
108 374 5 333.07 209.281 37.899 1.674 0.336 1.031 0.013
108 376 1 347.135 177.118 38.125 3.897 0.691 0.669 -3.101
108 383 1 332.959 210.357 37.699 0.36 0.366 0.676 0.014
108 384 5 333.856 204.853 37.943 0.204 0.308 0.294 0.061
108 385 1 345.045 193.652 38.26 4.432 2.058 1.693 -3.107
108 388 1 330.783 223.846 37.575 0.352 0.317 0.618 -3.129
108 393 1 345.861 187.662 38.122 2.844 1.073 1.202 -3.102
108 395 1 343.967 200.176 38.244 4.486 2.076 1.604 -3.105
108 397 5 342.24 206.471 37.941 1.665 0.434 1.109 -3.103
108 401 5 341.528 210.569 37.718 0.385 0.446 0.701 -3.118
108 406 1 339.983 220.674 37.616 0.367 0.314 0.678 -3.111
108 407 5 332.695 212.265 37.718 0.359 0.354 0.724 0.014
108 410 5 339.318 225.178 37.49 0.345 0.322 0.55 -3.111
109 356 5 336.559 227.478 38.096 4.441 1.814 1.736 -3.117
109 374 5 333.052 209.306 37.888 1.757 0.254 1.019 -3.126
109 376 1 347.488 177.318 38.204 3.859 1.706 1.397 -3.097
109 383 1 332.937 210.332 37.726 0.276 0.286 0.566 0
109 384 5 333.827 204.776 37.74 0.229 0.217 0.65 -3.097
109 385 1 344.926 193.683 38.289 4.26 1.943 1.71 -3.097
109 388 1 330.738 223.836 37.549 0.271 0.238 0.585 -3.097
109 393 1 346.033 187.66 38.279 2.91 1.544 1.612 -3.097
109 395 1 343.852 199.977 38.247 4.616 1.833 1.636 -3.097
109 397 5 342.221 206.46 37.936 1.674 0.265 1.13 -3.097
109 401 5 341.506 210.495 37.714 0.354 0.379 0.693 -3.097
109 406 1 339.928 220.658 37.578 0.459 0.316 0.634 -3.097
109 407 5 332.694 212.221 37.705 0.254 0.237 0.621 -3.097
109 410 5 339.269 225.18 37.523 0.371 0.373 0.606 -3.097
109 413 1 335.768 189.965 38.243 4.223 1.692 1.496 0.004
109 414 1 336.689 183.758 38.365 3.701 1.641 1.665 0.024
109 420 1 339.077 171.305 38.48 3.307 0.692 1.781 0.046
110 356 5 336.153 230.221 38.033 1.414 1.796 1.617 -3.119
110 374 5 333.036 209.283 37.878 1.598 0.174 0.951 -0.053
110 376 1 347.605 177.312 38.288 4.19 1.918 1.329 -3.082
110 383 1 332.942 210.342 37.689 0.205 0.2 0.473 3.085
110 384 5 333.857 204.786 37.731 0.256 0.254 0.643 -0.059
110 385 1 344.945 193.549 38.314 4.359 1.959 1.668 -3.117
110 388 1 330.765 223.85 37.633 0.204 0.123 0.379 3.131
110 393 1 346.043 187.641 38.291 2.961 1.649 1.597 -3.081
110 395 1 343.859 199.765 38.254 4.324 1.768 1.604 -3.092
110 397 5 342.156 206.454 37.901 1.622 0.319 1.018 -3.109
110 401 5 341.511 210.519 37.683 0.233 0.238 0.588 -3.109
110 406 1 339.899 220.668 37.535 0.332 0.261 0.447 -3.104
110 407 5 332.662 212.209 37.64 0.271 0.298 0.647 -0.037
110 410 5 339.233 225.194 37.42 0.299 0.218 0.396 -3.121
110 413 1 335.706 189.809 38.287 4.507 1.833 1.461 -0.032
110 414 1 336.633 183.717 38.395 3.928 1.748 1.623 0.034
110 420 1 338.791 171.279 38.54 3.372 0.88 1.764 0.006
110 428 1 351.561 138.724 38.184 3.685 1.412 0.869 -2.254
111 356 5 335.602 233.78 37.814 0.321 1.36 0.529 3.14
111 374 5 333.035 209.241 37.873 1.69 0.241 0.943 -0.013
111 376 1 347.635 177.253 38.33 4.293 1.957 1.472 -3.086
111 383 1 332.877 210.249 37.644 0.209 0.13 0.431 0
111 384 5 333.841 204.808 37.72 0.198 0.269 0.637 -3.088
111 385 1 344.973 193.237 38.303 4.274 1.891 1.714 -3.107
111 388 1 330.707 223.883 37.569 0.134 0.196 0.458 -0.028
111 393 1 345.976 187.596 38.339 2.831 1.47 1.633 -3.098
111 395 1 343.913 199.8 38.256 4.394 1.864 1.669 -3.09
111 397 5 342.174 206.48 37.922 1.675 0.251 1.019 -3.114
111 401 5 341.489 210.516 37.737 0.246 0.25 0.528 -3.114
111 406 1 339.89 220.644 37.598 0.202 0.178 0.415 -3.114
111 407 5 332.634 212.235 37.671 0.14 0.213 0.562 -0.031
111 410 5 339.227 225.231 37.555 0.208 0.209 0.453 -3.114
111 413 1 335.682 189.642 38.439 4.423 1.96 1.189 0.022
111 414 1 336.622 183.544 38.419 4.279 1.932 1.699 0.022
111 420 1 338.649 171.214 38.559 3.517 1.208 1.88 0.004
111 428 1 349.571 142.527 38.348 0.66 1.767 0.59 -3.119
111 430 4 349.144 133.592 38.535 1.603 0.473 1.427 2.681
112 356 5 334.879 238.239 38.181 1.038 1.207 1.406 3.142
112 374 5 332.991 209.257 37.97 1.502 0.172 0.779 3.142
112 376 1 347.647 177.133 38.354 4.615 1.984 1.468 -3.091
112 383 1 332.873 210.266 37.617 0.34 0.244 0.301 3.142
112 385 1 345.001 193.238 38.299 4.251 1.989 1.716 -3.118
112 393 1 346.122 187.594 38.314 2.745 1.658 1.557 -3.106
112 395 1 343.886 199.742 38.255 4.258 1.854 1.661 -3.09
112 397 5 342.124 206.475 37.97 1.63 0.272 0.893 3.142
112 401 5 341.465 210.428 37.64 0.178 0.235 0.416 3.142
112 406 1 339.858 220.596 37.588 0.209 0.227 0.511 3.142
112 407 5 332.62 212.227 37.684 0.259 0.188 0.604 3.142
112 410 5 339.233 225.214 37.536 0.182 0.231 0.579 -3.14
112 413 1 335.77 189.48 38.296 4.525 1.882 1.466 -0.015
112 414 1 336.589 183.507 38.584 4.457 1.778 1.353 0.021
112 420 1 338.531 171.183 38.602 3.565 1.524 1.843 0.003
112 428 1 348.95 145.534 38.295 0.903 1.827 0.826 3.086
112 430 4 349.612 135.34 38.598 1.572 0.409 1.497 2.708
113 376 1 347.534 177.035 38.362 4.569 1.887 1.493 -3.085
113 383 1 332.824 210.252 37.652 0.286 0.216 0.491 0
113 385 1 345.044 193.143 38.261 4.054 2.037 1.747 -3.101
113 393 1 346.12 187.561 38.317 2.721 1.764 1.54 -3.095
113 395 1 343.821 199.602 38.249 4.093 1.701 1.626 -3.081
113 397 5 342.098 206.46 37.894 1.696 0.254 1.051 -3.11
113 401 5 341.429 210.475 37.581 0.229 0.202 0.493 3.142
113 406 1 339.895 220.625 37.632 0.083 0.182 0.543 -2.934
113 413 1 335.683 189.313 38.283 4.264 1.818 1.453 -0.007
113 414 1 336.68 183.403 38.444 4.632 1.892 1.678 0.035
113 420 1 338.454 171.073 38.604 3.809 1.613 1.858 -0.005
113 428 1 348.388 148.591 38.437 1.803 1.921 1.152 -3.132
113 430 4 349.819 137.096 38.684 1.268 0.55 1.317 -3.119
113 432 1 347.112 120.831 38.586 0.785 1.299 1.103 0.095
114 376 1 347.629 176.854 38.361 4.524 1.98 1.465 -3.068
114 385 1 344.882 193.225 38.279 4.287 1.779 1.625 -3.111
114 393 1 346.057 187.487 38.293 2.674 1.64 1.598 -3.1
114 395 1 343.703 199.541 38.201 3.982 1.558 1.569 -3.085
114 397 5 342.074 206.48 37.853 1.61 0.206 1.078 -3.096
114 401 5 341.411 210.487 37.619 0.215 0.235 0.298 3.142
114 413 1 335.785 189.356 38.259 4.059 1.513 1.46 -0.011
114 414 1 336.65 183.175 38.397 4.326 1.898 1.671 0.02
114 420 1 338.422 170.986 38.626 3.916 1.66 1.823 0.016
114 428 1 347.988 150.976 38.472 4.293 2.09 1.434 -3.123
114 430 4 349.888 139.011 38.637 0.829 0.464 1.21 -3.095
114 432 1 347.271 120.437 38.668 1.692 1.327 1.075 0.069
115 376 1 347.555 176.752 38.387 4.41 1.75 1.437 -3.089
115 385 1 344.869 193.064 38.27 3.999 1.748 1.567 -3.095
115 393 1 345.796 187.495 38.28 2.73 1.121 1.616 -3.095
115 395 1 343.675 199.38 38.216 3.64 1.473 1.54 -3.095
115 413 1 336.187 189.406 38.279 3.9 0.714 1.451 -0.014
115 414 1 336.839 183.185 38.409 3.992 1.523 1.605 0.044
115 420 1 338.44 171.013 38.643 3.775 1.657 1.841 0.005
115 428 1 347.521 154.667 38.617 4.33 2.052 1.633 -3.129
115 430 4 349.864 141.884 38.622 1.358 0.727 1.42 2.952
115 432 1 347.261 120.262 38.688 2.024 1.487 1.564 0.047
116 376 1 347.553 176.729 38.357 4.353 1.738 1.461 -3.088
116 385 1 344.68 193.014 38.266 3.886 1.313 1.557 -3.095
116 393 1 345.876 187.434 38.306 2.485 1.282 1.566 -3.114
116 395 1 343.476 199.112 38.153 3.139 0.884 1.415 -3.074
116 413 1 336.132 189.443 38.281 3.878 0.969 1.434 -0.023
116 414 1 337.029 183.222 38.403 3.945 1.013 1.55 0.067
116 420 1 338.43 170.991 38.637 3.705 1.644 1.877 -0.025
116 428 1 347.027 158.19 38.657 4.567 2.02 1.687 3.137
116 430 4 349.727 144.253 38.628 1.534 0.739 1.499 3.11
116 432 1 347.247 119.879 38.69 2.749 1.578 1.3 0.043
