0 4 1 256.243 76.922 37.788 4.663 2.001 1.471 -0.023
0 6 2 246.972 80.593 38.1 7.53 3.1 2.383 0.002
0 14 1 263.122 78.419 37.754 4.238 1.937 1.563 0.029
0 16 1 259.489 80.659 37.783 4.098 2.161 1.662 0.006
0 20 2 245.357 74.626 38.299 12.616 2.841 2.598 0.003
0 23 1 265.129 84.742 37.626 3.72 1.606 1.46 -0.016
0 25 1 272.631 87.074 37.665 3.533 1.671 1.47 0.056
0 31 1 259.36 83.502 37.738 4.218 2.152 1.673 0.018
0 32 1 270.35 79.871 37.709 3.85 1.641 1.522 0.006
1 4 1 256.244 76.944 37.749 4.657 1.894 1.522 -0.012
1 6 2 246.942 80.623 38.086 7.549 2.892 2.377 0.006
1 14 1 263.113 78.399 37.746 4.26 1.918 1.524 -0.011
1 16 1 259.551 80.701 37.8 4.107 2.103 1.706 -0.004
1 20 2 245.404 74.642 38.308 12.496 2.796 2.544 0.008
1 23 1 265.154 84.76 37.622 3.738 1.548 1.43 0.006
1 25 1 272.633 87.069 37.629 3.4 1.638 1.54 0.067
1 31 1 259.441 83.516 37.76 4.716 2.168 1.675 0.039
1 32 1 270.411 79.89 37.702 3.924 1.645 1.536 0.032
1 49 3 246.119 46.879 37.638 0.422 0.396 1.329 1.464
1 50 1 273.414 59.327 37.547 4.437 1.67 1.393 3.062
2 4 1 256.249 76.927 37.771 4.639 1.955 1.48 0.018
2 6 2 246.943 80.574 38.112 7.582 2.918 2.336 0.002
2 14 1 263.123 78.398 37.748 4.18 1.951 1.522 -0.013
2 16 1 259.545 80.692 37.827 4.159 2.151 1.628 0.011
2 20 2 245.386 74.654 38.299 12.553 2.918 2.563 0.023
2 23 1 265.166 84.75 37.629 3.797 1.586 1.415 0.02
2 25 1 272.665 87.031 37.632 3.452 1.673 1.53 -0.007
2 31 1 259.543 83.555 37.795 4.617 2.158 1.749 0.016
2 32 1 270.401 79.89 37.705 3.877 1.646 1.526 0.034
2 49 3 246.148 47.058 37.826 0.344 0.564 1.307 -1.624
2 50 1 279.566 60.093 37.536 3.91 1.741 1.46 3.064
3 4 1 256.216 76.93 37.784 4.669 1.926 1.461 0.016
3 6 2 247.247 80.622 38.119 8.838 2.938 2.346 0.003
3 14 1 263.15 78.422 37.734 4.188 1.892 1.552 -0.01
3 16 1 259.538 80.698 37.816 4.15 2.169 1.649 -0.01
3 20 2 245.381 74.666 38.328 12.555 2.846 2.546 0.014
3 23 1 265.176 84.764 37.597 3.767 1.575 1.42 0.003
3 25 1 272.657 87.037 37.65 3.446 1.672 1.503 0.004
3 31 1 259.538 83.542 37.724 4.627 2.144 1.678 0.016
3 32 1 270.381 79.887 37.744 3.906 1.638 1.457 0.004
3 49 3 246.418 47.29 37.954 0.438 0.593 1.051 -1.672
3 50 1 287.067 61.156 37.687 3.247 1.54 1.091 3.088
4 4 1 256.239 76.982 37.769 4.642 1.853 1.483 -0.001
4 6 2 246.826 80.529 38.114 7.89 2.967 2.332 -0.006
4 14 1 263.057 78.385 37.751 4.411 1.946 1.513 0.015
4 16 1 259.528 80.679 37.796 4.116 2.148 1.692 0.035
4 20 2 245.366 74.697 38.301 12.578 2.767 2.593 -0.009
4 23 1 265.177 84.759 37.625 3.83 1.581 1.476 0.006
4 25 1 272.687 87.072 37.638 3.529 1.704 1.518 0.04
4 31 1 259.412 83.523 37.747 4.328 2.138 1.636 0.029
4 32 1 270.344 79.885 37.703 3.794 1.696 1.529 -0.016
4 49 3 246.772 48.092 37.693 0.453 0.543 1.289 -1.376
4 50 1 304.789 64.058 37.774 1.931 0.56 0.88 3.082
4 54 3 263.863 49.254 37.792 0.558 0.479 1.565 -0.029
4 55 1 255.412 57.703 37.73 4.14 1.613 1.208 3.002
5 4 1 256.259 76.941 37.782 4.625 1.932 1.458 -0.011
5 6 2 247.379 80.702 38.115 8.623 2.938 2.334 0.021
5 14 1 263.187 78.448 37.723 4.294 1.857 1.567 0.008
5 16 1 259.556 80.689 37.781 4.164 2.12 1.738 0.012
5 20 2 245.384 74.671 38.308 12.531 2.729 2.559 0.009
5 23 1 265.129 84.769 37.639 3.753 1.548 1.393 0.045
5 25 1 272.667 87.051 37.609 3.568 1.734 1.574 0.045
5 31 1 259.415 83.528 37.76 4.728 2.15 1.674 0.045
5 32 1 270.401 79.925 37.709 3.914 1.576 1.522 0.036
5 49 3 247.058 48.316 37.718 0.504 0.517 1.237 -1.653
5 54 3 263.582 49.194 38.305 0.457 0.376 0.545 -0.217
5 55 1 261.297 58.12 37.588 3.933 1.681 1.465 3.011
6 4 1 256.253 76.935 37.782 4.629 1.934 1.456 0.011
6 6 2 246.912 80.587 38.109 7.634 2.842 2.339 0.028
6 14 1 263.188 78.446 37.733 4.279 1.88 1.544 0.026
6 16 1 259.563 80.692 37.799 4.175 2.132 1.645 0.026
6 20 2 245.412 74.657 38.278 12.526 2.791 2.6 0.011
6 23 1 265.153 84.772 37.614 3.778 1.557 1.44 0.026
6 25 1 272.68 87.048 37.641 3.582 1.729 1.506 0.026
6 31 1 259.478 83.542 37.754 4.72 2.145 1.642 0.026
6 32 1 270.392 79.923 37.711 3.894 1.571 1.513 0.026
6 49 3 247.246 48.716 37.716 0.273 0.477 1.266 -1.914
6 54 3 263.158 49.273 38.037 0.399 0.444 1.081 -0.166
6 55 1 267.366 58.745 37.581 4.013 1.568 1.324 3.07
7 4 1 256.23 76.94 37.781 4.675 1.921 1.464 -0.021
7 6 2 247.232 80.667 38.132 7.051 2.96 2.37 0.005
7 14 1 263.135 78.424 37.729 4.166 1.881 1.554 -0.007
7 16 1 259.555 80.679 37.802 4.117 2.128 1.664 0.001
7 20 2 245.151 74.625 38.351 13.134 2.739 2.649 0.013
7 23 1 265.171 84.757 37.616 3.794 1.581 1.434 0.001
7 25 1 272.726 87.053 37.637 3.512 1.659 1.51 0.017
7 31 1 259.469 83.526 37.732 4.692 2.117 1.682 0.023
7 32 1 270.354 79.878 37.72 3.775 1.688 1.494 0.039
7 49 3 247.271 49.05 37.746 0.37 0.487 1.55 -1.612
7 54 3 262.762 49.405 37.801 0.355 0.441 1.547 -1.494
7 55 1 275.987 59.606 37.474 3.841 1.571 1.317 3.049
8 4 1 256.26 76.941 37.777 4.613 1.973 1.472 -0.007
8 6 2 247.381 80.69 38.113 6.961 2.848 2.337 0.013
8 14 1 263.089 78.421 37.749 4.376 1.948 1.519 0.014
8 16 1 259.564 80.694 37.796 4.162 2.145 1.694 0.017
8 20 2 245.382 74.695 38.319 12.568 2.782 2.471 0.003
8 23 1 265.163 84.778 37.617 3.781 1.627 1.439 0.026
8 25 1 272.652 87.055 37.634 3.46 1.673 1.529 0.014
8 31 1 259.584 83.549 37.779 4.636 2.142 1.633 0.027
8 32 1 270.417 79.899 37.736 3.929 1.646 1.47 0.035
8 49 3 247.45 49.262 37.683 0.502 0.525 1.335 1.362
8 54 3 262.546 49.611 38.064 0.357 0.627 1.055 -0.099
8 55 1 285.136 60.582 37.994 2.804 1.471 0.852 3.117
8 61 3 304.564 54.431 38.024 0.158 0.203 0.679 3.085
9 4 1 256.262 76.953 37.771 4.623 1.983 1.482 -0.027
9 6 2 247.307 80.703 38.094 6.852 2.92 2.301 0.008
9 14 1 263.117 78.429 37.739 4.145 1.93 1.54 0.018
9 16 1 259.503 80.663 37.802 4.056 2.128 1.661 -0.027
9 20 2 245.724 74.735 38.293 11.882 2.858 2.536 0.017
9 23 1 265.164 84.749 37.644 3.743 1.603 1.389 -0.004
9 25 1 272.684 87.006 37.634 3.485 1.654 1.538 0.012
9 31 1 259.579 83.549 37.755 4.643 2.139 1.626 0.005
9 32 1 270.356 79.896 37.739 3.797 1.715 1.466 0.005
9 49 3 247.431 49.316 37.572 0.569 0.551 1.176 -1.672
9 54 3 262.109 49.509 37.825 0.482 0.376 1.537 -1.493
9 61 3 303.779 54.348 38.177 0.207 0.445 0.426 -0.3
10 4 1 256.25 76.96 37.751 4.61 1.969 1.523 -0.038
10 6 2 247.244 80.628 38.112 6.932 2.86 2.35 -0.002
10 14 1 263.143 78.451 37.749 4.189 1.803 1.52 -0.007
10 16 1 259.547 80.697 37.811 4.182 2.104 1.623 -0.03
10 20 2 245.336 74.661 38.317 12.557 2.769 2.575 0.016
10 23 1 265.123 84.786 37.617 3.746 1.624 1.442 -0.002
10 25 1 272.679 87.069 37.652 3.505 1.72 1.499 0.018
10 31 1 259.469 83.541 37.745 4.32 2.152 1.64 0.018
10 32 1 270.351 79.845 37.735 3.856 1.709 1.56 0.042
10 54 3 261.987 49.714 37.915 0.299 0.505 1.714 -0.596
10 61 3 302.412 54.067 38.084 0.232 0.221 0.764 3.006
10 64 2 248.776 55.96 38.44 12.163 3.108 3.233 3.015
11 4 1 256.264 76.936 37.757 4.636 1.917 1.47 -0.014
11 6 2 247.634 80.771 38.115 7.661 2.959 2.346 0.008
11 14 1 263.101 78.393 37.731 4.365 1.929 1.558 -0
11 16 1 259.54 80.674 37.78 4.13 2.114 1.647 0.029
11 20 2 245.386 74.665 38.323 12.566 2.834 2.59 0.014
11 23 1 265.19 84.736 37.605 3.817 1.568 1.437 0.004
11 25 1 272.73 87.042 37.632 3.593 1.684 1.538 0.014
11 31 1 259.546 83.564 37.834 4.586 2.164 1.91 0.03
11 32 1 270.369 79.866 37.71 3.855 1.692 1.521 0.015
11 61 3 300.806 53.783 38.108 0.184 0.283 0.617 3.124
11 64 2 264.644 57.737 38.408 12.017 2.81 3.18 3.05
11 67 4 251.651 53.459 37.576 1.924 0.693 1.488 3.074
11 68 1 248.751 59.727 37.993 4.949 1.817 1.444 3.043
12 4 1 256.258 76.934 37.79 4.634 1.918 1.447 0.028
12 6 2 247.339 80.735 38.12 6.74 2.927 2.35 0.015
12 14 1 263.106 78.429 37.73 4.147 1.844 1.561 -0.011
12 16 1 259.557 80.664 37.805 4.15 2.119 1.635 0.026
12 20 2 245.498 74.679 38.309 12.308 2.773 2.551 0.008
12 23 1 265.152 84.753 37.627 3.759 1.584 1.426 -0.002
12 25 1 272.688 87.027 37.629 3.549 1.724 1.545 0.016
12 31 1 259.368 83.513 37.732 4.336 2.089 1.659 0.013
12 32 1 270.401 79.891 37.731 3.933 1.711 1.487 0.004
12 61 3 300.327 53.753 38.119 0.386 0.198 0.689 -3.088
12 64 2 270.384 58.477 38.444 12.071 2.777 3.221 3.061
12 67 4 245.125 53.299 37.597 1.591 0.757 1.235 2.867
12 68 1 254.773 60.485 38.005 5.118 1.932 1.538 3.041
13 4 1 256.252 76.947 37.771 4.638 1.894 1.487 0.022
13 6 2 247.143 80.652 38.126 7.176 2.934 2.345 0.005
13 14 1 263.105 78.464 37.747 4.146 1.861 1.526 0.022
13 16 1 259.556 80.669 37.785 4.152 2.126 1.685 -0.002
13 20 2 245.379 74.665 38.29 12.49 2.674 2.599 0.003
13 23 1 265.153 84.753 37.602 3.772 1.576 1.474 0.004
13 25 1 272.705 87.01 37.622 3.551 1.724 1.56 -0.035
13 31 1 259.51 83.526 37.719 4.643 2.142 1.686 0.009
13 32 1 270.439 79.885 37.725 3.949 1.694 1.501 0.04
13 61 3 299.83 53.691 38.144 0.442 0.307 0.648 -3.088
13 64 2 276.114 59.297 38.485 11.768 2.744 3.361 3.047
13 67 4 250.358 53.599 37.493 1.64 1.231 1.394 3.051
13 68 1 260.506 61.027 37.974 4.595 2.007 1.616 3.055
14 4 1 256.24 76.995 37.785 4.562 1.898 1.454 -0.047
14 6 2 247.328 80.719 38.069 6.909 3.086 2.421 -0.005
14 14 1 263.222 78.449 37.741 4.4 1.884 1.538 -0.051
14 16 1 259.551 80.663 37.819 4.14 2.119 1.639 -0.046
14 20 2 245.498 74.576 38.316 12.405 3.08 2.573 0.01
14 23 1 265.121 84.729 37.619 3.735 1.586 1.441 0.02
14 25 1 272.71 87.024 37.624 3.553 1.74 1.552 -0.013
14 31 1 259.365 83.483 37.741 4.347 2.148 1.633 -0
14 32 1 270.406 79.93 37.74 3.911 1.589 1.464 0.026
14 64 2 281.838 60.037 38.422 11.629 2.644 3.045 3.048
14 67 4 255.545 54.619 37.573 1.665 0.44 1.342 3.008
14 68 1 266.582 61.767 37.985 4.605 1.755 1.493 3.051
14 82 3 261.819 48.462 37.79 0.377 0.522 1.575 1.509
14 85 4 266.438 55.268 37.595 1.786 0.667 1.409 3.104
15 4 1 256.252 76.94 37.773 4.631 1.889 1.479 -0.006
15 6 2 247.216 80.75 38.119 7.867 3.018 2.347 0.013
15 14 1 263.143 78.429 37.73 4.19 1.884 1.56 -0.006
15 16 1 259.543 80.664 37.836 4.125 2.144 1.665 -0.009
15 20 2 245.523 74.708 38.311 12.269 2.752 2.582 -0.001
15 23 1 265.174 84.751 37.624 3.814 1.577 1.432 0.007
15 25 1 272.69 87.043 37.656 3.513 1.672 1.492 0.031
15 31 1 259.428 83.515 37.77 4.337 2.131 1.683 0.018
15 32 1 270.364 79.871 37.726 3.786 1.693 1.498 0.036
15 64 2 292.686 61.431 38.529 11.908 2.66 2.915 3.074
15 67 4 265.242 55.681 37.553 1.988 0.639 1.562 2.982
15 68 1 277.471 62.981 37.837 4.243 1.739 1.67 3.079
15 82 3 261.624 48.148 38.144 0.43 0.418 0.858 0.849
15 85 4 275.527 56.423 37.604 2.12 0.55 1.441 3.067
16 4 1 256.236 76.934 37.752 4.706 1.917 1.519 0.028
16 6 2 246.814 80.557 38.118 7.928 3.051 2.347 0.016
16 14 1 263.141 78.475 37.734 4.22 1.846 1.547 0.002
16 16 1 259.538 80.676 37.788 4.134 2.153 1.677 0.028
16 20 2 245.378 74.672 38.278 12.584 2.827 2.603 0.017
16 23 1 265.101 84.788 37.614 3.703 1.663 1.445 0.028
16 25 1 272.679 87.07 37.618 3.565 1.673 1.565 0.028
16 31 1 259.508 83.548 37.74 4.517 2.157 1.629 0.028
16 32 1 270.359 79.872 37.717 3.795 1.69 1.512 0.039
16 64 2 302.466 63.062 38.594 11.721 2.493 2.619 3.106
16 67 4 273.58 56.711 37.513 1.308 0.747 1.3 3.121
16 82 3 261.387 47.927 38.053 0.434 0.406 0.706 -1.78
16 85 4 283.601 57.504 37.531 1.919 0.323 1.554 3.121
17 4 1 256.202 76.934 37.774 4.714 1.91 1.471 -0.003
17 6 2 246.723 80.549 38.11 7.979 2.824 2.328 -0.006
17 14 1 263.2 78.456 37.752 4.337 1.92 1.509 0.005
17 16 1 259.528 80.671 37.819 4.114 2.134 1.625 -0.031
17 20 2 245.384 74.667 38.296 12.564 2.779 2.564 0.014
17 23 1 265.169 84.77 37.613 3.825 1.57 1.373 0.008
17 25 1 272.687 87.068 37.645 3.563 1.677 1.508 0.038
17 31 1 259.521 83.553 37.745 4.531 2.089 1.641 0.023
17 32 1 270.363 79.87 37.739 3.789 1.695 1.466 0.053
17 64 2 306.687 63.726 38.912 7.558 2.534 2.03 3.101
17 67 4 279.185 57.481 37.522 1.697 0.632 1.438 -3.076
17 82 3 261.278 48.093 38.138 0.198 0.276 0.532 -0.023
17 85 4 288.374 57.912 37.884 1.014 0.459 0.537 3.087
18 4 1 256.23 76.983 37.763 4.624 1.827 1.489 0.029
18 6 2 248.962 81.12 38.105 11.454 2.813 2.33 0.029
18 14 1 263.098 78.471 37.752 4.151 1.843 1.504 -0.008
18 16 1 259.499 80.665 37.763 4.067 2.146 1.713 0.038
18 20 2 245.399 74.675 38.303 12.525 3.018 2.539 0.019
18 23 1 265.103 84.758 37.595 3.699 1.553 1.479 0.017
18 25 1 272.678 87.041 37.64 3.563 1.733 1.514 0.022
18 31 1 259.433 83.499 37.856 4.364 2.175 1.869 0.038
18 32 1 270.357 79.882 37.707 3.796 1.718 1.521 0.039
18 64 2 311.692 65.438 39.022 0.311 0.677 1.106 3.136
18 67 4 286.843 58.491 37.575 1.041 0.489 1.291 3.134
18 82 3 261.078 47.955 38.056 0.286 0.628 0.691 -1.656
18 85 4 295.557 58.743 37.8 0.713 0.474 0.278 3.06
18 92 5 274.29 88.999 38.089 0.253 0.573 0.395 -3.083
19 4 1 256.188 76.975 37.787 4.678 1.942 1.432 -0.041
19 6 2 250.196 81.394 38.153 11.412 2.973 2.423 0.007
19 14 1 263.056 78.394 37.747 4.214 1.915 1.507 -0.015
19 16 1 259.631 80.715 37.775 4.451 2.158 1.72 0.028
19 20 2 245.323 74.663 38.301 12.659 2.798 2.564 0.012
19 23 1 265.105 84.69 37.617 3.739 1.456 1.426 0.025
19 25 1 272.639 87.078 37.634 3.478 1.671 1.507 0.071
19 31 1 259.218 83.489 37.774 4.381 2.204 1.711 0.018
19 32 1 270.367 79.859 37.713 3.799 1.674 1.497 0.03
19 82 3 261.5 48.242 38.223 0.417 0.477 1.053 -1.69
19 92 5 269.246 87.882 38.195 0.464 0.581 0.45 0.084
20 4 1 256.227 76.952 37.766 4.637 1.885 1.477 -0.011
20 6 2 246.838 80.551 38.104 7.778 2.841 2.342 0.018
20 14 1 263.151 78.421 37.736 4.253 1.92 1.533 0.002
20 16 1 259.53 80.673 37.769 4.128 2.088 1.692 0.024
20 20 2 245.368 74.683 38.299 12.56 2.7 2.546 0.009
20 23 1 265.156 84.759 37.624 3.867 1.564 1.418 0.015
20 25 1 272.727 87.049 37.65 3.573 1.671 1.491 0.017
20 31 1 259.174 83.47 37.746 4.559 2.128 1.674 0.027
20 32 1 270.338 79.88 37.686 3.783 1.717 1.556 0.025
20 82 3 261.768 48.408 38.036 0.306 0.502 1.046 -1.73
20 92 5 267.506 87.314 38.22 0.236 0.472 0.326 0.017
20 101 1 230.753 71.8 37.622 3.689 0.335 1.426 0.036
21 4 1 256.251 76.953 37.771 4.602 1.966 1.439 -0.043
21 6 2 246.728 80.485 38.104 8.051 2.93 2.338 0.011
21 14 1 263.082 78.387 37.736 4.292 1.884 1.481 -0.011
21 16 1 259.502 80.671 37.784 4.028 2.117 1.635 0
21 20 2 245.422 74.63 38.321 12.51 2.935 2.536 0.016
21 23 1 265.088 84.786 37.625 3.77 1.628 1.451 0.007
21 25 1 272.704 87.073 37.629 3.466 1.67 1.527 0.021
21 31 1 258.954 83.39 37.746 4.266 2.04 1.656 0.025
21 32 1 270.36 79.866 37.718 3.792 1.62 1.488 0
21 82 3 262.119 48.385 38.096 0.398 0.468 1.29 1.438
21 92 5 265.935 86.882 38.245 0.21 0.252 0.216 -3.057
21 101 1 230.611 71.817 37.702 3.921 0.279 1.481 -0
22 4 1 256.214 76.98 37.768 4.621 1.845 1.463 0.001
22 6 2 246.839 80.634 38.102 7.794 2.945 2.343 0
22 14 1 263.111 78.467 37.743 4.226 1.829 1.512 0.002
22 16 1 259.529 80.669 37.753 4.133 2.149 1.709 0.002
22 20 2 245.357 74.675 38.31 12.578 2.789 2.569 0.014
22 23 1 265.129 84.804 37.628 3.905 1.734 1.406 0.002
22 25 1 272.742 87.036 37.648 3.574 1.671 1.496 -0.017
22 31 1 258.885 83.327 37.763 4.311 2.022 1.687 0.002
22 32 1 270.332 79.869 37.738 3.78 1.684 1.451 0.002
22 82 3 262.373 48.507 37.657 0.333 0.511 1.465 -0.154
22 101 1 230.612 71.79 37.627 3.948 0.363 1.413 0
22 107 4 243.624 55.472 37.588 2.067 0.641 1.561 3.142
22 108 4 243.655 52.872 37.63 2.447 0.645 1.425 3.142
23 4 1 256.24 76.931 37.787 4.616 1.968 1.434 -0.029
23 6 2 246.805 80.58 38.108 7.877 2.845 2.334 0.014
23 14 1 263.08 78.394 37.736 4.292 1.936 1.527 -0.003
23 16 1 259.495 80.668 37.808 4.061 2.155 1.64 -0.009
23 20 2 245.409 74.632 38.287 12.503 2.809 2.56 0.017
23 23 1 265.058 84.796 37.616 3.804 1.685 1.428 0.011
23 25 1 272.67 87.067 37.618 3.565 1.673 1.547 0.031
23 31 1 258.859 83.336 37.765 4.397 2.026 1.689 0.013
23 32 1 270.362 79.871 37.71 3.808 1.648 1.499 0.044
23 82 3 263.072 48.748 37.737 0.358 0.6 1.618 1.57
23 101 1 230.543 71.749 37.717 3.999 0.395 1.457 0.018
23 107 4 252.987 56.147 37.677 1.719 0.766 1.191 3.052
23 108 4 251.879 54.017 37.651 0.842 0.425 1.327 3.052
23 110 4 241.915 52.538 37.536 1.202 0.729 1.504 3.052
24 4 1 256.248 76.956 37.772 4.636 1.873 1.467 -0.003
24 6 2 246.849 80.576 38.108 7.805 2.896 2.29 0.014
24 14 1 263.129 78.402 37.748 4.195 1.938 1.508 -0.006
24 16 1 259.554 80.67 37.827 4.16 2.127 1.634 0.003
24 20 2 245.361 74.657 38.307 12.593 2.724 2.53 0.015
24 23 1 265.089 84.798 37.601 3.854 1.762 1.462 -0.006
24 25 1 272.744 87.034 37.632 3.661 1.703 1.522 0.019
24 31 1 258.74 83.334 37.782 4.343 2.141 1.66 0.02
24 32 1 270.391 79.877 37.719 3.852 1.646 1.485 0.025
24 82 3 263.626 48.97 37.848 0.338 0.576 1.411 1.617
24 101 1 230.488 71.707 37.65 4.1 0.405 1.385 0.03
24 107 4 262.171 57.197 37.66 1.566 0.522 1.219 3.124
24 108 4 260.688 55.106 37.518 1.599 0.541 1.414 3.099
24 110 4 250.021 53.34 37.551 2.064 0.703 1.468 2.956
24 111 3 291.088 52.313 38.064 0.274 0.346 0.592 -3.084
25 4 1 256.221 76.955 37.75 4.687 1.862 1.512 0.002
25 6 2 246.834 80.513 38.079 7.835 2.841 2.354 0.002
25 14 1 263.101 78.412 37.734 4.426 1.93 1.542 0.02
25 16 1 259.547 80.66 37.786 4.145 2.086 1.686 0.025
25 20 2 245.413 74.629 38.289 12.541 2.69 2.574 0.011
25 23 1 265.096 84.81 37.613 3.905 1.707 1.445 0.016
25 25 1 272.675 87.059 37.63 3.543 1.657 1.538 0.039
25 31 1 258.621 83.304 37.762 4.337 2.12 1.652 0.029
25 32 1 270.436 79.932 37.705 3.979 1.604 1.53 0.047
25 82 3 264.251 49.115 38.296 0.451 0.292 0.885 2.941
25 101 1 230.162 71.667 37.695 3.991 0.401 1.488 -0.013
25 107 4 271.487 58.247 37.449 1.62 0.324 0.924 3.085
25 108 4 269.13 56.368 37.535 1.73 0.491 1.443 3.085
25 110 4 257.87 54.231 37.547 1.775 0.432 1.335 2.992
25 111 3 290.237 52.252 37.95 0.272 0.624 0.887 2.526
25 113 4 283.09 94.396 37.799 0.378 0.517 0.904 0.052
25 114 4 241.886 52.981 37.563 1.089 0.778 1.49 -3.087
25 115 4 248.426 52.637 37.543 1.378 0.669 1.405 3.071
25 117 4 242.378 51.785 37.557 2.224 0.765 1.495 3.063
26 4 1 256.248 76.913 37.78 4.646 1.882 1.448 0.045
26 6 2 247.198 80.644 38.102 8.602 2.807 2.316 0.01
26 14 1 263.178 78.434 37.685 4.276 1.943 1.626 -0
26 16 1 259.519 80.687 37.805 4.2 2.072 1.741 0.045
26 20 2 245.406 74.674 38.302 12.521 2.794 2.562 0.015
26 23 1 264.895 84.754 37.622 3.873 1.69 1.422 0.045
26 25 1 272.661 87.028 37.63 3.626 1.672 1.51 0.045
26 31 1 258.484 83.266 37.756 4.302 2.108 1.645 0.045
26 32 1 270.431 79.911 37.699 3.942 1.579 1.524 0.045
26 101 1 229.14 71.321 37.782 4.228 0.485 1.686 0.016
26 107 4 283.497 59.686 37.564 1.413 0.344 1.464 3.05
26 108 4 279.828 57.974 37.486 1.622 0.448 1.44 -3.115
26 110 4 267.674 55.372 37.556 1.814 0.722 1.429 3.082
26 111 3 289.191 52.109 37.836 0.297 0.491 0.569 2.87
26 113 4 279.521 93.377 37.966 0.954 0.452 1.353 0.092
26 114 4 250.381 53.904 37.516 1.638 0.935 1.326 3.043
26 115 4 257.252 54.051 37.561 1.618 0.3 1.303 3.104
26 117 4 252.535 53.354 37.633 1.791 0.707 1.362 3.104
26 118 1 247.827 56.892 37.82 4.482 1.788 1.553 3.043
26 119 4 243.054 52.609 37.647 1.521 0.601 1.378 3.119
27 4 1 256.195 76.916 37.774 4.591 1.912 1.464 0.024
27 6 2 246.643 80.433 38.09 8.252 3.118 2.355 0.019
27 14 1 263.026 78.429 37.743 4.214 1.878 1.519 0.024
27 16 1 259.576 80.684 37.769 4.107 2.132 1.66 0.024
27 20 2 245.421 74.602 38.296 12.544 3.056 2.562 0.024
27 23 1 264.382 84.645 37.611 3.856 1.736 1.489 0.024
27 25 1 272.632 86.981 37.624 3.611 1.68 1.536 0.024
27 31 1 258.217 83.242 37.759 4.365 2.156 1.655 0.024
27 32 1 270.441 79.882 37.708 3.951 1.696 1.513 0.024
27 101 1 224.873 70.106 37.829 4.304 0.86 1.693 0.015
27 110 4 284.152 57.549 37.415 1.528 0.497 1.34 3.083
27 111 3 287.461 51.875 37.999 0.418 0.538 0.828 3.03
27 113 4 274.476 92.134 38.048 1.164 0.627 1.274 0.027
27 114 4 264.482 55.808 37.515 1.546 0.787 1.366 3.073
27 115 4 271.918 56.147 37.537 1.398 0.404 1.298 3.073
27 117 4 268.163 56.109 37.562 1.577 0.63 1.416 3.073
27 118 1 274.415 60.085 37.65 4.542 1.736 1.775 3.06
27 119 4 257.351 54.296 37.57 1.594 0.448 1.298 3.086
27 122 1 247.083 56.918 37.689 3.42 1.717 1.325 3.047
27 123 4 242.224 52.701 37.577 1.575 0.717 1.476 3.047
28 4 1 256.155 76.933 37.771 4.628 1.858 1.473 0.013
28 6 2 246.894 80.567 38.087 8.666 2.917 2.354 0.005
28 14 1 263.019 78.388 37.736 4.272 1.946 1.541 0.002
28 16 1 259.547 80.691 37.774 4.149 2.093 1.685 0.021
28 20 2 245.386 74.633 38.284 12.521 2.872 2.574 0.022
28 23 1 264.285 84.627 37.627 3.869 1.767 1.463 0.015
28 25 1 272.624 87.059 37.609 3.571 1.629 1.565 0.044
28 31 1 258.14 83.242 37.744 4.522 2.152 1.701 0.034
28 32 1 270.412 79.938 37.711 3.93 1.574 1.503 0.046
28 101 1 223.652 69.742 37.852 2.534 0.933 1.584 0.024
28 111 3 286.935 51.789 38.023 0.223 0.381 0.86 2.975
28 113 4 272.723 91.668 38.105 0.884 0.658 1.188 -0.007
28 114 4 269.175 56.461 37.511 1.733 0.608 1.486 3.014
28 115 4 276.593 56.736 37.544 1.486 0.388 1.473 3.014
28 117 4 273.263 57.068 37.513 1.183 0.661 1.285 3.014
28 118 1 283.029 61.234 37.781 4.071 1.614 1.47 3.065
28 119 4 262.026 54.947 37.586 1.684 0.514 1.495 3.014
28 122 1 252.509 57.401 37.723 3.582 1.629 1.366 3.034
28 123 4 246.711 53.356 37.63 1.254 0.363 1.193 3.014
29 4 1 256.191 76.926 37.766 4.569 1.954 1.481 -0.017
29 6 2 246.633 80.511 38.101 8.278 3.023 2.329 -0.006
29 14 1 262.974 78.371 37.735 4.265 1.941 1.547 -0.006
29 16 1 259.558 80.691 37.794 4.162 2.096 1.673 0.009
29 20 2 245.237 74.633 38.28 12.607 2.747 2.601 0.008
29 23 1 264.177 84.588 37.609 3.919 1.711 1.426 0.002
29 25 1 272.473 87.035 37.648 3.673 1.677 1.5 0.038
29 31 1 258.077 83.211 37.724 4.538 2.1 1.675 0.032
29 32 1 270.39 79.935 37.709 3.89 1.58 1.514 0.011
29 101 1 220.784 68.977 37.882 3.608 1.106 1.464 -0.046
29 111 3 286.728 51.765 38.032 0.276 0.428 0.798 0.046
29 113 4 271.173 91.202 38.096 0.68 0.563 0.959 0.057
29 114 4 273.352 57.059 37.495 1.133 0.502 1.309 3.106
29 115 4 281.26 57.273 37.475 1.17 0.375 1.385 3.076
29 117 4 278.61 58.012 37.495 1.542 0.509 1.495 3.07
29 118 1 291.591 62.735 37.968 2.815 1.025 1.013 3.097
29 119 4 266.681 55.458 37.571 1.768 0.724 1.435 3.018
29 122 1 258.058 58.057 37.605 3.724 1.533 1.506 3.039
29 123 4 250.687 53.814 38.4 0.553 0.321 0.569 0.068
29 125 5 232.875 72.356 37.59 0.959 0.277 1.245 -0.045
30 4 1 255.84 76.866 37.811 4.619 1.918 1.399 -0.016
30 6 2 247.676 80.769 38.096 11.197 2.84 2.449 0.013
30 14 1 262.929 78.403 37.733 4.183 1.904 1.544 0.009
30 16 1 259.479 80.664 37.822 4.232 2.113 1.651 0.009
30 20 2 244.283 74.376 38.291 12.621 2.645 2.726 0.004
30 23 1 264.108 84.568 37.589 3.918 1.715 1.47 0.017
30 25 1 271.945 86.95 37.57 3.782 1.852 1.467 0.021
30 31 1 258.065 83.175 37.776 4.546 2.119 1.701 0.005
30 32 1 270.438 79.863 37.705 4.011 1.663 1.557 0.038
30 101 1 216.53 67.77 37.797 2.459 1.288 1.497 -0.043
30 111 3 286.646 51.704 38.049 0.31 0.454 0.83 3.029
30 113 4 268.111 90.251 38.239 1.008 0.608 0.927 0.019
30 114 4 282.045 58.145 37.411 1.727 0.382 1.39 2.991
30 115 4 289.348 58.147 37.592 0.295 0.272 1.059 3.057
30 117 4 288.296 59.578 37.524 1.672 0.464 1.298 3.047
30 118 1 308.506 65.513 37.804 3.024 1.318 0.713 -3.12
30 119 4 275.41 56.492 37.489 0.826 0.47 1.176 2.93
30 122 1 268.315 58.921 37.992 2.769 1.363 0.749 -3.129
30 123 4 258.959 55.103 37.581 1.711 0.424 1.554 3.069
30 125 5 230.87 71.824 37.658 2.994 0.227 1.251 0.014
30 131 3 263.928 49.261 37.856 0.506 0.43 1.775 -0.129
30 132 1 244.387 59.536 37.878 4.686 1.886 1.152 3.022
30 133 3 253.129 47.178 37.611 0.385 0.325 0.985 -1.752
31 4 1 254.192 76.411 37.952 4.397 1.69 1.095 0.021
31 6 2 245.885 80.304 38.131 9.813 2.942 2.4 0.021
31 14 1 262.538 78.31 37.758 4.288 1.891 1.512 0.012
31 16 1 259.39 80.671 37.795 3.891 2.082 1.678 0.021
31 20 2 242.072 73.839 38.336 12.822 2.844 2.673 0.021
31 23 1 263.912 84.513 37.626 3.926 1.647 1.464 0.017
31 25 1 271.204 86.701 37.614 3.671 1.833 1.461 0.021
31 31 1 257.69 83.097 37.764 4.375 2.151 1.673 0.021
31 32 1 270.427 79.732 37.711 3.976 1.94 1.508 0.021
31 101 1 211.263 66.385 37.658 1.306 1.283 1.202 0.088
31 111 3 286.647 51.75 38.049 0.354 0.466 0.837 -0.048
31 113 4 265.017 89.586 38.292 0.728 0.656 0.907 0.079
31 122 1 279.363 60.386 37.522 3.096 1.587 1.505 3.033
31 123 4 267.992 56.261 37.572 1.59 0.592 1.409 3.085
31 125 5 227.674 71.018 37.61 3.005 0.191 1.351 0.035
31 131 3 263.414 48.937 38.105 0.707 0.399 1.297 -1.179
31 132 1 258.307 60.978 37.764 4.797 1.949 1.37 3.07
31 133 3 253.094 47.136 37.63 0.439 0.402 0.983 -1.736
31 137 4 255.025 84.199 37.659 1.799 0.778 1.511 0.014
31 138 4 234.417 52.993 37.57 1.129 0.668 1.425 3.115
31 139 4 230.206 50.52 37.684 1.266 0.622 1.367 3.103
31 141 4 239.734 52.432 37.668 1.521 0.634 1.493 3.075
32 4 1 251.888 76.044 37.772 4.258 1.763 1.46 0.023
32 6 2 245.584 80.281 38.165 12.862 3.123 2.435 0.027
32 14 1 261.435 78.079 37.742 4.257 1.887 1.473 -0.013
32 16 1 259.391 80.643 37.8 4.114 2.091 1.611 0.004
32 20 2 239.934 73.319 38.403 12.948 2.899 2.723 0.019
32 23 1 263.488 84.472 37.604 3.962 1.75 1.428 0.015
32 25 1 270.86 86.559 37.609 3.577 1.663 1.488 0.012
32 31 1 257.168 82.974 37.755 4.354 2.15 1.644 0.033
32 32 1 270.328 79.736 37.726 4.061 1.812 1.502 0.017
32 101 1 206.674 65.284 37.92 0.635 1.265 1.242 0.004
32 111 3 286.261 51.825 38.096 0.28 0.351 0.508 3.107
32 113 4 262.181 89.053 38.252 1.148 0.629 0.875 0.05
32 122 1 288.098 61.405 37.796 2.017 1.603 1.008 3.047
32 123 4 275.262 57.278 37.906 0.818 0.371 0.643 3.058
32 125 5 224.224 70.289 37.507 3.684 0.404 1.256 -0.001
32 131 3 262.928 48.812 37.757 0.537 0.385 1.597 3.076
32 132 1 268.531 62.195 37.82 4.461 1.731 1.046 3.053
32 133 3 253.143 47.088 37.657 0.6 0.401 0.972 -1.706
32 137 4 253.726 83.893 37.655 1.707 0.718 1.504 -0.014
32 138 4 241.233 53.687 37.623 1.498 0.462 1.434 2.986
32 139 4 234.472 51.032 37.583 1.184 0.621 1.453 3.05
32 141 4 245.621 52.88 37.631 1.412 0.588 1.597 3.052
32 143 4 224.05 49.023 38.116 0.496 0.644 0.727 3.05
32 144 4 225.063 52.01 37.694 1.546 0.634 1.625 3.05
32 147 4 222.05 51.023 37.651 0.521 0.483 1.599 3.05
32 148 5 227.133 51.02 38.211 0.12 0.253 0.247 3.05
32 149 1 233.912 56.424 37.747 4.333 1.762 1.212 3.031
33 4 1 249.433 75.515 37.729 4.733 1.769 1.386 0.026
33 6 2 243.712 79.73 38.239 13.095 2.921 2.496 0.032
33 14 1 259.702 77.676 37.757 4.365 1.86 1.505 0.015
33 16 1 259.278 80.638 37.805 4.095 2.097 1.686 -0.037
33 20 2 237.577 72.791 38.484 13.151 2.803 2.836 0.022
33 23 1 262.755 84.333 37.622 4.1 1.832 1.494 -0.001
33 25 1 270.355 86.449 37.587 3.609 1.708 1.417 0.02
33 31 1 256.438 82.755 37.763 4.434 2.102 1.683 0.02
33 32 1 270.322 79.755 37.702 3.988 1.832 1.553 0.026
33 101 1 201.871 64.117 37.807 1.217 0.958 1.434 0.033
33 111 3 285.666 51.753 38.094 0.325 0.408 0.759 -0.807
33 113 4 259.9 88.566 38.064 1.177 0.649 1.342 0.007
33 122 1 295.5 62.443 37.703 0.541 1.384 0.81 2.977
33 123 4 281.447 57.881 37.561 0.712 0.469 1.101 3.02
33 125 5 221.19 69.458 37.596 1.965 0.339 1.302 0.172
33 131 3 262.379 48.538 38.112 0.409 0.44 1.249 1.685
33 132 1 277.368 63.225 37.614 3.645 1.77 1.341 3.056
33 133 3 253.142 47.233 37.55 0.505 0.468 1.017 -1.724
33 137 4 252.255 83.52 37.643 1.691 0.684 1.509 0.055
33 138 4 247.631 54.308 37.594 2.184 0.422 1.314 2.938
33 139 4 237.587 51.456 38.14 0.195 0.292 0.398 3.12
33 141 4 251.589 53.516 37.568 1.58 0.576 1.307 2.925
33 143 4 226.979 49.177 37.797 0.788 0.63 1.009 2.962
33 144 4 229.247 52.537 37.9 1.197 0.47 1.368 3.075
33 147 4 226.367 51.193 37.79 1.033 0.526 1.494 3.026
33 148 5 230.919 51.212 37.647 1.359 0.736 1.545 3.076
33 149 1 242.065 57.003 37.758 4.505 2.229 1.263 3.019
33 152 1 218.053 54.097 38.113 2.483 1.694 1.595 3.045
33 156 1 228.069 58.27 37.753 3.72 0.923 1.15 3.001
34 4 1 244.08 74.163 37.77 4.238 1.738 1.438 -0.001
34 6 2 238.89 78.326 38.269 12.855 2.998 2.578 0.056
34 14 1 254.652 76.496 37.732 4.336 1.925 1.458 -0.017
34 16 1 258.496 80.525 37.804 4.074 2.088 1.681 0.039
34 20 2 232.548 71.534 38.485 12.662 2.772 2.794 -0.01
34 23 1 260.577 83.835 37.597 4.056 1.739 1.448 -0.013
34 25 1 268.973 86.165 37.622 3.78 1.755 1.465 0.064
34 31 1 253.547 82.062 37.765 4.371 2.171 1.686 -0.002
34 32 1 270.115 79.829 37.574 4.153 1.746 1.278 0.039
34 101 1 192.342 61.469 37.591 0.354 0.972 0.674 -0.103
34 111 3 284.269 51.717 37.971 0.253 0.23 0.748 -0.009
34 113 4 255.549 87.469 37.931 1.694 0.633 1.74 -0.022
34 131 3 261.862 48.595 38.253 0.257 0.388 0.772 -1.208
34 133 3 253.404 47.77 37.892 0.465 0.317 1.703 3.107
34 137 4 247.72 82.303 37.676 1.722 0.696 1.537 -0.022
34 138 4 258.958 55.473 37.654 0.869 0.281 1.219 2.995
34 139 4 245.341 52.207 38.148 0.663 0.632 0.667 -3
34 141 4 261.987 54.974 38.105 0.445 0.318 0.518 0.168
34 143 4 232.048 49.642 37.819 0.452 0.552 1.287 3.082
34 144 4 238.561 53.46 37.657 2.306 0.668 1.579 2.945
34 147 4 234.321 52.085 37.605 1.35 0.577 1.51 -3.138
34 148 5 238.777 51.968 37.73 1.92 0.555 1.363 2.945
34 149 1 260.233 58.694 37.578 4.374 2.017 1.584 3.001
34 152 1 228.767 55.225 37.908 5.059 1.77 1.82 3.013
34 156 1 245.062 59.594 37.837 5.683 1.802 1.194 3.025
35 4 1 241.839 73.673 37.755 4.433 1.893 1.483 0.009
35 6 2 236.362 77.468 38.273 13.513 2.941 2.741 0.062
35 14 1 252.504 75.982 37.753 4.362 1.914 1.481 0
35 16 1 258.012 80.405 37.799 4.071 2.111 1.68 0
35 20 2 230.12 71.054 38.443 12.815 2.916 2.886 0.009
35 23 1 259.344 83.52 37.637 3.907 1.754 1.403 -0.014
35 25 1 268.43 85.947 37.565 3.781 1.683 1.367 0.035
35 31 1 252.247 81.753 37.755 4.48 2.187 1.663 0.009
35 32 1 269.614 79.624 37.529 3.841 1.778 1.158 0.035
35 111 3 283.638 51.379 37.824 0.314 0.545 1.087 3.049
35 113 4 253.957 87.097 37.856 1.708 0.696 1.635 -0.022
35 131 3 261.51 48.648 37.802 0.385 0.458 1.614 -1.538
35 133 3 253.469 47.988 38.383 0.414 0.484 0.617 -1.635
35 137 4 245.772 81.866 37.692 1.733 0.889 1.583 0
35 138 4 263.435 56.128 37.598 1.544 0.487 1.46 3.004
35 139 4 247.633 52.538 37.567 1.716 0.475 1.465 2.994
35 141 4 265.863 55.401 37.598 1.571 0.528 1.629 3.004
35 143 4 234.144 50.014 37.764 1.178 0.682 1.4 2.994
35 144 4 242.13 53.923 37.677 1.832 0.766 1.597 2.994
35 147 4 237.523 52.688 37.67 1.954 0.552 1.45 2.994
35 148 5 241.004 52.201 37.729 0.898 0.43 1.405 2.994
35 149 1 266.669 59.415 37.643 4.405 1.769 1.337 3.011
35 152 1 233.08 55.779 37.895 5.003 1.77 1.855 3.011
35 156 1 251.702 60.344 37.86 4.324 1.86 1.287 3.011
35 166 1 226.654 58.349 37.95 4.778 1.802 1.198 3.011
35 168 5 207.72 47.621 38.041 0.503 0.549 0.602 3.027
36 4 1 239.698 73.165 37.726 4.373 1.906 1.378 0.007
36 6 2 234.434 76.843 38.252 12.791 2.781 2.656 0.067
36 14 1 250.217 75.427 37.786 4.407 1.928 1.513 0.006
36 16 1 257.086 80.249 37.808 4.123 2.094 1.642 0.006
36 20 2 227.627 70.473 38.434 12.981 2.741 2.874 -0.005
36 23 1 257.867 83.224 37.621 4.119 1.751 1.45 0.006
36 25 1 267.515 85.772 37.571 3.822 1.807 1.373 0.006
36 31 1 250.641 81.352 37.769 4.584 2.157 1.666 0.006
36 32 1 268.991 79.482 37.562 3.985 1.819 1.307 0.006
36 111 3 283.17 51.331 37.981 0.423 0.514 0.791 2.881
36 113 4 252.336 86.681 37.953 1.634 0.707 1.739 -0.04
36 131 3 261.393 48.824 38.033 0.358 0.677 1.124 2.798
36 137 4 243.627 81.232 37.712 1.794 0.736 1.562 0.081
36 138 4 267.753 56.779 37.553 1.647 0.591 1.277 3.074
36 139 4 255.776 52.966 37.62 1.865 0.694 1.586 3.02
36 141 4 269.616 55.995 37.631 1.454 0.422 1.329 3.013
36 143 4 244.064 52.343 37.663 1.303 0.81 1.597 3.024
36 144 4 245.597 54.401 37.697 1.681 0.543 1.62 3.011
36 147 4 240.508 53.242 37.684 1.713 0.58 1.531 3.024
36 148 5 250.122 52.818 37.574 1.75 0.572 1.442 3.065
36 149 1 273.252 60.129 37.608 4.398 1.581 1.252 3.023
36 152 1 237.547 56.251 37.911 6.52 1.885 1.911 2.994
36 156 1 257.981 61.042 37.759 4.249 1.794 1.292 3.03
36 166 1 232.138 59.024 38.158 4.8 1.668 1.63 2.974
36 168 5 209.408 47.885 38.186 0.295 0.358 0.272 2.991
36 170 5 234.662 52.408 38.393 1.381 0.962 0.271 3.024
36 171 1 219.95 56.411 37.837 1.17 0.928 0.65 2.991
37 4 1 237.321 72.511 37.683 4.674 1.747 1.4 -0.003
37 6 2 232.024 76.092 38.262 12.79 2.929 2.517 0.06
37 14 1 247.724 74.852 37.785 4.378 1.816 1.478 -0.019
37 16 1 255.83 80.019 37.784 4.102 2.09 1.67 0.014
37 20 2 225.211 69.728 38.444 12.692 2.841 2.854 0.005
37 23 1 256.374 82.919 37.617 4.104 1.701 1.419 -0.023
37 25 1 266.328 85.652 37.536 3.599 1.859 1.373 -0.015
37 31 1 248.625 80.853 37.768 4.231 2.11 1.678 0.014
37 32 1 268.089 79.383 37.523 3.98 1.84 1.139 0.014
37 111 3 282.688 51.411 37.926 0.287 0.431 0.78 -0.4
37 113 4 250.821 86.207 37.943 1.72 0.687 1.757 0.01
37 131 3 261.287 49.128 38.166 0.259 0.467 0.473 -0.166
37 137 4 241.416 80.689 37.706 1.741 0.827 1.541 -0.006
37 139 4 258.447 53.538 37.625 1.609 0.559 1.755 2.972
37 143 4 246.76 52.646 37.648 1.827 0.587 1.376 2.972
37 144 4 249.217 54.843 37.626 1.645 0.531 1.491 2.972
37 148 5 252.759 53.072 37.64 1.754 0.611 1.627 2.972
37 149 1 279.414 60.95 37.659 3.166 1.623 1.033 2.972
37 152 1 242.304 56.683 37.936 6.008 1.962 1.962 3.005
37 156 1 264.095 61.845 37.715 3.251 1.669 1.431 3.056
37 166 1 237.727 59.583 38.034 4.931 1.846 1.742 2.995
37 168 5 211.057 48.633 38.02 0.939 1.291 0.755 2.972
37 170 5 238.102 52.901 38.204 1.725 0.829 0.791 2.972
37 171 1 223.93 57.112 37.794 4.882 1.837 1.379 2.972
37 172 4 229.375 49.427 37.653 0.742 0.472 1.554 2.922
37 175 1 212.633 53.126 37.879 3.729 1.685 1.124 3.069
37 176 4 228.629 51.233 37.855 1 0.694 1.494 2.922
37 177 3 233.302 82.438 37.968 0.381 0.598 1.714 3.088
38 4 1 233.125 71.483 37.768 4.325 1.81 1.451 0
38 6 2 227.522 74.658 38.233 13.321 2.654 2.64 0.075
38 14 1 242.995 73.613 37.79 4.424 1.94 1.471 0
38 16 1 252.413 79.307 37.799 4.114 2.069 1.63 0.005
38 20 2 220.455 68.57 38.414 11.988 2.721 2.892 -0
38 23 1 253.484 82.397 37.617 3.872 1.995 1.49 0.005
38 25 1 263.839 85.137 37.54 3.764 1.844 1.366 0
38 31 1 244.839 79.873 37.782 4.362 2.158 1.665 0.005
38 32 1 265.909 78.903 37.472 4.017 1.837 1.198 0.005
38 113 4 247.941 85.384 37.88 1.642 0.658 1.633 -0
38 131 3 261.055 49.187 38.213 0.492 0.251 0.697 -0.1
38 137 4 237.13 79.497 37.712 1.738 0.757 1.541 0
38 139 4 263.192 54.318 37.631 1.591 0.484 1.811 2.956
38 144 4 255.448 55.631 38.129 0.546 0.414 0.55 3.007
38 148 5 257.312 53.734 38.016 0.717 0.35 0.644 2.944
38 149 1 291.371 62.406 37.565 2.078 1.256 0.913 3.094
38 156 1 275.274 63.26 37.745 1.09 1.191 0.888 3.021
38 166 1 249.015 60.914 38.115 4.641 1.723 1.602 2.985
38 168 5 214.178 49.391 38.204 0.506 0.5 0.666 2.939
38 170 5 244.206 53.536 37.708 1.604 0.937 1.674 3.091
38 171 1 234.144 58.388 37.912 4.856 1.853 1.784 3.025
38 172 4 233.966 50.013 37.965 0.996 0.604 0.907 3.007
38 175 1 221.532 54.353 37.759 3.922 1.789 1.538 3.058
38 176 4 233.311 51.603 38.015 0.649 0.584 0.218 -0.202
38 177 3 234.713 82.868 38.148 0.507 0.769 1.348 3.099
38 183 4 197.756 45.399 38.046 0.833 0.476 1.134 -3.04
38 186 4 210.436 48.425 37.821 1.32 0.508 1.276 2.939
38 190 4 208.132 48.729 38.028 0.86 0.482 0.749 2.939
38 191 1 187.328 47.052 38.336 1.937 2.081 1.57 -2.956
38 192 4 198.484 44.67 37.885 0.707 0.561 0.62 3.111
38 193 4 194.417 44.307 37.763 0.989 0.655 0.659 -3.128
39 4 1 229.791 70.68 37.753 4.36 1.835 1.538 -0.005
39 6 2 224.386 73.693 38.325 13.766 2.8 2.61 0.062
39 14 1 239.895 72.8 37.791 4.345 2.062 1.528 -0.035
39 16 1 249.663 78.661 37.781 4.091 2.056 1.7 0.055
39 20 2 216.711 67.682 38.379 12.802 2.783 2.947 -0.001
39 23 1 251.665 81.981 37.602 3.862 2.072 1.444 -0.033
39 25 1 261.692 84.488 37.596 3.628 1.663 1.583 0.055
39 31 1 241.972 79.177 37.754 4.359 2.18 1.731 0.021
39 32 1 263.854 78.531 37.341 4.063 1.736 0.863 0.055
39 113 4 245.893 84.909 38.017 1.242 0.644 1.613 0.012
39 131 3 261.124 49.157 37.917 0.462 0.382 1.545 -0.22
39 137 4 234.018 78.607 37.687 1.625 0.698 1.574 0.055
39 166 1 256.008 61.7 38.193 4.211 1.55 1.518 3.002
39 168 5 216.941 49.716 37.861 1.139 0.574 1.269 -3.069
39 170 5 247.833 53.842 37.641 1.54 1.027 1.741 3.005
39 171 1 241.402 59.172 37.837 6.111 2.054 1.914 3.027
39 172 4 236.55 50.416 37.714 1.241 0.617 1.587 3.005
39 175 1 227.559 55.007 37.715 4.173 1.835 1.553 2.996
39 176 4 236.229 52.068 37.771 2.009 0.615 1.791 3.005
39 177 3 235.71 83.097 37.991 0.715 0.706 1.726 3.138
39 183 4 199.313 45.967 38.003 0.344 0.576 0.582 3.08
39 186 4 212.76 48.715 37.899 1.018 0.728 1.36 -3.069
39 190 4 210.484 49.034 37.724 0.984 0.509 1.236 -3.069
39 191 1 191.569 49.109 38.299 1.89 2.006 1.699 -2.882
39 192 4 200.522 45.544 37.902 0.542 0.55 0.843 3.08
39 193 4 195.903 45.105 37.887 0.972 0.414 0.655 3.08
39 200 3 254.756 49.268 37.756 0.447 0.214 1.401 -2.795
39 201 4 231.887 49.644 37.838 1.299 0.608 1.515 3.005
39 202 4 216.661 48.539 37.72 1.081 0.551 1.527 -3.069
40 4 1 225.674 69.662 37.755 4.264 1.805 1.454 -0.015
40 6 2 220.562 72.583 38.298 13.746 2.741 2.71 0.056
40 14 1 236.272 71.852 37.808 4.316 2.189 1.47 -0.015
40 16 1 246.566 77.86 37.811 4.073 2.059 1.651 -0.015
40 20 2 212.954 66.718 38.447 12.544 2.83 2.86 0.008
40 23 1 249.311 81.459 37.617 4.057 1.996 1.368 -0.02
40 25 1 259.296 83.936 37.542 3.774 1.715 1.289 -0.02
40 31 1 238.493 78.279 37.882 4.366 2.177 1.863 -0.015
40 32 1 260.856 77.708 37.502 3.895 1.922 1.066 -0.02
40 113 4 243.736 84.361 38.337 1.082 0.732 0.977 0.005
40 137 4 230.242 77.647 37.704 2.001 0.797 1.511 -0.005
40 166 1 264.028 62.359 38.071 2.688 1.345 0.937 2.972
40 168 5 219.566 49.695 37.827 1.509 0.846 1.306 3.005
40 170 5 251.915 54.208 37.633 1.395 0.883 1.801 2.997
40 171 1 250.048 60.085 37.872 4.5 2.201 1.777 2.99
40 172 4 240.047 51.102 37.602 1.343 0.422 1.558 3.03
40 175 1 235.553 55.83 37.749 5.147 1.779 1.424 3.003
40 176 4 239.965 52.487 37.817 1.689 0.673 1.746 3.03
40 177 3 236.804 83.368 37.961 0.618 0.483 1.653 -3.137
40 183 4 201.517 46.534 37.8 0.9 0.521 1.243 3.005
40 186 4 215.412 48.999 37.734 1.332 0.606 1.636 3.005
40 190 4 212.974 49.351 37.774 0.567 0.454 1.465 3.005
40 191 1 194.645 50.324 38.524 5.975 2.134 1.747 -3.045
40 192 4 203.246 46.44 37.844 0.768 0.563 1.237 3.005
40 193 4 198.015 45.815 38.053 0.384 0.244 0.504 3.042
40 200 3 254.801 49.275 37.71 0.315 0.423 1.441 -1.766
40 201 4 234.909 50.231 38.291 0.833 0.264 0.51 2.998
40 202 4 219.16 48.554 37.595 1.09 0.461 0.876 2.981
40 204 4 246.717 51.776 37.676 1.319 0.722 1.59 3.029
41 4 1 216.99 67.636 37.719 4.272 1.729 1.531 -0.021
41 6 2 211.805 70.324 38.302 13.016 2.956 2.627 0.009
41 14 1 227.336 69.764 37.958 4.271 1.698 1.128 0.044
41 16 1 239.682 76.074 37.803 4.029 2.054 1.62 0.044
41 20 2 204.728 64.614 38.415 12.552 2.785 2.983 0.009
41 23 1 242.735 79.92 37.637 4.046 2.006 1.401 0.014
41 25 1 253.576 82.551 37.515 4.115 1.885 1.505 0.044
41 31 1 230.314 76.285 37.795 4.267 2.17 1.648 0.038
41 32 1 251.394 75.29 37.589 4.122 1.795 1.137 0.044
41 113 4 239.383 83.272 38.32 0.809 0.699 0.786 0.128
41 137 4 222.416 75.71 37.727 1.707 0.849 1.591 0.038
41 166 1 266.77 62.471 38.096 0.377 0.728 0.539 2.175
41 168 5 225.58 50.319 37.75 1.781 0.667 1.622 3
41 170 5 260.473 55.154 38.063 1.321 0.812 0.955 3
41 172 4 246.751 52.074 37.614 1.561 0.641 1.643 3
41 175 1 252.464 57.506 37.647 3.745 1.968 1.465 2.967
41 176 4 247.399 53.502 37.713 1.554 0.728 1.762 3
41 177 3 238.972 84.273 38.264 0.576 0.594 0.76 -3.014
41 183 4 205.935 47.188 37.778 1.096 0.647 1.362 2.966
41 186 4 220.851 49.629 37.838 1.477 0.668 1.363 3
41 190 4 219.135 50.18 37.698 1.53 0.629 1.602 3
41 191 1 205.943 53.285 38.08 6.017 2.669 2.511 3.088
41 192 4 209.036 47.53 37.765 1.338 0.571 1.531 2.966
41 193 4 203.448 46.38 37.663 0.859 0.673 1.463 3.092
41 200 3 254.771 49.301 37.859 0.438 0.249 1.182 3.124
41 201 4 241.848 50.988 37.745 1.373 0.726 1.828 3
41 202 4 224.156 48.847 37.748 1.979 0.876 1.544 3
41 204 4 252.608 52.896 37.685 1.004 0.464 1.261 3
41 212 5 187.211 48.704 37.417 0.648 1.233 0.6 -0.022
41 214 1 193.119 47.723 38.595 6.065 2.332 2.029 -2.835
41 215 5 176.398 44.328 37.795 1.183 0.509 0.614 -0.022
41 219 1 215.781 52.858 37.739 3.839 1.794 1.449 -3.116
42 4 1 214.239 66.903 37.717 4.268 1.785 1.505 0.009
42 6 2 208.583 69.486 38.236 12.783 2.663 2.715 0.036
42 14 1 223.822 68.739 37.973 3.158 1.41 1.094 0.033
42 16 1 237.088 75.366 37.805 3.927 2.057 1.626 -0.017
42 20 2 201.812 63.857 38.418 12.985 2.618 2.939 0.023
42 23 1 240.028 79.271 37.624 3.905 1.916 1.433 0.022
42 25 1 251.803 82.278 37.546 3.626 1.802 1.427 0.013
42 31 1 227.529 75.554 37.771 4.301 2.099 1.636 0.01
42 32 1 247.649 74.383 37.583 3.986 1.598 1.251 0.045
42 113 4 237.716 82.843 38.321 0.662 0.653 0.989 -0.003
42 137 4 219.566 74.996 37.704 1.626 0.724 1.589 0.072
42 166 1 273.078 63.246 37.964 0.165 0.744 0.039 3.019
42 168 5 227.518 50.509 37.794 1.417 0.75 1.688 3.058
42 170 5 263.158 55.317 38.359 1.088 0.462 0.305 3.056
42 172 4 249.119 52.389 37.67 1.014 0.595 1.457 3.062
42 175 1 257.662 58.178 37.788 2.698 1.606 1.229 3.1
42 176 4 250.178 53.996 37.801 1.009 0.532 1.526 3.062
42 186 4 222.948 49.861 38.17 1.051 0.603 0.862 3.058
42 190 4 221.3 50.532 38.492 0.194 0.153 0.168 3.068
42 191 1 209.866 54.06 38.133 5.999 2.435 2.369 3.031
42 192 4 210.898 47.608 37.761 1.723 0.807 1.73 3.062
42 200 3 254.799 49.34 37.857 0.365 0.493 1.241 -1.631
42 201 4 243.91 51.415 37.764 1.267 0.428 1.456 3.058
42 202 4 226.016 49.094 37.703 1.549 0.679 1.579 3.058
42 204 4 254.648 53.174 37.69 0.935 0.342 1.174 2.964
42 212 5 188.706 49.583 37.41 3.814 1.725 0.888 -2.929
42 214 1 197.056 49.561 38.396 5.598 2.228 2.212 -2.969
42 215 5 178.928 44.991 37.921 3.098 1.32 0.981 -2.421
42 219 1 221.491 53.673 37.716 5.254 1.743 1.486 3.04
43 4 1 211.554 66.262 37.757 4.386 1.8 1.488 0.005
43 6 2 205.189 68.635 38.335 12.748 2.952 2.73 0.013
43 14 1 221.345 68.308 37.937 3.718 1.785 1.162 0.056
43 16 1 234.348 74.667 37.786 4.014 2.087 1.64 0.11
43 20 2 199.47 63.246 38.455 12.267 2.838 2.876 0.028
43 23 1 237.184 78.57 37.631 3.962 1.995 1.422 0.015
43 25 1 249.693 81.8 37.587 3.44 1.985 1.454 0.005
43 31 1 224.611 74.824 37.795 4.295 2.128 1.7 0.017
43 32 1 243.653 73.316 37.516 4.098 1.772 1.108 0.048
43 113 4 236.104 82.583 38.306 0.757 0.648 0.979 0.045
43 137 4 216.407 74.208 37.71 1.806 0.859 1.574 0.082
43 168 5 229.393 50.686 38.362 0.295 0.187 0.307 -0.256
43 170 5 266.178 55.88 37.883 0.992 0.437 0.584 3.041
43 172 4 251.313 52.837 37.682 1.148 0.489 1.338 3.078
43 175 1 263.456 58.972 37.699 2.817 1.471 1.011 3.14
43 176 4 252.776 54.464 37.719 1.1 0.404 1.185 3.078
43 186 4 224.777 50.163 37.732 1.409 0.436 1.631 3.05
43 190 4 223.469 50.874 37.774 1.449 0.442 1.589 -3.088
43 191 1 214.383 54.548 38.173 7.316 2.381 2.449 3.009
43 192 4 208.682 47.512 38.375 0.462 0.478 0.45 -0.086
43 200 3 254.789 49.388 37.861 0.362 0.456 1.218 -1.741
43 201 4 246.173 51.814 37.825 1.303 0.493 1.609 3.078
43 202 4 227.469 49.426 38.221 0.387 0.318 0.579 -0.256
43 204 4 256.628 53.58 37.873 0.898 0.546 1.068 3.022
43 212 5 191.22 50.839 37.624 4.856 1.907 1.174 -2.967
43 214 1 200.456 50.896 38.406 6.348 2.433 2.414 -3.042
43 215 5 182.1 46.796 37.74 3.023 1.308 1.534 -2.858
43 219 1 227.511 54.576 37.758 4.212 1.692 1.484 3.049
43 227 3 240.356 84.417 38.092 0.479 0.412 1.341 -3.127
43 234 1 175.264 43.605 37.839 2.423 0.757 1.108 -2.765
44 4 1 206.784 65.146 37.729 4.283 1.766 1.514 0.015
44 6 2 198.84 67.142 38.445 12.75 2.867 2.694 0.021
44 14 1 216.002 67.025 37.955 3.676 1.723 1.141 0.019
44 16 1 228.947 73.308 37.783 4.031 2.036 1.648 0.025
44 20 2 194.238 61.898 38.505 12.537 2.704 2.802 0.027
44 23 1 231.784 77.164 37.621 3.926 1.977 1.451 0.013
44 25 1 245.67 80.94 37.559 3.757 1.879 1.399 0.006
44 31 1 219.485 73.573 37.794 4.368 2.086 1.695 0.023
44 32 1 236.394 71.554 37.733 4.067 1.786 1.45 0.004
44 113 4 233.309 81.913 38.099 1.206 0.611 1.359 -0.003
44 137 4 210.852 72.638 37.71 1.724 0.641 1.579 0.017
44 168 5 233.032 50.849 37.722 1.178 0.649 1.47 3.142
44 170 5 271.242 56.593 37.862 1.097 0.528 0.862 3.142
44 172 4 255.357 53.754 37.836 1.062 0.344 0.756 3.142
44 175 1 272.936 59.646 37.917 0.518 0.466 0.523 -3.103
44 176 4 257.38 55.276 38.074 0.945 0.474 0.927 3.142
44 191 1 222.417 55.165 38.202 5.935 2.705 2.378 2.988
44 192 4 211.785 47.979 37.796 1.997 0.796 1.569 3.042
44 200 3 254.705 49.422 37.728 0.321 0.247 1.052 3.091
44 201 4 249.941 52.377 37.789 1.024 0.422 1.138 3.142
44 202 4 230.685 49.78 37.781 1.398 0.398 1.433 -3.134
44 212 5 196.895 53.191 37.775 4.853 1.804 1.457 -3.002
44 214 1 206.947 52.514 38.347 7.036 2.299 2.635 3.13
44 215 5 188.007 49.371 37.738 3.22 1.753 1.402 -2.948
44 219 1 237.778 56.088 37.69 3.695 1.592 1.372 3.039
44 227 3 241.552 84.623 37.821 0.508 0.257 1.496 0.016
44 234 1 179.958 45.873 37.741 3.777 1.604 1.061 -2.89
44 241 4 194.715 43.883 37.779 0.86 0.342 1.237 -2.724
44 243 1 174.141 28.253 37.788 0.925 0.517 0.698 3.142
44 244 1 171.23 42.067 37.739 1.537 0.758 0.614 2.942
44 248 1 179.706 71.145 37.506 3.534 0.324 1.014 -0.887
44 249 4 196.696 44.439 37.9 1.001 0.67 1.411 -2.734
45 4 1 203.384 64.313 37.762 4.391 1.764 1.473 -0.004
45 6 2 194.592 66.014 38.4 12.808 2.83 2.81 0.043
45 14 1 212.603 66.173 37.985 3.868 1.674 1.102 0.012
45 16 1 225.266 72.464 37.831 4.055 2.076 1.652 0.012
45 20 2 190.778 60.954 38.499 12.504 2.721 2.849 0.04
45 23 1 228.256 76.256 37.653 4.022 1.892 1.504 0.019
45 25 1 242.517 80.183 37.667 3.696 1.976 1.397 0.024
45 31 1 216.064 72.768 37.846 4.373 2.101 1.784 0.012
45 32 1 231.825 70.46 37.798 4.007 1.864 1.517 0.012
45 113 4 231.217 81.46 38.056 1.289 0.613 1.357 -0.029
45 137 4 207.123 71.654 37.757 1.793 0.709 1.597 0.012
45 172 4 257.892 54.38 37.935 0.697 0.274 0.543 3.098
45 176 4 260.539 55.777 37.866 0.926 0.579 0.638 3.076
45 191 1 227.825 55.465 38.175 6.062 2.52 2.323 2.964
45 200 3 254.759 49.457 37.773 0.336 0.332 1.13 2.915
45 201 4 252.343 52.782 38.095 0.436 0.261 0.509 3.067
45 212 5 200.891 54.456 37.823 4.998 2.042 1.504 -3.069
45 214 1 212.154 53.343 38.341 7.876 2.507 2.672 3.085
45 215 5 191.822 50.992 37.829 3.53 1.681 1.483 -2.977
45 219 1 244.088 57.03 38.125 1.581 0.918 0.423 2.931
45 227 3 242.632 84.694 37.884 0.191 0.532 1.073 0.028
45 234 1 183.632 47.512 37.888 4.1 1.672 1.591 -2.908
45 241 4 196.516 44.927 38.025 0.858 0.554 1.232 3.012
45 243 1 175.723 29.226 37.949 0.863 0.501 1.38 -2.959
45 244 1 174.086 43.064 37.72 3.016 1.758 0.893 -2.891
45 248 1 176.703 72.758 37.333 4.016 1.837 1.166 -0.931
45 249 4 198.722 45.908 37.906 1.095 0.937 1.603 3.075
45 254 3 171.062 68.94 37.819 0.453 0.573 1.539 -0.398
45 256 1 163.159 37.913 37.543 0.717 1.126 0.72 -2.891
46 4 1 199.89 63.438 37.79 4.247 1.802 1.502 0.02
46 6 2 190.532 64.949 38.41 12.853 2.869 2.624 0.038
46 14 1 209.306 65.4 38.02 3.797 1.698 1.018 0.021
46 16 1 221.643 71.622 37.793 4.083 2.096 1.696 0.007
46 20 2 187.416 59.993 38.523 12.45 2.827 3.05 0.054
46 23 1 224.756 75.293 37.638 4.01 1.945 1.409 0.033
46 25 1 239.178 79.34 37.616 3.438 2.001 1.542 0.007
46 31 1 212.631 71.981 37.788 4.302 2.169 1.711 0.037
46 32 1 227.441 69.465 37.792 4.02 1.882 1.578 0.003
46 113 4 229.463 81.055 38.029 1.295 0.593 1.499 -0.069
46 137 4 203.386 70.679 37.709 1.781 0.82 1.594 0.055
46 191 1 233.189 55.968 38.159 5.897 2.402 2.281 2.97
46 201 4 254.888 53.256 37.885 0.463 0.404 0.61 3.046
46 212 5 205.193 55.62 37.822 5.021 1.792 1.504 3.141
46 214 1 217.263 54.174 38.39 6.843 2.291 2.725 3.025
46 215 5 195.585 52.527 37.801 3.643 1.715 1.526 -3.012
46 227 3 243.595 84.693 37.937 0.242 0.173 0.582 3.087
46 234 1 187.395 49.384 37.94 4.447 1.865 1.776 -2.922
46 241 4 198.421 45.899 37.821 1.467 0.616 1.718 -3.059
46 243 1 177.019 30.065 38.295 0.319 0.331 0.465 -1.464
46 244 1 177.413 44.567 37.782 3.792 1.797 1.454 -2.944
46 248 1 174.887 75.828 37.511 3.868 0.489 1.493 -1.09
46 249 4 200.547 46.788 38.414 0.467 0.7 0.586 -3.059
46 254 3 171.678 69.294 37.723 0.479 0.741 1.655 -0.058
46 256 1 166.086 39.14 37.841 3.549 1.568 1.431 -2.877
46 260 1 152.75 67.278 37.401 1.802 1.657 1.155 1.589
46 262 3 190.016 17.575 37.964 0.171 0.264 0.625 1.494
46 265 5 188.073 70.734 37.263 0.188 0.247 0.166 -0.072
46 267 4 159.601 70.04 37.404 1.619 0.513 1.305 1.688
46 273 1 187.317 45.458 37.768 3.341 1.692 1.377 -2.934
46 274 5 189.488 70.237 37.344 0.201 0.193 0.251 0.004
47 4 1 197.02 62.785 37.8 4.187 1.934 1.465 0.015
47 6 2 187.335 64.12 38.451 12.73 2.743 2.772 0.046
47 14 1 206.462 64.66 37.99 3.906 1.733 1.089 0.068
47 16 1 218.587 70.883 37.793 4.041 2.13 1.678 0.032
47 20 2 184.287 59.149 38.516 12.587 2.661 2.894 0.046
47 23 1 221.872 74.579 37.641 3.979 2.064 1.474 0.03
47 25 1 236.357 78.61 37.547 3.61 1.968 1.516 0.079
47 31 1 209.863 71.288 37.8 4.236 2.18 1.67 -0.011
47 32 1 223.874 68.701 37.782 4.072 1.787 1.528 0.053
47 113 4 227.957 80.599 38.01 1.232 0.607 1.339 0.04
47 137 4 200.4 69.786 37.741 1.712 0.856 1.586 0.046
47 191 1 237.783 56.356 38.301 5.815 2.361 1.891 2.986
47 201 4 257.361 53.732 37.626 1.128 0.24 0.671 3.098
47 212 5 209.432 56.344 37.927 5.805 1.825 1.278 3.073
47 214 1 221.602 54.702 38.317 6.862 2.22 2.637 3.021
47 215 5 198.849 53.594 37.801 3.552 1.72 1.453 -3.073
47 241 4 200.13 46.51 37.863 1.336 0.699 1.749 -3.037
47 243 1 178.474 30.943 38.285 0.413 0.119 0.243 -1.481
47 244 1 180.416 45.868 37.799 3.741 1.974 1.397 -2.967
47 248 1 172.684 77.742 37.282 3.91 1.959 1.111 -1.101
47 249 4 202.649 47.685 37.86 1.473 0.708 1.833 -3.015
47 254 3 172.322 69.463 37.722 0.428 0.636 1.51 -3.052
47 256 1 169.426 40.542 37.637 3.955 1.811 1.239 -2.967
47 260 1 153.473 66.356 37.437 1.529 0.496 1.074 1.594
47 262 3 190.182 17.003 37.913 0.229 0.223 1.27 -1.43
47 265 5 188.086 70.714 37.237 0.244 0.188 0.211 0
47 267 4 160.752 68.406 37.484 1.678 0.566 1.204 1.982
47 273 1 191.425 47.291 37.84 3.972 1.732 1.497 -2.967
47 277 4 239.7 51.406 37.879 0.76 0.456 0.991 3.076
47 278 4 197.173 43.244 37.375 0.25 0.208 0.417 0.002
47 279 1 173.195 17.482 37.79 1.065 0.386 0.987 1.716
47 281 1 190.673 50.816 37.921 4.57 1.78 1.611 -2.967
47 282 4 198.553 43.959 37.316 0.169 0.237 0.441 0.002
47 283 3 189.331 26.004 37.932 0.421 0.51 1.327 0.616
47 284 1 256.945 84.247 37.445 1.671 0.46 0.728 0.059
48 4 1 187.898 60.384 37.878 4.598 1.821 1.493 0
48 6 2 177.595 61.384 38.472 12.853 2.789 2.885 0.044
48 14 1 197.67 62.53 37.946 3.759 1.836 1.32 0
48 16 1 209.42 68.772 37.823 4.033 2.135 1.671 0
48 20 2 174.847 56.236 38.602 12.443 2.803 2.865 0.072
48 23 1 213.406 72.539 37.66 3.953 1.959 1.452 0
48 25 1 227.349 76.204 37.604 3.72 1.798 1.491 0
48 31 1 201.802 69.322 37.909 4.361 2.202 1.871 0
48 32 1 213.767 66.316 37.715 4.107 1.945 1.355 -0
48 113 4 223.265 79.426 38.049 0.814 0.824 1.541 0.081
48 137 4 191.256 66.944 37.836 1.743 0.654 1.584 0
48 191 1 251.242 57.748 38.273 5.12 2.129 1.414 3.003
48 212 5 222.005 57.809 38.037 2.171 1.505 1.017 3.051
48 214 1 235.531 56.299 38.648 6.805 2.128 1.747 2.99
48 215 5 209.906 56.08 37.782 3.116 1.964 1.452 3.038
48 241 4 205.51 48.025 38.578 0.232 0.148 0.119 3.058
48 243 1 182.875 33.411 38.341 0.792 0.545 0.409 -2.825
48 244 1 190.249 49.9 37.844 4.255 1.792 1.442 -3.019
48 248 1 167.953 86.159 37.222 2.302 1.668 0.986 -1.41
48 249 4 208.935 49.78 37.883 1.5 0.683 1.749 3.055
48 254 3 174.005 70.04 37.745 0.49 0.592 1.8 0.04
48 256 1 180.335 45.473 37.858 4.199 2.004 1.544 -2.936
48 260 1 153.639 63.703 37.54 2.054 0.442 1.404 1.365
48 262 3 190.759 15.365 37.946 0.262 0.367 0.94 1.407
48 265 5 188.079 70.716 37.229 0.345 0.364 0.306 -0.089
48 267 4 164.607 65.726 37.656 1.575 0.653 1.54 2.384
48 273 1 203.243 51.794 38.164 3.53 0.931 0.746 3.125
48 274 5 189.488 70.216 37.275 0.262 0.293 0.404 -0.406
48 277 4 239.536 51.852 37.935 0.506 0.523 0.574 2.961
48 278 4 197.178 43.31 37.32 0.208 0.217 0.426 -0.089
48 279 1 174.925 18.9 37.944 1.399 0.387 1.264 -1.375
48 281 1 200.696 54.527 38.036 5.322 1.874 1.659 -3.077
48 282 4 198.505 44.039 37.398 0.211 0.108 0.306 0.072
48 283 3 190.402 27.404 38.077 0.412 0.736 1.392 1.227
48 284 1 250.057 82.532 37.602 3.647 1.166 1.084 -0.039
48 286 1 158.795 27.347 37.65 4.962 1.548 1.344 -0.263
48 288 1 163.586 37.122 37.461 4.497 1.786 0.681 -3.13
48 291 3 190.866 20.106 38.051 0.771 0.621 1.335 1.36
48 293 1 143.033 33.387 37.522 3.31 0.97 0.824 -3.118
48 294 1 186.597 71.225 37.234 0.259 0.281 0.338 -0.089
48 295 1 199.833 44.581 37.337 0.196 0.189 0.479 0.002
48 303 5 165.234 21.087 37.782 0.673 0.931 1.308 -3.105
48 305 1 182.627 73.319 37.205 0.256 0.273 0.338 -0.413
48 306 1 147.838 26.838 37.552 2.878 0.405 1.062 3.118
49 4 1 184.91 59.581 37.86 4.264 1.805 1.502 0.018
49 6 2 174.401 60.515 38.656 12.861 2.698 2.49 0.049
49 14 1 194.44 61.695 37.996 4.058 1.797 1.252 -0.01
49 16 1 206.335 68.04 37.795 4.036 2.118 1.625 -0.038
49 20 2 171.433 55.139 38.622 12.566 2.769 2.854 0.069
49 23 1 210.876 71.915 37.666 3.943 2.01 1.451 -0.023
49 25 1 223.715 75.261 37.628 2.349 1.64 1.492 0.046
49 31 1 199.18 68.69 37.842 4.27 2.126 1.694 -0.003
49 32 1 210.385 65.534 37.709 3.969 1.866 1.311 -0.012
49 113 4 221.706 79.202 37.756 1.562 0.634 1.281 0.025
49 137 4 188.259 66.022 37.83 1.917 0.644 1.513 0.023
49 212 5 226.498 58.222 38.163 1.203 1.519 0.507 3.043
49 214 1 240.338 56.818 38.736 6.638 1.992 1.411 3.022
49 215 5 213.623 56.749 37.818 2.807 1.61 1.481 3.042
49 241 4 207.369 48.246 37.869 1.533 0.687 1.689 3.134
49 243 1 184.353 34.524 37.869 1.587 0.632 1.516 -2.52
49 244 1 194.225 51.309 37.845 5.106 1.734 1.487 -3.059
49 248 1 166.34 89.516 37.159 1.589 1.61 0.992 -1.511
49 254 3 174.639 70.284 37.842 0.451 0.833 1.734 -3.133
49 256 1 183.871 46.995 37.941 4.406 1.932 1.458 -3.01
49 260 1 153.513 63.112 37.59 2.594 0.683 1.191 1.411
49 262 3 190.865 14.831 37.731 0.26 0.399 1.242 -1.577
49 265 5 188.026 70.746 37.24 0.308 0.335 0.397 -0.138
49 267 4 165.829 65.451 37.695 1.634 0.714 1.483 2.435
49 273 1 206.664 52.381 37.885 2.994 1.212 1.169 3.134
49 274 5 189.447 70.237 37.323 0.305 0.28 0.405 -0.138
49 277 4 241.629 52.181 37.641 1.265 0.365 1.06 3.008
49 279 1 175.288 19.771 38.001 0.237 0.431 1.145 -3.074
49 281 1 204.63 55.555 37.963 4.447 1.776 1.728 3.131
49 282 4 198.541 44.079 37.449 0.121 0.171 0.339 -0.381
49 283 3 190.726 27.772 38.031 0.527 0.486 1.393 -2.576
49 284 1 247.005 81.752 37.636 2.733 1.5 1.174 0.023
49 286 1 160.436 27.107 37.621 4.214 1.712 1.217 2.808
49 288 1 167.131 38.798 37.526 4.42 1.226 0.702 0.177
49 291 3 190.644 21.494 38.114 0.461 0.338 1.053 1.64
49 293 1 142.612 33.421 37.495 3.805 0.822 0.788 3.109
49 294 1 186.572 71.196 37.216 0.307 0.331 0.392 -0.138
49 295 1 199.788 44.558 37.376 0.199 0.178 0.46 -0.008
49 303 5 165.997 21.454 37.774 0.31 0.359 0.996 -2.929
49 305 1 182.653 73.321 37.198 0.244 0.271 0.322 -0.138
49 306 1 150.99 26.849 37.827 2.698 1.616 0.938 3.137
49 312 4 203.824 42.356 37.983 1.355 0.797 1.481 -0.115
49 314 3 166.158 21 37.936 0.083 0.347 0.615 -2.953
49 324 3 175.681 19.231 37.863 0.685 0.471 1.454 -3.074
49 325 5 149.404 30.891 38.25 1.398 1.03 0.16 3.107
50 4 1 181.627 58.633 37.906 4.39 1.817 1.483 -0.007
50 6 2 171.237 59.517 38.541 12.678 2.647 2.854 0.06
50 14 1 191.337 60.776 37.996 4.211 1.763 1.285 0.066
50 16 1 203.289 67.299 37.836 4.168 2.079 1.629 -0.003
50 20 2 168.227 54.094 38.612 12.034 2.756 2.877 0.059
50 23 1 208.37 71.25 37.677 3.826 1.989 1.457 -0.03
50 25 1 220.721 74.545 37.803 2.282 1.667 1.204 0.032
50 31 1 196.637 68.123 37.857 4.276 2.17 1.631 -0.028
50 32 1 207.012 64.835 37.804 4.178 1.788 1.556 0.016
50 113 4 220.226 78.832 37.899 1.488 0.694 1.611 0.036
50 137 4 185.486 65.216 37.85 1.704 0.723 1.563 -0.046
50 212 5 231.114 58.539 37.902 0.106 0.887 0.058 3.086
50 214 1 245.169 57.042 38.558 6.653 1.819 2.102 2.925
50 215 5 217.709 57.202 37.703 2.74 1.609 1.404 2.987
50 241 4 209.226 48.571 37.825 1.829 0.494 1.658 2.948
50 243 1 185.597 35.403 38.39 0.354 0.631 0.415 -2.341
50 244 1 198.235 52.563 37.834 4.33 1.818 1.443 -3.101
50 248 1 164.146 94.541 37.134 4.104 1.589 1.092 -1.511
50 254 3 175.14 70.428 37.804 0.636 0.743 1.681 -3.129
50 256 1 187.672 48.363 37.901 4.477 1.833 1.511 -3.116
50 260 1 153.074 62.554 37.623 2.98 1.402 1.383 1.277
50 262 3 191.048 14.251 37.909 0.339 0.359 1.105 1.552
50 265 5 188.011 70.73 37.259 0.307 0.217 0.399 -0.248
50 267 4 166.944 65.353 37.726 1.674 0.796 1.459 2.764
50 273 1 211.029 52.995 37.738 2.343 1.739 1.49 3.051
50 274 5 189.405 70.3 37.316 0.301 0.363 0.431 0.216
50 277 4 243.995 52.195 38.204 1.922 0.584 0.345 2.72
50 278 4 197.148 43.369 37.384 0.189 0.181 0.466 -0.604
50 279 1 175.799 20.301 37.799 0.266 0.432 1.441 0.302
50 281 1 208.435 56.426 37.968 4.306 1.755 1.73 3.088
50 282 4 198.531 44.078 37.388 0.207 0.217 0.454 -0.639
50 283 3 191.16 28.245 38.06 0.61 0.673 1.523 -2.346
50 284 1 244.816 81.096 37.926 3.54 1.566 0.707 -0.051
50 286 1 161.82 26.69 37.695 3.757 1.894 1.459 3.013
50 288 1 171.157 40.434 37.661 3.982 1.79 0.991 -3.072
50 291 3 190.22 23.065 38.024 0.862 0.631 1.502 -1.69
50 293 1 142.691 33.172 37.569 4.044 1.156 1.022 -3.139
50 294 1 186.555 71.202 37.227 0.325 0.294 0.451 0.07
50 295 1 199.825 44.625 37.36 0.232 0.156 0.471 -0.134
50 303 5 166.898 21.2 37.723 0.29 0.422 0.897 2.898
50 305 1 182.6 73.337 37.184 0.324 0.226 0.425 -0.057
50 306 1 152.172 27.007 37.949 3.531 1.671 0.622 3.067
50 312 4 203.304 42.213 38.198 1.168 0.631 1.092 -0.335
50 314 3 166.752 21.654 37.838 0.32 0.35 1.231 2.898
50 324 3 176.288 19.72 37.778 0.79 0.5 1.475 0.433
50 325 5 152.521 32.283 37.842 3.59 1.494 1.398 -3.068
50 334 3 164.937 12.327 37.916 0.211 0.464 1.401 1.029
50 337 4 212.816 50.872 37.932 0.876 0.538 1.679 3.082
51 4 1 176.889 57.287 37.881 4.429 1.858 1.534 0.015
51 6 2 166.49 58.048 38.463 12.834 2.632 2.85 0.05
51 14 1 186.965 59.602 38.081 3.965 1.858 1.188 0
51 16 1 199.052 66.162 37.851 4.088 2.142 1.706 -0.043
51 20 2 162.819 52.36 38.525 12.696 2.876 2.935 0.05
51 23 1 204.873 70.419 37.618 3.935 2.081 1.454 -0.043
51 25 1 216.498 73.635 37.578 1.719 1.801 1.302 0
51 31 1 193.216 67.453 37.879 4.301 2.153 1.672 -0.043
51 32 1 202.287 63.652 37.815 4.012 1.938 1.519 -0.043
51 113 4 217.826 78.282 38.024 1.269 0.579 1.783 0.033
51 137 4 181.397 64.021 37.874 1.793 0.831 1.586 0.047
51 215 5 223.561 58.121 38.126 2.334 1.125 0.501 2.965
51 241 4 211.42 48.935 38.396 0.506 0.311 0.519 2.927
51 243 1 187.883 37.363 37.814 1.498 0.921 1.544 -2.586
51 244 1 203.644 53.922 37.808 4.116 1.721 1.443 3.101
51 248 1 161.538 100.207 37.17 3.825 1.618 0.982 -1.442
51 254 3 176.086 70.528 37.853 0.704 0.571 1.79 2.815
51 256 1 194.773 50.231 37.869 4.536 1.834 1.528 3.142
51 260 1 153.121 61.677 37.609 4.114 1.444 1.55 1.237
51 265 5 187.982 70.772 37.315 0.277 0.283 0.309 -0.002
51 267 4 168.21 65.457 37.759 1.699 0.759 1.546 -3.095
51 273 1 217.851 54.06 37.752 2.084 1.79 1.499 2.967
51 274 5 189.378 70.333 37.302 0.312 0.389 0.353 -0
51 279 1 176.524 20.999 37.946 0.513 0.465 1.345 -2.611
51 281 1 213.656 57.133 37.866 3.367 1.781 1.51 2.967
51 283 3 191.821 28.739 38.022 0.376 0.657 1.438 -2.055
51 284 1 239.177 79.485 37.452 0.473 1.349 0.378 -0.013
51 286 1 162.701 27.046 37.898 4.571 0.907 1.091 2.696
51 288 1 176.497 42.84 37.835 3.76 1.876 1.462 -2.898
51 291 3 190.364 25.369 38.066 1.194 0.723 1.395 -2.096
51 293 1 142.805 32.853 37.544 4.049 1.916 0.88 3.138
51 294 1 186.527 71.2 37.268 0.298 0.288 0.316 -0.002
51 303 5 167.927 21.312 37.72 0.215 0.466 1.115 -3.142
51 305 1 182.6 73.358 37.256 0.287 0.198 0.302 -0.002
51 306 1 153.787 27.106 37.639 1.843 1.755 1.244 3.002
51 312 4 202.834 41.993 38.124 1.002 0.827 1.351 -0.076
51 314 3 167.876 21.922 38.117 0.25 0.325 0.767 -3.142
51 324 3 176.966 20.241 37.935 0.524 0.813 1.367 -2.385
51 325 5 156.946 34.05 37.989 3.677 1.649 1.804 -3.035
51 334 3 165.047 11.694 37.664 0.328 0.275 1.399 -1.505
51 337 4 216.211 51.527 37.774 1.27 0.543 1.597 3.035
51 343 2 135.599 26.374 39.015 11.493 3.002 1.947 -3.131
51 344 4 143.965 77.917 37.756 0.765 0.589 1.258 1.663
51 346 2 145.83 25.854 38.409 2.695 1.703 2.617 -3.118
51 348 4 145.192 78.297 37.729 1.086 0.461 0.661 1.663
51 352 1 136.701 31.506 37.49 3.203 0.824 0.679 -3.136
51 354 3 178.701 85.431 37.833 0.665 0.567 1.802 -1.536
51 355 1 155.455 38.947 37.621 2.762 0.374 1.066 -3.001
51 357 1 152.558 99.336 37.649 2.546 0.528 1.361 1.605
52 4 1 170.519 55.251 37.943 4.256 1.77 1.469 -0.004
52 6 2 159.974 56.242 38.627 13.184 2.953 2.388 -0.008
52 14 1 181.091 57.867 38.162 3.737 1.718 1.066 -0.003
52 16 1 193.704 64.737 37.894 4.104 2.093 1.662 0.008
52 20 2 155.812 50.294 38.656 12.661 2.831 2.842 0.006
52 23 1 200.073 69.24 37.678 4.019 1.968 1.387 -0.011
52 25 1 211.79 72.459 37.734 2.005 1.553 1.275 -0.011
52 31 1 189.001 66.951 37.871 4.454 2.127 1.672 -0.176
52 32 1 196.312 62.224 37.838 4.051 1.903 1.572 -0.011
52 137 4 175.795 62.38 37.892 1.776 0.909 1.6 -0.018
52 241 4 214.478 49.126 38.128 0.254 0.626 0.459 -0.122
52 243 1 190.275 39.627 37.85 1.551 0.714 1.503 -2.647
52 244 1 211.268 55.454 37.722 4.063 1.781 1.387 3.015
52 248 1 158.713 107.018 37.19 1.281 1.529 0.848 -1.532
52 254 3 177.163 70.648 37.858 0.617 0.496 1.815 -1.538
52 256 1 203.52 52.014 37.789 4.191 1.682 1.473 3.031
52 260 1 153.12 61.237 37.652 4.545 1.366 1.542 1.168
52 265 5 187.923 70.875 37.263 0.23 0.325 0.391 -0.018
52 267 4 169.62 65.473 37.803 1.884 0.835 1.565 2.638
52 273 1 227.977 55.239 37.738 3.438 1.768 1.241 2.995
52 274 5 189.356 70.318 37.313 0.18 0.242 0.315 -0.018
52 278 4 197.179 43.416 37.466 0.192 0.169 0.317 -0.157
52 279 1 177.503 21.71 37.797 0.499 0.406 1.264 -2.953
52 281 1 220.616 57.907 37.853 1.574 1.587 1.62 3.072
52 282 4 198.533 44.168 37.406 0.16 0.131 0.344 -0.044
52 283 3 192.481 29.426 38.003 0.855 0.578 1.44 -2.52
52 286 1 164.401 26.662 37.722 5.032 0.906 1.36 2.514
52 288 1 183.41 45.823 37.936 5.838 1.906 1.426 0.302
52 291 3 190.726 27.634 37.977 1.382 0.803 1.477 0.621
52 293 1 142.698 33.059 37.634 3.953 1.586 1.236 -3.127
52 294 1 186.492 71.335 37.237 0.275 0.303 0.386 -0.009
52 295 1 199.824 44.661 37.316 0.189 0.204 0.414 -0.157
52 303 5 169.313 21.52 37.863 0.223 0.533 1.011 0.05
52 305 1 182.554 73.395 37.203 0.281 0.239 0.402 -0.009
52 306 1 157.907 26.684 37.613 2.277 0.802 1.309 -3.049
52 312 4 201.966 41.64 38.028 1.204 0.695 1.75 0.332
52 314 3 169.291 22.113 37.82 0.769 0.373 1.516 0.026
52 324 3 178.126 21.034 37.876 0.865 0.642 1.472 -2.936
52 325 5 162.691 36.397 38.025 4.018 1.769 1.812 -3.024
52 334 3 164.46 10.649 37.745 0.589 0.465 1.28 1.443
52 337 4 219.998 52.093 37.871 0.642 0.675 1.314 2.985
52 343 2 140.674 27.963 38.926 11.798 2.997 2.235 3.127
52 344 4 144.443 75.656 37.848 0.855 0.805 1.183 1.539
52 346 2 147.343 26.118 38.489 5.897 2.351 2.604 3.127
52 348 4 145.659 76.155 37.529 1.065 0.567 1.445 -1.603
52 352 1 136.66 31.44 37.686 3.325 1.09 0.857 -3.127
52 354 3 178.718 85.483 37.91 0.499 0.488 1.777 -0.039
52 355 1 155.86 38.739 37.772 3.586 1.175 1.531 -2.863
52 357 1 155.056 92.136 37.122 3.501 1.666 1.018 1.61
52 360 4 171.916 12.785 37.865 0.924 0.978 1.204 -1.615
52 361 4 148.932 58.616 37.558 1.411 0.485 1.563 0.816
52 367 4 146.5 57.92 37.528 1.748 0.476 1.527 0.409
53 4 1 164.962 53.369 37.875 4.875 1.829 1.404 0.021
53 6 2 154.576 54.791 38.539 12.984 2.839 2.301 -0.025
53 14 1 176.191 56.27 37.966 3.746 1.753 1.491 -0.01
53 16 1 189.331 63.616 37.94 4.061 2.085 1.651 -0.033
53 20 2 150.337 48.359 38.549 11.742 2.882 2.926 0.002
53 23 1 196.07 68.205 37.738 3.682 1.911 1.461 -0.033
53 25 1 208.12 71.493 37.667 1.816 1.523 1.185 -0.033
53 31 1 185.754 66.833 37.885 4.413 2.086 1.655 -0.287
53 32 1 191.654 60.99 37.856 4.028 1.856 1.493 -0.033
53 137 4 170.951 60.998 37.908 1.85 0.87 1.558 -0.059
53 241 4 217.094 49.57 37.876 0.915 0.522 1.293 2.969
53 243 1 192.151 41.197 38.061 0.993 0.652 1.105 -2.746
53 244 1 217.742 56.298 37.694 4.031 1.738 1.474 2.968
53 248 1 156.258 113.156 37.38 0.277 1.418 0.745 -1.591
53 254 3 177.9 70.905 37.819 0.812 0.779 1.778 2.895
53 256 1 210.912 53.144 37.691 4.211 1.769 1.528 3.01
53 260 1 153.088 61.025 37.704 4.631 1.378 1.412 1.186
53 267 4 170.68 65.226 37.84 1.836 0.987 1.524 2.732
53 273 1 235.792 56.602 37.659 3.272 0.694 0.838 3.024
53 279 1 178.297 22.187 37.921 0.771 0.382 1.434 0.549
53 281 1 226.662 58.506 37.589 0.325 1.473 1.212 2.981
53 283 3 192.998 30.136 38.027 0.387 0.611 1.522 -1.989
53 286 1 165.633 25.882 37.762 4.475 1.209 1.595 2.454
53 288 1 189.436 48.316 37.871 4.745 1.539 1.522 -3.067
53 291 3 191.252 29.626 38.014 1.438 0.567 1.554 1.109
53 293 1 142.654 32.954 37.668 4.458 1.645 1.25 3.141
53 294 1 186.43 71.387 37.206 0.212 0.311 0.33 -0.051
53 295 1 199.774 44.717 37.35 0.251 0.192 0.44 0
53 305 1 182.502 73.462 37.186 0.226 0.279 0.331 -0.05
53 306 1 157.787 27.093 37.654 3.523 1.707 1.588 2.836
53 312 4 201.258 41.425 38.079 1.128 0.922 1.572 3.142
53 314 3 170.444 21.915 37.946 1.101 0.425 1.278 1.66
53 324 3 179.021 21.58 37.911 0.472 0.45 1.429 -0.081
53 325 5 167.173 38.281 38.117 4.063 1.765 1.898 -3.027
53 334 3 164.623 9.622 37.941 0.532 0.566 1.256 -2.774
53 337 4 223.146 52.483 37.79 0.719 0.524 1.151 2.972
53 343 2 144.546 29.058 38.924 11.999 2.986 2.606 -3.135
53 344 4 144.86 74.016 37.725 1.7 0.594 1.599 1.635
53 346 2 150.415 27.028 38.493 4.709 2.299 2.511 -3.125
53 348 4 146.087 74.664 37.645 1.315 0.646 1.316 1.635
53 352 1 136.69 31.164 37.477 3.585 1.652 1.312 3.129
53 354 3 178.705 85.498 37.973 0.377 0.57 1.781 0.247
53 355 1 156.003 38.552 37.773 3.892 1.467 1.448 -2.936
53 357 1 156.51 87.822 37.732 4.97 1.743 1.244 1.581
53 360 4 173.374 16.796 37.825 1.538 0.637 1.392 0.77
53 361 4 148.79 58.631 37.6 1.275 0.744 1.424 0.817
53 367 4 146.751 58.076 37.533 1.623 0.617 1.437 0.33
53 371 2 145.764 107.717 37.62 5.883 2.199 2.179 1.582
53 374 4 188.737 8.593 37.576 1.395 0.733 1.373 -1.157
54 4 1 160.248 51.886 37.893 4.622 1.827 1.466 -0.018
54 6 2 149.631 53.505 38.468 12.839 2.649 2.809 -0.018
54 14 1 172.281 55.018 37.967 4.374 1.793 1.517 -0.024
54 16 1 185.484 62.614 37.921 4.039 2.119 1.72 -0.029
54 20 2 145.071 47.01 38.605 11.921 2.625 3.188 -0.032
54 23 1 192.765 67.357 37.761 3.688 1.952 1.4 -0.091
54 25 1 205.07 70.953 37.788 1.959 1.468 1.105 -0.054
54 31 1 182.884 67.027 37.859 4.437 2.053 1.656 -0.377
54 32 1 187.64 59.904 37.927 4.046 1.924 1.577 -0.029
54 137 4 166.549 59.673 37.905 1.783 0.649 1.594 -0.034
54 241 4 218.719 49.798 37.67 0.947 0.447 1.146 2.948
54 243 1 193.942 42.719 37.941 1.177 0.516 1.377 -2.854
54 244 1 223.205 56.87 37.746 3.345 1.669 1.346 2.978
54 254 3 178.481 71.188 37.846 0.699 0.846 1.684 -2.622
54 256 1 217.081 54.079 37.659 3.949 1.791 1.149 3.02
54 260 1 153.01 60.756 37.691 4.586 1.431 1.563 1.144
54 267 4 171.207 65.018 37.991 1.637 0.681 1.301 2.613
54 279 1 179.187 22.604 37.93 0.643 0.432 1.427 -2.564
54 281 1 234.072 59.431 37.899 3.135 1.113 1.122 3.055
54 283 3 193.386 30.765 38.01 0.541 0.529 1.566 -2.189
54 286 1 164.893 26.14 37.815 2.082 1.152 1.31 2.348
54 288 1 194.667 50.02 37.864 4.779 1.632 1.447 3.137
54 291 3 191.945 31.806 37.994 1.146 0.6 1.638 -2.059
54 293 1 142.725 32.903 37.72 4.038 2.02 1.416 -3.105
54 305 1 182.476 73.521 37.214 0.268 0.312 0.4 0
54 306 1 159.264 27.012 37.694 4.396 1.754 1.428 2.777
54 312 4 200.899 41.207 38.163 0.498 0.553 1.235 -3.047
54 314 3 171.16 22.146 38.146 0.866 0.374 0.999 1.205
54 324 3 179.842 22.054 37.908 0.741 0.475 1.452 -2.579
54 325 5 171.069 40.077 38.131 3.931 1.642 1.962 -3.044
54 337 4 223.563 51.424 37.652 0.539 0.57 0.886 3.058
54 343 2 147.778 30.239 38.593 11.825 2.996 3.066 3.14
54 344 4 145.464 72.66 37.707 1.419 0.526 1.43 1.616
54 346 2 153.35 28.127 38.554 2.779 2.287 2.45 3.14
54 348 4 146.755 73.202 37.721 1.625 0.596 1.403 1.616
54 352 1 136.782 31.092 37.816 3.527 1.838 1.35 3.139
54 354 3 178.646 85.545 38.077 0.56 0.456 1.565 -1.567
54 355 1 156.103 38.525 37.81 3.974 1.723 1.361 -2.9
54 357 1 157.798 84.064 37.56 4.147 1.795 1.691 1.567
54 360 4 175.061 20.278 37.861 1.531 0.847 1.504 -2.352
54 361 4 148.788 58.58 37.566 1.305 0.678 1.382 0.781
54 367 4 146.712 58.045 37.669 1.249 0.63 1.321 0.524
54 371 2 147.397 103.521 38.173 5.924 1.833 2.209 1.613
54 374 4 187.738 12.831 37.736 1.21 0.592 1.411 -1.784
55 4 1 147.383 48.15 37.789 4.14 1.79 1.454 -0.026
55 6 2 137.046 50.297 38.369 12.71 2.788 3.098 -0.041
55 14 1 160.362 51.215 37.926 4.214 1.751 1.463 -0.026
55 16 1 175.879 60.069 37.989 4.015 2.102 1.664 -0.024
55 20 2 131.064 43.248 38.527 11.737 2.81 3.148 -0.04
55 23 1 183.878 65.026 37.765 3.557 1.813 1.451 -0.024
55 25 1 198.41 69.269 38.077 1.581 1.67 0.597 -0.036
55 31 1 175.941 70 37.806 4.495 1.454 1.705 -0.931
55 32 1 177.205 56.836 37.932 4.044 1.893 1.436 0.028
55 137 4 154.633 56.125 37.811 1.528 0.651 1.626 0.002
55 241 4 223.376 50.615 38.026 0.28 0.477 0.672 2.965
55 243 1 198.734 45.828 37.84 1.351 0.389 1.622 -2.949
55 260 1 152.442 59.642 37.721 4.682 1.828 1.502 1.077
55 267 4 171.896 64.825 37.839 1.952 0.659 1.567 2.512
55 279 1 181.137 23.629 37.879 0.365 0.389 1.418 -3.02
55 283 3 194.191 32.12 38.008 0.655 0.402 1.477 -2.781
55 286 1 168.195 22.297 37.808 5.041 1.863 1.522 1.851
55 288 1 206.145 52.942 37.911 0.429 0.911 0.105 -3.118
55 293 1 142.739 32.915 37.685 4.275 1.967 1.395 3.116
55 306 1 162.34 27.247 37.811 2.932 0.723 1.462 2.692
55 312 4 199.281 40.999 38.03 1.187 0.659 1.633 -0.129
55 325 5 181.633 44.651 38.277 3.367 1.639 1.621 -3.091
55 343 2 156.204 33.17 38.866 11.85 3.039 2.903 -3.069
55 344 4 146.147 69.324 37.788 1.476 0.572 1.572 1.382
55 348 4 147.35 69.791 37.792 1.6 0.684 1.586 1.396
55 352 1 136.597 31.197 37.913 3.514 1.913 0.881 3.116
55 354 3 178.593 85.662 37.894 0.393 0.284 1.651 -1.552
55 355 1 155.944 38.525 37.849 4.367 1.769 1.479 -2.917
55 357 1 158.98 79.403 37.443 3.923 1.404 1.24 1.604
55 360 4 173.468 22.673 37.852 0.857 0.996 1.485 -2.813
55 361 4 148.768 58.744 37.964 1.172 0.601 0.824 0.68
55 367 4 146.625 58.118 37.721 1.448 0.664 1.325 0.495
55 371 2 150.63 93.841 37.907 6.068 2.113 2.599 1.604
55 374 4 185.396 19.807 38.195 0.804 0.501 0.51 -1.746
55 402 1 188.139 62.857 37.778 2.823 1.393 1.341 -0.024
55 403 4 180.542 29.065 37.912 1.76 0.683 1.542 -2.599
55 404 5 146.247 27.264 37.365 1.314 0.737 0.485 3.104
55 406 1 208.888 67.175 37.775 3.506 1.941 1.065 -0.024
55 407 2 135.038 26.521 38.176 3.006 1.54 0.882 3.1
56 4 1 142.754 46.802 37.676 4.113 1.778 1.285 -0.021
56 6 2 132.716 49.078 38.263 12.774 2.851 2.772 -0.024
56 14 1 155.99 49.968 37.877 4.318 1.985 1.595 -0.022
56 16 1 172.686 59.181 37.973 4.126 2.098 1.706 -0.045
56 20 2 126.296 42.149 38.269 11.801 2.693 2.829 -0.066
56 23 1 180.691 64.153 37.781 3.542 1.614 1.411 -0.054
56 25 1 196.561 68.68 38.29 0.563 1.303 0.273 -0.034
56 31 1 174.057 72.175 37.77 4.544 1.815 1.681 -1.128
56 32 1 173.572 55.75 37.989 4.095 1.843 1.548 0.034
56 137 4 150.392 55.183 37.795 1.259 0.69 1.549 -0.018
56 243 1 200.174 46.57 37.876 1.26 0.315 1.321 -2.922
56 260 1 152.239 59.205 37.7 4.595 1.841 1.554 1.088
56 267 4 171.969 64.782 37.843 2.147 0.67 1.6 2.454
56 279 1 181.614 23.934 37.917 0.409 0.596 1.492 1.986
56 283 3 194.609 32.624 38.095 0.528 0.468 1.556 -0.444
56 286 1 169.469 20.777 37.864 4.413 0.858 1.478 1.719
56 293 1 142.783 32.96 37.707 4.193 2.068 1.348 -3.139
56 312 4 194.762 37.633 38.012 1.64 0.46 1.28 0.617
56 325 5 185.29 46.118 38.624 3.527 1.599 0.978 -3.066
56 343 2 159.384 34.551 38.671 12.495 3.01 3.041 -3.079
56 344 4 145.938 68.564 37.849 1.83 0.682 1.609 1.232
56 348 4 147.308 68.855 37.782 1.712 0.685 1.594 1.383
56 352 1 136.717 31.165 38.036 3.376 1.976 1.077 -3.106
56 354 3 178.632 85.736 37.861 0.492 0.286 1.437 1.469
56 355 1 155.944 38.48 37.87 4.403 1.828 1.471 -2.927
56 357 1 159.377 78.82 37.655 4.1 1.756 1.633 1.617
56 360 4 174.102 22.795 37.905 0.654 0.811 1.492 -3.036
56 361 4 148.75 58.763 37.954 1.213 0.794 1.067 0.743
56 367 4 146.537 58.163 37.623 1.5 0.768 1.531 0.258
56 371 2 151.638 91.032 37.968 6.068 2.266 2.722 1.573
56 374 4 184.283 20.977 37.881 1.238 0.67 1.424 -0.975
56 402 1 184.798 61.888 37.835 2.425 1.345 1.462 -0.017
56 403 4 182.394 31.905 37.953 1.695 0.676 1.628 -2.521
56 404 5 147.571 27.364 37.518 2.522 1.731 1.284 -3.124
56 406 1 205.282 65.757 37.81 3.633 1.667 1.591 -0.021
56 407 2 138.335 27.514 38.207 3.964 1.55 1.348 3.14
57 4 1 137.92 45.425 37.689 4.143 1.779 1.3 -0.047
57 6 2 128.338 48.082 38.274 12.713 2.66 2.757 -0.03
57 14 1 151.588 48.857 37.893 4.305 1.717 1.522 -0.046
57 16 1 169.353 58.289 38.013 4.086 2.07 1.674 -0.015
57 20 2 121.508 40.974 38.463 11.734 2.822 3.123 -0.054
57 23 1 177.414 63.145 37.782 3.46 1.64 1.4 -0.261
57 25 1 194.59 68.24 38.244 0.708 1.503 0.241 0.072
57 31 1 172.377 74.788 37.66 4.451 1.904 1.556 -1.293
57 32 1 169.835 54.558 38.014 4.024 1.835 1.533 0.025
57 137 4 145.819 54.408 37.753 1.208 0.637 1.574 0.06
57 243 1 201.913 47.156 37.931 0.878 0.411 0.858 -3.017
57 260 1 151.922 58.659 37.755 4.698 1.869 1.526 0.969
57 267 4 171.631 64.858 37.775 0.505 0.492 1.543 -2.671
57 279 1 182.119 24.361 37.983 0.415 0.676 1.616 2.79
57 283 3 194.857 33.044 38.097 0.41 0.366 1.274 -2.402
57 293 1 142.661 33.017 37.728 4.305 1.841 1.406 3.127
57 312 4 195.576 39.1 37.966 1.568 0.536 1.518 -2.359
57 325 5 188.601 47.455 38.477 3.143 1.741 1.19 3.101
57 343 2 162.437 35.843 38.643 12.65 2.892 2.946 -3.054
57 344 4 145.631 67.709 37.94 1.367 0.65 1.524 1.133
57 348 4 147.165 67.694 37.822 1.896 0.607 1.581 1.124
57 352 1 136.599 31.191 38.099 3.687 2.04 1.016 3.064
57 355 1 155.864 38.555 37.891 4.469 1.741 1.414 -2.951
57 357 1 159.494 78.679 37.644 4.293 1.849 1.521 1.614
57 361 4 148.827 58.714 38.04 1.244 0.622 1.006 0.924
57 367 4 146.634 58.242 37.758 1.641 0.642 1.466 0.332
57 371 2 152.34 88.573 37.963 6.155 2.237 2.479 1.624
57 374 4 183.245 21.335 37.876 1.469 0.705 1.342 -0.768
57 402 1 181.41 60.972 37.832 2.608 1.341 1.462 -0.036
57 403 4 184.279 34.714 37.956 0.421 0.779 1.457 -1.009
57 404 5 148.707 27.647 37.65 3.924 2.041 1.428 -3.093
57 406 1 201.955 64.793 37.726 4.551 1.468 1.274 0.029
57 407 2 141.266 28.621 37.929 4.04 1.687 1.909 -3.069
57 420 2 107.725 18.165 38.808 10.597 2.85 2.363 3.051
58 4 1 125.872 42.246 37.626 4.028 1.842 1.3 -0.052
58 6 2 117.948 45.361 38.373 11.742 2.792 2.895 -0.052
58 14 1 140.51 46.047 37.835 4.182 1.761 1.546 -0.052
58 16 1 161.291 55.898 37.956 4.184 2.126 1.684 -0.053
58 20 2 109.951 38.25 38.411 11.753 2.882 2.897 -0.052
58 23 1 169.857 60.934 37.791 3.391 1.302 1.433 -0.191
58 31 1 169.146 81.725 37.571 2.51 1.774 1.665 -1.501
58 32 1 160.521 51.622 37.952 4.228 1.918 1.582 -0.002
58 137 4 134.161 52.025 37.752 1.816 0.691 1.56 -0.052
58 260 1 150.474 56.759 37.785 4.843 2.081 1.523 0.659
58 293 1 142.612 33.15 37.777 4.346 1.799 1.403 -3.134
58 325 5 197.045 50.328 38.497 2.43 1.376 0.527 3.112
58 343 2 170.078 39.333 38.845 12.08 2.596 3.2 -3.029
58 344 4 144.858 65.617 37.904 2.118 0.676 1.661 0.825
58 348 4 145.98 65.141 37.824 1.661 0.795 1.539 0.846
58 352 1 135.994 31.127 38.323 3.022 1.791 0.64 3.103
58 355 1 155.753 38.565 37.896 4.597 1.745 1.464 -2.955
58 357 1 159.318 78.918 37.513 4.289 1.622 1.426 1.594
58 361 4 148.758 58.759 37.938 1.154 0.728 1.262 0.974
58 367 4 146.632 58.267 37.734 1.667 0.743 1.597 0.385
58 371 2 154.09 83.695 38.05 6.027 2.258 2.745 1.594
58 402 1 173.926 58.858 37.845 3.213 1.333 1.324 0.039
58 403 4 189.882 40.821 37.852 1.723 0.699 1.572 -2.814
58 404 5 152.813 29.579 37.728 4.687 1.439 1.459 -3.094
58 406 1 192.164 61.87 37.853 4.426 1.591 1.753 -0.098
58 407 2 147.963 31.307 38.063 4.059 1.807 1.852 -3.086
58 420 2 114.371 19.847 38.963 10.824 2.942 2.63 3.077
58 426 3 164.155 20.718 38.537 0.16 0.377 0.687 1.682
58 431 5 160.155 28.225 38.477 0.343 0.313 0.368 -2.75
58 434 5 162.751 23.792 38.345 0.704 0.693 0.475 2.729
58 435 2 163.222 32.623 38.678 7.297 2.461 2.996 -3.029
58 440 3 119.08 52.759 38.34 0.283 0.333 0.456 -0.067
59 4 1 117.806 40.305 37.621 3.724 1.767 1.326 -0.089
59 6 2 110.154 43.34 38.508 12.67 2.7 3.31 -0.035
59 14 1 132.933 44.215 37.81 4.071 1.731 1.443 -0.098
59 16 1 155.779 54.139 37.93 4.115 2.055 1.65 0.024
59 20 2 102.823 36.725 38.491 9.946 2.659 3.238 -0.099
59 23 1 164.96 59.534 37.779 3.266 1.161 1.283 0.055
59 31 1 166.609 87.607 37.432 3.136 1.742 1.654 -1.494
59 32 1 153.799 49.463 37.9 4.123 1.897 1.483 -0.005
59 137 4 126.667 50.062 37.739 1.339 0.658 1.527 -0.028
59 260 1 148.421 55.024 37.777 4.114 2.102 1.545 0.495
59 293 1 142.601 32.96 37.855 4.443 2.122 1.385 -3.105
59 325 5 202.141 51.659 38.568 0.353 1.465 0.418 2.999
59 343 2 175 41.574 38.942 12.097 2.757 3.385 -3.008
59 344 4 144.104 64.29 37.971 1.852 0.625 1.664 0.791
59 348 4 145.788 63.333 37.875 1.307 0.668 1.623 1.096
59 352 1 136.308 31.29 38.098 3.629 1.868 1.171 3.128
59 355 1 155.657 38.572 37.927 4.475 1.697 1.448 -2.947
59 357 1 159.287 78.963 37.613 4.379 1.702 1.647 1.606
59 361 4 148.754 58.971 37.783 1.704 0.854 1.602 1.079
59 367 4 146.547 58.19 37.749 1.362 0.824 1.663 0.638
59 371 2 154.885 81.318 38.08 6.096 2.169 2.616 1.593
59 402 1 168.753 57.285 37.933 3.306 1.377 1.407 0
59 403 4 194.05 44.685 37.658 1.704 0.411 1.325 -2.762
59 404 5 156.442 31.42 37.757 3.402 0.541 1.173 -2.906
59 406 1 185.138 59.798 38.048 3.866 1.592 1.743 -0.138
59 407 2 153.305 33.546 38.098 4.644 1.796 1.875 -3.047
59 420 2 119.405 21.118 39.008 10.582 3.044 2.893 3.11
59 426 3 164.319 21.607 38.361 0.533 0.331 0.681 -0.029
59 431 5 162.326 28.985 38.26 0.803 0.543 1.007 2.822
59 434 5 163.068 24.078 38.002 1.195 0.586 1.142 2.924
59 435 2 166.361 34.216 38.7 7.809 2.398 3.038 -3.015
59 440 3 119.074 52.631 37.949 0.39 0.537 1.707 1.842
59 445 2 94.152 12.329 38.263 5.494 2.389 2.339 3.038
59 449 5 186.732 67.39 38.244 2.036 1.27 0.33 -0.214
59 451 4 100.065 44.688 37.584 0.766 0.542 1.455 -0.031
60 4 1 108.157 38.084 37.493 2.85 1.63 1.153 -0.025
60 6 2 101.234 41.085 38.198 11.865 2.756 2.933 -0.025
60 14 1 123.1 41.831 37.792 3.968 1.79 1.52 -0.029
60 16 1 149.338 51.823 37.929 3.988 2.08 1.665 0.077
60 20 2 95.766 34.865 38.479 3.691 2.672 3.042 -0.025
60 23 1 158.8 57.342 37.754 3.533 1.756 1.387 0.114
60 32 1 145.084 46.804 37.923 4.258 1.969 1.533 0.05
60 137 4 116.759 47.515 37.68 1.43 0.702 1.557 -0.025
60 260 1 145.067 53.33 37.802 4.156 2.106 1.525 0.167
60 293 1 142.021 33.077 38.245 3.427 1.695 0.605 -3.111
60 343 2 181.355 44.447 38.599 12.097 2.842 3.308 -2.971
60 344 4 143.511 62.515 37.966 1.096 0.419 1.641 0.987
60 348 4 145.273 61.433 37.877 1.381 0.733 1.581 0.8
60 352 1 135.927 31.247 38.277 3.051 1.922 0.847 -3.12
60 355 1 155.586 38.613 37.91 4.386 1.721 1.48 -2.881
60 357 1 159.601 78.257 37.502 2.681 1.803 1.393 1.619
60 361 4 148.758 59.098 37.762 1.742 0.749 1.664 0.961
60 367 4 146.589 58.255 37.718 1.64 0.693 1.576 0.441
60 371 2 155.44 79.563 38.075 5.997 1.96 2.785 1.619
60 402 1 162.422 55.111 38.082 2.018 1.232 0.82 0.226
60 404 5 159.238 32.165 37.859 3.311 1.719 1.447 -3.005
60 406 1 176.662 56.887 37.968 4.505 1.455 1.752 0.137
60 407 2 159.619 36.393 38.58 3.866 1.671 1.106 -2.975
60 420 2 125.938 23.329 39.004 10.786 2.897 3.003 -3.139
60 426 3 165.625 21.331 38.022 0.631 0.69 1.357 -3.133
60 431 5 164.878 30.095 38.499 0.326 0.622 0.664 2.115
60 434 5 163.519 24.283 38.345 0.98 0.572 0.763 -2.891
60 435 2 170.488 36.546 38.622 7.791 2.313 2.954 -2.881
60 440 3 118.961 52.755 38.252 0.712 0.591 1.338 0
60 445 2 106.845 15.101 38.335 5.844 2.474 2.177 3.073
60 449 5 182.762 68.001 38.277 2.268 1.211 0.356 -0.484
60 451 4 97.083 43.886 37.513 0.693 0.608 1.382 0
60 456 3 115.177 50.095 37.888 0.491 0.597 1.644 2.214
61 4 1 97.261 35.787 37.506 0.275 0.479 0.536 0.179
61 6 2 89.426 37.907 38.316 12.171 2.884 3.235 -0.015
61 14 1 110.912 39.062 37.732 3.496 1.815 1.501 -0.023
61 16 1 141.64 49.245 37.915 4.031 2.023 1.629 0.021
61 20 2 83.305 32.059 38.647 4.008 2.588 3.181 -0.034
61 23 1 151.615 55.049 37.743 3.517 1.926 1.434 0.021
61 32 1 135.075 43.995 38.067 4.218 2.026 1.871 -0.036
61 137 4 105.157 44.471 37.574 1.527 0.656 1.446 -0.023
61 260 1 139.17 51.504 37.795 4.159 2.086 1.467 0.008
61 293 1 141.847 33.208 38.189 3.11 1.716 0.685 -3.122
61 343 2 188.538 47.803 38.545 10.111 2.944 3.383 -3.036
61 344 4 142.609 61.255 38.016 1.448 0.639 1.643 0.943
61 352 1 135.923 31.218 38.265 3.574 1.856 0.892 -3.111
61 355 1 155.513 38.64 37.868 4.227 1.785 1.435 -2.927
61 361 4 148.651 59.278 37.674 1.553 0.55 1.426 -2.139
61 367 4 146.683 57.828 37.682 1.207 0.563 1.554 1.254
61 371 2 156.09 77.921 38.599 4.442 1.981 1.3 -1.532
61 402 1 155.163 52.492 38.116 1.684 1.221 0.684 0.021
61 404 5 163.158 33.999 37.616 0.784 1.402 0.843 -2.928
61 406 1 166.193 53.207 38.011 4.557 1.843 1.618 0.119
61 407 2 166.766 39.854 38.173 2.866 1.609 1.747 -3.006
61 420 2 135.204 26.337 38.796 11.673 2.953 2.674 -3.08
61 426 3 167.912 23.745 38.444 0.38 0.149 0.246 -2.383
61 431 5 168.085 31.149 37.847 0.561 0.632 1.426 2.412
61 434 5 164.519 25.089 37.91 1.675 0.539 1.072 -2.749
61 435 2 176.271 39.975 38.985 7.997 2.233 2.204 -2.879
61 440 3 118.987 52.821 38.038 0.586 0.65 1.809 2.313
61 445 2 121.219 18.796 38.397 5.984 2.183 2.354 3.11
61 449 5 177.321 70.736 37.668 3.877 1.867 1.51 -0.907
61 451 4 93.379 42.9 37.623 1.295 0.622 1.462 0.001
61 456 3 115.08 50.198 37.913 0.549 0.556 1.616 1.583
61 467 5 114.013 21.449 37.988 1.856 0.434 0.43 3.128
61 470 5 104.877 19.503 37.956 1.026 1.14 0.523 -3.08
62 4 1 92.158 34.281 37.69 0.145 1.005 0.022 0.082
62 6 2 84.695 36.686 38.405 11.845 2.707 3.166 -0.008
62 14 1 105.569 37.799 37.681 3.835 1.728 1.512 -0.051
62 16 1 137.995 48.25 37.877 4.137 2.05 1.682 -0.015
62 20 2 79.838 31.21 38.357 0.442 2.792 2.674 -0.044
62 23 1 148.748 54.265 37.653 3.508 1.876 1.496 -0.005
62 32 1 131.116 43.03 38.053 4.067 1.963 1.843 -0.031
62 137 4 100.569 43.252 37.563 1.383 0.6 1.467 -0.009
62 260 1 136.238 50.721 37.792 4.327 2.063 1.498 0.008
62 293 1 141.696 32.865 38.342 2.841 1.69 0.493 -3.137
62 344 4 142.277 60.714 38.014 1.464 0.727 1.624 0.73
62 352 1 135.661 31.324 38.286 3 1.754 0.819 -3.112
62 355 1 155.511 38.653 37.832 4.167 1.792 1.477 -2.946
62 361 4 148.79 59.472 37.828 1.188 0.611 1.378 0.814
62 367 4 146.983 57.597 38.266 0.356 0.434 0.551 -3.128
62 371 2 156.889 76.107 38.738 1.067 1.651 1.135 1.657
62 402 1 152.123 51.291 37.702 2.171 0.851 1.071 0.321
62 404 5 165.657 34.935 37.907 0.182 0.978 0.566 -2.97
62 406 1 161.995 51.851 38.058 4.826 1.639 1.919 0.057
62 407 2 169.392 41.431 38.964 1.586 1.362 0.428 -2.78
62 420 2 139.046 27.806 39.003 11.707 2.717 2.5 -3.09
62 426 3 169.183 24.541 37.949 1.304 0.359 0.839 -3.089
62 431 5 169.737 31.884 38.113 1.03 0.253 1.265 -3.064
62 434 5 165.225 25.412 37.885 1.322 0.393 1.125 -3.12
62 435 2 178.653 41.566 38.914 7.928 2.279 2.263 -2.865
62 440 3 118.995 52.783 37.996 0.378 0.606 1.824 1.739
62 445 2 126.238 20.162 38.477 5.05 2.18 2.364 -3.136
62 449 5 175.591 72.238 37.708 3.937 1.663 1.204 -0.956
62 451 4 91.623 42.376 37.481 1.508 0.621 1.588 -0.006
62 456 3 115.053 50.226 37.938 0.445 0.554 1.702 1.475
62 467 5 118.227 22.153 37.938 3.807 1.485 0.658 3.098
62 470 5 107.996 20.178 37.971 2.216 1.318 0.56 3.121
62 472 4 142.986 59.213 37.98 1.094 0.545 1.414 0.423
63 4 1 87.174 32.751 37.612 0.101 0.475 0.064 -0.042
63 6 2 79.715 35.386 38.365 11.809 2.628 3.191 -0.015
63 14 1 100.462 36.625 37.688 3.494 1.654 1.518 -0.067
63 16 1 134.033 47.185 37.897 4.09 2.015 1.632 -0.058
63 20 2 72.91 29.666 38.419 3.791 2.651 3.086 -0.058
63 23 1 145.929 53.434 37.687 3.428 1.982 1.367 -0.058
63 32 1 127.342 42.115 37.88 4.091 1.92 1.515 -0.025
63 137 4 95.887 41.86 37.531 1.501 0.708 1.38 -0.058
63 260 1 132.792 49.825 37.74 4.05 2.069 1.539 -0.017
63 293 1 141.638 33.047 38.263 2.936 1.377 0.587 3.116
63 344 4 141.821 60.164 38.067 1.58 0.59 1.455 0.67
63 352 1 135.817 31.291 38.367 3.049 1.683 0.677 3.116
63 355 1 155.514 38.758 37.954 4.105 1.54 1.158 -2.902
63 361 4 148.72 59.276 38.167 0.548 0.625 0.509 0.803
63 367 4 147.53 57.425 38.237 0.55 0.656 0.457 -0.054
63 402 1 148.594 50.227 37.734 2.213 1.378 1.325 -0.058
63 406 1 157.56 50.347 38.047 4.297 1.73 1.484 0.008
63 407 2 173.21 43.63 38.295 3.436 1.282 1.144 -2.815
63 420 2 143.432 29.343 39.154 10.84 2.695 2.658 -3.073
63 426 3 171.123 25.564 38.155 0.789 0.434 1.387 3.142
63 431 5 170.949 32.435 38.487 0.57 0.35 0.459 -2.874
63 434 5 166.048 25.678 38.036 0.571 0.197 0.319 2.991
63 435 2 181.938 43.977 38.446 9.756 1.685 2.888 -2.826
63 440 3 118.953 52.864 38.011 0.475 0.513 1.729 1.965
63 445 2 132.28 21.813 38.516 6.738 2.44 2.217 -3.139
63 451 4 90.694 42.13 37.527 0.824 0.411 1.479 -0.001
63 456 3 115.057 50.226 37.945 0.45 0.55 1.676 1.608
63 467 5 121.633 23.203 37.928 3.728 1.531 0.838 3.116
63 470 5 110.59 20.813 37.958 2.901 1.45 0.468 3.116
63 472 4 142.455 58.864 37.921 1.144 0.671 1.427 0.063
63 477 3 65.369 35.925 37.564 0.367 0.325 1.483 0
64 6 2 73.664 33.875 38.335 11.859 2.581 3.223 -0.015
64 14 1 94.837 35.323 37.679 2.126 1.656 1.467 -0.065
64 16 1 128.897 46.016 37.877 4.102 2.074 1.62 -0.049
64 20 2 68.089 28.463 38.502 0.475 2.679 2.549 -0.033
64 23 1 141.471 52.358 37.666 1.758 1.433 1.249 -0.009
64 32 1 122.789 41.016 37.85 4.127 1.935 1.522 -0.026
64 137 4 90.464 40.294 37.604 1.168 0.575 1.576 0.026
64 260 1 128.373 48.719 37.774 4.095 2.049 1.513 -0.009
64 293 1 141.509 33.159 38.246 2.647 1.404 0.431 -3.081
64 344 4 141.105 59.522 38.172 0.452 0.716 1.404 0.002
64 352 1 135.471 31.324 38.33 2.498 1.45 0.61 -3.121
64 355 1 155.45 38.788 37.803 3.906 1.638 0.937 -2.881
64 361 4 148.61 59.346 38.086 0.687 0.728 0.372 0.009
64 367 4 148.176 57.687 38.074 0.794 0.491 0.558 -0.038
64 402 1 143.831 48.674 37.725 2.451 1.415 1.272 -0.009
64 406 1 152.609 48.811 37.951 4.545 1.523 1.623 0.053
64 420 2 148.125 31.071 39.256 10.672 2.698 2.885 -3.058
64 440 3 118.887 52.919 37.977 0.441 0.613 1.701 1.581
64 445 2 138.221 23.768 38.536 5.609 2.077 2.146 -3.121
64 451 4 88.57 41.67 37.555 0.913 0.626 1.512 -0.033
64 456 3 115.014 50.301 37.963 0.603 0.628 1.685 1.667
64 467 5 125.86 24.373 38.048 4.517 1.685 0.734 -3.121
64 470 5 113.909 21.721 37.633 3.686 1.72 1.279 3.063
64 472 4 141.772 58.607 37.943 0.774 0.523 1.585 0.002
64 477 3 62.839 35.294 37.504 0.584 0.511 1.674 -0.044
65 6 2 67.784 32.365 38.246 11.772 2.636 3.137 0.009
65 14 1 88.569 33.893 37.665 2.263 1.909 1.546 0.014
65 16 1 123.289 44.719 37.816 4.047 2.116 1.648 -0.03
65 20 2 59.922 26.603 38.389 3.764 2.701 3.004 0.04
65 23 1 137.671 51.402 37.848 2.202 1.508 1.123 -0.03
65 32 1 118.162 39.913 37.822 4.121 1.98 1.573 0.035
65 137 4 84.735 38.742 37.514 1.603 0.655 1.385 0.007
65 260 1 123.671 47.559 37.737 4.359 2.107 1.577 -0.03
65 293 1 141.802 33.16 38.307 2.089 1.672 0.474 -3.081
65 344 4 140.213 59.351 38.17 0.503 0.573 1.18 -0.003
65 352 1 135.367 31.34 38.339 2.188 1.416 0.617 -3.135
65 355 1 155.217 39.3 37.854 4.003 0.504 0.641 -2.867
65 361 4 148.716 59.571 37.949 0.37 0.468 0.627 0.051
65 367 4 148.538 57.957 37.664 0.804 0.704 1.349 -0.028
65 402 1 139.068 47.309 37.647 3.219 1.566 1.207 -0.03
65 406 1 147.689 47.276 38.056 4.558 1.766 2.035 0.067
65 420 2 152.831 32.968 39.308 10.717 2.687 2.793 -3.051
65 440 3 118.841 52.902 38.02 0.481 0.682 1.713 -2.176
65 445 2 142.662 25.08 38.609 5.402 2.264 2.247 -3.119
65 451 4 86.676 41.423 37.493 1.422 0.647 1.441 0.007
65 456 3 115.089 50.357 37.932 0.553 0.792 1.667 1.655
65 467 5 130.062 25.541 38.106 2.7 1.478 0.611 3.129
65 470 5 118.141 22.55 38.12 1.185 1.431 0.404 3.13
65 472 4 141.28 58.323 38.212 0.519 0.505 0.787 0.01
65 477 3 60.514 34.674 37.493 0.698 0.548 1.29 0.024
65 479 5 150.281 51.921 37.544 0.279 0.494 0.272 -3.097
65 484 5 53.119 32.956 37.581 0.422 0.418 0.836 0.023
66 6 2 63.5 31.409 38.288 10.185 2.654 3.087 0.002
66 14 1 83.483 32.655 37.663 2.144 1.748 1.408 -0.093
66 16 1 118.354 43.612 37.822 4.04 2.056 1.636 0.012
66 20 2 54.376 25.354 38.557 3.873 2.649 2.665 0.017
66 23 1 134.543 50.432 38.216 0.73 1.473 0.301 3.085
66 32 1 114.221 39.007 37.842 4.099 1.887 1.535 -0.007
66 137 4 80.159 37.562 37.468 1.225 0.603 1.426 -0.071
66 260 1 119.634 46.642 37.729 4.326 2.094 1.556 -0.011
66 293 1 141.752 33.266 38.317 1.565 1.382 0.252 3.13
66 344 4 139.491 59.194 38.097 0.226 0.293 0.888 -0.044
66 352 1 135.301 31.391 38.313 2.078 1.443 0.576 -3.137
66 361 4 148.646 59.494 37.76 0.431 0.698 0.933 -3.095
66 367 4 149.167 58.14 37.788 0.815 0.479 0.948 -3.095
66 402 1 134.571 46.225 37.692 2.98 1.738 1.099 0.003
66 406 1 143.551 46.268 38.035 4.47 1.687 1.668 0.072
66 420 2 156.659 34.483 39.363 10.67 2.758 2.479 -3.019
66 440 3 118.825 53.041 38.03 0.598 0.438 1.696 2.062
66 445 2 145.649 25.959 38.742 4.506 2.023 2.04 3.141
66 451 4 84.841 41.034 37.533 1.648 0.595 1.474 -0.071
66 456 3 114.991 50.333 37.912 0.502 0.5 1.645 1.598
66 472 4 140.622 58.034 38.406 0.442 0.458 0.736 -0.058
66 477 3 58.243 34.215 37.523 0.456 0.423 1.262 -0.075
66 479 5 148.064 51.486 37.339 2.766 1.304 0.672 -0.032
66 484 5 51.067 32.607 37.498 0.377 0.589 1.087 -0.023
67 6 2 57.503 29.989 38.151 11.682 2.66 3.104 0.002
67 14 1 77.839 31.287 37.568 3.16 1.757 1.417 0.006
67 16 1 113.03 42.402 37.814 4.036 2.003 1.675 0.006
67 20 2 48.791 23.997 38.352 3.867 2.717 3 0.006
67 23 1 130.979 49.297 38.39 0.164 1.164 0.052 0.097
67 32 1 110.267 38.087 37.82 4.106 1.886 1.526 0.006
67 137 4 75.349 36.425 37.519 1.087 0.692 1.573 0.058
67 260 1 115.498 45.72 37.69 4.063 1.962 1.51 0.006
67 352 1 135.564 31.574 38.266 2.557 1.482 0.517 -3.08
67 361 4 148.746 59.528 37.593 1.166 1.17 1.326 0.1
67 367 4 149.884 58.499 37.883 0.314 0.534 0.793 0.102
67 402 1 130.39 45.063 37.645 3.234 1.372 1.289 0.054
67 406 1 139.429 45.378 37.999 4.376 1.469 1.835 0.006
67 420 2 160.396 36.075 39.26 10.465 2.57 2.585 -3.001
67 440 3 118.832 53.093 38.01 0.54 0.555 1.571 -3.059
67 445 2 148.84 26.879 38.78 4.898 2.133 1.599 -3.124
67 451 4 83.504 40.718 37.524 1.865 0.55 1.533 0.058
67 456 3 114.924 50.409 37.93 0.471 0.526 1.608 1.724
67 477 3 56.268 33.777 37.608 0.555 0.46 1.496 0.105
67 479 5 143.577 50.038 37.423 0.935 0.951 0.575 0.044
67 484 5 48.982 32.237 37.394 0.591 0.55 1.052 -0.72
68 6 2 50.087 28.229 38.417 11.916 2.777 2.994 0.006
68 14 1 70.473 29.574 37.542 3.169 1.876 1.249 0.054
68 16 1 105.058 40.687 37.791 4.031 2.098 1.677 -0.04
68 20 2 41.225 22.408 38.126 3.08 2.635 2.782 -0.047
68 23 1 124.448 47.298 37.851 2.151 1.851 1.182 0.035
68 32 1 104.685 36.782 37.806 4.111 1.929 1.548 -0.013
68 137 4 68.573 34.867 37.446 1.157 0.625 1.435 0.092
68 260 1 109.792 44.542 37.674 3.738 1.643 1.482 -0.083
68 352 1 135.225 31.997 38.309 1.198 0.286 0.503 -3.132
68 402 1 124.661 43.512 37.818 3.249 1.498 1.13 0.035
68 406 1 133.236 43.753 38.196 3.58 1.614 1.434 -0.011
68 440 3 118.781 53.119 38.031 0.392 0.461 1.637 0.038
68 445 2 152.131 27.825 39.064 3.869 1.425 1.101 3.119
68 451 4 81.075 40.216 37.572 1.766 0.683 1.61 0.042
68 456 3 114.893 50.473 37.943 0.473 0.504 1.573 0.073
68 477 3 53.397 33.092 37.609 0.62 0.558 1.323 0.041
68 479 5 138.069 48.55 37.408 0.71 0.944 0.567 0.003
68 484 5 46.175 31.841 37.515 0.709 0.594 1.293 0.005
69 6 2 39.804 25.581 38.176 12.033 2.832 3.002 0.042
69 14 1 60.681 27.309 37.402 1.474 1.773 1.256 0.042
69 16 1 92.644 38.28 37.761 4.039 2.018 1.679 -0.046
69 20 2 29.129 19.973 38.254 4.022 2.705 3.062 0.042
69 23 1 115.669 45.026 37.576 2.076 1.989 1.196 0.048
69 32 1 96.442 34.847 37.78 4.148 1.939 1.528 0.048
69 137 4 58.953 32.511 37.381 1.125 0.675 1.286 0.042
69 260 1 102.187 42.145 37.695 3.699 1.772 1.41 0.048
69 402 1 116.357 41.479 37.658 2.534 1.649 1.196 0.048
69 406 1 125.036 41.925 38.06 3.531 1.48 1.196 0.048
69 440 3 118.715 53.226 38.121 0.354 0.52 1.452 -2.994
69 451 4 77.947 39.476 37.593 1.809 0.692 1.576 0.042
69 456 3 114.868 50.598 38.035 0.417 0.603 1.33 -2.994
69 477 3 49.194 32.282 37.783 0.459 0.58 1.266 -0.001
69 479 5 129.676 46.361 37.409 0.725 0.99 0.58 0.015
69 484 5 41.975 31.159 37.576 0.469 0.443 0.904 -0.001
69 493 3 30.259 26.859 37.595 0.355 0.457 1.237 -0.331
70 6 2 34.867 24.438 38.404 11.956 2.688 3.028 0.033
70 14 1 54.977 25.928 37.435 2.162 1.637 1.22 -0.007
70 16 1 86.279 37.114 37.711 4.027 2.113 1.657 -0.04
70 20 2 24.799 19.67 38.519 0.398 3.52 2.127 -0.015
70 23 1 111.578 43.987 37.603 2.2 1.801 1.142 0.023
70 32 1 92.301 33.861 37.769 4.038 1.941 1.559 0.023
70 137 4 53.94 31.288 37.512 1.477 0.625 1.613 0.036
70 260 1 97.562 41.004 37.633 4.209 2.099 1.507 0.023
70 402 1 112.374 40.546 37.682 2.323 1.575 1.147 0.023
70 406 1 121.053 40.881 38.071 3.575 1.449 1.229 0.023
70 440 3 118.708 53.268 38.068 0.324 0.355 1.165 0.012
70 451 4 76.311 38.974 37.603 1.819 0.844 1.66 0.012
70 456 3 114.847 50.682 38.258 0.396 0.396 0.87 -0
70 477 3 46.991 31.833 37.551 1.312 0.504 1.629 -0.015
70 479 5 125.299 45.32 37.432 0.772 0.883 0.532 0.023
70 484 5 39.962 30.791 37.987 0.414 0.279 0.547 0.036
70 493 3 28.004 26.261 37.56 0.291 0.508 1.161 0.035
71 6 2 24.669 22.175 38.389 3.913 2.687 2.875 -0.012
71 14 1 40.019 22.422 37.315 1.169 1.594 0.822 -0.012
71 16 1 68.784 33.418 37.704 4.024 1.819 1.619 -0.013
71 23 1 99.646 40.887 37.669 2.444 1.959 1.304 -0.022
71 32 1 80.274 31.186 37.726 3.657 1.969 1.55 -0.022
71 137 4 40.545 28.104 37.496 1.071 0.591 1.426 -0.012
71 260 1 84.51 37.295 37.631 4.117 2.095 1.542 0.013
71 402 1 101.493 37.855 37.577 2.411 1.419 1.019 -0.022
71 406 1 110.01 38.332 38.147 3.784 1.344 1.326 -0.022
71 451 4 72.015 38.058 38.136 0.396 0.548 0.518 0.021
71 477 3 41.117 30.693 37.634 1.696 0.6 1.715 -0.012
71 479 5 113.368 42.412 37.26 0.434 0.802 0.506 -0.022
71 484 5 34.429 29.043 37.461 0.843 0.651 1.477 0.013
71 493 3 21.445 24.73 37.363 0.438 0.522 1.296 -0.046
72 6 2 18.394 20.766 38.278 4.104 2.847 3.207 -0.011
72 14 1 33.182 20.787 37.446 1.062 1.617 1.216 -0.011
72 16 1 61.411 31.652 37.729 4.128 1.885 1.582 0
72 23 1 93.992 39.395 37.657 2.234 1.693 1.252 -0.002
72 32 1 75.111 30.1 37.686 3.817 2.013 1.571 -0.002
72 137 4 34.607 26.726 37.516 1.635 0.613 1.517 0.072
72 260 1 78.391 35.734 37.564 3.974 2.111 1.536 0.012
72 402 1 96.734 36.846 37.468 2.268 1.592 1.072 0.031
72 406 1 105.084 37.233 38.037 3.461 1.401 1.338 -0.002
72 451 4 69.905 37.772 37.583 1.779 0.792 1.569 0.018
72 477 3 38.766 30.131 37.579 1.603 0.566 1.717 0.072
72 479 5 108.69 41.212 37.377 0.48 0.724 0.603 -0.002
72 484 5 31.816 28.3 37.415 1.766 0.812 1.471 0.043
72 493 3 18.709 24.181 37.448 0.523 0.63 1.425 -0.027
73 6 2 6.733 18.105 38.342 6.882 2.693 2.762 0
73 14 1 20.991 17.739 37.469 1.342 1.595 1.131 0
73 16 1 49.426 28.624 37.65 3.859 2.025 1.663 0
73 23 1 84.188 36.883 37.527 2.096 1.749 1.427 0
73 32 1 66.437 28.104 37.664 4.005 1.991 1.534 0
73 137 4 25.199 24.377 37.537 1.547 0.663 1.566 -0
73 260 1 68.039 33.255 37.584 4.264 2.1 1.495 0
73 402 1 88.539 34.864 37.549 2.521 1.522 1.363 0
73 406 1 97.198 35.457 38.07 3.588 1.581 1.122 -0.023
73 451 4 66.574 37.03 37.533 1.685 0.756 1.581 0.05
73 477 3 34.589 29.014 37.574 1.895 0.58 1.732 0
73 479 5 101.509 39.453 37.247 0.649 0.398 0.617 0
73 484 5 27.691 27.318 37.409 1.719 0.727 1.388 0
73 493 3 13.889 23.139 37.634 0.715 0.379 1.328 0
