0 1 4 157.39 528.256 37.284 1.06 0.752 1.305 -3.088
0 3 1 154.448 533.207 37.164 1.207 1.692 0.788 -0.008
0 4 1 81.239 515.633 37.538 3.406 1.955 1.071 0.03
0 5 1 154.322 529.823 37.395 1.443 1.842 1.269 -0.029
0 8 1 117.388 525.621 37.76 4.769 2.097 1.933 -0.009
1 1 4 155.795 528.017 37.364 1.098 0.863 1.497 3.099
1 3 1 160.862 534.599 37.136 1.035 1.732 0.838 -0.014
1 4 1 88.398 517.316 37.579 2.263 2.2 1.563 -0.009
1 5 1 159.06 530.86 37.349 2.086 1.772 1.464 -0.039
1 8 1 124.13 527.185 37.702 4.635 1.947 1.775 -0.021
2 1 4 154.144 527.52 37.4 0.954 0.814 1.408 -3.133
2 3 1 167.402 536.029 37.139 1.074 1.78 0.787 0.003
2 4 1 94.826 518.591 37.626 3.475 2.02 1.434 0.02
2 5 1 163.468 531.885 37.541 2.117 1.732 1.151 0.02
2 8 1 130.94 528.733 37.686 4.573 1.943 1.791 -0.017
2 9 5 158.371 528.5 37.405 0.463 0.347 1.178 3.127
2 10 1 68.342 511.524 37.483 1.126 1.637 0.846 0
3 1 4 152.414 527.133 37.368 0.994 0.806 1.522 3.081
3 3 1 173.64 537.377 37.251 0.433 1.541 0.522 0.024
3 4 1 101.548 520.09 37.421 3.824 2.023 1.277 -0.008
3 5 1 167.871 532.803 37.389 2.111 2.032 1.552 -0.01
3 8 1 137.707 530.204 37.684 4.402 1.881 1.775 -0.014
3 9 5 156.454 528.075 37.331 1.047 0.61 1.348 -3.11
3 10 1 74.621 512.959 37.704 1.869 1.701 0.906 -0.001
4 1 4 150.769 526.65 37.426 1.377 0.801 1.525 3.142
4 3 1 180.241 538.712 37.309 0.294 1.384 0.232 0
4 4 1 108.518 521.636 37.614 3.762 1.994 1.486 3.142
4 5 1 172.272 533.647 37.468 2.097 1.802 1.394 0
4 8 1 144.568 531.732 37.671 4.461 1.869 1.809 -0.007
4 9 5 154.753 527.698 37.374 1.324 0.671 1.454 3.142
4 10 1 81.839 514.33 37.484 1.109 1.817 0.847 3.142
4 11 4 163.726 528.272 37.786 0.552 0.451 0.713 3.124
4 12 4 169.744 528.302 37.634 1.025 0.231 1.043 2.879
5 1 4 149.142 526.174 37.492 1.835 0.799 1.565 3.142
5 3 1 187.216 540.106 37.1 0.896 1.609 0.566 -0.017
5 4 1 115.504 523.322 37.61 3.761 2.116 1.607 0
5 5 1 176.603 534.554 37.422 2.067 1.831 1.497 -0.04
5 8 1 151.415 533.249 37.674 4.417 1.793 1.747 -0.007
5 9 5 153.02 527.243 37.427 1.664 0.714 1.471 3.142
5 10 1 88.901 515.422 37.18 0.676 0.898 0.652 0
5 11 4 161.782 528.35 37.41 1.369 0.685 1.47 3.142
5 12 4 168.223 528.354 37.678 0.255 0.317 1.103 2.849
5 15 5 163.523 549.756 37.428 1.177 1.028 0.423 0
6 1 4 147.011 525.554 37.503 1.141 0.564 0.86 2.998
6 3 1 193.649 541.454 37.296 0.294 1.47 0.446 -0.085
6 4 1 122.672 524.939 37.576 3.891 2.125 1.535 -0.029
6 5 1 180.732 535.416 37.388 1.794 1.746 1.325 0.115
6 8 1 158.266 534.872 37.681 4.315 2.063 1.812 0.014
6 9 5 151.328 526.746 37.46 1.726 0.808 1.473 -3.104
6 10 1 95.895 517.162 37.469 0.422 1.703 0.594 -0.044
6 11 4 159.698 528.387 37.451 0.982 0.664 1.486 2.838
6 12 4 166.174 528.622 37.441 1.097 0.625 1.562 2.961
6 15 5 160.563 549.297 37.314 4.269 1.655 0.644 -3.091
7 1 4 145.356 525.165 37.5 1.587 0.821 1.561 -3.11
7 3 1 200.472 542.841 37.488 0.391 1.532 0.405 -0.02
7 4 1 129.757 526.682 37.609 3.985 2.052 1.616 0.049
7 5 1 185.18 536.361 37.484 2.102 1.842 1.513 0.031
7 8 1 165.112 536.357 37.67 4.248 2.027 1.744 0.003
7 9 5 149.346 526.198 37.468 1.876 0.819 1.472 -3.09
7 10 1 102.623 518.63 37.324 1.132 1.827 0.69 0.012
7 11 4 158.074 528.198 37.506 1.535 0.708 1.516 -3.121
7 12 4 164.382 528.599 37.502 1.258 0.649 1.602 2.919
7 15 5 156.44 547.683 37.48 4.303 0.587 0.708 -3.104
7 21 4 179.194 524.134 37.013 0.116 0.115 0.368 0.14
7 22 4 176.341 525.782 37.049 0.188 0.186 0.311 0.14
7 24 2 190.336 522.358 36.944 0.16 0.284 0.441 -0.918
8 1 4 143.543 524.596 37.479 1.207 0.797 1.593 2.903
8 3 1 207.282 544.236 37.631 0.353 1.389 0.21 0.149
8 4 1 136.755 528.474 37.584 4.128 2.138 1.579 0.09
8 5 1 189.503 537.295 37.484 2.124 1.765 1.446 0.149
8 8 1 171.969 537.811 37.701 4.304 1.958 1.756 0.06
8 9 5 147.625 525.701 37.441 1.543 0.8 1.476 3.023
8 10 1 109.522 520.07 37.249 0.889 1.686 0.859 -0.035
8 12 4 162.938 528.468 37.532 1.869 0.734 1.667 2.836
8 15 5 151.719 546.613 37.712 4.963 0.785 1.237 -3.068
8 21 4 180.429 523.234 37.056 0.201 0.175 0.507 2.751
8 22 4 176.348 525.742 37.03 0.215 0.162 0.426 3.045
8 24 2 190.344 522.277 37.091 0.417 0.361 0.537 2.94
8 25 2 190.909 519.088 37.028 0.334 0.22 0.488 2.94
8 26 2 191.511 515.607 37.111 0.318 0.22 0.476 2.94
8 28 3 182.708 513.649 37.839 0.551 0.441 1.37 -1.735
9 1 4 141.685 524.292 37.478 1.119 0.754 1.588 -2.996
9 3 1 214.1 545.686 37.515 0.34 1.271 0.497 0.144
9 4 1 143.76 530.224 37.594 4.094 2.071 1.625 0.137
9 5 1 194.334 538.373 37.515 2.986 1.906 1.302 0.096
9 8 1 178.778 539.231 37.704 4.203 1.788 1.775 0.081
9 9 5 145.963 525.23 37.41 1.01 0.716 1.438 -3.04
9 10 1 116.419 521.653 37.255 0.712 1.613 0.779 0.17
9 12 4 154.3 527.406 37.498 1.516 0.678 1.553 -3.04
9 15 5 146.687 545.767 37.516 4.384 1.557 1.03 -3.031
9 21 4 180.448 523.178 37.029 0.135 0.178 0.38 -3.101
9 22 4 176.338 525.698 37.071 0.209 0.188 0.446 -3.101
9 24 2 190.376 522.214 37.083 0.304 0.279 0.407 2.856
9 25 2 190.892 519.015 37.078 0.149 0.241 0.618 2.856
9 26 2 191.516 515.475 37.032 0.21 0.339 0.444 2.856
9 28 3 182.421 514.003 37.696 0.587 0.737 1.426 1.775
9 32 4 179.215 524.073 37.029 0.224 0.17 0.363 -3.101
9 33 2 192.13 511.961 37.135 0.228 0.167 0.431 2.856
9 35 1 177.792 524.928 37.023 0.267 0.244 0.46 -3.101
10 1 4 139.675 523.848 37.481 0.87 0.556 1.297 -3.078
10 3 1 221.018 547.259 37.643 0.366 1.59 0.131 0.137
10 4 1 150.638 532.037 37.617 4.224 2.171 1.637 0.189
10 5 1 198.184 539.102 37.437 1.872 1.804 1.424 0.116
10 8 1 185.678 540.62 37.716 4.182 1.806 1.67 0.146
10 9 5 144.05 524.735 37.465 0.939 0.818 1.329 -2.99
10 10 1 122.056 522.873 37.604 3.224 1.891 1.914 0.197
10 12 4 152.532 526.923 37.44 1.083 0.689 1.484 -3.043
10 15 5 142.4 544.747 37.41 3.783 1.578 0.709 -2.965
10 21 4 180.446 523.148 37.058 0.166 0.226 0.481 -0
10 22 4 176.375 525.662 37.073 0.254 0.227 0.518 -0
10 24 2 190.389 522.21 37.029 0.261 0.314 0.529 -1.293
10 25 2 190.902 518.956 37.073 0.351 0.224 0.639 -1.293
10 26 2 191.523 515.434 37.044 0.253 0.223 0.409 -1.293
10 28 3 181.927 514.513 37.768 0.498 0.644 1.406 2.242
10 32 4 179.183 524.003 36.979 0.204 0.24 0.545 0
10 33 2 192.158 511.909 37.067 0.261 0.268 0.45 -1.293
10 35 1 177.777 524.85 37.036 0.206 0.185 0.56 0
10 37 4 159.425 528.203 37.558 1.958 0.643 1.645 -3.128
11 1 4 137.849 523.459 37.456 0.341 0.531 1.362 0.325
11 4 1 157.468 533.692 37.623 4.313 2.12 1.633 0.318
11 5 1 202.448 540.096 37.481 1.416 1.788 1.366 0.278
11 8 1 192.639 542.073 37.725 4.28 1.774 1.673 0.241
11 9 5 141.941 524.195 37.796 0.392 0.59 0.55 0.156
11 10 1 128.247 524.318 37.591 4.175 1.931 1.84 0.282
11 12 4 150.699 526.4 37.476 0.837 0.665 1.489 -2.865
11 15 5 138.102 543.014 37.504 2.417 0.257 0.561 -2.836
11 21 4 180.474 523.128 37.157 0.246 0.245 0.421 -0
11 22 4 176.362 525.656 37.102 0.273 0.249 0.494 0.253
11 24 2 190.385 522.154 37.006 0.297 0.379 0.51 -1.378
11 25 2 190.858 518.95 37.092 0.244 0.246 0.338 -1.441
11 26 2 191.538 515.38 37.099 0.266 0.229 0.379 -1.443
11 28 3 181.565 514.978 37.685 0.386 0.693 1.533 2.402
11 32 4 179.205 523.986 37.05 0.119 0.169 0.408 -0.739
11 33 2 192.101 511.832 37.116 0.261 0.175 0.41 -1.473
11 35 1 177.757 524.839 37.049 0.209 0.143 0.443 -0.389
11 37 4 157.793 528.021 37.543 1.754 0.676 1.575 -2.92
11 39 2 197.382 506.759 37.14 0.258 0.244 0.461 -1.518
12 4 1 164.325 535.162 37.652 4.348 2.059 1.68 0.406
12 9 5 140.337 523.832 37.467 0.817 0.562 1.23 -2.725
12 10 1 134.863 525.988 37.59 4.251 1.95 1.824 0.427
12 12 4 148.727 525.855 37.422 0.933 0.54 1.479 -2.725
12 21 4 180.47 523.086 37.083 0.152 0.152 0.505 -0.394
12 22 4 176.39 525.579 37.089 0.251 0.187 0.475 -0.218
12 24 2 190.369 522.145 37.022 0.27 0.301 0.507 -1.161
12 25 2 190.947 518.965 37.105 0.237 0.395 0.56 -1.161
12 26 2 191.563 515.446 37.118 0.267 0.265 0.483 -1.161
12 28 3 181.157 515.215 37.757 0.736 0.673 1.569 2.768
12 32 4 179.174 523.998 37.066 0.257 0.178 0.459 -0.394
12 33 2 192.156 511.828 37.095 0.362 0.407 0.565 -1.161
12 35 1 177.774 524.822 37.057 0.182 0.165 0.497 -0.218
12 37 4 156.37 527.711 37.53 1.124 0.591 1.683 -2.725
12 39 2 197.389 506.742 37.27 0.158 0.229 0.228 1.924
12 41 1 199.507 543.541 37.775 4.156 1.767 1.85 0.402
12 42 5 198.643 499.581 37.222 0.202 0.193 0.235 1.924
12 43 1 206.965 541.121 37.506 1.383 1.752 1.397 0.416
12 45 3 201.361 531.752 37.188 0.082 0.265 0.388 -2.167
12 46 5 198.648 527.795 37.119 0.239 0.165 0.363 -2.167
13 4 1 171.08 536.463 37.697 4.34 1.966 1.664 0.518
13 10 1 141.757 527.593 37.351 4.379 1.857 1.318 0.621
13 21 4 180.503 523.02 37.104 0.263 0.203 0.583 0
13 22 4 176.398 525.536 37.135 0.253 0.251 0.559 0
13 24 2 190.398 522.073 37.083 0.322 0.382 0.622 2.104
13 25 2 190.869 518.893 37.127 0.333 0.267 0.591 2.104
13 26 2 191.557 515.357 37.096 0.305 0.35 0.56 2.104
13 28 3 180.672 515.643 37.671 0.797 0.829 1.518 2.624
13 32 4 179.249 523.902 37.073 0.217 0.248 0.523 0
13 33 2 192.144 511.78 37.067 0.422 0.336 0.497 2.104
13 35 1 177.793 524.818 37.093 0.247 0.229 0.533 0
13 37 4 154.649 527.256 37.529 1.213 0.604 1.538 -2.662
13 39 2 197.406 506.685 37.195 0.329 0.275 0.537 2.178
13 41 1 206.481 545.014 37.817 4.024 1.772 1.686 0.554
13 42 5 198.592 499.547 37.142 0.287 0.173 0.529 2.178
13 43 1 212.696 542.474 37.516 3.753 1.907 1.36 0.554
13 45 3 201.394 531.752 37.137 0.156 0.202 0.399 0
13 46 5 198.589 527.77 37.101 0.176 0.195 0.476 0
13 50 5 189.217 502.542 37.494 1.522 0.209 0.449 2.104
13 51 5 198.186 502.644 37.12 0.225 0.265 0.389 2.178
13 52 5 199.354 495.905 37.355 1.563 0.211 0.766 2.104
14 4 1 177.752 537.524 37.704 4.445 1.481 1.691 0.675
14 10 1 148.462 529.241 37.663 4.463 2.001 1.921 0.775
14 21 4 180.488 523.05 37.118 0.186 0.255 0.546 -0.04
14 22 4 176.425 525.463 37.25 0.237 0.337 0.287 -0.024
14 24 2 190.41 522.035 37.145 0.33 0.327 0.653 -0.866
14 25 2 190.946 518.854 37.122 0.355 0.354 0.547 -0.866
14 26 2 191.555 515.325 37.219 0.312 0.323 0.578 -0.866
14 28 3 180.185 515.814 37.691 0.963 0.693 1.687 2.864
14 32 4 179.263 523.864 37.08 0.211 0.293 0.531 -0.04
14 33 2 192.187 511.785 37.156 0.355 0.382 0.541 -0.866
14 35 1 177.834 524.769 37.263 0.167 0.288 0.301 0
14 37 4 152.969 526.851 37.608 0.309 0.278 1.123 0.745
14 39 2 197.404 506.624 37.186 0.254 0.276 0.597 -0.943
14 41 1 213.415 546.562 37.841 4.085 1.762 1.718 0.701
14 42 5 198.64 499.515 37.193 0.179 0.217 0.443 -0.943
14 43 1 217.354 543.527 37.606 3.677 1.816 1.404 0.7
14 45 3 201.353 531.726 37.11 0.137 0.161 0.457 -0.306
14 46 5 198.582 527.712 37.107 0.119 0.168 0.477 -0.306
14 51 5 198.147 502.589 37.126 0.228 0.329 0.444 -0.732
14 52 5 199.322 495.861 37.418 1.611 0.234 0.809 -0.943
14 53 1 199.422 529.08 37.072 0.19 0.152 0.416 -0.306
14 57 5 200.369 530.499 37.079 0.269 0.248 0.421 -0.306
15 4 1 184.207 538.99 37.69 4.43 1.791 1.618 0.86
15 10 1 155.307 530.867 37.627 4.628 2.202 1.943 0.924
15 21 4 180.439 522.865 37.289 0.33 0.345 0.274 -0.75
15 22 4 176.483 525.446 37.138 0.139 0.234 0.488 -0.75
15 24 2 190.359 522.036 37.169 0.308 0.315 0.646 1.019
15 25 2 190.88 518.828 37.201 0.326 0.246 0.544 2.563
15 26 2 191.533 515.282 37.176 0.343 0.262 0.608 2.453
15 28 3 179.733 516.298 37.746 0.768 0.836 1.564 2.845
15 32 4 179.269 523.832 37.278 0.124 0.173 0.114 -0.75
15 33 2 192.144 511.678 37.221 0.464 0.31 0.612 2.453
15 35 1 177.8 524.664 37.094 0.198 0.252 0.533 -0.75
15 39 2 197.363 506.585 37.15 0.317 0.237 0.455 -0.727
15 41 1 220.29 548.167 37.788 4.072 1.885 1.613 0.924
15 42 5 198.586 499.474 37.234 0.257 0.239 0.411 -0.679
15 43 1 221.999 544.646 37.692 3.656 1.81 1.547 0.924
15 45 3 201.339 531.677 37.212 0.202 0.2 0.314 -0.417
15 46 5 198.597 527.654 37.157 0.17 0.238 0.439 1.796
15 50 5 189.18 502.478 37.322 1.636 0.141 0.817 -0.817
15 51 5 198.131 502.594 37.198 0.208 0.211 0.349 -0.727
15 52 5 199.329 495.826 37.52 1.596 0.16 0.976 -0.727
15 53 1 199.38 529.002 37.125 0.116 0.177 0.45 1.796
15 57 5 200.344 530.452 37.176 0.084 0.169 0.345 1.796
16 4 1 190.518 540.355 37.702 4.172 1.863 1.605 1.059
16 10 1 162.432 532.335 37.663 4.697 1.931 1.887 1.057
16 21 4 180.526 522.918 37.156 0.294 0.222 0.518 -2.899
16 22 4 176.452 525.377 37.102 0.203 0.167 0.518 -2.871
16 24 2 190.361 522.01 37.179 0.354 0.413 0.678 -0.58
16 25 2 190.881 518.807 37.216 0.324 0.322 0.69 -0.58
16 26 2 191.497 515.295 37.184 0.329 0.345 0.622 -0.58
16 28 3 179.236 516.72 37.742 0.876 0.584 1.568 -2.935
16 32 4 179.28 523.759 37.069 0.234 0.187 0.544 -2.85
16 33 2 192.09 511.678 37.233 0.351 0.269 0.622 -0.58
16 35 1 177.77 524.629 37.076 0.265 0.149 0.548 -2.85
16 39 2 197.34 506.605 37.267 0.219 0.165 0.369 2.578
16 42 5 198.582 499.477 37.234 0.222 0.186 0.364 2.582
16 43 1 226.962 545.791 37.616 4.118 1.834 1.216 1.082
16 45 3 201.317 531.644 37.178 0.226 0.148 0.344 1.725
16 46 5 198.601 527.603 37.133 0.146 0.225 0.493 1.725
16 50 5 189.16 502.472 37.492 1.553 0.151 1.027 -0.631
16 51 5 198.123 502.573 37.248 0.218 0.196 0.323 2.561
16 52 5 199.335 495.806 37.525 1.616 0.245 1.079 2.63
16 53 1 199.397 528.957 37.115 0.187 0.211 0.423 1.725
16 57 5 200.313 530.421 37.164 0.175 0.176 0.445 1.725
16 62 5 190.168 496.809 37.476 1.533 0.171 1.011 -0.631
17 10 1 169.607 533.987 37.75 4.838 2.087 1.894 1.212
17 21 4 180.507 522.865 37.142 0.205 0.221 0.464 -0.407
17 22 4 176.419 525.36 37.122 0.145 0.123 0.442 -0.407
17 24 2 190.266 521.922 37.243 0.304 0.416 0.637 -0.321
17 25 2 190.836 518.762 37.242 0.403 0.333 0.684 -0.321
17 26 2 191.528 515.264 37.261 0.359 0.389 0.632 -0.321
17 28 3 178.791 517.135 37.74 0.67 0.607 1.536 -2.501
17 32 4 179.274 523.715 37.093 0.178 0.193 0.521 -0.407
17 33 2 192.044 511.714 37.288 0.434 0.3 0.662 -0.321
17 35 1 177.815 524.576 37.112 0.178 0.141 0.42 -0.407
17 39 2 197.294 506.559 37.293 0.312 0.298 0.491 2.738
17 42 5 198.546 499.488 37.278 0.269 0.284 0.284 2.738
17 43 1 229.829 547.021 37.656 0.211 0.957 0.679 1.113
17 45 3 201.293 531.581 37.234 0.155 0.166 0.324 0.185
17 46 5 198.552 527.551 37.184 0.103 0.158 0.353 -0.156
17 50 5 189.124 502.459 37.478 1.59 0.2 0.956 -0.43
17 51 5 198.063 502.53 37.264 0.223 0.188 0.474 2.738
17 52 5 199.267 495.731 37.526 1.672 0.194 0.835 2.738
17 53 1 199.334 528.91 37.123 0.176 0.091 0.428 -2.025
17 57 5 200.254 530.363 37.205 0.155 0.086 0.442 -2.025
17 62 5 190.078 497.388 37.539 0.315 0.201 0.917 2.932
17 64 4 202.477 475.959 37.386 0.213 0.198 0.383 -2.645
17 65 1 196.833 541.711 37.732 4.187 1.947 1.588 1.237
17 66 5 191.008 492.538 37.322 0.241 0.184 0.585 2.821
17 67 5 201.267 482.841 37.49 0.26 0.209 0.541 -0.361
17 69 5 200.335 489.121 37.349 0.346 0.237 0.26 -0.199
17 70 1 202.779 473.961 37.327 0.211 0.229 0.393 -0.369
18 10 1 176.822 535.459 37.741 5.083 1.886 1.962 1.362
18 21 4 180.485 522.802 37.115 0.262 0.216 0.601 -2.811
18 22 4 176.358 525.35 37.076 0.19 0.222 0.5 -2.811
18 24 2 190.32 521.887 37.194 0.431 0.364 0.652 2.891
18 25 2 190.852 518.684 37.415 0.263 0.368 0.3 2.891
18 26 2 191.45 515.189 37.404 0.267 0.262 0.363 2.891
18 28 3 178.252 517.416 37.717 0.761 0.742 1.554 -2.6
18 32 4 179.214 523.67 37.088 0.195 0.177 0.498 -2.811
18 33 2 192.074 511.66 37.275 0.414 0.319 0.685 2.891
18 35 1 177.776 524.548 37.104 0.222 0.177 0.475 -2.811
18 39 2 197.263 506.571 37.334 0.317 0.304 0.558 -0.253
18 42 5 198.525 499.428 37.333 0.29 0.314 0.565 -0.253
18 43 1 236.102 548.071 37.743 1.676 1.795 1.228 1.385
18 46 5 198.535 527.517 37.216 0.223 0.267 0.524 0.847
18 50 5 189.087 502.385 37.484 1.713 0.228 1.041 2.947
18 51 5 198.073 502.459 37.297 0.407 0.304 0.589 -0.253
18 52 5 199.267 495.763 37.575 1.569 0.32 0.971 -0.253
18 53 1 199.346 528.903 37.168 0.225 0.214 0.503 0.847
18 57 5 200.249 530.355 37.22 0.2 0.217 0.493 0.847
18 62 5 190.147 496.717 37.542 1.676 0.289 1.004 2.947
18 64 4 202.376 475.942 37.493 0.3 0.266 0.441 -0.278
18 65 1 203.009 543.068 37.773 4.131 1.9 1.635 1.387
18 66 5 191.007 492.541 37.406 0.282 0.32 0.529 2.88
18 67 5 201.291 482.857 37.376 0.321 0.388 0.546 -0.339
18 69 5 200.334 489.144 37.276 0.266 0.266 0.434 -0.307
18 70 1 202.698 473.938 37.467 0.266 0.248 0.382 -0.032
18 75 5 192.071 486.19 37.366 0.237 0.297 0.288 2.88
18 77 5 191.604 489.013 37.277 0.243 0.233 0.419 2.88
18 78 3 200.741 486.166 37.351 0.171 0.249 0.481 -0.359
19 10 1 184.166 536.892 37.767 4.949 1.794 1.769 1.505
19 21 4 180.378 522.8 37.175 0.138 0.267 0.472 2.289
19 22 4 176.317 525.266 37.069 0.191 0.174 0.384 2.289
19 24 2 190.284 521.825 37.23 0.313 0.37 0.58 -1.646
19 25 2 190.827 518.649 37.23 0.373 0.361 0.628 -0.092
19 26 2 191.418 515.144 37.467 0.217 0.186 0.302 1.465
19 28 3 177.772 517.851 37.742 0.71 0.847 1.535 -2.661
19 32 4 179.173 523.652 37.082 0.184 0.22 0.474 2.289
19 35 1 177.675 524.518 37.066 0.129 0.125 0.465 2.289
19 39 2 197.211 506.517 37.311 0.324 0.323 0.564 -0.098
19 42 5 198.489 499.449 37.326 0.284 0.293 0.517 -0.088
19 45 3 201.207 531.532 37.185 0.212 0.209 0.306 -2.638
19 46 5 198.497 527.513 37.162 0.185 0.189 0.471 -0.454
19 50 5 189.066 502.392 37.539 1.691 0.217 0.997 3.003
19 51 5 198.048 502.428 37.333 0.363 0.315 0.606 3.044
19 52 5 199.183 495.761 37.572 1.602 0.285 0.943 3.044
19 62 5 190.081 496.698 37.592 1.642 0.233 0.97 3.008
19 64 4 202.303 475.908 37.533 0.25 0.188 0.238 -1.655
19 65 1 209.077 544.442 37.68 3.955 1.907 1.539 1.51
19 66 5 190.962 492.49 37.371 0.325 0.246 0.536 2.993
19 67 5 201.225 482.788 37.481 0.262 0.265 0.476 -0.154
19 69 5 200.259 489.141 37.351 0.232 0.253 0.495 -0.122
19 70 1 202.66 473.965 37.471 0.119 0.176 0.252 -0.145
19 75 5 191.953 486.232 37.436 0.238 0.177 0.495 3.109
19 77 5 191.574 488.977 37.381 0.22 0.234 0.325 2.992
19 78 3 200.699 486.195 37.424 0.106 0.148 0.414 -0.154
19 79 2 193.733 475.937 37.392 0.25 0.285 0.552 3.002
19 80 4 201.687 480.477 37.478 0.311 0.2 0.677 -1.642
19 81 1 202.021 461.243 37.877 0.935 1.556 0.71 3.053
19 82 1 195.208 467.409 37.422 0.277 0.321 0.301 -0.098
19 87 1 192.606 482.406 37.465 0.117 0.258 0.437 1.397
20 10 1 191.483 538.487 37.768 4.721 1.946 1.892 1.58
20 21 4 180.353 522.75 37.164 0.175 0.142 0.388 0.896
20 22 4 176.271 525.288 37.089 0.11 0.13 0.299 0.896
20 24 2 190.271 521.805 37.159 0.224 0.258 0.611 -0.015
20 25 2 190.799 518.567 37.235 0.256 0.233 0.623 -0.015
20 26 2 191.401 515.042 37.28 0.265 0.273 0.623 -0.015
20 28 3 177.18 518.292 37.739 0.601 0.679 1.462 -0.006
20 32 4 179.088 523.662 37.072 0.27 0.211 0.511 0.896
20 35 1 177.639 524.484 37.079 0.135 0.115 0.518 0.896
20 39 2 197.161 506.476 37.295 0.311 0.311 0.613 0.019
20 42 5 198.394 499.38 37.372 0.256 0.176 0.563 0.092
20 45 3 201.221 531.504 37.143 0.156 0.077 0.344 2.405
20 46 5 198.466 527.464 37.156 0.16 0.099 0.419 2.405
20 50 5 189.05 502.367 37.548 1.694 0.266 0.991 3.082
20 51 5 197.922 502.444 37.286 0.337 0.304 0.55 0.079
20 52 5 199.128 495.707 37.593 1.633 0.16 1.01 0.029
20 62 5 190.055 496.696 37.565 1.662 0.3 1.05 -0.08
20 64 4 202.318 475.887 37.538 0.23 0.262 0.46 0.044
20 65 1 215.244 545.712 37.609 3.791 1.519 0.696 1.592
20 66 5 190.904 492.488 37.427 0.239 0.188 0.606 -0.02
20 67 5 201.127 482.858 37.463 0.307 0.353 0.68 -0.189
20 69 5 200.151 489.097 37.39 0.194 0.244 0.559 -0.002
20 70 1 202.643 473.863 37.469 0.32 0.192 0.497 0.188
20 75 5 191.923 486.205 37.475 0.206 0.264 0.607 -0.205
20 77 5 191.494 488.923 37.43 0.158 0.178 0.5 -0.205
20 78 3 200.63 486.148 37.402 0.133 0.152 0.438 3.113
20 79 2 193.707 475.828 37.591 0.179 0.225 0.204 -0.04
20 80 4 201.588 480.427 37.437 0.296 0.371 0.583 0.007
20 81 1 201.368 465.02 38.07 2.062 1.881 1.289 2.951
20 82 1 195.067 467.384 37.487 0.295 0.295 0.39 -0.109
20 87 1 192.533 482.401 37.429 0.122 0.224 0.467 -0.024
20 89 5 194.502 470.216 37.496 0.206 0.204 0.568 1.824
21 10 1 199.028 539.953 37.831 4.658 1.805 1.845 1.565
21 21 4 180.305 522.732 37.099 0.108 0.147 0.42 -2.072
21 24 2 190.187 521.759 37.163 0.202 0.192 0.571 -1.725
21 25 2 190.777 518.544 37.18 0.258 0.214 0.607 -1.725
21 26 2 191.346 515.036 37.22 0.233 0.285 0.679 -1.725
21 28 3 176.734 518.557 37.644 0.553 0.787 1.421 -2.708
21 32 4 179.024 523.63 36.984 0.158 0.17 0.449 -0.41
21 39 2 197.142 506.434 37.298 0.321 0.37 0.644 -0.041
21 42 5 198.36 499.293 37.359 0.38 0.353 0.634 -0.034
21 46 5 198.428 527.483 37.189 0.142 0.117 0.358 0.931
21 50 5 188.843 502.295 37.773 1.471 0.402 0.562 -3.083
21 51 5 197.914 502.37 37.338 0.311 0.355 0.671 -0.041
21 52 5 199.062 495.71 37.582 1.657 0.214 0.996 0.001
21 62 5 189.996 496.688 37.578 1.701 0.459 1.033 -3.077
21 64 4 202.258 475.832 37.56 0.383 0.257 0.407 -0.041
21 65 1 220.599 546.945 37.793 2.049 1.459 0.675 1.565
21 66 5 190.9 492.43 37.432 0.343 0.305 0.7 -3.067
21 67 5 201.12 482.796 37.477 0.27 0.251 0.578 -0.041
21 69 5 200.134 489.062 37.416 0.284 0.245 0.537 -0.041
21 70 1 202.575 473.895 37.471 0.285 0.241 0.425 -0.041
21 75 5 191.848 486.206 37.419 0.226 0.3 0.535 -3.067
21 77 5 191.477 488.895 37.45 0.253 0.263 0.552 -3.067
21 78 3 200.574 486.156 37.454 0.12 0.194 0.499 -0.041
21 79 2 193.667 475.926 37.449 0.237 0.237 0.513 -3.067
21 80 4 201.553 480.44 37.478 0.35 0.3 0.613 -0.041
21 81 1 200.735 468.53 37.89 3.419 1.916 1.337 -3.083
21 82 1 194.992 467.399 37.485 0.182 0.2 0.467 -3.132
21 87 1 192.515 482.38 37.487 0.27 0.241 0.549 -3.067
21 89 5 194.416 470.293 37.428 0.257 0.176 0.449 2.748
21 96 5 193.974 472.99 37.738 1.559 0.189 0.909 -3.033
21 101 5 196.135 460.689 37.609 0.264 0.245 0.346 -1.719
22 10 1 206.566 541.673 37.409 4.517 1.85 0.732 1.611
22 24 2 190.148 521.747 37.174 0.152 0.164 0.304 -0
22 25 2 190.684 518.549 37.211 0.207 0.206 0.482 0
22 26 2 191.306 515.011 37.288 0.209 0.216 0.529 0
22 28 3 176.084 519.034 37.7 0.753 0.527 1.484 -2.46
22 39 2 197.078 506.339 37.285 0.331 0.353 0.618 0
22 42 5 198.275 499.284 37.377 0.375 0.336 0.632 0
22 50 5 188.885 502.374 37.533 1.85 0.349 0.993 0
22 51 5 197.857 502.331 37.369 0.345 0.333 0.694 0
22 52 5 199.043 495.675 37.591 1.662 0.405 1.003 0.04
22 62 5 189.933 496.545 37.661 1.521 0.233 0.876 0
22 64 4 202.182 475.876 37.547 0.342 0.294 0.613 0
22 66 5 190.849 492.422 37.446 0.394 0.315 0.637 0
22 67 5 201.022 482.748 37.455 0.306 0.417 0.598 0
22 69 5 200.109 488.997 37.447 0.249 0.199 0.528 0
22 70 1 202.519 473.924 37.518 0.342 0.216 0.523 0
22 75 5 191.881 486.134 37.464 0.299 0.357 0.632 0
22 77 5 191.45 488.935 37.453 0.317 0.269 0.497 -0
22 78 3 200.516 486.156 37.42 0.273 0.351 0.56 0
22 79 2 193.601 475.889 37.468 0.185 0.244 0.397 0
22 80 4 201.495 480.435 37.439 0.304 0.32 0.537 0
22 81 1 200.095 472.669 37.989 3.889 1.988 1.471 3.118
22 82 1 195 467.407 37.544 0.292 0.306 0.398 -0
22 87 1 192.397 482.381 37.481 0.179 0.36 0.612 -0
22 89 5 194.359 470.26 37.494 0.157 0.281 0.389 0
22 96 5 193.965 472.986 37.71 1.645 0.2 0.922 -0
22 101 5 195.979 461.032 37.81 0.965 0.384 0.755 -0.024
22 105 5 193.065 504.577 37.347 0.331 0.33 0.633 0
23 10 1 213.188 542.357 37.923 2.034 0.29 1.715 1.649
23 24 2 190.079 521.762 37.1 0.181 0.196 0.386 0.008
23 25 2 190.633 518.508 37.117 0.34 0.246 0.517 0.063
23 26 2 191.252 514.998 37.202 0.241 0.242 0.529 0.024
23 39 2 197.064 506.346 37.274 0.32 0.365 0.603 0.058
23 42 5 198.273 499.274 37.368 0.322 0.388 0.63 -0.046
23 50 5 188.818 502.296 37.499 1.727 0.293 0.976 -3.141
23 51 5 197.819 502.269 37.367 0.391 0.344 0.675 -0.058
23 52 5 199.019 495.693 37.598 1.688 0.448 1.006 0.011
23 62 5 189.846 496.667 37.571 1.71 0.474 1.034 -3.135
23 64 4 202.101 475.885 37.549 0.332 0.211 0.646 -1.547
23 67 5 200.987 482.737 37.571 0.27 0.27 0.59 0.162
23 69 5 200.071 488.994 37.463 0.292 0.326 0.675 0.098
23 70 1 202.476 473.872 37.573 0.416 0.286 0.557 -3.127
23 75 5 191.809 486.124 37.536 0.343 0.31 0.622 3.14
23 77 5 191.389 488.876 37.461 0.323 0.382 0.602 -3.129
23 78 3 200.475 486.11 37.522 0.178 0.174 0.482 0.059
23 79 2 193.536 475.895 37.506 0.284 0.279 0.577 -3.094
23 80 4 201.433 480.372 37.563 0.273 0.332 0.588 -1.384
23 81 1 199.437 476.848 37.974 3.865 1.987 1.421 3.132
23 82 1 194.92 467.356 37.597 0.281 0.247 0.627 -3.08
23 87 1 192.418 482.283 37.497 0.415 0.303 0.586 -3.12
23 89 5 194.352 470.22 37.616 0.296 0.242 0.563 -3.056
23 96 5 193.919 473.036 37.718 1.61 0.247 1.029 -3.134
23 101 5 195.831 461.547 37.818 1.94 0.326 1 -3.119
23 105 5 193.039 504.591 37.33 0.254 0.274 0.677 -3.071
23 107 5 196.294 459.361 37.63 0.544 0.216 0.693 -3.113
23 108 1 197.451 450.817 38.274 3.695 1.128 1.499 0.038
23 111 1 208.276 439.233 38.035 1.545 0.505 0.942 3.13
23 113 5 199.721 434.367 39.066 0.24 1.237 0.327 -0.007
24 25 2 190.544 518.605 37.101 0.253 0.261 0.409 0
24 26 2 191.197 515.001 37.202 0.214 0.256 0.36 0
24 39 2 197.02 506.313 37.276 0.25 0.247 0.481 0
24 42 5 198.234 499.26 37.367 0.351 0.27 0.521 0
24 50 5 188.814 502.303 37.526 1.687 0.167 0.97 -0.014
24 51 5 197.825 502.223 37.318 0.249 0.243 0.545 0
24 52 5 198.956 495.687 37.587 1.617 0.322 1 0.022
24 62 5 189.849 496.636 37.569 1.676 0.261 1.02 -0.014
24 67 5 200.951 482.699 37.506 0.342 0.402 0.641 -0
24 69 5 199.953 488.943 37.479 0.296 0.335 0.651 -0
24 75 5 191.735 486.06 37.689 0.16 0.348 0.242 -0
24 77 5 191.359 488.801 37.78 0.131 0.135 0.149 -0.022
24 78 3 200.438 486.054 37.497 0.34 0.241 0.654 -0
24 79 2 193.496 475.866 37.543 0.234 0.222 0.525 0
24 80 4 201.387 480.371 37.553 0.355 0.321 0.641 0
24 81 1 198.681 480.97 38.002 3.887 2.001 1.471 -3.138
24 82 1 194.871 467.425 37.57 0.271 0.239 0.407 0
24 87 1 192.374 482.271 37.537 0.391 0.348 0.653 0
24 89 5 194.271 470.207 37.571 0.372 0.311 0.571 0
24 96 5 193.859 472.814 37.789 1.993 0.202 0.962 -0.003
24 101 5 195.807 461.455 37.807 1.776 0.317 0.791 0
24 105 5 192.96 504.565 37.323 0.177 0.207 0.547 -0
24 107 5 196.218 459.452 37.647 0.193 0.224 0.596 -0
24 108 1 197.303 451.116 38.152 3.347 1.135 1.63 0.072
24 111 1 208.562 439.047 38.244 2.057 1.171 1.269 3.141
24 115 5 204.933 459.03 37.825 1.577 0.104 0.882 0
24 116 1 204.021 463.852 37.626 0.255 0.225 0.477 0
24 117 5 203.729 465.711 37.605 0.16 0.205 0.445 0
24 119 5 204.762 457.534 37.575 0.252 0.276 0.438 0
24 120 1 209.45 433.068 38.28 1.788 0.662 1.123 3.142
24 122 5 190.739 492.269 37.438 0.33 0.28 0.636 0
24 123 5 204.481 461.409 37.884 1.878 0.165 0.892 0
25 25 2 190.499 518.483 37.095 0.187 0.119 0.451 0.059
25 26 2 191.105 515.001 37.083 0.12 0.165 0.408 0.059
25 39 2 196.938 506.402 37.258 0.325 0.24 0.575 -0.015
25 42 5 198.186 499.164 37.347 0.169 0.217 0.63 -0.015
25 50 5 188.72 502.265 37.45 1.582 0.209 0.921 0.027
25 51 5 197.755 502.226 37.293 0.229 0.242 0.597 -0.015
25 52 5 198.889 495.676 37.578 1.564 0.245 0.966 0.034
25 62 5 189.791 496.627 37.538 1.601 0.331 1.012 0
25 67 5 200.853 482.625 37.752 0.065 0.127 0.033 -0.015
25 75 5 191.713 486.019 37.492 0.376 0.417 0.645 0
25 77 5 191.224 488.778 37.508 0.362 0.339 0.621 0.015
25 79 2 193.465 475.846 37.547 0.292 0.269 0.624 -0.007
25 80 4 201.385 480.299 37.529 0.411 0.374 0.624 -0.015
25 81 1 197.988 484.901 37.98 4.424 2.175 1.437 3.101
25 82 1 194.811 467.39 37.594 0.226 0.263 0.551 0.01
25 89 5 194.239 470.118 37.627 0.501 0.303 0.685 0.005
25 96 5 193.807 472.969 37.746 1.606 0.284 0.996 0.005
25 101 5 195.607 461.856 37.831 1.496 0.243 0.997 -0.005
25 105 5 192.882 504.51 37.266 0.16 0.232 0.522 -0.023
25 107 5 196.176 459.407 37.61 0.458 0.232 0.557 -0.005
25 108 1 197.355 450.717 38.224 4.044 1.113 1.52 0.02
25 111 1 208.61 438.212 38.137 3.794 1.026 1.466 -3.133
25 113 5 199.986 432.424 37.889 4.247 1.481 0.811 0.015
25 115 5 204.899 459.052 37.815 1.552 0.247 0.893 0.01
25 116 1 203.988 463.825 37.628 0.284 0.276 0.535 0.027
25 117 5 203.658 465.717 37.621 0.241 0.184 0.593 0.027
25 119 5 204.686 457.575 37.605 0.185 0.243 0.483 0.01
25 120 1 209.26 433.027 38.18 1.69 0.326 1.266 -3.08
25 122 5 190.696 492.269 37.437 0.345 0.282 0.685 0
25 123 5 204.411 461.514 37.86 1.567 0.231 0.91 0.027
25 127 1 202.575 472.613 37.578 0.308 0.274 0.622 -0.015
25 131 4 201.768 478.285 37.574 0.307 0.247 0.614 -0.015
25 133 1 199.585 439.056 38.036 3.002 0.227 1.028 0.02
25 135 5 202.78 471.17 37.557 0.421 0.276 0.583 -0.015
25 136 1 202.363 473.855 37.625 0.3 0.196 0.629 -0.015
25 137 5 195.951 460.712 37.696 0.186 0.134 0.533 -0.005
25 138 5 203.137 468.57 37.611 0.31 0.197 0.591 -0.015
26 39 2 196.909 506.363 37.334 0.385 0.198 0.212 -3.129
26 50 5 188.665 502.284 37.512 1.597 0.173 0.816 -3.129
26 62 5 189.757 496.619 37.538 1.613 0.226 0.989 3.127
26 67 5 200.831 482.646 37.577 0.277 0.332 0.648 3.114
26 75 5 191.677 485.961 37.508 0.431 0.326 0.648 3.127
26 77 5 191.219 488.74 37.446 0.287 0.332 0.67 -0.058
26 80 4 201.28 480.293 37.545 0.34 0.409 0.625 3.114
26 81 1 197.149 488.916 37.924 3.715 1.777 1.518 -3.112
26 82 1 194.811 467.365 37.68 0.417 0.249 0.584 3.127
26 89 5 194.217 470.185 37.634 0.354 0.246 0.672 3.127
26 96 5 193.742 472.982 37.783 1.716 0.311 0.991 3.127
26 101 5 195.522 462.005 37.929 1.333 0.198 0.858 3.127
26 105 5 192.864 504.534 37.31 0.297 0.206 0.38 -3.129
26 107 5 196.101 459.331 37.725 0.301 0.212 0.566 3.127
26 108 1 197.219 450.856 38.262 3.863 1.18 1.567 0.062
26 111 1 208.323 438.385 38.11 4.037 0.661 1.388 -3.135
26 113 5 199.927 432.531 37.986 4.216 1.584 0.66 -0.001
26 115 5 204.897 458.945 37.862 1.765 0.252 1.027 3.127
26 116 1 203.941 463.844 37.685 0.334 0.328 0.632 3.114
26 117 5 203.615 465.679 37.644 0.303 0.273 0.64 3.114
26 119 5 204.636 457.615 37.65 0.191 0.195 0.392 3.127
26 120 1 209.149 433.032 38.114 1.8 0.507 1.206 -3.135
26 122 5 190.614 492.264 37.413 0.389 0.265 0.626 3.127
26 123 5 204.364 461.457 37.898 1.752 0.382 1.102 3.127
26 127 1 202.561 472.573 37.58 0.317 0.39 0.616 3.114
26 131 4 201.643 478.302 37.565 0.259 0.287 0.605 3.114
26 133 1 199.579 438.954 37.937 3.347 0.397 1.05 0.017
26 135 5 202.674 471.203 37.596 0.374 0.269 0.615 3.114
26 136 1 202.33 473.832 37.596 0.325 0.341 0.627 3.114
26 137 5 195.891 460.717 37.665 0.26 0.275 0.524 3.127
26 138 5 203.094 468.526 37.65 0.35 0.246 0.632 3.114
26 139 4 192.283 482.183 37.534 0.35 0.235 0.657 3.127
26 140 5 199.912 488.864 37.51 0.227 0.22 0.54 3.114
26 141 1 210.295 427.749 38.259 1.469 0.826 1.296 -3.11
27 50 5 188.641 502.288 37.454 1.458 0.166 0.994 -0.053
27 62 5 189.669 496.601 37.528 1.549 0.108 1.011 -0.041
27 67 5 200.821 482.59 37.518 0.442 0.323 0.618 -0.01
27 75 5 191.588 485.913 37.459 0.247 0.244 0.533 -0.071
27 77 5 191.16 488.685 37.477 0.237 0.304 0.616 0.154
27 80 4 201.237 480.197 37.533 0.384 0.368 0.642 -0.059
27 81 1 196.46 492.601 37.871 3.569 1.89 1.445 -3.138
27 82 1 194.787 467.304 37.665 0.354 0.284 0.665 0.022
27 89 5 194.198 470.154 37.925 0.102 0.107 0.051 0.078
27 96 5 193.683 472.969 37.783 1.641 0.286 1.02 0.025
27 101 5 195.479 461.868 37.89 1.728 0.292 1.086 0.018
27 105 5 192.806 504.573 37.303 0.128 0.192 0.414 -0.352
27 107 5 196.078 459.28 37.66 0.336 0.188 0.612 0.035
27 108 1 196.981 450.852 38.229 4.035 1.623 1.612 0.074
27 111 1 208.334 438.24 38.139 3.718 0.782 1.415 -3.139
27 113 5 199.876 432.69 38.37 3.938 1.517 1.812 0.035
27 115 5 204.811 459.036 37.876 1.634 0.387 1.016 -0.032
27 116 1 203.854 463.828 37.696 0.426 0.432 0.577 0.006
27 117 5 203.564 465.658 37.651 0.311 0.307 0.637 -0.01
27 119 5 204.596 457.522 37.619 0.257 0.371 0.506 0.005
27 120 1 209.14 432.36 38.17 3.267 0.501 1.173 -3.138
27 122 5 190.56 492.197 37.44 0.206 0.193 0.558 -0.071
27 123 5 204.345 461.488 37.924 1.642 0.347 0.98 -0.007
27 127 1 202.422 472.529 37.621 0.332 0.283 0.599 -0.187
27 131 4 201.609 478.261 37.535 0.277 0.317 0.631 -0.112
27 133 1 199.068 438.929 38.281 3.267 1.338 1.65 -0.019
27 135 5 202.618 471.155 37.639 0.321 0.342 0.618 -0.163
27 136 1 202.212 473.815 37.634 0.362 0.35 0.701 0.028
27 137 5 195.845 460.663 37.685 0.308 0.272 0.607 -0.019
27 138 5 203.037 468.503 37.668 0.348 0.275 0.627 -0.025
27 139 4 192.194 482.174 37.512 0.263 0.327 0.606 -0.012
27 140 5 199.882 488.844 37.407 0.29 0.229 0.485 -0.111
27 141 1 209.914 428.18 37.888 0.867 0.296 0.579 -3.125
27 145 5 205.96 464.174 37.776 0.288 0.247 0.55 -3.093
27 147 5 198.759 495.681 37.558 1.638 0.136 0.997 0.038
27 148 1 206.275 461.297 37.763 0.374 0.266 0.648 -3.112
27 152 5 193.366 475.694 37.562 0.386 0.356 0.632 -0.017
28 50 5 188.565 502.213 37.415 1.535 0.208 0.909 0.016
28 62 5 189.607 496.667 37.53 1.576 0.239 0.996 -3.091
28 67 5 200.774 482.579 37.531 0.331 0.323 0.672 -3.091
28 75 5 191.541 485.904 37.422 0.275 0.253 0.556 -3.091
28 77 5 191.095 488.682 37.438 0.249 0.286 0.653 0.107
28 80 4 201.224 480.22 37.544 0.408 0.348 0.641 -3.091
28 81 1 195.932 495.998 37.743 2.818 1.718 1.431 -3.127
28 82 1 194.697 467.233 37.846 0.243 0.342 0.395 -3.091
28 89 5 194.118 470.081 37.673 0.427 0.23 0.707 -3.091
28 96 5 193.635 472.955 37.801 1.696 0.207 1.044 -3.12
28 101 5 195.423 461.82 37.925 1.704 0.282 1.055 0.048
28 105 5 192.801 504.578 37.242 0.19 0.249 0.525 -0.038
28 107 5 196.04 459.267 37.733 0.325 0.313 0.682 -3.091
28 108 1 196.931 450.876 38.251 4.083 1.725 1.669 0.06
28 111 1 208.378 437.985 38.131 4.232 0.988 1.384 3.126
28 113 5 199.832 432.525 38.435 4.385 1.544 1.879 0.032
28 115 5 204.821 459.046 37.904 1.693 0.448 1.035 0.06
28 116 1 203.803 463.733 37.715 0.332 0.403 0.711 -3.091
28 117 5 203.495 465.6 37.723 0.262 0.347 0.708 -3.091
28 119 5 204.608 457.511 37.708 0.388 0.34 0.578 0.137
28 120 1 209.211 432.112 38.067 3.938 0.539 1.273 -3.127
28 122 5 190.52 492.225 37.422 0.315 0.32 0.596 -3.091
28 123 5 204.357 461.507 37.919 1.682 0.488 1.095 0.059
28 127 1 202.444 472.45 37.601 0.297 0.445 0.632 -3.091
28 131 4 201.583 478.247 37.586 0.332 0.26 0.616 -3.091
28 133 1 198.978 438.823 38.333 3.443 1.405 1.612 0.047
28 135 5 202.586 471.162 37.639 0.437 0.293 0.68 -3.091
28 136 1 202.18 473.722 37.627 0.372 0.384 0.666 -3.091
28 137 5 195.825 460.664 37.725 0.379 0.287 0.649 3.108
28 138 5 202.96 468.471 37.707 0.328 0.408 0.721 -3.091
28 139 4 192.134 482.169 37.517 0.32 0.296 0.592 -3.091
28 140 5 199.83 488.828 37.431 0.259 0.312 0.583 -3.091
28 141 1 210.3 426.966 38.285 3.409 0.797 1.279 -3.127
28 145 5 205.832 464.106 37.744 0.323 0.299 0.529 3.139
28 147 5 198.72 495.675 37.518 1.569 0.275 0.947 0.037
28 148 1 206.199 461.341 37.803 0.322 0.298 0.663 3.031
28 152 5 193.316 475.657 37.585 0.337 0.275 0.691 -3.091
28 157 1 212.917 410.334 38.48 3.572 0.491 1.15 -3.139
29 50 5 188.595 502.112 37.388 1.093 0.325 0.805 3.103
29 62 5 189.582 496.733 37.511 1.659 0.234 1.042 3.091
29 67 5 200.7 482.583 37.485 0.346 0.355 0.571 -3.112
29 75 5 191.48 485.929 37.5 0.284 0.272 0.596 3.141
29 77 5 191.048 488.699 37.407 0.22 0.294 0.458 -0.109
29 80 4 201.138 480.173 37.544 0.391 0.235 0.518 -3.112
29 81 1 195.425 498.764 37.864 1.118 1.642 1.31 -3.112
29 82 1 194.625 467.176 37.662 0.312 0.292 0.629 0.047
29 89 5 194.05 470.05 37.66 0.421 0.407 0.733 3.121
29 96 5 193.577 472.944 37.781 1.683 0.327 1.042 3.121
29 101 5 195.385 461.845 37.923 1.733 0.551 1.041 0.047
29 105 5 192.621 504.744 37.326 0.495 0.249 0.343 -2.988
29 108 1 196.863 450.851 38.294 4.155 1.76 1.617 0.088
29 111 1 208.705 438.247 38.245 3.952 1.61 1.482 3.13
29 113 5 199.728 432.495 38.496 4.504 1.699 1.891 0.007
29 115 5 204.781 459.018 37.913 1.666 0.451 1.015 -3.112
29 116 1 203.723 463.708 37.734 0.362 0.418 0.689 -3.112
29 117 5 203.468 465.579 37.747 0.254 0.309 0.645 -3.112
29 119 5 204.592 457.439 37.773 0.344 0.467 0.694 3.122
29 120 1 209.338 432.266 38.263 3.715 1.003 1.205 -3.1
29 122 5 190.458 492.311 37.446 0.134 0.239 0.18 3.039
29 123 5 204.328 461.515 37.944 1.768 0.587 1.074 -3.112
29 127 1 202.401 472.435 37.617 0.302 0.313 0.548 -3.112
29 131 4 201.542 478.24 37.514 0.26 0.25 0.515 -3.112
29 133 1 199.036 438.777 38.357 3.744 1.455 1.673 0.023
29 135 5 202.559 471.065 37.665 0.365 0.282 0.567 -3.112
29 136 1 202.183 473.734 37.656 0.412 0.338 0.676 -3.112
29 137 5 195.741 460.598 37.992 0.233 0.272 0.183 0.012
29 138 5 202.955 468.399 37.701 0.323 0.304 0.541 -3.112
29 139 4 192.056 482.078 37.511 0.253 0.241 0.48 3.141
29 140 5 199.776 488.829 37.486 0.296 0.311 0.408 0.052
29 141 1 210.471 426.828 38.333 4.061 1.166 1.42 -3.1
29 145 5 205.765 464.094 37.825 0.232 0.301 0.555 -3.089
29 147 5 198.669 495.681 37.58 1.658 0.198 0.756 0.052
29 148 1 206.146 461.274 37.828 0.27 0.307 0.703 -3.12
29 152 5 193.248 475.676 37.574 0.359 0.343 0.72 3.141
29 157 1 213.482 410.217 38.56 3.856 1.792 1.811 3.135
29 158 1 204.156 410.521 38.094 1.015 0.368 0.66 -0.008
29 165 5 210.281 401.514 38.14 0.476 1.625 0.163 3.07
30 50 5 188.595 501.724 37.423 0.314 0.286 0.811 0.006
30 62 5 189.521 496.586 37.737 1.428 0.141 0.509 -0.019
30 67 5 200.647 482.498 37.554 0.127 0.152 0.381 0.001
30 75 5 191.395 485.929 37.412 0.234 0.23 0.434 -0.033
30 77 5 190.987 488.693 37.499 0.226 0.131 0.487 0.536
30 80 4 201.08 480.219 37.466 0.402 0.304 0.49 -0.028
30 81 1 194.83 502.025 37.793 0.693 1.679 1.022 -3.14
30 82 1 194.592 467.147 37.712 0.302 0.273 0.615 3.137
30 89 5 194.031 470.017 37.664 0.368 0.373 0.568 3.1
30 96 5 193.501 472.945 37.781 1.648 0.281 1.003 -3.124
30 101 5 195.312 461.769 37.904 1.653 0.324 1.03 -0.034
30 108 1 196.786 450.722 38.333 4.364 2.021 1.621 0.05
30 111 1 208.702 438.197 38.297 4.258 1.832 1.522 3.141
30 113 5 199.696 432.482 38.557 4.586 1.634 1.94 0.013
30 115 5 204.712 459.043 37.935 1.705 0.468 1.019 3.125
30 116 1 203.692 463.664 37.733 0.436 0.315 0.653 -3.14
30 117 5 203.414 465.602 37.718 0.448 0.235 0.657 3.08
30 119 5 204.449 457.409 37.804 0.397 0.416 0.715 -3.115
30 120 1 209.631 432.213 38.258 4.182 1.642 1.346 -3.094
30 122 5 190.358 492.203 37.392 0.211 0.209 0.29 0.007
30 123 5 204.219 461.49 37.943 1.641 0.497 1.089 -3.117
30 127 1 202.355 472.441 37.559 0.286 0.261 0.509 -0.036
30 131 4 201.484 478.2 37.48 0.294 0.227 0.442 0.011
30 133 1 198.789 438.782 38.364 3.891 1.613 1.696 0.06
30 135 5 202.536 471.044 37.659 0.329 0.271 0.579 -0.018
30 136 1 202.102 473.687 37.601 0.402 0.314 0.606 -0.027
30 137 5 195.693 460.507 37.783 0.411 0.395 0.657 -0.305
30 138 5 202.937 468.379 37.689 0.274 0.245 0.537 3.11
30 139 4 192.032 482.126 37.494 0.17 0.206 0.386 -0.174
30 140 5 199.682 488.778 37.453 0.259 0.174 0.262 -3.059
30 141 1 210.553 427.076 38.328 3.576 1.588 1.237 3.123
30 145 5 205.804 464.032 37.909 0.261 0.192 0.432 3.129
30 147 5 198.61 495.632 37.515 1.603 0.255 0.878 0.017
30 148 1 206.103 461.197 37.827 0.298 0.3 0.632 3.095
30 152 5 193.163 475.668 37.534 0.274 0.308 0.561 3.127
30 157 1 213.53 409.951 38.612 4.584 1.916 1.851 3.077
30 158 1 204.22 410.576 38.225 0.757 0.208 0.767 -0.028
30 165 5 209.976 404.934 38.193 0.844 1.722 0.646 3.111
30 171 1 195.904 459.133 37.75 0.358 0.417 0.655 -0.033
30 172 1 203.194 416.198 38.145 3.745 0.341 0.956 0.002
31 67 5 200.592 482.506 37.487 0.202 0.341 0.68 -0.041
31 80 4 201.056 480.229 37.532 0.216 0.275 0.45 -0.041
31 81 1 194.297 505.376 37.824 0.66 1.626 1.2 -3.138
31 82 1 194.526 467.158 37.659 0.28 0.217 0.662 -3.091
31 89 5 193.959 469.998 37.646 0.406 0.195 0.745 -3.091
31 96 5 193.528 472.878 37.746 1.602 0.271 1.014 3.121
31 101 5 195.348 461.467 37.913 1.043 0.31 1.073 3.13
31 108 1 196.763 450.544 38.308 4.697 1.91 1.635 0.063
31 111 1 208.635 438.118 38.303 4.368 1.81 1.524 -3.123
31 113 5 199.656 432.422 38.601 4.601 1.699 1.907 0.045
31 115 5 204.648 459.019 37.918 1.664 0.395 1.03 -3.094
31 116 1 203.691 463.646 37.703 0.324 0.293 0.615 0.069
31 117 5 203.405 465.52 37.671 0.256 0.244 0.556 0.069
31 119 5 204.414 457.298 37.759 0.361 0.381 0.675 -0.256
31 120 1 209.711 432.393 38.275 4.215 2.004 1.426 -3.119
31 123 5 204.077 461.452 37.917 1.695 0.261 1.064 -3.094
31 127 1 202.302 472.425 37.567 0.236 0.294 0.612 0.061
31 131 4 201.462 478.178 37.558 0.277 0.308 0.627 -0.041
31 133 1 198.695 438.705 38.395 3.932 1.777 1.647 0.01
31 135 5 202.479 470.949 37.638 0.156 0.176 0.446 0.061
31 136 1 202.077 473.641 37.571 0.211 0.3 0.49 0.061
31 137 5 195.671 460.478 37.756 0.347 0.258 0.545 -3.115
31 138 5 202.831 468.337 37.766 0.295 0.188 0.373 0.029
31 139 4 192.04 482.122 37.447 0.271 0.193 0.313 3.081
31 141 1 210.594 426.889 38.264 4.125 1.688 1.38 3.129
31 145 5 205.736 464.014 37.759 0.158 0.173 0.341 3.109
31 147 5 198.511 495.624 37.523 1.625 0.267 0.994 0.035
31 148 1 206.113 461.138 37.858 0.233 0.217 0.64 -3.118
31 152 5 193.138 475.603 37.513 0.392 0.287 0.56 -3.087
31 157 1 213.407 409.94 38.632 4.624 1.862 1.87 3.134
31 158 1 204.119 410.641 38.239 0.812 0.496 0.695 0.027
31 165 5 209.813 407.32 38.271 3.386 1.927 1.124 3.135
31 171 1 195.889 459.083 37.726 0.252 0.301 0.629 -3.115
31 172 1 202.814 417.055 38.433 2.015 0.843 1.46 0.01
32 80 4 201.023 480.138 37.487 0.243 0.313 0.484 -0.068
32 82 1 194.43 467.163 37.735 0.144 0.09 0.506 -3.014
32 89 5 193.926 469.936 37.617 0.113 0.112 0.367 -3.044
32 96 5 193.398 472.92 37.733 1.457 0.293 0.844 3.07
32 101 5 195.215 461.747 37.935 1.584 0.098 0.907 3.141
32 108 1 196.812 450.252 38.33 4.262 1.987 1.6 0.055
32 111 1 208.612 438.046 38.305 4.465 1.889 1.56 -3.113
32 113 5 199.569 432.432 38.631 4.779 1.782 2.001 0.016
32 115 5 204.56 459.012 37.906 1.574 0.179 1.041 0.025
32 116 1 203.638 463.548 37.695 0.203 0.301 0.669 0.019
32 117 5 203.324 465.44 37.683 0.215 0.229 0.657 -0.014
32 119 5 204.418 457.347 37.717 0.424 0.339 0.634 0.032
32 120 1 209.68 432.207 38.298 4.477 2.033 1.413 -3.096
32 123 5 204.052 461.45 37.867 1.647 0.167 0.995 -0
32 127 1 202.276 472.371 37.568 0.115 0.16 0.43 3.049
32 133 1 198.619 438.583 38.423 4.053 2.081 1.655 0.007
32 135 5 202.432 470.935 37.456 0.09 0.196 0.366 0.11
32 136 1 202.043 473.618 37.546 0.183 0.251 0.57 0.525
32 137 5 195.618 460.425 37.694 0.287 0.158 0.612 3.016
32 141 1 210.613 426.852 38.338 4.182 1.676 1.455 -3.13
32 147 5 198.524 495.573 37.43 1.528 0.279 0.734 -3.001
32 152 5 193.073 475.647 37.408 0.262 0.209 0.417 -2.983
32 157 1 213.378 409.946 38.57 4.625 1.81 1.788 3.122
32 158 1 204.062 410.588 38.184 0.915 0.705 0.923 0.013
32 165 5 209.522 411.212 38.319 3.762 1.861 1.346 3.092
32 171 1 195.839 459.027 37.711 0.223 0.177 0.545 3.119
32 172 1 202.94 416.434 38.431 3.235 0.691 1.514 0.022
32 176 1 206.465 392.296 38.336 3.903 0.482 0.712 0.064
33 80 4 200.966 480.113 37.503 0.149 0.199 0.24 -0.111
33 82 1 194.503 466.844 37.583 1.426 0.273 0.556 -0.024
33 89 5 193.878 470.018 37.637 0.259 0.14 0.422 -0.014
33 96 5 193.394 472.785 37.9 1.319 0.18 0.5 3.139
33 101 5 195.321 461.353 37.907 1.18 0.391 1.066 3.121
33 108 1 196.798 450.216 38.313 3.924 1.85 1.658 0.05
33 111 1 208.567 437.878 38.362 4.545 1.903 1.501 -3.14
33 113 5 199.523 432.297 38.622 4.999 1.866 2.016 0.012
33 115 5 204.555 458.991 37.911 1.666 0.3 0.92 -3.102
33 116 1 203.58 463.563 37.693 0.193 0.166 0.526 -3.132
33 117 5 203.308 465.452 37.65 0.193 0.212 0.363 -3.128
33 119 5 204.376 457.266 37.724 0.216 0.27 0.507 -3.1
33 120 1 209.674 432.127 38.354 4.569 2.012 1.475 -3.093
33 123 5 204.021 461.462 37.893 1.727 0.289 1.018 -3.128
33 127 1 202.172 472.449 37.582 0.077 0.111 0.441 3.138
33 133 1 198.622 438.334 38.429 4.339 1.907 1.634 0.044
33 136 1 201.972 473.634 37.52 0.26 0.284 0.468 3.103
33 137 5 195.576 460.359 37.728 0.213 0.215 0.447 -0.022
33 141 1 210.651 426.751 38.375 4.64 1.967 1.468 -3.09
33 152 5 192.979 475.568 37.518 0.131 0.176 0.504 -3.131
33 157 1 213.148 409.904 38.778 4.697 1.637 1.632 3.102
33 158 1 203.808 409.062 38.486 4.022 1.57 1.394 -0.027
33 165 5 209.13 415.362 38.437 3.926 2.014 1.431 3.086
33 171 1 195.635 459.076 37.772 0.478 0.47 0.511 0.077
33 172 1 202.851 415.955 38.475 4.243 1.074 1.419 0.054
33 176 1 206.498 391.678 38.493 5.113 0.58 0.87 0.072
34 108 1 196.86 450.241 38.233 3.828 1.488 1.526 0.061
34 111 1 208.602 437.767 38.355 4.371 1.948 1.523 -3.121
34 113 5 199.482 432.152 38.671 5.088 1.87 1.92 0.034
34 115 5 204.469 458.92 38 1.704 0.221 0.791 -3.127
34 116 1 203.507 463.56 37.695 0.188 0.145 0.444 -3.138
34 117 5 203.278 465.519 37.649 0.31 0.374 0.726 -3.109
34 119 5 204.269 457.21 37.712 0.144 0.178 0.515 -3.079
34 120 1 209.578 431.977 38.436 4.711 1.896 1.327 -3.052
34 123 5 203.965 461.413 37.875 1.671 0.275 1.089 -3.093
34 133 1 198.685 438.08 38.43 4.098 1.859 1.668 0.031
34 141 1 210.454 426.76 38.398 4.471 1.788 1.443 -3.1
34 157 1 213.292 409.917 39.149 4.707 1.838 1.078 -3.133
34 158 1 204.197 409.285 38.356 3.867 0.977 1.166 0.032
34 165 5 208.645 419.641 38.439 3.95 2.063 1.402 -3.118
34 171 1 195.652 459.072 37.76 0.339 0.334 0.586 0.039
34 172 1 202.571 415.886 38.481 4.382 1.545 1.482 0.002
34 176 1 206.105 392.28 38.581 3.914 0.992 1.394 0.087
35 108 1 197.017 450.112 38.316 3.395 1.258 1.6 0.045
35 111 1 208.566 437.606 38.345 4.205 1.942 1.518 3.131
35 113 5 199.543 431.97 38.649 5.142 1.86 1.978 0.012
35 115 5 204.351 458.941 37.89 1.442 0.173 0.963 -0.012
35 116 1 203.474 463.6 37.612 0.256 0.29 0.216 0.019
35 117 5 203.212 465.464 37.666 0.212 0.431 0.581 -3.109
35 119 5 204.227 457.285 37.775 0.224 0.252 0.592 -0.101
35 120 1 209.605 431.79 38.356 4.395 1.841 1.496 -3.094
35 123 5 203.885 461.39 37.853 1.481 0.117 0.877 0.073
35 133 1 198.682 438.078 38.418 4.119 1.717 1.638 0.018
35 141 1 210.497 426.604 38.404 4.563 1.874 1.448 -3.122
35 157 1 213.264 409.95 38.697 4.818 1.881 1.909 3.116
35 158 1 203.772 408.914 38.465 4.379 1.528 1.429 -0.037
35 165 5 207.968 423.838 38.46 4.065 1.771 1.442 3.131
35 171 1 195.558 459.665 37.62 1.503 0.153 0.445 3.137
35 172 1 202.371 415.905 38.48 4.453 1.692 1.552 -0.008
35 176 1 205.75 392.277 38.541 3.815 1.521 1.402 0.088
35 188 1 219.144 385.296 38.725 4.188 1.745 1.454 -2.255
35 189 5 207.5 426.413 38.364 0.132 0.508 0.221 -3.124
35 190 5 214.127 400.608 38.082 0.146 0.17 0.566 1.471
36 108 1 196.895 450.14 38.319 3.313 1.264 1.538 0.009
36 111 1 208.548 437.684 38.308 4.111 1.847 1.518 3.128
36 113 5 199.492 431.935 38.645 5.105 1.837 1.96 0.014
36 119 5 204.143 457.26 37.614 0.182 0.258 0.491 -3.116
36 120 1 209.769 431.147 38.341 3.043 1.544 1.496 -3.109
36 123 5 203.907 461.339 37.805 1.382 0.762 0.856 -3.12
36 133 1 198.836 438.289 38.414 4.218 1.362 1.559 -0.002
36 141 1 210.511 426.452 38.406 4.215 1.943 1.499 -3.123
36 157 1 213.242 409.92 38.738 5.043 2.031 1.919 3.114
36 158 1 203.602 408.807 38.526 4.58 1.819 1.479 -0.059
36 171 1 195.261 459.916 37.816 2.157 0.626 0.903 -0.034
36 172 1 202.3 415.757 38.532 4.685 2.07 1.556 -0.004
36 176 1 205.742 392.215 38.589 3.976 1.524 1.456 0.097
36 188 1 217.261 386.865 38.715 4.428 1.794 1.51 -2.474
36 189 5 207.127 428.602 38.412 3.988 1.798 1.468 -3.135
36 190 5 214.08 400.609 38.15 0.234 0.158 0.413 3.084
37 108 1 196.887 450.182 38.264 3.282 1.306 1.642 0.005
37 111 1 208.572 437.023 38.324 3.021 1.666 1.532 3.057
37 113 5 199.532 431.906 38.647 4.764 1.577 1.968 0.005
37 120 1 209.489 431.688 38.351 4.124 1.728 1.497 -3.084
37 123 5 203.822 461.302 37.989 1.308 0.161 0.613 -3.078
37 133 1 198.866 438.35 38.378 4.297 1.014 1.582 0.023
37 141 1 210.493 426.45 38.394 4.283 1.862 1.472 -3.115
37 157 1 213.19 409.905 38.745 5.129 1.973 1.973 3.114
37 158 1 203.421 408.75 38.538 4.634 2.11 1.546 -0.056
37 171 1 195.399 460.128 37.763 2.195 0.287 0.81 -3.053
37 172 1 202.286 415.654 38.52 4.969 1.9 1.54 -0.013
37 176 1 205.723 391.933 38.615 4.552 1.786 1.471 0.098
37 188 1 215.625 388.633 38.708 4.447 2.08 1.638 -2.606
37 189 5 206.385 433.218 38.333 3.87 1.83 1.447 -3.101
37 190 5 214.034 400.558 38.102 0.246 0.263 0.559 0.4
37 196 5 210.905 370.867 38.521 0.618 0.222 0.742 0.024
37 198 1 230.917 383.463 38.623 2.809 1.585 1.007 1.569
37 199 3 223.809 385.825 39.217 0.276 0.65 0.896 -0.047
37 200 1 214.529 400.092 38.11 0.12 0.205 0.451 2.6
38 108 1 197.432 449.293 38.005 1.381 0.225 0.954 0.007
38 111 1 208.339 437.52 38.295 4.144 1.593 1.458 -3.116
38 113 5 199.534 431.898 38.595 4.665 1.586 1.933 0.005
38 120 1 209.434 431.595 38.362 3.933 1.659 1.446 -3.06
38 133 1 198.964 438.05 38.265 3.562 0.695 1.167 0.02
38 141 1 210.374 426.343 38.384 4.035 1.638 1.461 -3.1
38 157 1 213.172 409.867 38.791 5.157 1.99 1.992 -3.121
38 158 1 203.449 408.649 38.63 4.728 2.003 1.339 0.009
38 171 1 195.768 460.29 37.716 3.264 1.393 0.809 -0
38 172 1 202.314 415.323 38.53 4.807 2.043 1.539 0.006
38 176 1 205.587 392.147 38.626 4.162 1.801 1.398 0.085
38 188 1 214.406 390.664 38.787 4.33 2.062 1.702 -2.727
38 189 5 205.548 437.984 38.286 3.715 1.839 1.424 -3.12
38 190 5 214.057 400.545 38.221 0.244 0.287 0.504 3.142
38 196 5 210.89 370.866 38.556 0.501 0.136 0.957 -3.025
38 198 1 226.451 382.82 38.615 4.582 1.635 1.304 -1.63
38 199 3 223.99 385.747 38.865 0.389 0.94 1.688 0.546
38 200 1 214.55 399.906 38.247 0.537 0.192 0.368 3.142
39 111 1 208.265 437.599 38.267 4.135 1.534 1.43 -3.099
39 113 5 199.528 431.848 38.562 4.446 1.526 1.88 0.034
39 120 1 209.332 431.564 38.323 3.835 1.54 1.469 -3.066
39 133 1 198.899 438.174 38.374 3.441 0.737 1.679 0.027
39 141 1 210.34 426.378 38.362 4.061 1.653 1.347 -3.095
39 157 1 213.238 409.75 38.777 4.989 2.026 1.955 3.121
39 158 1 203.501 408.306 38.562 4.838 1.909 1.472 -0.035
39 172 1 202.185 415.276 38.513 4.57 2.072 1.526 0.006
39 176 1 205.506 392.168 38.733 4.147 1.784 1.625 0.1
39 188 1 213.275 392.995 38.808 3.672 2.118 1.604 -2.895
39 189 5 204.632 442.817 38.051 3.527 1.801 1.093 -3.132
39 190 5 214 400.522 38.255 0.326 0.309 0.559 -1.108
39 196 5 210.799 370.785 38.652 0.904 0.391 1.265 -0.01
39 198 1 223.069 382.822 38.687 4.322 1.803 1.409 -1.766
39 199 3 224.067 385.328 38.855 0.403 0.609 1.656 0.777
39 200 1 214.442 400.001 38.2 0.349 0.372 0.624 -1.108
40 111 1 207.869 437.503 38.079 4.009 0.817 1.312 -3.14
40 113 5 199.668 432.028 38.494 4.616 0.912 1.884 0.012
40 120 1 208.895 431.455 38.213 3.727 0.688 1.408 -3.086
40 133 1 199.271 436.678 37.88 0.759 0.227 0.581 3.017
40 141 1 210.303 426.349 38.337 3.993 1.655 1.519 -3.098
40 157 1 213.127 409.725 38.751 4.861 2.057 1.902 3.105
40 158 1 203.575 408.085 38.539 4.705 1.833 1.448 -0.06
40 172 1 202.283 415.283 38.446 4.236 1.797 1.583 0
40 176 1 205.475 392.111 39.073 4.201 1.871 2.198 0.098
40 188 1 212.714 394.661 38.82 4.632 2.069 1.72 -2.962
40 189 5 203.957 446.74 38.045 1.17 1.73 0.582 -3.14
40 190 5 213.921 400.462 38.233 0.307 0.407 0.669 -0.033
40 196 5 210.648 370.628 38.714 1.252 0.72 1.387 0
40 198 1 220.264 383.328 38.742 4.179 1.841 1.455 -2.021
40 199 3 224.13 384.804 39.156 0.37 0.734 0.851 0.439
40 200 1 214.366 399.924 38.228 0.296 0.409 0.702 -0.033
41 111 1 207.791 437.432 38.205 3.986 0.778 1.408 3.12
41 113 5 199.72 431.991 38.506 4.524 0.779 2.002 -0.04
41 120 1 208.85 431.457 38.163 3.727 0.591 1.078 -3.079
41 141 1 209.897 426.238 38.321 3.737 0.958 1.234 3.131
41 157 1 213.048 409.693 38.734 4.821 1.826 2.002 3.114
41 158 1 203.595 408.098 38.498 4.458 1.553 1.486 -0.05
41 172 1 202.286 415.251 38.43 3.819 1.691 1.488 -0.013
41 176 1 205.425 391.815 38.773 4.847 2.068 1.678 0.089
41 188 1 212.141 396.85 38.775 4.817 2.223 1.737 -3.02
41 189 5 203.089 451.597 37.81 0.562 1.782 0.377 -3.13
41 196 5 210.59 369.683 38.791 3.191 1.078 1.514 0.005
41 198 1 218.203 384.23 38.71 4.349 1.967 1.498 -2.114
41 199 3 224.193 384.237 38.87 0.515 0.757 1.786 1.011
41 209 1 210.852 363.786 38.727 2.909 1.424 1.483 0.005
42 111 1 208.036 437.371 38.276 3.659 1.312 1.272 -3.125
42 113 5 199.297 431.789 38.551 4.183 1.42 1.841 0.012
42 120 1 208.715 431.443 38.074 3.676 0.46 1.189 -3.11
42 141 1 209.754 426.142 38.132 3.702 0.67 1.075 -3.125
42 157 1 213.074 409.464 39.395 4.118 1.612 0.557 3.097
42 158 1 203.541 408.15 38.468 4.385 1.58 1.463 -0.065
42 172 1 202.844 415.443 38.251 3.531 0.255 1.091 -0.008
42 176 1 205.35 391.704 38.754 4.556 2.1 1.69 0.082
42 188 1 211.305 399.578 38.721 4.264 1.98 1.73 -3.072
42 190 5 213.882 400.419 38.147 0.303 0.305 0.465 -3.031
42 196 5 210.161 369.701 38.808 3.197 1.622 1.446 -0.1
42 198 1 216.272 385.557 38.712 4.026 1.995 1.441 -2.343
42 199 3 224.346 383.382 38.936 0.942 1.012 1.42 0.421
42 200 1 214.32 399.858 38.133 0.367 0.322 0.577 -3.031
42 209 1 210.844 363.843 38.774 3.284 1.507 1.482 0.033
43 111 1 207.837 436.187 38.329 1.345 0.577 1.089 3.09
43 113 5 199.784 430.936 38.557 2.081 0.477 1.369 0.025
43 157 1 212.961 409.398 38.715 4.238 1.741 1.965 3.122
43 158 1 204.046 408.231 38.468 4.247 0.499 1.447 -0.112
43 176 1 205.478 391.595 38.649 4.051 1.788 1.458 0.067
43 188 1 210.684 402.474 38.665 4.041 1.981 1.761 -3.115
43 190 5 213.804 400.352 38.152 0.175 0.155 0.381 0.46
43 196 5 210.134 369.219 38.809 4.263 1.772 1.453 -0.135
43 198 1 215.014 386.858 38.723 4.826 1.948 1.513 -2.55
43 199 3 224.223 382.984 38.828 0.744 0.665 1.713 0.238
43 200 1 214.271 399.838 38.143 0.178 0.227 0.478 0.46
43 209 1 210.698 363.911 38.828 3.651 1.506 1.442 0.037
43 211 1 227.843 375.768 38.238 0.229 0.281 0.476 -1.01
44 113 5 199.391 430.792 38.539 2.155 1.231 1.735 0
44 157 1 212.904 409.567 38.755 4.502 1.693 1.853 3.118
44 158 1 203.937 408.183 38.111 3.975 0.605 0.766 -0.034
44 176 1 205.74 391.739 38.648 3.925 1.007 1.5 0.075
44 188 1 210.05 405.713 38.664 3.583 1.899 1.619 3.142
44 196 5 210.006 369.158 38.831 4.431 1.87 1.494 -0.134
44 198 1 213.787 388.861 38.714 4.423 1.765 1.456 -2.765
44 199 3 224.222 382.208 38.771 0.707 0.482 1.651 -0.654
44 209 1 210.605 363.857 38.834 3.744 1.644 1.502 0.041
44 211 1 227.748 375.759 38.249 0.386 0.25 0.453 -0.032
45 157 1 212.859 409.13 39.129 3.594 1.499 0.657 -3.13
45 158 1 203.993 408.188 38.138 3.758 0.702 0.684 -0.014
45 176 1 205.846 391.651 38.702 3.578 0.772 1.341 0.085
45 188 1 209.315 409.482 38.631 3.586 1.891 1.54 -3.069
45 196 5 209.769 369.002 38.821 4.638 2.171 1.469 -0.047
45 198 1 212.846 391.075 38.668 4.151 1.765 1.5 -2.89
45 199 3 224.301 381.701 38.838 0.762 1.044 1.676 -0.557
45 209 1 210.549 363.879 38.864 3.842 1.731 1.499 0.029
45 211 1 227.696 375.769 38.337 0.361 0.29 0.436 -0.032
45 216 1 223.298 328.914 38.592 0.844 1.655 0.617 -3.093
45 217 4 217.752 318.606 38.991 1.02 0.574 1.102 0.029
46 157 1 213.082 407.613 39.136 0.272 1.602 0.665 0.019
46 176 1 206.209 390.943 38.548 1.725 0.608 1.407 -3.047
46 188 1 208.831 412.144 38.559 0.931 1.723 1.539 -3.088
46 196 5 209.865 368.788 38.836 4.838 2.028 1.492 -0.112
46 198 1 211.928 393.726 38.568 4.216 1.688 1.492 -2.973
46 199 3 224.272 380.91 38.845 0.407 0.544 1.632 -0.352
46 209 1 210.501 363.7 38.951 4.115 1.804 1.369 0.06
46 211 1 227.659 375.811 38.337 0.322 0.426 0.44 -1.548
46 216 1 222.708 332.505 38.737 3.834 1.736 1.129 3.111
46 217 4 218.068 316.073 38.991 0.706 0.545 1.032 -0.128
47 157 1 212.76 409.422 38.663 4.35 1.703 1.569 3.129
47 176 1 206.434 389.723 38.497 3.258 0.335 1.069 0.022
47 188 1 207.832 416.395 38.685 0.85 1.197 1.121 3.097
47 196 5 209.83 368.624 38.801 4.501 1.859 1.507 -0.119
47 198 1 211.303 396.511 38.551 3.987 1.783 1.153 -3.077
47 199 3 224.274 380.217 38.796 0.393 0.846 1.548 -0.532
47 200 1 214.06 399.782 38.09 0.221 0.237 0.565 2.952
47 209 1 210.574 363.651 38.855 4.605 1.739 1.489 0.025
47 211 1 227.597 375.783 38.257 0.177 0.305 0.547 -1.333
47 216 1 221.902 337.376 38.82 4.084 1.727 1.29 3.133
47 217 4 218.201 313.513 39.04 0.869 0.558 1.415 -0.057
48 157 1 212.266 407.496 38.786 0.204 0.285 1.104 3.097
48 176 1 206.174 390.702 38.505 1.249 0.318 0.998 0.036
48 188 1 207.038 420.58 38.659 0.26 0.867 0.154 -0.102
48 196 5 209.864 368.885 38.791 4.613 1.61 1.456 -0.113
48 198 1 210.867 398.485 38.607 1.366 1.704 1.238 -3.063
48 199 3 224.125 379.579 38.874 0.369 0.727 1.695 2.858
48 209 1 210.441 363.303 38.842 4.001 1.903 1.49 0.041
48 211 1 227.579 375.781 38.359 0.33 0.401 0.34 -0.103
48 216 1 221.118 342.049 38.923 4.117 1.931 1.435 -3.12
48 217 4 218.414 310.901 38.883 0.79 0.498 1.447 -0.019
49 196 5 209.849 368.622 38.77 4.108 1.553 1.443 -0.127
49 198 1 210.188 401.958 38.648 1.363 1.439 1.083 -3.127
49 199 3 224.046 379.042 38.744 0.472 0.568 1.425 2.914
49 209 1 210.461 363.211 38.829 3.72 1.866 1.454 0.036
49 211 1 227.47 375.821 38.218 0.315 0.132 0.428 -3.088
49 216 1 220.251 346.71 38.97 5.137 1.777 1.465 -3.116
49 217 4 218.656 308.237 39.058 0.843 0.539 1.445 -0.068
50 196 5 210.199 368.616 38.749 3.886 0.774 1.398 -0.108
50 199 3 224.057 378.288 38.956 0.434 0.705 1.278 -0.32
50 209 1 210.38 363.042 38.842 3.55 1.736 1.48 0.019
50 216 1 219.415 351.222 38.94 4.018 1.759 1.447 -3.106
50 217 4 218.744 305.506 38.959 0.779 0.549 1.484 0.026
51 196 5 210.348 368.631 38.748 3.683 0.615 1.28 -0.054
51 199 3 224.14 377.73 38.844 0.535 0.619 1.409 2.637
51 209 1 210.482 362.909 38.832 3.164 1.759 1.379 0.012
51 216 1 218.589 355.595 38.857 3.807 1.777 1.356 -3.126
51 217 4 218.882 302.589 38.914 0.895 0.584 1.363 -0.086
52 196 5 210.268 368.679 38.703 3.839 0.447 1.126 -0.116
52 199 3 224.125 377.043 38.851 0.239 0.55 1.267 2.628
52 209 1 210.451 362.166 38.699 1.509 1.454 0.681 -0.07
52 216 1 217.698 360.112 38.774 4.003 1.697 1.207 -3.093
52 217 4 218.93 300.001 38.944 1.085 0.698 1.617 -0.108
53 196 5 210.328 368.252 38.651 2.841 0.363 0.84 -0.064
53 209 1 210.436 361.681 38.527 0.515 1.327 0.533 -0.033
53 216 1 217.179 363.186 38.631 1.349 1.613 0.849 3.141
53 217 4 218.899 297.204 39.053 1.309 0.645 1.42 -0.116
54 196 5 210.275 368.333 38.69 3.134 0.417 0.865 -0.016
54 209 1 210.335 361.691 38.587 0.794 1.369 0.283 -0.082
54 216 1 216.391 367.553 38.69 1.609 1.495 0.968 3.126
54 217 4 218.797 294.465 39.029 1.47 0.618 1.525 -0.066
55 209 1 210.283 361.625 38.533 0.532 1.232 0.374 -3.101
55 217 4 218.524 291.654 38.945 1.441 0.666 1.479 -0.032
56 209 1 210.275 361.736 38.479 0.563 1.123 0.437 3.129
56 217 4 218.307 288.649 38.914 1.515 0.652 1.634 -0.099
57 217 4 218.027 286.012 38.959 1.516 0.69 1.688 -0.099
58 217 4 217.707 283.06 38.99 1.771 0.631 1.726 0.008
59 217 4 217.404 280.222 38.995 1.729 0.578 1.718 -0.015
59 221 3 218.422 232.752 39.186 0.138 0.297 0.304 -0.322
60 217 4 217.008 277.458 38.992 1.8 0.661 1.667 0.036
60 221 3 217.86 232.294 39.13 0.197 0.297 0.946 2.91
60 222 3 217.11 232.427 38.994 0.109 0.53 0.75 2.91
61 217 4 216.545 274.912 38.999 1.768 0.764 1.697 0.032
61 221 3 217.728 231.662 39.096 0.251 0.455 0.819 -0.249
61 222 3 216.877 231.789 39.095 0.246 0.539 0.825 -0.194
62 217 4 215.944 272.142 39.016 1.73 0.652 1.719 0.025
62 221 3 217.558 231.15 39.167 0.324 0.304 0.768 2.882
62 222 3 216.909 231.223 39.263 0.248 0.488 0.942 2.882
63 217 4 215.303 269.58 39.034 1.673 0.698 1.743 0.007
63 221 3 217.006 230.508 39.265 0.335 0.578 0.956 0.016
63 222 3 216.202 230.668 39.229 0.309 0.702 0.965 0.117
64 217 4 214.554 266.953 38.998 1.377 0.679 1.778 0.153
64 221 3 216.755 229.953 39.132 0.369 0.53 1.062 -0.164
64 222 3 215.915 230.154 39.121 0.181 0.526 1.048 -0.164
65 217 4 213.927 264.652 38.959 1.472 0.668 1.751 0.065
65 221 3 216.357 229.437 39.122 0.417 0.519 1.398 -0.026
65 222 3 215.51 229.56 39.281 0.36 0.712 1.093 -0.026
65 223 4 191.297 196.102 38.829 0.658 0.448 1.479 2.844
66 217 4 213.251 262.135 38.918 1.426 0.658 1.654 0.185
66 221 3 216.025 228.813 39.215 0.442 0.492 1.195 -0.006
66 222 3 215.189 229.02 39.279 0.371 0.522 1.045 -0.006
66 223 4 192.682 197.884 38.919 1.062 0.602 1.315 2.877
67 217 4 212.544 259.805 39 1.674 0.668 1.622 0.123
67 221 3 215.605 228.236 39.243 0.463 0.559 1.1 0.373
67 222 3 214.941 228.375 39.28 0.474 0.76 1.096 0.376
67 223 4 193.718 199.387 38.954 0.627 0.557 1.413 2.945
68 217 4 211.893 257.496 38.897 0.947 0.57 1.401 -0.006
68 221 3 215.396 227.577 38.917 0.546 0.668 1.673 -0.125
68 222 3 214.599 227.708 38.956 0.885 0.723 1.68 0.052
68 223 4 195.082 201.241 38.766 1.105 0.632 1.462 2.973
69 217 4 211.392 255.196 38.829 0.979 0.661 1.46 -2.958
69 221 3 215.024 226.906 39.247 0.438 0.535 1.237 0.021
69 222 3 214.22 227.058 39.277 0.481 0.646 1.03 0.021
69 223 4 196.147 202.881 38.889 1.215 0.701 1.577 2.984
70 217 4 210.655 252.958 38.879 1.171 0.63 1.399 -2.844
70 221 3 214.829 226.32 39.218 0.357 0.511 1.264 0.037
70 222 3 213.894 226.535 39.281 0.463 0.713 1.13 0.064
70 223 4 197.178 204.464 38.833 1.885 0.726 1.743 -3.138
71 217 4 209.809 250.836 38.901 0.933 0.617 1.432 0.283
71 221 3 214.579 225.723 39.177 0.218 0.42 1.055 0.113
71 222 3 213.514 226.021 39.279 0.396 0.728 0.914 0.113
71 223 4 198.431 206.354 38.85 1.867 0.761 1.723 3.13
72 217 4 209.039 248.666 38.819 0.555 0.509 1.352 0.271
72 221 3 214.218 225.23 39.198 0.309 0.456 0.886 -2.99
72 222 3 213.086 225.635 39.206 0.194 0.278 0.895 -3.089
72 223 4 199.714 208.299 38.797 1.333 0.628 1.685 -3.077
73 217 4 208.074 246.319 38.653 0.703 0.665 0.812 0.074
73 221 3 213.809 224.744 39.149 0.334 0.638 1.121 0.111
73 222 3 212.86 225.041 39.25 0.206 0.399 0.89 0.111
73 223 4 200.859 209.987 38.883 1.443 0.552 1.538 -2.93
74 221 3 213.355 224.248 39.194 0.364 0.399 0.79 -3.082
74 222 3 212.523 224.645 39.384 0.3 0.449 0.394 -3.082
74 223 4 202.043 211.868 38.993 0.84 0.589 1.285 -2.978
75 222 3 212.071 224.208 39.191 0.161 0.437 0.377 -3.064
75 223 4 203.008 213.619 38.814 1.006 0.567 1.53 -3.048
76 223 4 204.169 215.557 38.79 0.662 0.613 1.309 3.062
77 223 4 205.335 217.372 38.783 0.512 0.565 1.162 3.067
78 226 4 143.961 107.058 38.991 0.977 0.552 1.272 -3.061
79 226 4 144.718 110.444 38.881 1.057 0.731 1.454 -3.031
80 226 4 145.631 113.77 38.896 1.362 0.739 1.466 -3.081
81 226 4 146.415 116.954 38.945 1.732 0.778 1.548 -2.989
82 226 4 147.177 120.19 38.989 2.012 0.799 1.599 -3.141
83 226 4 148.144 123.708 39.044 2.764 1.031 1.596 -3.139
84 226 4 148.893 127.215 39.027 1.83 0.676 1.594 -3.006
85 226 4 149.838 130.558 38.982 1.823 0.634 1.482 -3.118
86 226 4 150.856 133.771 38.96 1.551 0.717 1.543 3.112
86 227 1 132.467 48.546 38.703 3.786 1.82 1.513 -1.837
87 226 4 151.98 137.122 39.038 1.542 0.673 1.269 2.964
87 227 1 130.307 49.758 38.762 3.94 0.543 1.622 -1.669
88 226 4 153.134 140.445 39 1.664 0.61 1.241 2.849
88 227 1 127.369 49.527 38.8 4.128 1.472 1.649 -1.483
88 228 1 131.498 39.22 38.543 4.672 1.356 1.401 1.232
89 226 4 154.276 143.547 38.956 1.026 0.537 1.015 2.915
89 227 1 124.437 49.186 38.738 3.722 1.533 1.533 -1.328
89 228 1 133.078 36.839 38.337 4.29 2.139 0.883 0.943
90 227 1 120.971 48.393 38.798 4.295 1.866 1.495 -1.281
90 228 1 135.711 35.109 38.198 3.958 0.179 0.67 0.823
91 227 1 117.534 47.626 38.755 4.156 1.864 1.623 -1.26
91 228 1 136.721 32.148 38.593 4.41 1.779 1.289 0.659
92 227 1 113.769 46.767 38.718 4.13 1.836 1.666 -1.275
92 228 1 137.944 29.27 38.369 4.35 2.203 1.036 0.443
92 232 1 124.1 54.066 38.204 0.151 0.229 0.395 -1.191
93 227 1 109.748 45.888 38.729 4.12 1.801 1.49 -1.255
93 228 1 139.23 26.106 38.257 4.282 1.8 0.699 0.484
93 232 1 124.083 54.086 38.235 0.166 0.235 0.357 2.29
93 233 4 110.616 38.404 38.746 1.283 0.725 1.264 1.886
94 227 1 105.436 45.053 38.497 4.206 1.598 1.173 -1.267
94 228 1 140.113 22.785 38.267 3.859 1.734 0.634 0.493
94 232 1 124.031 54.05 38.188 0.226 0.279 0.425 -1.203
94 233 4 113.252 39.036 38.817 1.403 0.527 1.299 1.849
94 240 1 148.016 58.054 38.686 0.308 0.313 0.625 0.047
94 241 1 140.253 66.296 38.469 0.172 0.149 0.545 -2.816
94 242 4 99.312 31.065 38.647 1.618 0.617 1.017 1.929
95 227 1 101.013 44.145 38.688 4.098 1.788 1.519 -1.201
95 228 1 140.887 19.099 38.265 3.817 1.857 0.676 0.406
95 232 1 124.011 54.037 38.235 0.282 0.242 0.455 0.369
95 233 4 115.626 39.44 38.758 1.726 0.732 1.503 1.94
95 240 1 147.983 58.051 38.673 0.302 0.247 0.596 0.047
95 241 1 140.372 66.378 38.483 0.292 0.408 0.55 -3.026
95 242 4 102.283 31.638 38.75 1.45 0.632 0.9 1.975
95 243 5 132.406 65.639 38.524 0.18 0.215 0.14 -2.765
95 244 4 124.252 38.257 38.254 0.144 0.162 0.372 -2.901
96 227 1 96.137 43.343 38.705 4.2 1.825 1.646 -1.097
96 228 1 141.572 16.476 38.361 1.168 1.663 0.572 0.538
96 232 1 124.04 54.066 38.266 0.252 0.33 0.494 -0.347
96 233 4 117.813 39.829 38.771 1.736 0.734 1.575 2.064
96 240 1 147.979 58.083 38.769 0.312 0.204 0.505 0.047
96 241 1 140.387 66.4 38.448 0.419 0.422 0.432 -2.859
96 242 4 105.361 32.291 38.71 1.652 0.629 1.058 1.905
96 243 5 132.371 65.642 38.371 0.261 0.259 0.454 -2.924
96 244 4 124.239 38.292 38.255 0.218 0.219 0.385 -2.656
96 249 4 84.737 31.057 38.454 1.289 0.779 1.49 2.046
97 227 1 91.185 42.665 38.671 4.015 1.817 1.485 -1.044
97 228 1 142.547 12.385 38.44 1.145 1.773 0.693 0.667
97 232 1 124.07 54.06 38.331 0.203 0.335 0.415 2.242
97 233 4 119.779 40.118 38.778 1.727 0.685 1.597 2.109
97 240 1 147.952 58.093 38.83 0.236 0.188 0.41 0.047
97 241 1 140.399 66.415 38.479 0.324 0.386 0.553 -2.668
97 242 4 108.329 32.938 38.777 1.635 0.565 1.268 2.27
97 243 5 132.364 65.682 38.397 0.261 0.274 0.437 2.658
97 244 4 124.274 38.308 38.236 0.173 0.164 0.365 0.719
97 249 4 87.205 31.636 38.471 1.503 0.847 1.343 2.259
98 227 1 86.021 41.761 38.648 3.562 1.743 1.55 -0.727
98 228 1 143.716 8.586 38.709 0.423 1.849 0.088 0.869
98 232 1 124.053 54.061 38.269 0.157 0.233 0.358 2.479
98 233 4 121.599 40.223 38.811 1.931 0.807 1.605 2.35
98 240 1 147.952 58.1 38.805 0.142 0.243 0.449 -0.587
98 241 1 140.37 66.452 38.437 0.319 0.426 0.447 -2.435
98 242 4 111.12 33.493 38.566 1.898 0.699 1.43 2.418
98 243 5 132.325 65.686 38.505 0.243 0.093 0.162 2.318
98 244 4 124.226 38.284 38.213 0.187 0.194 0.429 2.378
98 249 4 89.485 32.092 38.541 1.519 0.815 1.471 2.429
99 227 1 81.751 40.915 38.538 0.95 1.806 1.176 -0.58
99 228 1 145.137 4.143 38.553 0.61 1.559 0.73 1.131
99 232 1 123.996 54.047 38.314 0.281 0.335 0.452 -0.482
99 233 4 123.496 40.175 38.845 1.703 0.842 1.627 2.255
99 241 1 140.337 66.483 38.497 0.363 0.344 0.388 -2.383
99 242 4 113.706 34.009 38.699 2.054 0.682 1.578 2.541
99 243 5 132.284 65.705 38.391 0.246 0.276 0.412 2.949
99 244 4 124.217 38.323 38.272 0.185 0.114 0.36 2.676
99 249 4 91.819 32.577 38.527 1.569 0.695 1.255 2.566
100 227 1 76.147 39.983 38.595 0.524 1.61 1.632 -0.288
100 228 1 146.759 0 38.41 0.629 1.645 0.566 1.512
100 232 1 123.96 54.054 38.43 0.293 0.278 0.258 -0.22
100 233 4 125.242 40.016 38.88 1.707 0.766 1.627 2.405
100 241 1 140.295 66.46 38.523 0.279 0.37 0.311 -2.058
100 242 4 116.085 34.438 38.733 1.985 0.909 1.557 2.775
100 243 5 132.268 65.722 38.37 0.268 0.208 0.352 -1.59
100 244 4 124.087 38.328 38.29 0.292 0.441 0.506 0.769
100 249 4 94.219 33.117 38.572 1.791 0.674 1.349 2.844
101 227 1 70.314 38.807 38.548 0.398 1.521 0.988 -0.189
101 232 1 123.905 54.077 38.343 0.313 0.312 0.455 0.006
101 233 4 126.935 39.715 38.877 1.84 0.853 1.668 2.544
101 241 1 140.25 66.491 38.436 0.339 0.292 0.48 -0.355
101 242 4 118.161 34.981 38.737 2.179 0.777 1.571 2.964
101 243 5 132.218 65.758 38.32 0.3 0.226 0.421 2.606
101 244 4 124.182 38.303 38.31 0.291 0.274 0.455 -2.809
101 249 4 96.343 33.675 38.687 1.639 0.793 1.569 2.979
102 227 1 64.222 37.594 38.663 0.908 1.561 1.423 0
102 232 1 123.776 54.027 38.331 0.377 0.287 0.423 0.007
102 233 4 128.589 39.419 38.876 1.933 0.674 1.694 2.614
102 241 1 140.269 66.541 38.479 0.297 0.37 0.508 -0.41
102 242 4 120.235 35.503 38.734 2.105 0.906 1.547 3.142
102 243 5 132.194 65.78 38.352 0.239 0.266 0.465 3.08
102 244 4 124.128 38.366 38.335 0.308 0.281 0.449 0
102 249 4 98.764 34.299 38.704 1.729 0.793 1.632 -3.142
103 227 1 58.553 36.409 38.375 0.384 1.454 0.688 0.006
103 233 4 130.081 38.831 38.843 1.187 0.852 1.57 2.665
103 241 1 140.264 66.498 38.52 0.394 0.321 0.332 -0.019
103 242 4 122.224 36.1 38.738 2.479 0.824 1.549 -3.072
103 244 4 124.042 38.343 38.297 0.478 0.312 0.476 -0.039
103 249 4 100.952 34.86 38.719 1.936 0.791 1.539 3.08
104 227 1 52.485 35.285 38.521 0.994 1.593 1.191 -0.047
104 233 4 131.8 38.215 38.82 1.167 0.787 1.505 2.587
104 242 4 124.153 36.661 38.737 2.106 0.753 1.5 -3.116
104 249 4 103.2 35.476 38.757 1.937 0.803 1.624 -3.132
105 227 1 47.078 34.258 38.613 0.317 1.423 0.829 -0.021
105 233 4 133.606 37.592 38.774 1.087 0.719 1.297 2.747
105 242 4 125.728 37.23 38.811 2.131 0.63 1.403 -3.125
105 249 4 105.418 36.002 38.782 2.029 0.873 1.601 3.077
106 227 1 41.526 33.023 38.511 0.599 1.577 1.197 -0.004
106 233 4 135.629 37.237 38.779 1.08 0.692 1.42 3.13
106 242 4 127.152 37.755 38.751 2.004 0.599 1.295 -3.095
106 249 4 108.027 36.53 38.781 2.295 0.658 1.552 3.025
107 227 1 36.275 31.886 38.49 0.96 1.59 1.24 -0.008
107 242 4 128.298 38.104 38.846 1.422 0.567 1.347 -3.137
107 249 4 110.487 36.896 38.739 1.916 0.756 1.541 -3.137
108 227 1 31.7 30.961 38.516 0.438 1.479 0.866 -0.035
108 242 4 129.527 38.422 38.755 1.108 0.536 1.368 -3.105
108 249 4 112.718 37.289 38.736 2.084 0.783 1.559 3.142
109 227 1 27.323 29.965 38.477 0.437 1.573 0.817 0.029
109 242 4 130.954 38.594 38.816 1.186 0.657 1.028 2.804
109 249 4 114.599 37.697 38.768 1.263 0.797 1.628 -3.081
110 227 1 23.339 29.124 38.554 0.415 1.49 0.785 0.025
110 242 4 132.265 38.857 38.604 1.197 0.39 1.129 -2.978
110 249 4 116.649 38.107 38.668 1.252 0.821 1.48 3.105
111 227 1 19.76 28.452 38.507 0.489 1.543 0.801 0.001
111 249 4 118.609 38.595 38.723 1.254 0.616 1.251 -3.133
112 227 1 16.544 27.909 38.632 0.456 1.595 0.995 -0.075
112 249 4 120.181 39.078 38.669 0.841 0.721 1.175 -0.167
113 227 1 11.839 27.648 38.597 3.871 1.575 1.63 -0.207
114 227 1 8.934 27.698 38.452 4.061 1.779 1.216 -0.21
