0 1 1 175.152 68.678 38.346 6.362 2.419 2.269 0.009
0 2 1 163.617 66.046 37.922 3.913 1.825 1.435 0.003
0 6 1 226.623 80.68 37.994 3.489 1.321 1.247 -0.12
0 8 1 211.501 77.02 38.318 3.589 1.747 1.372 -0.016
0 9 1 196.992 74.627 37.946 4.31 1.827 1.444 0.009
0 10 1 153.347 63.972 37.813 4.301 1.761 1.325 0.003
0 11 1 197.299 45.929 38.901 9.27 2.796 2.973 3.119
0 14 1 185.008 70.647 38.439 6.098 2.481 2.366 0.009
0 15 2 196.226 78.432 38.681 12.166 2.976 2.859 0.009
1 1 1 173.645 68.331 38.33 6.036 2.411 2.249 0.016
1 2 1 162.712 65.825 37.902 3.875 1.777 1.467 0
1 6 1 221.901 79.498 37.799 3.446 1.157 0.71 -0.214
1 8 1 208.041 76.227 38.045 3.498 1.66 1.802 -0.007
1 9 1 194.443 74.016 37.942 4.27 1.769 1.477 0
1 10 1 152.633 63.761 37.822 4.265 1.72 1.443 0.002
1 11 1 197.382 45.825 38.918 9.1 2.678 2.898 -3.13
1 14 1 183.046 70.091 38.404 5.972 2.479 2.294 0.086
1 15 2 194.583 77.992 38.635 12.234 2.873 2.837 -0.006
2 1 1 172.517 67.933 38.364 6.027 2.745 2.293 0.015
2 2 1 161.847 65.596 37.921 3.866 1.852 1.512 -0.002
2 6 1 217.938 78.712 37.732 3.532 0.945 0.963 -0.043
2 8 1 205.107 75.542 38.103 3.594 1.775 1.726 0.004
2 9 1 192.13 73.577 37.999 4.302 1.69 1.571 0.004
2 10 1 152.063 63.663 37.864 4.589 1.659 1.403 -0.002
2 11 1 196.772 45.675 38.861 7.833 2.496 2.939 3.14
2 14 1 181.468 69.543 38.391 6.026 2.478 2.31 0.12
2 15 2 193.345 77.713 38.619 12.221 2.983 2.822 -0.01
3 1 1 171.325 67.819 38.323 6.04 2.383 2.323 -0.024
3 2 1 160.965 65.388 37.892 3.964 1.938 1.546 0.009
3 6 1 214.704 77.747 37.821 3.535 1.134 0.955 -0.269
3 8 1 202.459 74.953 38.055 3.614 1.693 1.875 -0.018
3 9 1 190.18 73.159 37.936 4.413 1.817 1.578 0.067
3 10 1 152.527 63.776 37.82 3.254 1.658 1.494 -0.034
3 11 1 195.387 45.397 38.915 5.182 2.741 3.112 3.131
3 14 1 180.245 69.083 38.367 6.051 2.503 2.33 0.114
3 15 2 192.263 77.435 38.609 12.257 3.004 2.847 -0.021
4 1 1 170.215 67.565 38.324 6.038 2.55 2.299 -0.005
4 2 1 160.196 65.301 37.891 3.877 1.714 1.502 0
4 6 1 211.628 77.086 37.907 3.529 1.126 1.598 0
4 8 1 200.093 74.431 38.268 3.229 1.799 1.506 0.006
4 9 1 188.508 72.591 37.972 4.342 2.029 1.599 0
4 10 1 152.48 63.753 37.811 3.308 1.63 1.491 0.001
4 11 1 193.852 44.858 38.796 1.764 2.735 2.417 3.142
4 14 1 179.27 68.773 38.358 6.055 2.36 2.335 0.111
4 15 2 191.171 77.276 38.58 12.277 2.922 2.899 0.005
5 1 1 169.119 67.338 38.352 6.11 2.5 2.256 -0.006
5 2 1 159.451 65.265 37.887 3.951 1.62 1.496 -0.009
5 6 1 209.255 76.476 37.93 3.712 1.272 1.556 0.011
5 8 1 197.705 73.883 38.292 3.126 1.788 1.452 0.023
5 9 1 187.194 72.371 38 4.28 1.871 1.549 0.006
5 10 1 153.236 63.92 37.971 1.836 1.617 1.182 0.031
5 14 1 178.384 68.538 38.374 6.003 2.294 2.272 0.09
5 15 2 190.176 77.126 38.592 12.142 3.017 2.811 0.01
5 18 4 162.895 37.859 37.857 0.613 0.638 1.169 3.142
6 1 1 167.845 67.079 38.348 6.359 2.575 2.263 -0.027
6 2 1 158.978 65.279 37.884 3.897 1.339 1.464 0.002
6 6 1 207.006 75.913 37.934 3.801 1.414 1.621 0.07
6 8 1 195.71 73.333 38.355 3.089 1.909 1.348 -0.031
6 9 1 186.112 72.147 37.987 4.366 1.861 1.578 0.01
6 10 1 153.307 63.929 37.99 1.723 1.431 1.161 -0.016
6 14 1 177.548 68.319 38.358 6.039 2.347 2.26 0.098
6 15 2 189.26 76.828 38.565 12.109 2.912 2.845 -0.007
6 18 4 166.989 38.988 37.689 1.05 0.672 1.548 -3.117
7 1 1 166.973 66.989 38.347 6.069 2.58 2.285 -0.035
7 2 1 158.699 65.025 37.882 3.847 1.674 1.439 0
7 6 1 204.786 75.491 37.78 3.524 1.336 1.108 0
7 8 1 194.092 73.119 38.356 3.059 1.809 1.232 0
7 9 1 185.142 71.894 37.977 4.336 1.92 1.568 0
7 10 1 153.316 63.855 37.82 1.569 1.265 1.467 0
7 14 1 176.647 68.045 38.336 6.043 2.302 2.27 0.059
7 15 2 188.268 76.63 38.596 12.195 2.943 2.755 0
7 18 4 170.613 40.222 37.717 1.228 0.512 1.583 -3.092
7 23 1 210.607 80.425 37.792 1.65 0.84 0.698 0
8 1 1 166.066 66.832 38.375 6.391 2.416 2.36 -0.053
8 2 1 158.335 65.062 37.888 4.064 1.337 1.566 -0.006
8 6 1 202.96 75.05 37.99 3.903 1.225 1.481 0.009
8 8 1 192.935 72.856 38.329 3.067 1.846 1.379 0.009
8 9 1 184.204 71.687 37.989 4.415 1.843 1.608 0.011
8 10 1 153.381 63.841 38.042 1.393 1.2 1.029 0.009
8 14 1 175.779 67.815 38.348 6.208 2.318 2.279 0.056
8 15 2 187.298 76.428 38.548 11.939 2.961 2.705 0.006
8 18 4 174.051 41.194 37.819 1.333 0.72 1.556 3.136
8 23 1 208.635 80.045 37.595 0.48 0.79 0.585 0.009
9 1 1 165.651 66.737 38.399 6.052 2.399 2.357 -0.071
9 2 1 158.032 65.092 37.854 4.038 1.18 1.403 -0.028
9 6 1 201.073 74.614 37.967 3.587 1.233 1.6 -0.003
9 8 1 192.016 72.651 38.193 3.096 1.79 1.68 -0.003
9 9 1 183.275 71.413 38.011 4.383 1.94 1.573 -0.003
9 10 1 153.02 63.745 37.875 2.305 1.288 1.541 -0.003
9 14 1 174.751 67.526 38.353 6.127 2.439 2.209 0.064
9 15 2 186.548 76.167 38.583 12.023 2.929 2.597 -0.003
9 23 1 207.595 79.611 37.496 0.456 0.816 0.488 0.01
10 1 1 165.162 66.7 38.379 6.235 2.28 2.433 -0.063
10 2 1 157.575 64.941 37.873 3.963 1.194 1.56 0.016
10 6 1 199.849 74.36 37.976 3.903 1.141 1.657 -0.018
10 8 1 191.044 72.412 38.125 3.331 1.848 1.856 0.007
10 9 1 182.434 71.171 37.963 4.467 1.944 1.529 0.021
10 10 1 153.016 63.819 38.059 2.177 1.223 1.177 -0.021
10 14 1 174.065 67.353 38.331 6.062 2.415 2.248 0.062
10 15 2 185.696 75.993 38.616 11.813 2.945 2.487 0.003
10 23 1 206.565 79.509 37.832 1.571 0.618 0.602 0.017
10 25 1 224.626 80.934 37.588 0.574 1.11 0.605 -0.017
11 1 1 164.803 66.656 38.391 6.46 2.39 2.436 -0.046
11 2 1 157.894 65.458 37.771 2.748 0.405 1.279 -0.016
11 6 1 198.826 74.16 37.995 3.919 1.195 1.665 0
11 8 1 190.042 72.042 38.138 3.775 2.055 1.857 -0.022
11 9 1 181.502 70.939 38.015 4.45 2.026 1.601 0.008
11 10 1 153.563 63.999 37.887 3.381 1.16 1.534 0.046
11 14 1 173.485 67.166 38.345 5.825 2.303 2.255 0.047
11 15 2 184.216 75.583 38.42 9.947 2.947 2.575 -0.003
11 23 1 205.586 79.105 37.772 1.903 0.923 0.852 0
11 25 1 220.426 80.329 37.492 0.797 1.559 0.595 0
12 1 1 164.8 66.663 38.417 6.031 2.342 2.404 -0.056
12 2 1 157.78 65.483 37.686 2.455 0.234 1.006 0.013
12 6 1 198.021 73.968 37.933 3.819 1.32 1.411 0.04
12 8 1 189.196 71.921 38.181 4.014 1.975 1.797 -0.008
12 9 1 180.59 70.754 38.016 4.345 2.001 1.567 -0.021
12 10 1 153.01 63.821 37.876 2.254 1.137 1.559 0.023
12 14 1 172.973 66.994 38.369 5.85 2.346 2.207 0.082
12 15 2 184.629 75.731 38.528 12.039 2.91 2.714 0.008
12 23 1 204.295 78.828 37.762 2.492 0.951 1.23 0.058
12 25 1 216.758 79.546 37.486 0.551 1.794 0.817 -0.007
13 1 1 164.522 66.564 38.427 6.332 2.432 2.386 -0.051
13 2 1 157.781 65.494 37.695 2.542 0.339 1.027 0.007
13 6 1 197.476 73.85 37.921 3.904 1.352 1.474 -0.007
13 8 1 188.417 71.652 38.151 4.208 2.164 1.878 0.006
13 9 1 179.961 70.572 37.993 4.43 1.947 1.469 0.028
13 10 1 153.1 63.769 38.059 2.106 1.142 1.179 0.066
13 14 1 172.343 66.721 38.366 5.834 2.277 2.228 0.126
13 15 2 182.474 74.965 38.524 8.179 2.957 2.324 -0.061
13 23 1 202.827 78.43 37.779 2.517 1.028 1.34 -0.018
13 25 1 213.446 78.815 37.497 0.909 1.758 0.615 -0.004
13 30 4 189.156 47.995 38.005 1.595 0.339 0.979 -3.135
14 1 1 164.579 66.593 38.434 6.014 2.514 2.381 -0.056
14 2 1 157.631 65.458 37.637 2.203 0.22 0.975 -0.003
14 6 1 196.807 73.67 37.929 3.813 1.377 1.481 -0.001
14 8 1 187.633 71.472 38.16 4.307 2.247 1.872 0.004
14 9 1 179.27 70.354 37.995 4.397 2.113 1.598 0.028
14 10 1 152.877 63.708 37.856 2.234 1.615 1.59 -0.01
14 14 1 171.591 66.397 38.383 5.724 2.304 2.225 0.162
14 15 2 182.388 75.27 38.557 8.663 3.115 2.234 0.012
14 23 1 201.518 78.092 37.808 2.577 1.122 1.356 0.028
14 25 1 210.477 78.181 37.64 0.594 1.712 0.549 0.016
14 30 4 194.191 49.243 38.014 1.581 0.561 0.812 -3.103
15 1 1 164.38 66.463 38.407 6.227 2.58 2.444 -0.031
15 2 1 157.602 65.464 37.62 2.199 0.191 0.946 -0.012
15 6 1 196.35 73.565 37.884 3.787 1.32 1.381 -0.012
15 8 1 186.907 71.316 38.124 4.356 2.208 1.853 -0.01
15 9 1 178.524 70.238 37.974 4.373 1.925 1.512 -0.012
15 10 1 151.918 63.287 38.051 3.109 1.634 1.171 -0.012
15 14 1 170.642 65.965 38.387 5.927 2.284 2.268 0.199
15 15 2 182.416 75.107 38.41 8.856 2.915 2.512 -0.012
15 23 1 200.091 77.706 37.849 2.471 1.247 1.334 -0.012
15 25 1 209.158 77.867 38.038 3.261 1.779 1.541 -0.012
15 30 4 199.452 50.594 38.159 1.54 0.476 0.691 -3.087
16 1 1 164.212 66.522 38.436 6.419 2.499 2.394 -0.025
16 2 1 157.481 65.385 37.632 1.991 0.253 0.978 0.021
16 6 1 195.979 73.465 37.828 3.787 1.435 1.218 -0.052
16 8 1 186.19 71.144 38.161 4.41 2.196 1.794 -0.036
16 9 1 177.883 70.096 37.996 4.424 1.876 1.492 -0.001
16 10 1 150.48 62.849 37.839 3.946 1.171 1.562 0.293
16 14 1 169.985 65.651 38.406 5.713 2.293 2.28 0.186
16 15 2 182.151 75.11 38.355 8.754 2.943 2.603 0.002
16 23 1 199.533 77.5 37.825 4.125 1.186 1.447 0.001
16 25 1 207.283 77.444 37.96 3.165 1.827 1.735 0.002
16 30 4 204.273 51.701 38.148 0.445 0.425 0.068 -3.119
17 1 1 164.217 66.523 38.414 6.064 2.448 2.445 -0.029
17 2 1 157.245 65.383 37.711 2.169 0.214 0.934 0.017
17 6 1 195.76 73.249 37.911 4.092 1.655 1.558 0.002
17 8 1 185.488 71.087 38.155 4.508 2.088 1.812 -0.014
17 9 1 177.442 69.974 37.983 4.822 1.862 1.523 0.032
17 10 1 150.116 63.147 37.981 1.63 1.386 1.206 0.035
17 14 1 169.515 65.541 38.403 5.621 2.261 2.315 0.174
17 15 2 181.965 75.073 38.421 8.739 3.067 2.452 0
17 23 1 198.341 77.136 37.819 4.157 1.388 1.263 0
17 25 1 205.808 77.038 38.009 3.372 1.819 1.659 0
17 37 1 170.939 43.103 37.749 3.572 1.704 1.466 -3.103
17 38 1 139.621 38.211 37.76 3.59 0.846 0.843 -3.113
18 1 1 164.097 66.481 38.435 6.078 2.378 2.431 -0.041
18 2 1 156.828 65.256 37.682 2.533 0.286 0.958 -0.014
18 6 1 195.36 73.165 37.95 4.023 1.652 1.462 -0.009
18 8 1 184.887 70.961 38.155 4.588 2.046 1.815 0.002
18 9 1 176.843 69.714 37.998 4.778 1.93 1.488 0.095
18 10 1 148.313 62.666 38.007 1.666 1.755 1.07 0.04
18 14 1 169.046 65.24 38.426 5.66 2.487 2.308 0.152
18 15 2 181.576 75.064 38.483 8.949 2.993 2.298 0.022
18 23 1 197.377 76.822 37.826 4.021 1.379 1.276 -0.041
18 25 1 204.598 76.702 38.05 3.249 1.859 1.556 -0.028
18 37 1 176.088 44.6 37.86 1.947 1.039 1.013 3.131
18 38 1 173.941 47.933 38.059 4.296 1.817 1.432 -3.102
19 1 1 163.842 66.367 38.423 6.11 2.591 2.471 -0.029
19 2 1 156.124 65.066 37.758 3.158 0.312 1.199 0
19 6 1 194.588 72.973 37.939 4.067 1.694 1.497 0
19 8 1 184.343 70.8 38.143 4.622 2.11 1.85 -0.014
19 9 1 176.606 69.688 37.979 3.933 1.931 1.534 -0
19 10 1 145.923 62.191 37.811 2.574 1.769 1.424 0
19 14 1 168.552 65.064 38.411 5.571 2.214 2.365 0.138
19 15 2 181.79 75.001 38.397 9.369 2.927 2.468 0
19 23 1 195.663 76.504 37.813 2.707 1.563 1.346 0
19 25 1 203.668 76.415 37.986 3.298 1.657 1.7 0
19 37 1 178.649 45.406 37.864 2.963 0.948 1.346 -3.131
19 38 1 181.563 50.112 38.081 4.016 1.645 1.413 -3.096
20 1 1 163.077 66.272 38.463 6.397 2.455 2.46 -0.039
20 2 1 154.757 64.75 37.722 3.304 0.301 1.159 -0.004
20 6 1 193.818 72.794 37.936 3.904 1.644 1.478 -0.004
20 8 1 183.845 70.707 38.127 4.605 2.045 1.863 -0.004
20 9 1 175.954 69.435 38.005 3.905 2.073 1.468 -0.004
20 10 1 142.841 61.517 37.874 4.33 1.689 1.313 -0.042
20 14 1 167.96 64.87 38.409 5.529 2.127 2.417 0.114
20 15 2 181.562 74.913 38.388 9.301 2.951 2.454 -0.004
20 23 1 195.532 76.568 37.923 4.088 1.738 1.307 0.025
20 25 1 201.553 75.97 37.645 0.68 1.606 0.574 -0.004
20 37 1 183.69 46.201 37.778 4.361 1.571 1.496 -3.124
20 38 1 188.854 51.894 38.28 3.307 1.808 1.087 -3.118
20 41 5 125.916 57.423 37.51 0.405 0.733 0.604 -0.003
20 43 5 213.561 80.895 38.439 1.334 0.959 0.247 0.013
21 1 1 162.303 66.168 38.475 6.112 2.442 2.596 -0.035
21 2 1 153.304 64.423 37.68 2.979 0.328 1.062 -0.011
21 6 1 192.975 72.614 38.024 4.053 1.67 1.466 0.011
21 8 1 183.415 70.616 38.152 4.543 2.042 1.821 -0.017
21 9 1 175.183 69.298 38.019 3.964 1.883 1.438 0.033
21 10 1 140.626 60.946 37.794 4.26 1.795 1.446 0.019
21 14 1 167.017 64.732 38.461 5.696 2.263 2.416 0.066
21 15 2 181.088 74.837 38.342 9.848 2.922 2.448 0.007
21 23 1 194.975 76.203 37.864 4.134 1.416 1.193 -0.011
21 25 1 201.904 75.958 37.997 3.271 1.697 1.699 -0.017
21 37 1 187.811 47.215 37.869 4.072 1.714 1.19 -3.132
21 38 1 197.102 54.091 38.349 4.013 1.64 0.976 -3.113
21 41 5 122.186 56.71 37.696 0.37 0.818 0.681 0.012
21 43 5 211.23 80.099 38.394 0.589 0.712 0.156 0.021
21 44 1 169.749 46.167 37.922 4.675 1.723 1.247 -3.095
22 1 1 160.925 65.952 38.509 6.408 2.465 2.576 -0.044
22 2 1 151.476 64.023 37.671 3.14 0.262 0.896 0.025
22 6 1 192.122 72.454 38.07 3.843 1.448 1.555 0.024
22 8 1 182.961 70.519 38.144 4.526 2.011 1.818 -0.012
22 9 1 174.163 68.964 38.048 3.94 2.138 1.339 0.009
22 10 1 138.05 60.451 37.793 4.361 1.62 1.418 -0.055
22 14 1 166.043 64.503 38.475 5.752 2.293 2.426 0.042
22 15 2 180.52 74.668 38.363 9.369 2.958 2.399 -0.01
22 23 1 194.511 76.254 37.814 4.054 1.437 1.203 0.084
22 25 1 200.094 75.617 37.559 1.409 1.899 0.829 0.015
22 37 1 192.079 48.064 38.023 3.852 1.883 1.017 -3.108
22 41 5 118.284 55.921 37.654 0.288 0.711 0.689 0.034
22 43 5 209.903 80.03 38.794 1.809 0.754 0.969 -0.027
22 44 1 177.19 48.676 37.988 4.508 0.902 1.165 -3.112
23 1 1 159.522 65.672 38.506 6.361 2.448 2.592 -0.031
23 2 1 149.374 63.566 37.656 3.061 0.202 1.045 0.021
23 6 1 191.339 72.221 38.033 3.889 1.366 1.619 0.053
23 8 1 182.528 70.308 38.178 4.656 2.4 1.868 -0.008
23 9 1 172.707 68.598 38.051 3.929 2.127 1.324 0.005
23 10 1 135.198 59.769 37.717 4.301 1.503 1.495 0.003
23 14 1 164.682 64.107 38.471 5.839 2.29 2.428 -0.017
23 15 2 179.63 74.508 38.339 9.596 2.94 2.367 0.001
23 23 1 194.129 76.22 37.911 4.226 1.676 1.385 -0.01
23 25 1 199.196 75.407 37.654 1.438 1.93 0.624 0.008
23 37 1 195.849 49.04 38.009 2.937 2.009 1.026 -3.136
23 41 5 114.11 54.919 37.539 0.437 1.204 0.783 0.041
23 43 5 208.064 79.702 38.819 1.881 1.3 0.944 0.084
23 44 1 184.58 50.252 37.917 4.039 1.788 1.245 -3.085
24 1 1 157.828 65.343 38.506 6.346 2.484 2.57 -0.003
24 2 1 147.149 62.989 37.606 3.141 0.267 1.096 0.011
24 6 1 190.497 72.051 37.99 3.753 1.213 1.53 0.071
24 8 1 181.799 70.191 38.193 4.58 2.322 1.871 0.025
24 9 1 170.961 68.166 38.078 3.947 2.069 1.303 0.027
24 10 1 132.293 59.017 37.783 4.22 1.658 1.542 0.054
24 14 1 163.077 63.792 38.471 5.652 2.327 2.418 0.019
24 15 2 178.911 74.479 38.373 10.967 3.075 2.488 0.028
24 23 1 193.61 76.176 37.771 4.025 1.985 1.252 0.076
24 25 1 199.083 75.348 38.019 3.275 1.851 1.702 0.083
24 37 1 199.255 49.861 38.123 1.343 1.544 0.646 3.121
24 43 5 206.497 79.005 38.872 1.484 0.318 0.978 0.079
24 44 1 191.908 52.032 38.188 3.181 1.93 0.895 -3.127
25 1 1 155.864 64.992 38.439 6.398 2.283 2.612 -0.011
25 2 1 144.153 62.303 37.776 3.663 0.406 1.366 -0.01
25 6 1 189.638 71.923 38.011 3.736 1 1.58 0.069
25 8 1 180.655 70.03 38.138 4.581 1.97 1.862 0.002
25 9 1 168.959 67.709 38.129 4.063 2 1.21 0.041
25 10 1 129.99 58.77 37.684 2.099 2.059 1.393 0.142
25 14 1 161.089 63.411 38.433 5.7 2.306 2.454 0.025
25 15 2 178.038 74.218 38.419 12.507 2.89 2.44 0.008
25 23 1 192.084 75.709 37.8 2.532 1.816 1.301 0.007
25 25 1 197.19 74.72 37.599 1.41 1.927 0.839 0.031
25 43 5 204.642 78.729 38.894 1.55 0.465 0.788 -0.007
25 44 1 199.577 54.16 38.224 2.904 1.551 0.573 -3.028
26 1 1 153.73 64.549 38.438 6.117 2.384 2.561 0.01
26 2 1 141.019 61.579 37.852 3.758 0.421 1.391 0.008
26 6 1 188.573 71.637 38.009 3.666 0.89 1.514 0.065
26 8 1 179.153 69.607 38.131 4.545 2.164 1.834 0.02
26 9 1 166.862 67.219 38.112 4.015 2.085 1.178 0
26 10 1 126.992 57.907 37.856 1.15 1.533 0.901 0
26 14 1 158.793 62.916 38.427 5.746 2.231 2.431 0.017
26 15 2 176.24 73.867 38.409 11.952 2.959 2.462 0.009
26 23 1 191.012 75.395 37.889 2.349 1.425 1.053 0.033
26 25 1 196.375 74.553 37.847 1.88 1.895 0.885 0.033
26 43 5 203.239 78.487 38.932 1.082 0.553 0.711 0.033
27 1 1 151.031 63.921 38.445 6.381 2.446 2.58 0.019
27 2 1 137.783 60.825 37.807 3.224 0.622 1.459 0
27 6 1 187.177 71.276 37.974 3.659 1.12 1.591 0.017
27 8 1 177.402 69.294 38.125 4.592 1.972 1.849 0.021
27 9 1 164.651 66.779 38.013 3.924 2.014 1.406 0
27 10 1 123.359 57.001 37.789 1.012 1.689 0.965 0
27 14 1 156.231 62.31 38.418 5.749 2.206 2.463 0.023
27 15 2 174.501 73.386 38.392 12.93 2.964 2.515 0
27 23 1 189.649 75.135 37.699 2.643 1.899 1.148 0
27 25 1 194.768 74.301 37.534 1.942 2.055 0.882 0
27 43 5 201.615 78.106 38.924 1.192 0.596 0.776 0
28 1 1 148.034 63.319 38.442 6.227 2.378 2.533 0.015
28 2 1 133.83 59.922 37.814 3.824 0.682 1.492 0.015
28 6 1 185.475 70.821 37.985 3.675 0.988 1.607 0.071
28 8 1 175.411 68.764 38.123 4.536 2.189 1.858 0.016
28 9 1 162.161 66.189 38.057 3.985 2.001 1.293 0.015
28 10 1 117.992 55.873 37.636 4.161 1.781 1.052 0.015
28 14 1 153.17 61.689 38.411 5.749 2.291 2.45 0.019
28 15 2 171.764 72.939 38.389 11.961 2.927 2.553 0.015
28 23 1 187.615 74.727 37.761 1.952 1.802 1.049 -0.017
28 25 1 193.931 74.047 37.602 1.413 1.854 0.731 -0.017
28 43 5 199.869 77.75 38.969 1.332 0.942 0.819 -0.017
28 47 4 144.438 31.456 37.57 0.669 0.528 1.268 -3.089
29 1 1 144.73 62.534 38.439 6.008 2.307 2.54 0.008
29 2 1 130.278 59.159 37.777 3.675 0.586 1.473 0.008
29 6 1 183.448 70.429 37.761 3.339 0.785 1.243 0.008
29 8 1 173.222 68.298 38.089 4.525 2.19 1.901 0.008
29 9 1 159.337 65.661 37.972 3.996 1.874 1.437 0.008
29 10 1 115.245 55.303 37.716 1.418 1.523 1.436 0.008
29 14 1 149.8 60.929 38.414 5.767 2.246 2.439 0.008
29 15 2 169.164 72.41 38.524 12.523 2.938 2.591 0.016
29 23 1 185.945 74.435 37.633 2.801 1.955 1.034 0.008
29 25 1 192.537 73.766 37.632 1.293 1.778 0.579 0.005
29 43 5 198.066 77.447 38.862 0.809 0.627 0.57 -3.138
29 47 4 146.483 32.106 37.35 1.685 0.35 0.982 -0
30 1 1 141.045 61.742 38.424 6.036 2.288 2.572 0.01
30 2 1 126.737 58.373 37.742 3.345 0.598 1.445 0.01
30 6 1 181.37 70.005 37.794 3.647 0.681 1.182 0.01
30 8 1 170.945 67.796 38.127 4.57 2.121 1.809 0.024
30 9 1 156.182 64.915 37.996 3.994 1.979 1.378 0.01
30 10 1 109.701 54.138 37.789 4.308 1.677 1.152 -0.004
30 14 1 146.363 60.191 38.403 5.738 2.221 2.447 0.01
30 15 2 165.81 71.531 38.558 9.263 2.986 2.628 -0.012
30 23 1 183.6 73.741 37.929 2.805 2.021 1.439 -0.012
30 25 1 190.508 73.17 37.62 0.693 1.451 0.54 0.01
30 43 5 195.671 77.054 38.771 1.507 0.957 0.779 0.013
30 47 4 148.769 32.767 37.624 1.012 0.627 1.421 -3.102
31 1 1 137.482 60.939 38.439 6.054 2.357 2.576 0.005
31 2 1 122.958 57.538 37.725 3.769 0.734 1.432 0.069
31 6 1 178.969 69.439 37.775 3.451 0.743 1.155 0.065
31 8 1 168.449 67.271 38.113 4.582 1.965 1.809 0.065
31 9 1 152.651 64.184 38.179 4.175 1.755 1.318 0.065
31 10 1 106.894 53.447 37.745 1.412 1.675 1.181 0.069
31 14 1 142.927 59.476 38.407 5.667 2.355 2.455 0.026
31 15 2 164.507 71.388 38.514 12.018 2.987 2.636 0.024
31 23 1 180.66 73.07 37.683 2.098 1.94 1.078 0.065
31 25 1 188.679 72.801 37.7 0.918 1.77 0.976 0.024
31 43 5 193.526 76.394 38.846 0.446 0.396 0.597 -3.011
31 47 4 150.856 33.474 37.671 1.738 0.583 1.633 -3.135
32 1 1 133.809 60.12 38.427 6.102 2.388 2.664 0.022
32 2 1 119.334 56.726 37.738 3.744 0.485 1.375 -0
32 6 1 176.688 68.847 38.003 3.75 0.86 1.418 0.03
32 8 1 165.852 66.491 38.106 4.592 2.188 1.805 0.043
32 9 1 148.577 63.202 38.18 4.73 1.731 0.988 0.016
32 10 1 102.648 52.45 37.78 1.525 1.594 1.177 0.025
32 14 1 139.572 58.707 38.408 5.695 2.375 2.5 0.024
32 15 2 161.782 70.899 38.608 11.87 2.969 2.44 0.04
32 23 1 177.727 72.569 37.715 1.532 1.656 0.929 0.066
32 25 1 186.692 72.324 37.577 0.95 1.78 0.778 0.097
32 43 5 190.968 76.009 38.825 1.896 1.006 1.028 0.055
32 47 4 153.129 34.109 37.553 1.627 0.295 1.241 -3.134
33 1 1 129.86 59.197 38.403 6.413 2.363 2.594 0.022
33 2 1 115.837 55.941 37.624 3.088 0.536 1.108 0.022
33 6 1 174.129 68.206 38.035 3.533 1.191 1.522 0.022
33 8 1 163.017 65.884 38.117 4.536 2.057 1.847 0.022
33 9 1 144.6 62.403 38.06 4.439 1.896 1.192 0.022
33 10 1 99.019 51.617 37.466 0.444 1.669 0.596 0.022
33 14 1 136.113 57.924 38.379 5.846 2.414 2.451 0.022
33 15 2 159.003 70.258 38.567 11.964 3.025 2.648 0.022
33 23 1 175.308 72.023 37.842 2.441 1.625 1.178 0.022
33 25 1 184.265 71.86 37.559 0.752 1.868 0.634 0.022
33 47 4 155.467 34.732 37.594 1.613 0.504 1.472 -3.074
34 1 1 126.03 58.243 38.354 6.08 2.431 2.647 0.031
34 2 1 111.569 54.986 37.49 3.719 0.487 1.067 0
34 6 1 171.535 67.59 37.942 3.455 1.229 1.58 0
34 8 1 160.103 65.131 38.09 4.5 2.101 1.84 0.005
34 9 1 140.126 61.441 37.9 3.991 1.841 1.461 0
34 10 1 94.671 50.667 37.68 1.042 1.699 1.002 0
34 14 1 132.831 57.221 38.349 5.698 2.286 2.504 0.006
34 15 2 155.976 69.44 38.491 11.839 2.929 2.764 0
34 23 1 172.88 71.375 37.848 2.722 1.679 1.581 0
34 25 1 181.89 71.333 37.599 0.926 1.749 0.826 0
34 47 4 157.609 35.375 37.674 1.712 0.547 1.484 -3.125
34 53 4 82.828 58.821 37.703 0.948 0.588 0.846 -0
35 1 1 121.824 57.366 38.394 5.949 2.403 2.773 0.026
35 2 1 107.769 54.18 37.687 3.065 0.507 1.286 0.031
35 6 1 168.955 67.001 37.774 3.94 1.333 1.214 -0.023
35 8 1 157.194 64.42 38.079 4.508 2.18 1.806 0.037
35 9 1 136.017 60.67 37.894 4.569 1.744 1.489 -0.024
35 10 1 90.705 49.82 37.53 1.47 1.704 0.578 -0.027
35 14 1 129.518 56.472 38.358 5.673 2.386 2.516 0.025
35 15 2 152.809 68.866 38.496 12.027 2.892 2.693 0.027
35 23 1 169.397 70.968 37.845 1.246 1.385 0.569 -0.069
35 25 1 179.38 70.702 37.651 0.74 1.577 0.502 -0.069
35 47 4 160.088 36.075 37.61 1.088 0.616 1.485 3.087
35 53 4 85.225 59.378 37.561 1.183 0.696 1.383 0.037
36 1 1 117.491 56.356 38.409 5.872 2.363 2.732 0.019
36 2 1 103.64 53.293 37.394 3.237 0.356 1.069 -0.032
36 6 1 166.057 66.332 37.952 3.957 1.398 1.589 0.042
36 8 1 154.311 63.819 38.068 4.491 2.05 1.893 0.025
36 9 1 131.59 59.743 37.889 4.535 1.9 1.518 -0.006
36 10 1 87.18 49.07 37.59 0.936 1.491 1.052 0.055
36 14 1 126.071 55.814 38.325 5.611 2.326 2.55 0.013
36 15 2 149.467 67.972 38.516 12.122 2.94 2.73 -0.005
36 23 1 167.066 70.495 37.682 1.662 1.513 1.042 0.053
36 25 1 176.906 70.105 37.553 0.974 1.644 0.899 0.078
36 47 4 161.716 36.555 37.654 1.14 0.534 1.433 -3.072
36 53 4 87.712 60.006 37.756 0.98 0.512 1.568 -3.141
36 60 1 132.446 83.696 38.204 5.401 1.628 0.932 -1.534
37 1 1 113.041 55.346 38.357 5.912 2.329 2.731 0
37 2 1 99.339 52.437 37.314 3.291 0.211 0.846 -0.019
37 6 1 162.994 65.663 37.7 3.942 1.287 1.135 0
37 8 1 151.299 63.151 38.061 4.513 1.998 1.837 0.013
37 9 1 127.076 58.744 37.831 4.551 1.931 1.544 -0.008
37 10 1 83.584 48.431 37.671 1.208 1.329 0.986 -0
37 14 1 122.584 54.92 38.548 5.602 2.143 2.011 0.007
37 15 2 146.13 67.313 38.506 12.114 2.959 2.845 0
37 23 1 164.805 69.881 37.767 2.481 1.716 1.376 0
37 25 1 173.901 69.564 37.598 0.591 1.529 0.592 0
37 47 4 164.535 37.526 37.643 1.028 0.367 1.305 -3.117
37 53 4 89.661 60.542 37.771 1.502 0.637 1.365 0.075
37 60 1 132.58 83.44 38.071 4.784 1.397 0.889 -1.564
37 70 5 121.927 56.693 37.38 0.264 1.382 0.587 0
38 1 1 108.729 54.398 38.389 5.85 2.275 2.764 0.007
38 2 1 95.341 51.563 37.419 3.053 0.193 0.909 0.003
38 6 1 159.945 65.082 37.986 3.947 1.355 1.545 -0.088
38 8 1 147.982 62.388 38.091 4.529 1.978 1.831 -0.018
38 9 1 122.414 57.809 37.832 4.476 1.912 1.572 -0.01
38 10 1 80.222 47.572 37.736 1.412 1.529 0.998 0.082
38 14 1 119.006 54.334 38.558 5.312 2.297 2.004 -0.017
38 15 2 142.68 66.595 38.504 12.008 2.964 2.743 -0.002
38 23 1 161.816 69.283 37.663 2.166 2.056 1.061 -0.103
38 25 1 171.013 68.878 37.579 0.984 1.67 0.878 -0.034
38 47 4 166.117 38.089 37.901 0.365 0.375 0.878 -3.133
38 60 1 132.99 82.337 38.107 2.51 1.241 0.769 -1.555
38 70 5 118.324 56.061 37.409 0.379 1.066 0.872 -0.052
39 1 1 104.489 53.51 38.382 5.808 2.359 2.807 -0.001
39 2 1 91.616 50.764 37.556 2.766 0.133 0.683 0.007
39 6 1 156.821 64.231 37.905 3.831 1.308 1.547 -0.001
39 8 1 144.292 61.59 38.061 4.519 2.018 1.823 -0.001
39 10 1 75.679 46.764 37.598 4.211 1.689 1.004 0.007
39 14 1 115.194 53.542 38.322 5.072 2.402 2.52 -0.024
39 15 2 139.205 65.836 38.478 11.901 2.931 2.716 -0.009
39 23 1 158.288 68.155 37.59 0.783 1.722 0.683 -0.001
39 25 1 167.785 68.098 37.625 0.524 1.642 0.548 -0.001
39 47 4 168.316 38.962 38.036 0.437 0.338 0.568 3.133
39 60 1 132.646 82.295 38.424 1.472 0.752 1.158 -1.475
39 70 5 117.152 56.597 37.817 5.602 2.012 1.568 -0.016
39 77 4 122.799 27.18 37.408 1.018 0.445 1.342 3.123
39 78 4 93.742 61.517 37.824 1.33 0.676 1.406 -3.064
40 1 1 100.594 52.633 38.462 5.902 2.227 2.903 -0.021
40 6 1 153.92 63.587 37.694 3.837 1.171 0.883 -0.015
40 8 1 140.337 60.739 38.067 4.488 2.03 1.825 -0.019
40 10 1 74.623 46.501 37.568 0.395 1.141 0.565 -0.021
40 14 1 111.105 52.752 38.399 5.127 2.355 2.582 -0.021
40 15 2 135.828 65.089 38.374 11.932 2.958 2.626 -0.015
40 23 1 156.249 67.631 37.834 2.366 1.822 1.352 -0.021
40 25 1 164.411 67.406 37.639 0.431 0.572 0.359 -0.021
40 47 4 170.451 39.808 37.995 0.498 0.271 0.785 3.133
40 60 1 133.369 81.756 38.434 0.899 1.779 1.245 -1.579
40 70 5 112.916 55.733 37.872 4.456 1.91 1.625 -0.021
40 77 4 126.722 28.506 37.47 1.53 0.505 1.058 3.133
40 78 4 95.362 61.982 37.755 1.55 0.742 1.411 3.126
41 1 1 97.067 51.815 38.431 5.92 2.295 2.765 -0.025
41 6 1 150.599 62.783 37.948 4.018 1.35 1.559 -0.023
41 8 1 136.18 59.84 38.114 4.477 2.068 1.866 -0.025
41 10 1 69.939 45.607 37.472 4.276 1.364 0.911 -0.025
41 14 1 107.029 51.914 38.381 5.1 2.336 2.556 -0.025
41 15 2 132.504 64.35 38.462 11.924 2.959 2.69 -0.025
41 23 1 153.454 67.015 37.913 2.873 1.73 1.415 -0.007
41 25 1 161.488 66.681 37.532 0.801 1.851 0.861 -0.007
41 60 1 133.746 81.563 39.191 1.669 2.071 1.246 -1.591
41 70 5 108.634 54.771 37.886 4.632 1.832 1.591 -0.025
41 77 4 130.872 29.629 37.557 1.481 0.498 1.275 -3.082
41 78 4 96.807 62.395 37.77 2.097 0.719 1.418 3.12
41 80 1 84.52 49.326 37.305 2.227 0.234 0.838 -0.002
42 1 1 93.844 51.059 38.418 5.837 2.296 2.713 -0.017
42 6 1 147.009 61.887 37.933 3.988 1.701 1.52 0.139
42 8 1 131.875 58.995 38.075 4.472 2.043 1.838 -0.021
42 10 1 68.772 45.367 37.663 1.121 1.131 0.94 -0.017
42 14 1 102.988 51.043 38.324 5.199 2.231 2.582 -0.017
42 15 2 129.258 63.683 38.499 11.884 2.946 2.767 -0.021
42 23 1 149.494 66.163 37.624 0.555 1.819 0.592 0.007
42 25 1 157.97 65.867 37.647 0.674 1.579 0.56 -0.005
42 60 1 134.306 81.097 39.665 3.14 1.759 0.654 -1.624
42 70 5 105.223 54.046 37.855 4.454 1.856 1.521 -0.017
42 77 4 134.616 30.761 37.427 0.367 0.322 0.987 -0
42 78 4 98.374 62.894 37.82 1.874 0.812 1.409 3.052
42 80 1 81.867 48.765 37.414 2.802 0.238 0.755 0.007
43 1 1 90.651 50.367 38.34 6.184 2.196 2.749 -0.009
43 6 1 143.209 61.001 37.758 4.007 1.371 1.154 -0.015
43 8 1 127.478 58.083 38.034 4.523 2.032 1.85 -0.03
43 10 1 66.011 44.925 37.621 1.412 1.147 1.193 -0.031
43 14 1 98.857 49.976 38.295 5.391 2.301 2.555 0.042
43 15 2 126.364 63.133 38.519 12.163 2.91 2.873 0.002
43 23 1 146.769 65.608 37.715 1.548 1.642 0.92 0.021
43 25 1 154.537 64.974 37.578 0.917 1.634 0.914 0.015
43 60 1 134.266 81.165 39.693 2.136 1.837 0.954 -1.606
43 70 5 102.435 53.512 37.841 4.464 1.803 1.587 -0.036
43 78 4 100.368 63.418 37.885 2.006 0.767 1.503 3.112
43 80 1 78.727 48.093 37.351 2.99 0.188 0.759 -0.013
44 1 1 87.854 49.796 38.266 6.062 2.254 2.665 -0.004
44 6 1 139.28 60.236 37.687 3.843 1.334 1.14 -0.035
44 8 1 123.048 57.159 38.019 4.542 2.079 1.767 -0.009
44 10 1 63.675 44.341 37.437 1.052 1.21 1.184 -0.023
44 14 1 94.832 48.914 38.462 5.491 2.44 2.118 0.087
44 15 2 123.462 62.515 38.632 12.217 3.006 2.791 0.018
44 23 1 144.14 65.076 37.751 2.341 1.891 1.407 0.042
44 25 1 150.871 64.161 37.626 0.585 1.73 0.647 0.029
44 60 1 134.703 80.392 39.865 2.848 2.31 1.041 -1.529
44 70 5 99.35 52.731 37.835 5.354 2.04 1.572 0.009
44 78 4 102.538 64.017 37.913 1.942 0.835 1.561 3.141
44 80 1 76.161 47.557 37.366 3.111 0.271 1.073 -0.015
45 1 1 85.191 49.138 38.283 5.807 2.31 2.69 0.022
45 6 1 135.322 59.331 37.794 3.473 1.371 1.219 -0.067
45 8 1 118.621 56.259 38.053 4.543 2.042 1.841 0.049
45 10 1 61.239 43.562 37.576 1.226 1.561 1.2 0.031
45 14 1 90.793 47.805 38.684 5.624 2.447 1.751 0.088
45 15 2 120.932 61.956 38.552 12.176 2.928 2.975 0.002
45 23 1 140.876 64.46 37.911 2.499 1.607 0.941 -0.041
45 25 1 147.083 63.263 37.545 0.837 1.969 0.668 -0.001
45 60 1 134.618 80.369 40.067 2 2.424 0.811 -1.588
45 70 5 97.13 52.387 37.98 4.396 1.904 1.827 0.016
45 78 4 104.704 64.517 37.965 1.908 0.629 1.522 -3.085
45 80 1 73.597 46.99 37.42 3.259 0.217 0.899 -0.012
45 92 1 93.342 51.041 37.38 0.553 0.987 1.023 0.034
46 1 1 82.496 48.64 38.279 5.88 2.315 2.661 0.031
46 6 1 131.371 58.42 37.883 3.547 1.407 1.57 0.039
46 8 1 114.425 55.177 38.015 4.58 2.195 1.81 0.036
46 10 1 58.814 42.951 37.597 1.494 1.91 1.13 0.035
46 14 1 86.121 46.6 38.526 5.768 2.308 2.214 0.069
46 15 2 118.515 61.744 38.52 12.068 2.96 2.904 -0.014
46 23 1 137.348 63.606 37.714 1.986 1.867 0.932 0.039
46 25 1 143.116 62.287 37.607 0.578 1.707 0.531 0.039
46 60 1 134.594 80.293 39.978 1.859 1.856 0.858 0.026
46 70 5 94.467 51.803 38.002 4.47 1.96 1.965 0.035
46 78 4 106.949 65.117 37.934 1.914 0.596 1.498 -3.062
46 80 1 71.077 46.457 37.426 3.575 0.363 0.87 0.035
46 92 1 89.668 50.181 37.41 0.423 1.377 0.826 0.077
46 99 1 94.586 73.969 38.655 0.684 1.391 1.129 -1.63
47 1 1 79.975 48.03 38.284 5.971 2.393 2.732 0.041
47 6 1 127.659 57.525 37.899 3.974 1.66 1.598 0.057
47 8 1 110.285 54.306 37.995 4.585 2.083 1.874 0.05
47 10 1 56.524 42.793 37.476 1.158 1.292 1.39 0.059
47 14 1 81.563 45.391 38.309 5.538 2.187 2.703 0.06
47 15 2 116.349 61.644 38.498 11.974 3.01 3.015 -0.067
47 23 1 133.35 62.828 37.692 0.757 1.648 0.295 0.057
47 25 1 139.242 61.342 37.51 0.872 1.673 0.877 0.025
47 70 5 91.827 51.186 37.959 4.489 2 1.908 0.058
47 78 4 109.321 65.635 37.937 1.775 0.599 1.546 -3.115
47 80 1 68.903 45.979 37.547 3.087 0.569 1.401 0.067
47 92 1 86.052 48.82 37.328 0.365 0.931 0.738 0.05
47 99 1 94.442 74.021 38.59 0.812 1.749 1.016 -1.511
48 1 1 77.491 47.495 38.279 6.006 2.493 2.675 0.06
48 6 1 123.639 56.561 37.903 4.019 1.828 1.483 0.015
48 8 1 106.257 53.307 37.994 4.628 2.1 1.838 0.049
48 10 1 52.76 41.985 37.51 4.136 1.666 1.341 0.119
48 14 1 76.939 44.333 38.312 4.706 2.096 2.683 0.038
48 15 2 114.137 61.771 38.523 12.366 2.992 2.951 -0.165
48 23 1 130.677 62.136 37.591 2.076 2.168 1.124 0.01
48 25 1 135.068 60.339 37.479 0.879 1.64 0.868 0.026
48 70 5 89.144 50.672 37.796 4.49 1.864 1.499 0.026
48 78 4 111.853 66.24 37.878 1.758 0.68 1.463 3.136
48 80 1 66.427 45.451 37.581 3.402 0.55 1.285 0.011
48 92 1 82.49 47.446 37.241 0.144 0.308 0.202 0
48 99 1 93.853 74.071 38.665 1.153 0.769 1.115 -1.65
49 1 1 75.161 46.914 38.258 6.222 2.516 2.587 0.057
49 6 1 119.367 55.618 37.885 4.019 2.046 1.657 0.028
49 8 1 102.372 52.385 38.01 4.6 2.086 1.809 0.029
49 10 1 51.836 41.815 37.444 1.504 1.119 0.819 0.034
49 14 1 72.178 42.79 38.263 3.882 1.49 2.749 0.11
49 15 2 112.404 62.179 38.518 12.034 2.887 3.008 -0.279
49 23 1 127.014 61.117 37.649 0.825 1.769 0.806 0.028
49 25 1 130.612 59.215 37.596 0.65 1.526 0.372 0.028
49 70 5 86.558 50.106 37.774 4.441 1.857 1.483 0.034
49 80 1 63.811 44.775 37.538 3.861 0.783 1.367 0.034
49 99 1 94.015 74.404 38.615 1.712 1.379 1.359 -1.587
50 1 1 72.969 46.415 38.213 6.03 2.344 2.638 0.018
50 6 1 114.974 54.705 37.866 3.909 1.923 1.574 0.047
50 8 1 98.632 51.524 37.944 4.599 2.07 1.885 0.039
50 10 1 48.228 40.886 37.519 4.275 1.512 1.362 0.018
50 14 1 68.754 41.586 38.315 0.497 0.287 1.629 0.103
50 15 2 110.481 62.781 38.464 12.19 3.011 3.089 -0.418
50 23 1 124.271 60.253 37.55 2.037 1.895 1.147 0.047
50 25 1 126.706 58.314 37.646 1.975 2.016 1.032 0.03
50 70 5 84.026 49.449 37.763 4.546 1.777 1.475 0.018
50 80 1 61.578 44.215 37.571 3.677 1.026 1.432 0.018
50 99 1 94.031 75.08 38.438 2.855 1.663 0.674 -1.531
50 103 5 36.569 38.383 37.165 0.635 0.343 0.658 0.025
50 106 1 70.942 70.45 38.127 3.008 0.663 0.865 1.603
51 1 1 70.739 45.98 38.197 6.128 2.234 2.595 0.031
51 6 1 110.62 53.639 37.837 4.016 1.968 1.535 0.015
51 8 1 95.056 50.71 37.953 4.537 1.994 1.807 0.043
51 10 1 46.897 40.529 37.644 2.099 1.339 1.223 0.137
51 15 2 108.768 63.808 38.51 12.176 3.048 2.986 -0.559
51 23 1 121.222 59.67 37.713 2.516 1.832 1.233 -0.004
51 25 1 122.71 57.308 37.486 1.198 1.834 0.788 -0.004
51 70 5 81.595 48.681 37.756 4.593 1.511 1.433 0.03
51 80 1 59.364 43.687 37.578 3.638 1.166 1.443 0.029
51 103 5 34.467 37.888 37.249 0.673 0.526 0.659 0.096
51 107 2 131.275 64.821 38.644 1.974 0.741 2.489 -0.021
52 1 1 68.642 45.487 38.127 6.205 2.403 2.518 0.037
52 6 1 106.045 52.608 37.783 3.795 2.059 1.546 -0.002
52 8 1 91.666 49.89 37.909 4.493 2.059 1.866 0.011
52 10 1 45.143 40.26 37.567 1.157 1.227 1.345 -0.003
52 15 2 107.259 64.942 38.465 12.058 2.891 3.08 -0.755
52 23 1 118.208 59.246 37.78 2.72 1.759 1.401 0.009
52 25 1 118.687 56.355 37.445 1.299 1.89 0.751 0.084
52 70 5 79.365 47.759 37.704 4.433 1.817 1.474 0.122
52 80 1 57.381 43.162 37.54 3.672 1.374 1.374 -0.017
52 103 5 32.554 37.402 37.311 0.457 0.503 0.557 -0.055
52 106 1 70.206 68.698 38.334 0.59 1.542 0.876 -1.534
52 107 2 132.49 65.974 38.736 9.54 2.118 2.797 0.054
53 1 1 66.892 45.044 38.133 6.192 2.456 2.416 0.032
53 6 1 101.809 51.713 37.8 4.065 1.803 1.625 0.06
53 8 1 88.543 49.232 37.892 4.582 2.112 1.846 -0.013
53 10 1 42.649 39.517 37.543 1.635 1.667 1.378 0.021
53 15 2 105.929 66.262 38.508 12.081 2.849 3.187 -0.91
53 23 1 113.943 58.557 37.366 0.979 1.785 0.642 0.062
53 25 1 114.379 55.279 37.511 1.151 1.942 0.784 0.028
53 70 5 77.159 46.919 37.717 4.676 1.932 1.416 0.082
53 80 1 55.484 42.668 37.537 3.508 1.701 1.443 -0.001
53 103 5 30.684 36.934 37.286 0.45 0.511 0.596 -0.071
53 106 1 70.277 68.574 38.401 0.259 0.808 0.6 -1.539
53 107 2 129.074 65.919 39.119 7.85 3.626 3.671 0.067
53 111 1 18.477 33.998 37.412 0.376 0.866 0.588 0.021
53 113 5 48.777 38.846 38.325 0.605 0.18 0.816 0.153
54 1 1 65.073 44.633 38.055 6.368 2.287 2.293 -0.013
54 6 1 97.906 50.824 37.77 4.122 1.633 1.6 0.005
54 8 1 85.592 48.611 37.867 4.596 2.001 1.821 -0.032
54 10 1 39.173 38.745 37.422 4.332 1.654 1.443 -0
54 15 2 105.366 67.455 38.788 11.134 2.667 3.344 -1.067
54 23 1 110.38 58 37.515 0.668 1.43 0.717 -0.045
54 25 1 109.974 54.521 37.495 0.651 1.729 0.521 -0.041
54 70 5 75.245 46.126 37.708 4.86 2.021 1.476 0.096
54 80 1 53.338 42.146 37.517 3.961 1.79 1.442 -0.04
54 103 5 28.46 36.519 37.287 1.059 0.535 0.709 0.059
54 106 1 70.494 68.009 38.647 2.63 1.931 1.426 -1.622
54 107 2 126.932 64.933 38.296 7.335 2.606 0.965 -0.025
54 111 1 16.768 33.572 37.379 0.185 0.485 0.304 0.034
54 113 5 46.356 37.953 38.391 4.821 0.835 2.348 0.014
55 1 1 63.153 44.179 38.025 6.261 2.498 2.316 0.006
55 6 1 94.445 50.087 37.743 3.899 1.388 1.525 0
55 8 1 82.88 48.053 37.898 4.555 2.013 1.84 -0.018
55 10 1 36.986 38.251 37.537 4.197 1.744 1.422 0.032
55 15 2 105.086 67.989 38.872 9.162 2.624 3.31 -1.188
55 23 1 107.094 57.329 37.496 0.491 1.71 0.587 -0.002
55 25 1 105.65 53.548 37.326 0.686 1.662 0.78 -0.002
55 70 5 73.198 45.512 37.71 4.798 1.835 1.518 0.117
55 80 1 51.697 41.835 37.562 3.346 1.975 1.525 -0.013
55 103 5 25.751 35.898 37.32 2.868 0.596 0.929 0.018
55 106 1 69.429 68.485 38.87 3.273 2.328 1.063 -1.463
55 107 2 124.58 64.405 38.511 7.438 2.662 2.752 0
55 111 1 13.666 33.021 37.485 2.846 0.975 1.237 0.018
55 113 5 41.992 36.456 38.432 4.976 2.137 2.593 -0.037
56 1 1 61.39 43.741 38.015 6.053 2.423 2.226 0.001
56 6 1 91.499 49.418 37.739 3.772 1.243 1.515 0.018
56 8 1 80.535 47.583 37.877 4.576 2.07 1.789 -0.029
56 10 1 34.819 37.75 37.414 4.238 1.623 1.42 -0.014
56 15 2 104.74 68.788 38.875 7.668 2.686 3.795 -1.306
56 23 1 103.939 56.759 37.356 0.739 1.695 0.799 0.032
56 25 1 101.372 52.789 37.391 0.643 1.554 0.584 0.032
56 70 5 71.199 44.756 37.702 4.703 1.944 1.511 0.097
56 80 1 49.645 41.347 37.567 3.759 1.869 1.45 -0.014
56 103 5 23.867 35.487 37.173 3.297 0.592 0.899 -0.009
56 106 1 69.509 68.099 39.045 2.72 1.7 0.881 -1.674
56 107 2 120.159 63.331 38.483 3.602 2.759 2.945 0.015
56 111 1 13.39 32.83 37.358 0.263 0.708 0.361 -0.003
56 113 5 37.793 35.485 38.265 4.976 2.243 2.584 -0.014
57 1 1 59.597 43.206 38.012 6.129 2.568 2.271 0.002
57 6 1 88.929 48.99 37.55 3.434 0.81 1.274 -0.004
57 8 1 78.254 47.095 37.869 4.601 2.147 1.775 -0.043
57 10 1 32.523 37.29 37.398 4.602 1.962 1.442 -0.123
57 23 1 100.826 56.192 37.439 1 1.693 1.009 -0.004
57 25 1 97.331 52.06 37.448 0.49 1.688 0.432 -0.004
57 70 5 69.097 44.001 37.686 4.679 2.211 1.495 0.118
57 80 1 47.886 40.988 37.557 3.487 1.959 1.5 0.002
57 103 5 22.181 34.78 37.4 3.211 1.3 1.433 -0.026
57 107 2 119.572 63.39 38.579 7.971 2.759 3.192 -0.004
57 111 1 11.809 32.614 37.348 0.15 0.719 0.31 0.002
57 113 5 33.802 34.497 38.114 4.937 2.486 2.649 -0.007
58 1 1 57.877 42.806 38.001 6.004 2.685 2.26 0.029
58 6 1 87.099 48.641 37.566 2.942 0.449 1.262 0.032
58 8 1 76.032 46.685 37.837 4.554 2.018 1.848 -0.015
58 10 1 30.551 36.75 37.323 4.24 1.776 1.273 0.011
58 23 1 98.253 55.667 37.616 2.451 2.042 1.152 0.003
58 25 1 93.992 51.494 37.611 1.503 1.895 1.063 0.008
58 70 5 66.693 43.236 37.705 4.759 1.923 1.606 0.109
58 80 1 45.885 40.459 37.563 3.875 1.85 1.493 0.015
58 107 2 118.84 63.177 38.561 11.55 2.734 2.849 0.003
58 113 5 29.918 33.601 38.355 5.184 2.149 2.182 -0.014
58 129 1 59.089 17.383 37.423 2.192 1.702 0.9 3.116
59 1 1 56.112 42.543 38.013 6.056 2.406 2.231 0.014
59 6 1 85.068 48.17 37.598 1.627 0.365 1.19 0.024
59 8 1 73.807 46.192 37.85 4.577 2.236 1.809 -0.023
59 10 1 29.989 36.54 37.425 1.32 1.751 1.412 0.011
59 23 1 95.234 54.893 37.613 2.472 2.077 1.139 0.006
59 25 1 91.47 51.067 37.516 2.932 1.863 1.178 0.016
59 70 5 63.955 42.248 37.69 4.712 1.939 1.502 0.074
59 80 1 44.087 40.063 37.554 3.957 1.824 1.505 -0.019
59 107 2 114.316 62.252 38.792 8.149 2.668 2.722 -0.028
59 113 5 26.374 32.624 38.626 4.862 2.543 2.234 0.008
59 129 1 65.673 19.231 37.479 4.201 1.21 1.493 3.12
60 1 1 54.438 42.128 37.995 6.096 2.539 2.209 0.02
60 6 1 82.978 47.669 37.579 0.912 0.399 1.255 -0.091
60 8 1 71.668 45.81 37.853 4.631 2.083 1.793 -0.009
60 10 1 28.047 36.082 37.604 1.218 1.652 1.066 -0.02
60 23 1 92.307 54.355 37.543 2.509 1.913 1.251 -0.084
60 25 1 87.977 50.35 37.376 1.497 1.961 0.891 -0.031
60 70 5 61.009 41.245 37.698 4.684 2.073 1.522 0.082
60 80 1 42.633 39.665 37.579 3.265 1.83 1.444 -0.008
60 107 2 111.376 61.59 38.549 8.057 2.639 3.085 -0.006
60 113 5 22.838 31.962 38.476 5.209 2.167 1.806 -0.026
60 129 1 71.889 20.505 37.514 2.01 1.319 1.265 3.131
60 132 1 52.861 17.393 37.268 2.538 2.079 1.477 3.128
61 1 1 52.776 41.724 37.998 6.059 2.443 2.277 0.014
61 6 1 80.468 47.086 37.392 0.777 0.183 0.774 0.01
61 8 1 69.558 45.356 37.831 4.568 2.014 1.815 -0.025
61 10 1 26.16 35.535 37.584 1.721 1.386 1.309 0.029
61 23 1 89.43 53.828 37.607 2.372 1.836 1.37 0.008
61 25 1 86.586 50.218 37.813 4.215 1.941 1.671 0.03
61 70 5 57.666 40.296 37.649 4.703 2.037 1.557 0.059
61 80 1 40.88 39.231 37.568 3.593 1.872 1.522 0.006
61 107 2 110.097 61.189 38.626 11.55 2.988 3.268 -0.019
61 113 5 20.017 31.153 38.75 5.147 2.672 2.496 0.002
61 129 1 80.77 22.422 37.494 4.404 1.623 1.477 3.133
61 132 1 60.425 19.45 37.613 3.748 1.646 1.301 -3.124
61 137 4 43.352 9.196 37.289 0.742 0.392 1.265 3.114
62 1 1 51.119 41.311 38.031 6.112 2.509 2.285 0.018
62 6 1 78.064 46.5 37.41 0.555 0.162 0.767 -0.031
62 8 1 67.561 44.91 37.871 4.657 2.049 1.849 0.013
62 10 1 24.424 35.076 37.611 2.021 1.25 1.376 -0.021
62 23 1 86.699 53.274 37.59 2.397 1.86 1.277 -0.001
62 25 1 84.022 49.585 37.563 4.179 1.928 1.178 -0.013
62 70 5 54.711 39.592 37.711 2.884 1.588 1.544 0.003
62 80 1 39.535 38.837 37.568 3.394 1.851 1.519 0.002
62 107 2 105.309 60.078 38.788 8.336 3.111 3.059 -0.027
62 113 5 17.678 30.786 38.208 4.865 2.242 2.582 -0.028
62 132 1 68.661 21.454 37.496 3.946 1.718 1.377 3.12
62 137 4 46.487 9.668 37.346 1.891 0.464 1.425 3.068
62 138 2 120.538 55.692 38.93 11.06 3.205 2.92 0.003
63 1 1 49.344 40.95 38.011 6.391 2.4 2.361 0.014
63 6 1 75.307 45.798 37.407 0.817 0.158 0.863 -0.032
63 8 1 65.677 44.416 37.811 4.593 2.054 1.865 0.013
63 10 1 23.097 34.643 37.568 1.896 1.06 1.351 0.012
63 23 1 84.356 52.58 37.56 3.222 1.983 1.463 0
63 25 1 81.617 49.113 37.755 4.406 1.902 1.725 0
63 70 5 51.292 38.624 37.65 1.409 1.756 1.591 0
63 80 1 38.065 38.4 37.538 3.31 1.879 1.514 0.015
63 107 2 102.21 59.483 38.629 8.161 2.805 3.108 0.02
63 113 5 17.002 30.505 38.404 2.044 2.141 1.994 -0.011
63 132 1 77.312 23.68 37.516 3.091 1.747 1.515 3.085
63 137 4 49.918 10.142 37.354 1.865 0.635 1.573 3.063
63 138 2 115.614 54.508 39.418 11.063 3.192 1.876 -0.027
64 1 1 47.795 40.533 38.033 6.173 2.559 2.381 0.013
64 6 1 72.42 44.95 37.546 1.132 0.353 1.259 0.006
64 8 1 63.593 43.877 37.864 4.563 2.078 1.875 0.008
64 10 1 21.897 34.26 37.771 1.567 0.788 0.907 0.006
64 23 1 82.147 52.281 37.572 4.107 1.88 1.262 0.006
64 25 1 79.156 48.514 37.786 4.469 1.97 1.691 0.006
64 80 1 36.659 38.16 37.528 3.131 1.55 1.473 0.006
64 107 2 100.605 58.954 38.653 11.45 2.909 2.879 -0.023
64 113 5 14.438 30.04 38.262 3.982 1.877 2.28 -0.031
64 137 4 53.154 10.762 37.317 1.921 0.567 1.361 3.12
64 138 2 109.674 53.13 38.899 8.628 3.169 3.175 -0.017
65 1 1 46.188 40.224 38.053 6.298 2.367 2.4 0.01
65 6 1 69.297 43.947 37.643 1.641 0.504 1.357 0.021
65 8 1 61.316 43.33 37.832 4.598 1.967 1.834 0.041
65 10 1 20.715 33.903 37.74 1.412 0.56 0.929 0.022
65 23 1 79.656 51.76 37.662 4.094 1.943 1.4 0.021
65 25 1 76.916 48 37.714 4.706 1.966 1.502 0.021
65 80 1 35.19 37.916 37.507 3.275 1.365 1.435 0.021
65 107 2 95.578 57.966 38.632 8.181 2.884 3.309 -0.012
65 113 5 14.911 30.017 38.608 0.37 1.999 1.62 0.001
65 137 4 56.385 11.337 37.313 1.903 0.636 1.453 3.085
65 138 2 106.136 52.407 38.913 11.016 3.048 2.842 -0.003
66 1 1 44.627 39.825 38.052 6.265 2.386 2.453 0.003
66 6 1 65.91 42.624 37.706 2.742 1.38 1.613 0.031
66 8 1 59.027 42.678 37.829 4.561 2.017 1.822 0.009
66 10 1 19.629 33.842 37.783 1.453 0.858 0.773 0.002
66 23 1 77.387 51.34 37.62 4.152 1.94 1.542 0.052
66 25 1 74.474 47.442 37.711 4.636 1.993 1.609 0.039
66 80 1 33.833 37.598 37.458 3.08 1.243 1.429 0.039
66 107 2 93.2 57.411 38.5 11.124 2.95 3.303 -0.019
66 113 5 13.925 30.004 38.59 0.395 1.596 1.65 -0.023
66 137 4 59.652 12.019 37.307 2.045 0.6 1.519 -3.139
66 138 2 101.904 51.381 38.838 11.269 3.213 3.299 0.002
67 1 1 43.276 39.53 38.057 6.188 2.408 2.589 0.008
67 6 1 62.819 41.551 37.7 3.733 1.818 1.62 0.019
67 8 1 56.881 42.093 37.903 4.621 1.856 1.81 0.013
67 10 1 18.356 33.659 37.841 1.494 1.095 0.774 -0.053
67 23 1 75.427 50.859 37.641 4.381 1.989 1.517 0.021
67 25 1 72.035 46.874 37.733 4.713 1.982 1.625 0
67 80 1 33.391 37.578 37.465 1.123 1.022 1.437 0.015
67 107 2 89.736 56.614 38.534 10.454 2.904 3.213 -0.024
67 113 5 9.226 29.163 38.58 8.288 1.294 1.83 -0.021
67 137 4 62.78 12.577 37.362 0.889 0.54 1.479 3.097
67 138 2 97.906 50.537 38.921 11.227 3.177 3.344 0.018
68 1 1 42.129 39.241 38.12 6.019 2.384 2.57 -0.002
68 6 1 59.793 40.658 37.751 4.521 2.126 1.614 0.022
68 8 1 54.751 41.639 37.841 4.288 2.079 1.846 0.01
68 23 1 73.491 50.387 37.645 4.099 2.111 1.476 0.015
68 25 1 69.564 46.209 37.783 4.777 1.979 1.664 0.005
68 80 1 32.004 37.227 37.614 1.055 0.856 1.041 0.049
68 107 2 86.494 56.016 38.455 10.843 2.961 3.134 -0.003
68 113 5 8.823 29.555 38.58 7.976 1.5 1.853 0.03
68 137 4 66.375 13.231 37.462 2.009 0.64 1.331 3.002
68 138 2 94.18 49.581 38.705 11.076 3.242 3.344 0.024
68 150 2 114.458 62.688 39.626 9.053 2.617 3.341 0.018
68 151 1 32.429 12.69 37.357 3.811 0.319 0.875 3.085
69 1 1 41.056 38.999 38.124 6.009 2.332 2.639 0.006
69 6 1 56.941 40.001 37.72 4.665 1.87 1.649 0.002
69 8 1 52.781 41.231 37.858 4.236 1.907 2.014 -0.024
69 23 1 71.987 49.99 37.649 4.341 2.082 1.54 0.006
69 25 1 67.112 45.602 37.77 4.814 1.923 1.697 0.017
69 80 1 30.73 36.938 37.452 1.126 0.759 1.34 -0.002
69 107 2 83.2 55.28 38.443 10.516 2.978 3.03 0.001
69 113 5 8.78 29.502 38.423 7.703 0.396 1.496 -0.015
69 137 4 69.808 14.043 37.349 1.087 0.401 1.21 3.096
69 138 2 90.8 48.762 38.549 11.18 3.202 3.235 0.016
69 150 2 109.217 60.727 38.834 4.214 0.91 2.51 0.072
69 151 1 18.047 9.767 37.884 4.667 1.745 1.669 3.096
70 1 1 39.886 38.733 38.168 6.036 2.284 2.628 -0.008
70 6 1 54.333 39.282 37.727 4.152 1.843 1.562 0.008
70 8 1 50.909 40.831 37.814 4.203 1.972 1.82 -0.014
70 23 1 70.641 49.651 37.638 4.391 2.024 1.492 -0.007
70 25 1 64.866 45.029 37.776 4.898 2.017 1.653 0.022
70 80 1 29.546 36.618 37.554 0.846 0.633 1.016 -0.012
70 107 2 80.427 54.539 38.403 11.237 2.976 3.058 -0.019
70 137 4 72.962 14.817 37.371 1.906 0.382 1.501 3.089
70 138 2 87.654 48.025 38.588 11.063 3.261 3.192 0.019
70 150 2 107.405 60.313 38.707 6.594 1.38 2.631 -0.003
70 151 1 23.958 10.596 38.127 4.165 1.739 0.72 3.077
70 154 1 45.034 14.514 37.222 4.624 1.28 1.17 3.075
71 1 1 38.918 38.495 38.142 5.823 2.334 2.632 0.006
71 6 1 51.575 38.622 37.739 3.311 1.717 1.585 0.027
71 8 1 49.186 40.54 37.824 4.176 1.863 1.827 -0.031
71 23 1 69.258 49.321 37.662 4.096 1.942 1.512 -0.006
71 25 1 62.441 44.46 37.778 4.859 2.053 1.686 0.015
71 80 1 28.2 36.34 37.539 1.333 0.496 1.496 -0.012
71 107 2 77.768 53.983 38.471 11.435 2.975 2.739 -0.008
71 137 4 76.251 15.449 37.393 1.818 0.724 1.435 3.105
71 138 2 84.709 47.171 38.61 11.363 3.345 3.127 0.022
71 150 2 106.356 60.255 38.725 10.644 1.429 2.402 0.027
71 151 1 30.094 11.62 37.704 4.589 1.914 1.805 3.061
71 154 1 51.561 15.904 37.423 4.147 1.376 1.465 3.091
72 1 1 37.804 38.187 38.139 6.023 2.272 2.696 -0.019
72 6 1 48.456 37.832 37.715 3.044 1.698 1.583 -0.016
72 8 1 47.63 40.171 37.821 4.23 1.797 1.823 -0.053
72 23 1 68.062 49.013 37.651 4.079 2.121 1.506 0.062
72 25 1 60.216 43.783 37.8 4.865 2.299 1.681 -0.007
72 80 1 27.297 36.098 37.884 1.136 0.273 0.809 -0.05
72 107 2 75.728 53.446 38.387 11.916 3.068 2.906 -0.017
72 138 2 82.217 46.684 38.587 10.962 3.182 3.149 0.03
72 150 2 103.527 59.611 38.603 11.098 1.711 2.603 0.02
72 151 1 36.144 12.627 37.604 4.883 1.948 2.187 3.084
72 154 1 57.853 17.297 37.395 4.086 0.792 1.409 3.133
73 1 1 37.236 38.048 38.173 5.213 2.308 2.813 -0.004
73 6 1 45.471 36.998 37.695 2.372 1.46 1.641 -0
73 8 1 46.367 39.882 37.803 4.275 1.975 1.916 -0.03
73 23 1 66.972 48.586 37.65 4.111 2.065 1.563 0.076
73 25 1 58.261 43.373 37.78 4.714 2.018 1.718 -0
73 107 2 73.37 52.97 38.344 11.577 3.029 2.865 -0.007
73 138 2 79.874 46.119 38.526 10.783 3.139 3.023 0.029
73 150 2 100.406 58.922 38.733 10.871 1.884 2.758 0.031
73 151 1 42.517 13.698 37.598 4.72 2.013 2.058 3.098
73 154 1 64.387 18.26 37.45 3.735 1.649 1.419 -3.141
73 156 1 113.939 55.398 37.861 2.131 1.353 1.214 -0.032
74 1 1 36.103 37.791 38.241 5.735 2.289 2.739 -0.004
74 6 1 42.68 36.014 37.563 1.342 0.855 1.387 -0.174
74 8 1 45.092 39.589 37.814 4.234 1.895 1.854 -0.028
74 23 1 65.988 48.29 37.666 4.473 1.976 1.506 0.113
74 25 1 56.239 42.993 37.877 4.983 1.845 1.032 -0.039
74 107 2 71.115 52.461 38.289 11.678 3.017 2.768 -0.007
74 137 4 86.531 17.823 37.436 2.099 0.513 1.579 3.142
74 138 2 77.865 45.567 38.484 10.954 3.09 2.972 0.008
74 150 2 97.747 58.538 38.585 11.094 1.911 2.692 0.099
74 151 1 48.979 15.031 37.703 5.089 2.047 2.031 3.102
74 154 1 70.836 19.719 37.417 3.916 1.652 1.443 3.139
74 156 1 109.885 54.49 37.807 2.152 1.47 1.382 0.036
75 1 1 31.784 36.921 38.212 13.066 2.234 2.787 -0.03
75 6 1 40.005 35.06 37.489 0.388 0.177 0.563 -3.12
75 8 1 44.011 39.461 37.789 4.067 1.881 1.854 -0.015
75 23 1 65.008 47.914 37.645 4.189 2.14 1.542 0.129
75 25 1 53.041 42.466 37.635 1.695 1.186 1.456 0.048
75 107 2 68.95 51.922 38.234 11.717 3.072 2.75 -0.007
75 137 4 89.423 18.516 37.485 1.002 0.538 1.382 3.076
75 138 2 76.136 45.241 38.411 10.879 3.165 2.937 0.026
75 150 2 94.975 57.885 38.359 10.788 2.235 3.013 0.042
75 151 1 55.413 16.373 37.838 4.654 1.963 1.884 3.107
75 156 1 106.027 53.433 37.875 2.191 1.659 1.316 0.014
76 1 1 34.602 37.53 38.23 5.988 2.205 2.817 -0.033
76 8 1 43.029 39.191 37.749 4.175 1.708 1.832 -0.024
76 23 1 64.2 47.696 37.675 4.138 2.034 1.512 0.118
76 25 1 52.487 41.816 37.724 3.083 2.408 1.558 -0.006
76 107 2 66.818 51.448 38.235 11.969 2.972 2.612 0.006
76 138 2 74.403 44.751 38.384 10.95 3.16 2.74 0.017
76 150 2 92.297 57.258 38.524 10.644 2.266 3.267 0.045
76 151 1 61.971 17.594 37.616 4.665 2.095 1.949 3.125
76 154 1 83.169 22.551 37.394 1.268 1.736 1.372 3.066
76 156 1 102.425 52.536 37.989 2.058 1.567 1.79 0.014
77 1 1 34.13 37.34 38.211 5.748 2.245 2.799 -0.001
77 8 1 42.169 39.005 37.789 4.092 1.81 1.896 -0.02
77 23 1 63.754 47.472 37.665 4.381 2.185 1.573 -0
77 25 1 52.292 41.917 37.813 4.841 2.014 1.847 -0.002
77 107 2 64.62 50.939 38.15 12.39 2.964 2.606 0.008
77 138 2 72.672 44.286 38.368 10.923 3.109 2.867 0.016
77 150 2 89.794 56.686 38.428 10.814 2.683 3.141 0.017
77 151 1 68.688 19.167 37.671 4.661 1.99 1.907 3.129
77 156 1 99.487 51.788 37.906 3.016 1.421 1.969 0
78 1 1 33.472 37.244 38.29 5.796 2.204 2.782 -0.017
78 8 1 41.377 38.86 37.78 4.1 1.931 1.883 -0.025
78 23 1 63.176 47.28 37.668 4.045 2.169 1.528 0.08
78 25 1 51.251 41.632 37.874 4.88 2.153 1.935 0.016
78 107 2 62.555 50.494 38.106 13.253 2.766 2.501 -0
78 138 2 70.866 43.917 38.356 11.007 3.072 2.73 0.011
78 150 2 87.051 55.87 38.48 11.148 2.997 3.194 -0.019
78 151 1 73.639 20.269 37.675 0.93 1.659 1.835 3.107
78 156 1 96.23 50.975 37.979 2.525 1.564 1.819 -0.019
78 167 3 29.714 2.676 38.002 0.619 0.346 0.744 3.105
79 1 1 32.871 37.039 38.217 5.97 2.277 2.851 0.011
79 8 1 40.581 38.723 37.783 4.104 1.79 1.858 -0.019
79 23 1 62.733 47.136 37.689 4.136 2.153 1.588 0.042
79 25 1 50.303 41.431 37.763 4.698 2.254 1.704 0.016
79 107 2 59.117 49.788 38.078 12.063 3.018 2.444 0
79 138 2 69.182 43.564 38.327 11.027 3.062 2.668 0.016
79 150 2 84.511 55.437 38.379 11.095 3.007 2.99 0.008
79 151 1 82.101 22.263 37.858 4.162 1.683 1.91 3.14
79 156 1 93.829 50.446 38.068 3.567 1.788 1.673 -0.018
79 167 3 29.85 2.598 38.01 0.493 0.336 0.734 -3.142
80 1 1 32.249 36.968 38.243 5.91 2.241 2.804 -0.021
80 8 1 39.888 38.569 37.78 4.079 1.842 1.832 -0.006
80 23 1 62.616 47.134 37.679 4.415 2.15 1.484 0.081
80 25 1 49.352 41.235 37.84 4.794 2.014 1.861 -0.002
80 107 2 56.183 48.913 37.996 12.437 2.874 2.295 0.007
80 138 2 67.419 43.068 38.24 10.942 3.095 2.567 0.002
80 150 2 81.963 54.744 38.418 11.179 3.008 2.939 -0.017
80 156 1 91.111 49.726 37.989 3.43 1.721 1.83 -0.012
80 167 3 29.961 2.497 37.869 0.398 0.619 1.023 -1.669
81 1 1 32.481 36.966 38.252 4.362 2.269 2.71 -0.006
81 8 1 39.305 38.467 37.768 4.137 1.719 1.825 -0.029
81 23 1 62.501 47.111 37.645 4.344 2.117 1.484 0.014
81 25 1 48.445 40.998 37.734 4.951 1.98 1.702 0
81 107 2 53.964 48.325 37.986 11.754 2.906 2.24 -0.008
81 138 2 65.768 42.676 38.258 11.037 2.972 2.553 -0.006
81 150 2 79.449 54.159 38.4 11.073 2.978 2.879 -0.016
81 156 1 88.683 49.065 37.973 4.016 1.834 1.839 0.01
82 1 1 31.488 36.715 38.22 5.794 2.393 2.793 0
82 8 1 38.761 38.349 37.771 4.13 1.823 1.81 0
82 23 1 62.349 47.061 37.653 4.219 2.205 1.492 0.077
82 25 1 47.634 40.807 37.737 4.82 2.113 1.733 -0
82 138 2 64.05 42.313 38.225 11.012 2.985 2.495 -0
82 150 2 77.308 53.698 38.539 11.828 2.999 2.655 -0.011
82 156 1 86.083 48.45 37.949 4.062 1.793 1.929 0
82 167 3 29.969 2.59 37.969 0.179 0.426 0.813 -2.081
82 171 2 51.237 47.733 38.029 11.818 3.005 2.348 -0.012
82 172 5 105.551 52.401 37.517 0.642 0.46 0.695 -0.02
82 174 1 34.24 33.868 37.373 0.842 0.747 0.736 -0.008
83 1 1 31.952 36.87 38.344 4.428 2.213 2.554 -0.004
83 8 1 38.295 38.222 37.778 4.123 1.654 1.777 -0.021
83 23 1 62.335 47.064 37.682 4.158 2.177 1.485 0.058
83 25 1 46.89 40.633 37.747 4.78 1.909 1.684 -0.021
83 138 2 62.673 41.789 38.2 11.367 3.288 2.447 -0.017
83 150 2 74.853 53.121 38.166 12.081 2.986 2.672 -0.005
83 156 1 83.53 47.768 37.964 4.097 1.955 1.917 -0.03
83 167 3 29.986 2.541 37.988 0.197 0.502 0.775 -1.968
83 171 2 48.691 47.207 38.056 12.212 2.995 2.425 -0.023
83 172 5 103.354 51.717 37.471 0.618 0.606 0.432 -0.011
83 174 1 33.905 34.145 37.497 1.064 0.716 0.467 -0.04
84 1 1 31.048 36.656 38.184 5.864 2.3 2.894 -0.02
84 8 1 38.06 38.133 37.753 4.03 1.658 1.83 -0.022
84 23 1 62.347 47.068 37.675 4.196 2.176 1.492 0.059
84 25 1 46.223 40.441 37.731 4.755 1.925 1.685 0.002
84 138 2 61.261 41.594 38.171 11.043 3.187 2.4 0.008
84 150 2 73.294 52.834 38.138 13.95 3.041 2.603 0.004
84 156 1 80.987 47.132 37.873 4.123 1.842 1.792 0.001
84 171 2 45.952 46.567 38.083 12.126 2.92 2.498 -0.02
84 172 5 101.708 51.136 37.546 1.401 1.244 0.811 -0.037
84 174 1 33.682 34.524 37.511 1.148 0.299 0.431 0.613
85 1 1 31.557 36.745 38.372 4.434 2.234 2.532 -0.015
85 8 1 38.021 38.128 37.749 4.013 1.689 1.834 -0.003
85 23 1 62.261 47.055 37.671 4.054 2.135 1.482 0.11
85 25 1 45.581 40.324 37.737 4.802 2.061 1.715 -0.004
85 138 2 60.412 41.483 38.165 11.032 2.768 2.334 -0.009
85 150 2 70.005 52.06 38.21 12.474 3.062 2.418 0.001
85 156 1 78.416 46.649 37.894 4.118 1.8 1.799 0.021
85 171 2 44.086 46.187 38.121 11.458 2.783 2.575 -0.001
85 172 5 99.666 50.442 37.361 1.029 1.438 0.825 -0.016
85 174 1 33.531 34.816 37.495 0.855 0.418 0.374 -0.048
86 1 1 31.371 36.721 38.378 4.393 2.166 2.547 -0.023
86 8 1 38.013 38.138 37.802 4.061 1.596 1.744 -0.007
86 23 1 62.285 47.062 37.688 4.074 2.145 1.481 0.031
86 25 1 45.196 40.21 37.72 4.782 2.107 1.749 0
86 138 2 59.877 41.284 38.144 11.077 3.013 2.344 0.007
86 150 2 67.509 51.473 38.233 12.131 2.962 2.641 0.005
86 156 1 75.939 46.051 37.892 4.105 1.939 1.862 0
86 171 2 41.853 45.67 38.274 12.046 3.028 2.843 -0.025
86 172 5 98.069 49.9 37.524 1.25 1.783 0.996 -0.005
86 174 1 33.434 34.91 37.574 0.449 0.33 0.2 0.048
87 1 1 31.256 36.677 38.215 4.292 2.222 2.881 0.001
87 8 1 38.061 38.175 37.789 3.896 1.753 1.77 0.018
87 23 1 62.275 47.037 37.683 4.098 2.196 1.472 0.104
87 25 1 45.007 40.179 37.741 4.762 2.119 1.698 0.018
87 138 2 59.534 41.288 38.147 11.165 3.138 2.35 0.019
87 150 2 65.075 50.978 38.188 12.423 3.21 2.587 -0.006
87 156 1 73.654 45.692 37.912 4.185 1.874 1.865 0.018
87 171 2 40.34 45.389 38.157 11.498 2.765 2.66 0.001
87 172 5 97.453 49.749 37.513 3.836 2.082 1.159 0.003
87 174 1 33.474 35.044 37.59 0.514 0.323 0.168 -0
87 180 3 16.619 0 37.985 0.395 0.407 0.914 -1.617
88 1 1 31.036 36.637 38.216 4.434 2.27 2.895 -0.024
88 8 1 37.98 38.212 37.823 4.01 1.739 1.702 -0.002
88 23 1 62.301 47.027 37.678 4.114 2.169 1.461 0.1
88 25 1 44.955 40.123 37.74 4.787 1.986 1.7 -0
88 138 2 59.351 41.188 38.146 11.118 3.148 2.342 0.014
88 150 2 63.917 50.574 38.166 14.646 2.95 2.475 0.001
88 156 1 71.77 45.315 37.885 4.202 1.926 1.947 -0.048
88 171 2 38.788 45.071 38.275 11.475 2.657 2.575 -0.01
88 172 5 95.616 49.302 37.55 3.735 1.985 1.163 -0.013
88 180 3 17.444 0.159 38.025 0.44 0.203 0.854 -1.81
89 1 1 30.985 36.624 38.34 4.348 2.217 2.666 -0.014
89 8 1 37.993 38.157 37.787 3.924 1.612 1.789 -0.014
89 23 1 62.288 47.079 37.705 4.143 2.171 1.507 0.046
89 25 1 44.875 40.163 37.758 4.795 1.987 1.669 -0.021
89 138 2 59.149 41.031 38.147 11.055 3.255 2.331 -0.004
89 150 2 60.941 49.989 38.098 12.831 2.933 2.443 -0.029
89 156 1 70.337 45.162 37.935 4.13 1.973 1.866 -0.022
89 171 2 37.746 44.857 38.177 10.15 2.796 2.725 -0.025
89 172 5 94.099 48.934 37.769 3.85 1.805 1.425 -0.022
89 180 3 18.206 0.251 38.04 0.382 0.213 0.879 -1.8
89 181 5 16.503 5.004 37.878 0.494 0.33 0.541 -3.096
90 1 1 31.013 36.625 38.236 4.338 2.355 2.864 -0.001
90 8 1 37.969 38.159 37.782 3.947 1.617 1.793 -0.011
90 23 1 62.286 47.059 37.685 4.08 2.176 1.483 0.042
90 25 1 44.913 40.14 37.763 4.754 2.227 1.658 0.018
90 138 2 58.839 41.113 38.137 11.063 3.01 2.33 -0.001
90 150 2 58.512 49.39 38.047 12.097 2.744 2.378 0.014
90 156 1 69.335 45.04 37.928 4.261 1.938 1.894 -0.046
90 171 2 36.759 44.624 38.03 9.168 2.757 2.54 0.006
90 172 5 92.311 48.498 37.726 3.9 1.803 1.569 -0.005
90 180 3 18.889 0.343 38.053 0.436 0.237 0.861 -1.452
90 181 5 18.722 5.252 37.948 0.48 0.522 0.627 -2.827
91 1 1 31.015 36.602 38.245 4.304 2.326 2.848 0.012
91 8 1 38.039 38.162 37.766 3.933 1.661 1.829 0
91 23 1 62.342 47.076 37.664 4.188 2.172 1.548 0.094
91 25 1 44.895 40.147 37.731 4.764 2.054 1.723 0.012
91 138 2 58.58 41.088 38.107 11.102 2.759 2.373 0.004
91 150 2 56.208 48.947 37.988 12.432 2.88 2.341 0.012
91 156 1 68.686 44.855 37.91 4.143 1.874 1.937 -0.087
91 171 2 36.186 44.453 38.16 7.903 2.771 2.83 0.019
91 172 5 90.594 48.056 37.748 3.772 1.979 1.567 0.012
91 180 3 19.508 0.512 37.789 0.359 0.361 0.827 -1.555
92 1 1 31.159 36.7 38.223 4.872 2.227 2.895 -0.017
92 8 1 37.981 38.137 37.808 4.045 1.689 1.747 -0.005
92 23 1 62.275 47.056 37.714 4.09 2.207 1.531 0.075
92 25 1 44.963 40.144 37.755 4.625 2.164 1.679 -0.005
92 138 2 58.147 41.077 38.1 11.168 2.797 2.353 0.01
92 150 2 54.136 48.415 38.015 12.71 2.954 2.259 -0.008
92 156 1 68.21 44.786 37.916 4.117 1.929 1.929 -0.097
92 171 2 33.533 43.876 38.18 11.278 2.727 2.666 0.003
92 172 5 89.184 47.724 37.754 3.98 1.95 1.591 -0.018
92 180 3 20.174 0.597 37.635 0.419 0.37 1.172 -1.603
92 181 5 22.912 5.7 37.424 0.901 0.56 1.012 2.972
93 1 1 30.983 36.652 38.21 4.322 2.246 2.914 0.002
93 8 1 37.958 38.183 37.804 3.996 1.777 1.748 0.002
93 23 1 62.284 47.059 37.685 4.121 2.19 1.531 0.091
93 25 1 44.918 40.133 37.739 4.73 2.111 1.708 0.013
93 138 2 57.769 41.029 38.113 11.09 2.96 2.296 -0.003
93 150 2 52.173 48.047 38.022 13.076 2.974 2.291 0
93 156 1 67.79 44.751 37.934 4.107 1.927 1.898 -0.067
93 171 2 32.692 43.657 38.29 11.237 2.882 2.46 0.021
93 172 5 87.683 47.467 37.645 3.904 1.772 1.341 -0.003
93 181 5 24.717 5.912 37.397 0.29 0.328 0.98 -3.068
93 188 4 68.53 56.372 37.895 1.251 0.737 1.558 -0
94 1 1 30.955 36.588 38.342 4.403 2.304 2.639 0.01
94 8 1 37.969 38.132 37.831 4.008 1.683 1.686 -0.006
94 23 1 62.332 47.083 37.675 4.193 2.192 1.527 0.11
94 25 1 44.939 40.178 37.729 4.62 2.08 1.719 0.007
94 138 2 57.368 40.753 38.119 11.072 3.287 2.276 -0.001
94 150 2 50.4 47.573 38.045 10.797 3.15 2.359 -0.025
94 156 1 67.395 44.684 37.933 4.219 1.992 1.9 -0.065
94 171 2 31.994 43.516 38.171 11.207 2.804 2.656 0.012
94 172 5 86.425 47.154 37.597 3.929 1.837 1.217 -0.003
94 180 3 21.655 0.765 37.533 0.446 0.591 1.546 -2.081
94 188 4 64.473 55.372 37.848 1.834 0.671 1.592 0.006
95 1 1 30.923 36.645 38.264 4.43 2.23 2.799 -0.027
95 8 1 37.944 38.191 37.801 4.022 1.657 1.747 -0.04
95 23 1 62.343 47.086 37.693 4.196 2.187 1.487 0.079
95 25 1 44.942 40.177 37.747 4.621 2.095 1.684 0.004
95 138 2 56.844 40.747 38.109 11.277 3.046 2.27 0.008
95 150 2 47.945 47.021 38.024 10.312 2.97 2.429 -0.012
95 156 1 67.027 44.632 37.924 4.277 1.95 1.916 -0.048
95 171 2 32.195 43.168 38.281 9.709 1.786 2.452 -0.028
95 172 5 85.142 46.864 37.813 4.082 1.922 1.563 0.004
95 188 4 59.796 54.226 37.824 1.892 0.697 1.564 0.027
95 192 4 92.018 61.872 37.829 1.533 0.836 1.292 -0.024
96 1 1 30.949 36.639 38.328 4.427 2.237 2.665 -0.021
96 8 1 37.936 38.146 37.809 4.049 1.704 1.727 -0.011
96 23 1 62.314 47.076 37.651 4.2 2.172 1.515 0.1
96 25 1 44.914 40.175 37.735 4.675 2.047 1.701 -0.011
96 138 2 56.695 40.64 38.107 11.139 2.834 2.274 0.004
96 150 2 47.675 47.086 38.062 12.62 3.021 2.431 -0.01
96 156 1 66.673 44.538 37.939 4.315 1.949 1.884 -0.052
96 171 2 32.536 43.25 38.735 8.222 1.768 1.535 -0.041
96 172 5 83.939 46.733 37.822 4.062 1.606 1.563 -0.023
96 188 4 55.259 53.158 37.835 1.923 0.801 1.604 0.04
96 192 4 86.869 60.947 37.831 1.872 0.785 1.362 -0.034
97 1 1 30.924 36.658 38.355 4.482 2.227 2.599 -0.014
97 8 1 37.936 38.14 37.794 4.013 1.596 1.747 -0.043
97 23 1 62.277 47.056 37.656 4.1 2.133 1.475 0.047
97 25 1 44.914 40.129 37.724 4.734 2.099 1.661 -0.004
97 138 2 56.576 40.514 38.108 11.073 3.102 2.278 0.005
97 150 2 47.642 47.031 38.044 10.472 2.704 2.4 -0.03
97 156 1 66.351 44.465 37.905 4.312 1.853 1.879 -0.052
97 171 2 34.664 43.388 38.946 3.597 1.166 1.132 -0.029
97 172 5 82.794 46.384 37.709 3.906 1.761 1.408 -0.003
97 188 4 50.434 51.879 37.453 0.616 0.489 0.845 -0.383
97 192 4 81.168 59.527 37.825 1.246 0.748 1.478 0.037
98 1 1 30.993 36.633 38.217 4.558 2.347 2.885 -0.004
98 8 1 37.951 38.139 37.797 3.991 1.716 1.747 -0.019
98 23 1 62.323 47.069 37.687 4.197 2.19 1.498 0.091
98 25 1 44.942 40.146 37.749 4.651 2.063 1.668 -0.018
98 138 2 56.501 40.551 38.118 11.27 2.929 2.311 -0.001
98 150 2 45.698 46.571 38.089 12.638 2.969 2.504 -0.02
98 156 1 66.02 44.417 37.882 4.289 1.877 1.92 -0.041
98 171 2 35.129 43.306 38.987 2.578 0.84 1.071 -0.045
98 172 5 81.866 46.311 37.638 4.08 1.464 1.269 -0.017
98 192 4 75.949 58.131 37.851 1.922 0.851 1.51 0.063
99 1 1 30.949 36.611 38.231 4.44 2.203 2.847 -0.013
99 8 1 37.967 38.127 37.793 4.031 1.633 1.746 -0.018
99 23 1 62.297 47.03 37.665 4.13 2.223 1.451 0.08
99 25 1 44.953 40.146 37.731 4.622 2.132 1.698 0.003
99 138 2 56.38 40.613 38.104 11.142 2.972 2.282 0.003
99 150 2 44.972 46.409 38.121 12.682 2.954 2.587 -0.019
99 156 1 65.738 44.377 37.892 4.214 1.923 1.907 -0.028
99 171 2 35.152 43.267 38.959 2.411 0.698 1.08 -0.019
99 172 5 81.136 46.172 37.697 4.089 1.649 1.487 -0.016
99 192 4 70.79 56.796 37.856 1.875 0.722 1.594 -0.015
100 1 1 30.947 36.635 38.328 4.443 2.232 2.665 -0.018
100 8 1 37.985 38.126 37.798 4.029 1.685 1.747 0.002
100 23 1 62.339 47.086 37.691 4.224 2.163 1.517 0.079
100 25 1 44.931 40.156 37.727 4.688 2.034 1.71 0.002
100 138 2 56.326 40.556 38.101 11.07 2.907 2.285 0.002
100 150 2 44.699 46.332 38.087 12.142 2.943 2.715 -0.02
100 156 1 65.467 44.294 37.908 4.239 1.985 1.878 0.002
100 171 2 35.073 43.149 38.937 2.623 0.543 1.184 0.006
100 172 5 80.4 46.025 37.699 4.089 1.625 1.513 0.002
100 192 4 65.387 55.566 37.856 2.268 0.783 1.534 0.026
101 1 1 30.969 36.654 38.22 4.377 2.312 2.854 0.004
101 8 1 37.985 38.153 37.737 4.037 1.754 1.847 0
101 23 1 62.339 47.069 37.648 4.212 2.188 1.535 0.032
101 25 1 44.957 40.151 37.743 4.652 2.128 1.666 0
101 138 2 56.313 40.569 38.082 11.034 2.951 2.323 0
101 150 2 44.483 46.228 38.023 11.825 2.872 2.5 -0.009
101 156 1 65.184 44.222 37.871 4.173 1.929 1.956 -0.023
101 171 2 35.118 43.181 38.961 2.543 0.577 1.107 -0.031
101 172 5 79.862 45.861 37.701 3.956 1.583 1.528 -0.003
101 192 4 60.045 54.278 37.806 2.087 0.824 1.568 0.019
102 1 1 30.994 36.583 38.323 4.435 2.292 2.668 -0.001
102 8 1 37.975 38.112 37.794 3.97 1.672 1.747 -0.011
102 23 1 62.307 47.052 37.634 4.081 2.159 1.514 0.097
102 25 1 44.882 40.159 37.745 4.743 2.037 1.665 -0.013
102 138 2 56.328 40.545 38.1 11.141 2.996 2.283 0.005
102 150 2 44.222 46.371 38.117 11.948 2.957 2.582 -0.003
102 156 1 64.951 44.17 37.915 4.173 1.931 1.87 0.005
102 171 2 34.855 43.294 38.97 2.971 0.958 1.06 0.021
102 172 5 79.569 45.73 37.729 4.018 1.735 1.488 0.024
102 192 4 54.782 53.055 37.806 2.126 0.907 1.522 0.008
103 1 1 30.955 36.588 38.204 4.397 2.265 2.892 -0.016
103 8 1 37.971 38.114 37.789 3.942 1.66 1.746 -0.017
103 23 1 62.286 47.043 37.706 4.14 2.196 1.552 0.001
103 25 1 44.876 40.148 37.719 4.777 2.069 1.711 -0.006
103 138 2 56.332 40.586 38.098 11.06 2.935 2.286 0.006
103 150 2 44.202 46.269 38.112 11.942 2.938 2.586 -0.021
103 156 1 64.749 44.116 37.906 4.179 1.941 1.889 0.001
103 171 2 35.179 43.232 38.955 2.184 0.641 1.084 0.003
103 172 5 79.278 45.603 37.706 4.131 1.753 1.537 -0.023
103 192 4 48.44 51.438 37.767 2.277 0.716 1.561 -0.066
104 1 1 30.975 36.586 38.202 4.376 2.274 2.904 -0.009
104 8 1 38.015 38.139 37.79 3.959 1.655 1.746 -0.014
104 23 1 62.357 47.042 37.679 4.203 2.235 1.491 0.065
104 25 1 44.868 40.142 37.748 4.794 1.985 1.654 -0.005
104 138 2 56.302 40.535 38.098 11.129 3.021 2.284 0.008
104 150 2 44.191 46.297 38.183 11.858 2.959 2.676 -0.024
104 156 1 64.585 44.066 37.906 4.198 1.945 1.89 -0.024
104 171 2 34.618 43.234 38.956 3.015 0.888 1.081 -0.029
104 172 5 79.276 45.594 37.729 4.082 1.792 1.497 -0.017
105 1 1 30.955 36.574 38.171 4.41 2.281 2.945 -0.006
105 8 1 37.987 38.112 37.783 3.951 1.688 1.748 -0.007
105 23 1 62.339 47.061 37.671 4.206 2.183 1.48 0.036
105 25 1 44.897 40.149 37.736 4.733 2.089 1.667 0.001
105 138 2 56.32 40.507 38.093 11.258 3.109 2.288 -0.024
105 150 2 44.253 46.244 38.041 11.914 2.832 2.459 -0.026
105 156 1 64.51 44.062 37.896 4.182 1.956 1.909 0.018
105 171 2 34.864 43.19 38.962 2.259 0.667 1.094 -0.016
105 172 5 79.206 45.579 37.743 4.048 1.79 1.471 0
106 1 1 30.988 36.632 38.291 4.453 2.245 2.835 -0.032
106 8 1 38.004 38.153 37.751 3.947 1.572 1.81 -0.036
106 23 1 62.358 47.07 37.642 4.219 2.186 1.547 0.058
106 25 1 44.92 40.115 37.681 4.84 2.123 1.777 -0.002
106 138 2 56.318 40.54 38.033 11.162 3.127 2.364 -0.019
106 150 2 43.821 46.18 38.164 12.639 2.909 2.744 -0.029
106 156 1 64.534 44.031 37.903 4.252 1.959 1.889 -0.027
106 171 2 34.672 43.09 38.988 2.049 0.56 1.048 0
106 172 5 79.253 45.577 37.728 4.049 1.793 1.492 -0.024
107 1 1 30.957 36.589 38.231 4.417 2.271 2.829 -0.004
107 8 1 37.991 38.117 37.746 3.961 1.708 1.821 -0.01
107 23 1 62.336 47.067 37.694 4.221 2.173 1.542 0.019
107 25 1 44.905 40.157 37.735 4.725 2.089 1.665 0.003
107 138 2 56.342 40.57 38.092 11.161 2.948 2.282 0
107 150 2 44.954 46.534 38.033 10.283 2.804 2.439 -0.017
107 156 1 64.492 44.03 37.904 4.165 1.952 1.88 -0.017
107 171 2 36.099 44.56 38.382 5.339 2.922 2.237 -0.013
107 172 5 79.193 45.584 37.72 4.039 1.79 1.497 -0.019
108 1 1 30.963 36.647 38.333 4.384 2.224 2.607 -0.02
108 8 1 38.02 38.192 37.767 3.917 1.641 1.761 -0.013
108 23 1 62.278 47.042 37.677 4.077 2.202 1.517 0.066
108 25 1 44.903 40.121 37.71 4.78 2.049 1.704 -0.007
108 138 2 56.338 40.598 38.087 11.081 2.9 2.286 0.007
108 150 2 43.771 46.199 38.095 12.82 3.039 2.587 -0.02
108 156 1 64.489 44.051 37.881 4.153 1.908 1.923 -0.016
108 171 2 34.475 43.157 38.883 0.626 0.735 1.192 0.006
108 172 5 79.252 45.618 37.719 4.096 1.757 1.498 -0.034
109 1 1 30.993 36.614 38.306 4.341 2.237 2.663 -0.008
109 8 1 38.039 38.154 37.754 3.899 1.669 1.793 -0
109 23 1 62.282 47.057 37.658 4.091 2.171 1.491 0.068
109 25 1 44.886 40.154 37.72 4.805 2.006 1.683 -0.023
109 138 2 56.362 40.622 38.084 11.146 2.898 2.286 0.009
109 150 2 44.945 46.495 38.039 10.317 2.725 2.452 -0.029
109 156 1 64.499 44.062 37.89 4.199 1.927 1.898 -0.014
109 171 2 33.806 43.014 38.936 0.636 0.767 1.132 0
109 172 5 79.227 45.606 37.691 4.046 1.776 1.549 0
110 1 1 30.971 36.64 38.306 4.387 2.398 2.665 0.032
110 8 1 37.955 38.176 37.775 4.057 1.715 1.747 -0.026
110 23 1 62.325 47.07 37.655 4.188 2.172 1.496 0.007
110 25 1 44.957 40.19 37.727 4.604 2.091 1.669 0.008
110 138 2 56.342 40.572 38.082 11.106 2.958 2.287 -0
110 150 2 46.088 46.819 38.104 8.767 3.048 2.585 0.002
110 156 1 64.489 44.046 37.895 4.161 1.948 1.88 -0.014
110 171 2 33.049 42.896 38.947 0.543 0.876 1.145 0.016
110 172 5 79.14 45.594 37.693 4.083 1.774 1.535 -0.027
111 1 1 30.946 36.673 38.317 4.461 2.292 2.63 -0.018
111 8 1 37.98 38.144 37.771 4.009 1.685 1.747 -0.024
111 23 1 62.291 47.044 37.645 4.089 2.19 1.513 0.074
111 25 1 44.966 40.187 37.705 4.603 2.094 1.705 0.003
111 138 2 56.32 40.634 38.081 11.104 2.959 2.283 0.002
111 150 2 45.934 46.666 38.038 8.308 2.635 2.456 -0.015
111 156 1 64.503 44.057 37.878 4.177 1.932 1.916 -0.015
111 171 2 32.229 42.77 38.913 0.559 1.063 1.242 -0.013
111 172 5 78.941 45.538 37.733 4.027 1.743 1.467 -0.016
112 1 1 30.9 36.632 38.304 4.495 2.343 2.667 -0.012
112 8 1 38.044 38.171 37.765 3.882 1.682 1.767 0.001
112 23 1 62.344 47.069 37.66 4.195 2.202 1.485 0.078
112 25 1 44.908 40.154 37.711 4.758 2.099 1.696 0.009
112 138 2 56.359 40.57 38.084 11.13 2.973 2.279 -0.002
112 150 2 45.823 46.683 38.115 8.53 2.752 2.608 -0.024
112 156 1 64.497 44.058 37.885 4.185 1.954 1.896 -0.011
112 171 2 31.181 42.712 38.953 0.529 1.02 1.224 -0
112 172 5 78.747 45.503 37.746 4.098 1.779 1.44 0.011
113 1 1 30.968 36.684 38.305 4.465 2.328 2.665 -0.007
113 8 1 37.962 38.114 37.776 3.996 1.593 1.746 -0.007
113 23 1 62.307 47.043 37.66 4.123 2.215 1.526 -0.007
113 25 1 44.833 40.151 37.705 4.747 2.064 1.706 -0.007
113 138 2 56.352 40.576 38.082 11.111 3.016 2.284 -0.007
113 150 2 45.872 46.664 38.041 8.519 2.707 2.453 -0.007
113 156 1 64.503 44.06 37.885 4.189 1.956 1.897 -0.007
113 171 2 30.098 42.6 38.938 0.585 0.957 1.325 -0.017
113 172 5 78.356 45.444 37.738 4.142 1.655 1.471 -0.007
114 1 1 30.976 36.639 38.235 4.361 2.35 2.845 0.006
114 8 1 38.033 38.187 37.727 3.867 1.722 1.837 0.008
114 23 1 62.344 47.078 37.679 4.198 2.188 1.515 0.045
114 25 1 44.81 40.152 37.709 4.664 2.116 1.694 -0.003
114 138 2 56.304 40.659 38.111 11.114 3.019 2.351 0.018
114 150 2 45.798 46.558 38.106 8.717 3.166 2.581 -0.04
114 156 1 64.499 44.111 37.887 4.178 1.948 1.898 0.006
114 171 2 28.056 42.18 38.974 2.61 1.063 1.436 0.05
114 172 5 77.996 45.462 37.706 3.939 1.573 1.561 0.009
115 1 1 30.988 36.643 38.324 4.432 2.217 2.63 -0.024
115 8 1 38.036 38.203 37.796 3.884 1.649 1.71 -0.01
115 23 1 62.291 47.041 37.639 4.092 2.217 1.529 0.046
115 25 1 44.747 40.144 37.702 4.678 2.009 1.711 -0.009
115 138 2 56.349 40.575 38.067 11.144 2.881 2.322 0.006
115 150 2 45.983 46.651 38.084 8.235 2.972 2.635 -0.02
115 156 1 64.511 44.05 37.873 4.16 1.92 1.935 -0.024
115 171 2 26.644 42.496 39.002 2.904 1.926 1.451 0.002
115 172 5 77.544 45.16 37.723 3.881 1.856 1.561 -0.022
116 1 1 30.945 36.646 38.328 4.506 2.254 2.619 -0.026
116 8 1 38.008 38.193 37.792 3.893 1.605 1.685 -0.02
116 23 1 62.289 47.049 37.652 4.098 2.203 1.492 0.056
116 25 1 44.591 40.072 37.748 4.908 2.084 1.807 0.004
116 138 2 56.309 40.566 38.096 11.084 2.931 2.299 3.138
116 150 2 45.824 46.55 38.17 8.623 2.998 2.701 -0.024
116 156 1 64.514 44.066 37.89 4.144 1.894 1.908 -0.012
116 171 2 25.309 42.501 38.998 2.994 2.348 1.521 0.031
116 172 5 77.032 45.248 37.726 3.904 1.517 1.53 0.005
117 1 1 30.958 36.727 38.167 4.535 2.202 2.938 -0.057
117 8 1 37.952 38.196 37.738 3.987 1.699 1.823 -0.022
117 23 1 62.28 47.045 37.675 4.079 2.209 1.498 0.072
117 25 1 44.672 40.108 37.708 4.735 2.044 1.704 -0.005
117 138 2 56.353 40.602 38.092 11.098 2.961 2.285 0.002
117 150 2 45.961 46.74 38.039 8.24 2.754 2.438 -0.03
117 156 1 64.526 44.063 37.909 4.213 1.957 1.882 -0.01
117 171 2 22.684 41.798 39.014 5.945 1.56 1.712 -0.054
117 172 5 76.612 45.149 37.742 3.75 1.426 1.583 0.035
118 1 1 30.957 36.627 38.21 4.449 2.243 2.873 -0.018
118 8 1 37.983 38.16 37.785 3.956 1.631 1.746 -0.013
118 23 1 62.271 47.049 37.663 4.061 2.204 1.5 0.073
118 25 1 44.677 40.134 37.725 4.701 2.044 1.681 -0.01
118 138 2 56.334 40.576 38.096 11.05 2.984 2.286 0.004
118 150 2 45.878 46.694 38.044 8.416 2.685 2.438 -0.027
118 156 1 64.496 44.053 37.899 4.149 1.931 1.907 -0.02
118 171 2 22.837 41.766 39.033 3.106 1.264 1.756 -0.138
118 172 5 76.084 45.149 37.747 3.598 1.079 1.595 0.003
