0 2 1 86.512 73.826 37.64 4.439 1.956 1.348 -0.041
0 5 1 72.976 63.675 37.819 3.961 1.914 1.615 -0.101
0 10 1 94.486 76.95 37.768 3.981 2.092 1.669 -0.016
0 14 2 112.253 73.651 39.381 6.255 2.537 1.768 -0.091
0 17 1 39.199 64.795 37.974 2.018 1.253 0.82 -0.371
0 20 1 99.542 76.066 37.671 4.209 1.701 1.497 -0.041
0 21 1 103.703 79.639 37.718 3.903 0.778 1.7 -0.088
0 22 1 103.729 71.553 37.709 3.597 1.41 1.348 -0.091
1 2 1 85.267 73.447 37.648 4.728 2.008 1.328 -0.014
1 5 1 72.928 63.699 37.848 4.045 1.882 1.606 -0.084
1 10 1 93.597 76.634 37.763 4.193 2.131 1.69 -0.023
1 14 2 109.531 72.735 39.088 4.394 2.121 1.712 -0.088
1 17 1 38.28 64.841 37.857 1.539 1.415 1.061 -0.313
1 20 1 99.116 76.069 37.675 4.157 1.295 1.453 -0.088
1 21 1 103.265 79.541 37.731 3.865 0.767 1.665 -0.088
1 22 1 101.504 71.06 37.761 2.639 1.396 1.299 -0.088
2 2 1 83.88 73.072 37.714 4.667 2.027 1.48 -0.059
2 5 1 72.902 63.737 37.845 3.984 1.813 1.6 -0.073
2 10 1 92.517 76.246 37.784 4.322 2.096 1.703 0.019
2 14 2 107.752 72.417 39.095 4.325 2.349 1.718 -0.067
2 17 1 36.601 64.911 37.81 2.232 1.309 1.068 -0.121
2 20 1 98.561 76.086 37.699 4.195 1.161 1.441 -0.032
2 21 1 102.602 79.916 37.742 3.907 1.724 1.673 -0.032
2 22 1 99.821 70.717 37.741 2.924 1.523 1.411 -0.067
3 2 1 82.591 72.723 37.695 4.857 2.072 1.517 -0.037
3 5 1 72.875 63.745 37.798 4.042 1.754 1.692 -0.092
3 10 1 91.13 75.839 37.789 4.144 2.141 1.73 0.026
3 14 2 105.81 71.91 39.12 3.956 2.018 1.699 -0
3 17 1 34.603 65.689 37.524 2.89 1.518 1.46 -0.566
3 20 1 97.8 76.055 37.864 4.024 1.066 1.125 0.032
3 21 1 102.063 79.726 37.631 4.012 1.738 1.608 -0.01
3 22 1 98.005 70.013 37.68 2.831 1.221 1.349 -0.273
4 2 1 81.251 72.399 37.828 4.695 2.093 1.669 -0.053
4 5 1 72.853 63.724 37.879 4.076 1.716 1.628 -0.083
4 10 1 89.777 75.386 37.812 4.142 2.109 1.717 -0.006
4 14 2 104.544 71.601 39.132 4.248 2.361 1.835 -0.073
4 17 1 33.189 66.177 37.532 2.26 1.403 1.445 -0.674
4 20 1 96.6 75.829 37.654 2.718 0.502 1.529 -0.114
4 21 1 101.541 79.143 37.601 4.051 0.849 1.59 -0.098
4 22 1 96.364 69.838 37.798 2.669 1.174 1.241 -0.091
4 27 1 32.725 27.406 37.79 4.104 1.749 1.224 -1.862
5 2 1 80.252 72.164 37.726 4.717 2.075 1.447 -0.039
5 5 1 72.844 63.735 37.815 4.066 1.697 1.56 -0.073
5 10 1 88.443 74.945 37.815 4.093 2.006 1.641 0.003
5 14 2 103.126 70.893 39.143 4.361 1.296 1.772 -0.009
5 17 1 31.972 66.328 37.393 0.695 0.817 1.191 -0.107
5 20 1 95.122 75.866 37.414 1.356 0.564 1.125 -0.023
5 21 1 100.7 79.398 37.627 3.977 1.777 1.537 -0.058
5 22 1 95.245 69.772 37.675 3.632 1.043 1.531 -0.084
5 27 1 32.994 29.78 37.821 3.153 1.63 1.165 -1.985
6 2 1 79.456 71.934 37.686 4.679 2.081 1.489 -0.065
6 5 1 72.873 63.733 37.802 4.026 1.809 1.644 -0.066
6 10 1 87.427 74.553 37.837 4.623 2.102 1.681 -0.065
6 14 2 102.095 71.014 39.121 4.733 1.967 1.69 -0.089
6 17 1 29.186 68.201 37.586 2.265 1.626 1.205 -0.997
6 21 1 99.961 79.237 37.685 4.069 1.777 1.76 -0.069
6 22 1 93.927 69.659 37.794 3.505 0.621 1.276 -0.126
6 27 1 33.318 31.626 37.721 4.262 1.74 0.95 -2.061
6 30 1 17.372 62.039 37.413 1.722 0.314 0.645 1.201
7 2 1 79.114 71.82 37.712 4.931 2.051 1.474 -0.054
7 5 1 72.792 63.657 37.844 4.202 1.838 1.58 -0.07
7 10 1 86.13 74.17 37.803 4.215 2.077 1.707 -0.023
7 14 2 103.816 71.114 39.018 10.71 1.092 1.604 -0.176
7 17 1 26.785 70.762 37.665 3.998 1.103 1.103 -1.066
7 21 1 99.005 78.958 37.672 3.895 1.601 1.718 -0.041
7 22 1 92.503 69.563 37.793 2.506 0.425 1.217 -0.04
7 27 1 34.039 33.331 37.657 4.146 1.328 1.171 -2.126
7 30 1 17.139 64.544 37.52 3.835 0.387 1.179 -1.87
7 32 1 33.407 22.739 37.277 4.235 1.615 0.845 -1.792
8 2 1 78.911 71.782 37.68 4.884 1.994 1.481 -0
8 5 1 72.81 63.697 37.84 4.135 1.842 1.61 -0.003
8 10 1 85.449 74.005 37.789 4.348 2.1 1.721 0.022
8 14 2 103.286 71.3 39.076 11.591 1.816 1.481 -0.036
8 17 1 24.903 72.893 37.591 4.043 1.451 1.05 -1.255
8 21 1 97.656 78.253 37.677 2.849 0.874 1.728 0.04
8 22 1 91.654 69.453 37.972 1.973 0.334 0.836 -0.036
8 27 1 34.768 35.162 37.61 4.026 1.516 1.282 -2.232
8 30 1 16.369 69.027 37.424 4.817 1.2 1.148 1.3
8 32 1 33.308 23.491 37.729 4.465 1.364 1.497 -1.763
9 2 1 78.663 71.731 37.849 4.746 2.054 1.795 -0.003
9 5 1 72.742 63.574 37.905 4.252 1.88 1.49 -0.046
9 10 1 84.866 73.774 37.747 3.944 2.093 1.792 0.001
9 14 2 99.837 71.05 38.998 7.284 1.65 1.833 0.005
9 17 1 23.551 74.916 37.525 1.867 1.704 1.083 1.467
9 21 1 96.753 78.584 37.733 3.401 1.853 1.608 -0.034
9 27 1 35.633 36.883 37.726 3.556 1.665 1.081 -2.362
9 30 1 15.919 72.941 37.24 2.995 0.29 0.851 1.435
9 32 1 33.273 25.524 37.685 4.281 1.614 1.577 -1.76
10 2 1 78.533 71.709 37.688 4.437 1.915 1.444 0.02
10 5 1 72.634 63.554 37.983 4.217 1.898 1.313 -0.027
10 10 1 84.702 73.757 37.757 3.972 2.025 1.695 0.031
10 21 1 96.13 78.354 37.886 2.626 1.611 1.268 0.026
10 30 1 15.082 76.915 37.128 0.922 0.272 0.947 -1.544
10 32 1 33.156 27.312 37.63 4.477 1.444 1.218 -1.84
10 37 4 32.375 68.256 37.472 1.064 0.628 1.278 -0.069
11 2 1 78.592 71.658 37.687 4.601 1.916 1.466 0.043
11 5 1 72.635 63.498 37.865 4.211 1.969 1.529 0.049
11 10 1 84.577 73.724 37.884 3.607 2.103 1.51 0.052
11 21 1 94.855 78.204 38.069 1.972 1.648 0.925 0
11 32 1 33.707 28.801 38.085 2.396 0.45 0.768 -1.824
11 37 4 31.712 67.832 37.571 0.634 0.272 1.271 0.766
12 2 1 78.479 71.661 37.633 3.969 1.958 1.434 0.058
12 5 1 72.538 63.468 37.785 4.149 2.182 1.607 0.045
12 10 1 84.656 73.761 37.722 3.808 2.168 1.685 0.102
12 21 1 92.886 78.017 38.106 3.396 1.421 0.7 -0.014
12 37 4 29.988 66.977 37.431 1.167 0.75 1.203 -0.015
12 41 5 53.374 49.848 38.466 0.184 0.611 0.2 3.016
13 2 1 78.505 71.636 37.673 3.556 1.68 1.489 0.055
13 5 1 72.531 63.52 37.8 4.205 2.145 1.628 0.03
13 10 1 84.577 73.578 37.736 3.683 1.827 1.664 0.095
13 21 1 91.7 77.896 38.146 3.403 1.699 0.687 0.038
13 37 4 28.658 66.263 37.625 1.321 0.661 1.351 0.091
13 41 5 58.435 50.855 38.339 1.097 1.283 0.274 -3.087
14 2 1 79.001 71.709 37.634 3.348 1.732 1.486 -0
14 5 1 72.443 63.61 37.841 4.148 1.853 1.756 0.049
14 10 1 84.582 73.72 37.716 3.724 1.926 1.681 0.055
14 21 1 90.792 77.732 38.163 3.501 1.692 0.692 0.034
14 37 4 27.018 65.7 37.575 0.968 0.722 1.333 0.072
14 41 5 63.685 51.585 38.159 2.557 1.477 0.769 2.988
15 2 1 78.884 71.631 37.659 3.024 1.533 1.478 0.091
15 5 1 72.585 63.685 37.792 3.762 1.692 1.592 -0.003
15 10 1 84.551 73.55 37.793 3.337 1.882 1.523 0.069
15 21 1 89.752 77.585 38.008 3.21 1.624 1.05 -0.023
15 37 4 24.875 65.045 37.558 1.178 0.647 1.346 -0.006
15 41 5 69.517 52.262 37.756 2.99 1.578 1.505 3.014
16 2 1 78.799 71.663 38.118 2.429 1.391 0.554 0.003
16 5 1 72.744 63.845 37.814 3.482 1.487 1.573 0.007
16 10 1 84.364 73.621 38.17 2.869 1.64 0.833 -0.004
16 21 1 88.494 77.199 37.946 2.656 1.649 1.057 -0.021
16 37 4 23.059 64.528 37.646 0.814 0.542 1.342 0.454
16 41 5 75.385 52.755 37.743 3.029 1.708 1.5 2.98
17 2 1 78.789 71.721 38.35 0.639 1.06 0.28 -3.079
17 5 1 72.746 64.034 37.822 3.164 1.186 0.87 0.057
17 10 1 84.245 73.817 38.395 0.413 1.064 0.198 3.134
17 21 1 87.959 77.106 38.024 3.403 1.718 1.05 0
17 41 5 81.353 53.308 37.747 3.127 1.636 1.484 3.019
18 10 1 84.282 74.087 38.351 0.739 0.651 0.293 0.015
18 21 1 87.352 76.911 38.008 3.666 2.023 0.79 -0.011
18 41 5 86.841 53.707 37.618 2.518 1.575 1.503 2.979
19 21 1 86.261 76.69 37.993 3.917 1.902 1.014 0.01
19 41 5 93.224 54.109 38.031 2.211 1.425 0.82 3.023
20 21 1 85.205 76.426 37.941 4.066 1.969 0.952 -0.007
20 41 5 98.563 54.264 37.722 0.258 1.064 0.361 3.103
21 21 1 83.917 76.127 37.954 4.063 1.76 1.056 -0.027
22 21 1 82.204 75.634 37.937 3.942 1.919 1.123 0.017
23 21 1 80.173 75.031 37.989 3.923 2.136 1.059 0
24 21 1 77.836 74.422 38.034 3.87 2.017 1.058 0.092
24 76 1 82.34 53.123 37.66 3.715 1.772 1.469 3.021
25 21 1 75.347 73.767 38.151 3.945 2.095 0.913 0.029
25 76 1 86.497 53.442 37.588 3.536 1.875 1.398 3.01
26 21 1 72.554 73.046 37.907 4.22 2.079 1.374 -0.022
26 76 1 90.974 53.865 37.834 3.562 1.612 0.982 3.01
27 21 1 69.496 72.293 37.768 4.239 2.07 1.747 0.005
27 76 1 95.592 54.325 37.75 3.361 1.597 0.941 3.032
28 21 1 66.949 71.556 37.853 3.634 1.804 1.549 -0.01
28 76 1 99.322 54.549 37.825 1.246 1.271 0.545 3.117
29 21 1 64.482 70.965 38.059 2.636 1.598 1.218 0
29 85 1 83.303 52.933 37.764 4.225 1.282 1.265 3.007
30 21 1 60.499 69.956 38.209 4.093 1.758 0.924 0.051
30 85 1 87.806 53.099 37.634 3.96 1.842 1.536 2.983
30 89 1 87.738 77.582 38.079 0.903 0.659 0.612 0.003
31 21 1 57.614 69.145 37.82 4.084 1.95 1.684 0.025
31 85 1 92.578 53.477 37.753 3.857 1.693 1.096 2.989
31 89 1 84.766 76.801 38.169 0.698 0.705 0.547 0.015
32 21 1 55.067 68.473 37.806 4.202 1.951 1.73 0.055
32 85 1 97.099 53.92 37.937 2.957 1.649 0.894 3.046
32 89 1 81.464 75.884 38.069 0.706 0.542 0.607 -0.113
33 21 1 52.328 67.605 37.788 3.885 2 1.773 0.022
33 85 1 101.565 54.229 37.855 1.459 1.386 0.837 3.099
33 89 1 78.871 75.082 37.942 1.481 0.633 0.938 -0.005
34 21 1 49.249 66.723 38.068 4.288 1.884 1.143 0.067
34 85 1 106.734 54.581 37.989 1.019 1.194 0.391 3.079
34 89 1 76.256 74.32 38.002 1.463 0.79 0.786 0.044
34 98 1 82.82 52.814 37.629 3.032 0.647 1.487 3.036
35 21 1 46.425 66.059 37.823 4.207 1.81 1.652 -0.001
35 89 1 73.563 73.588 38.069 1.331 0.733 0.634 0.001
35 98 1 86.714 52.687 37.651 3.778 1.668 1.491 3.019
36 21 1 44.267 65.563 37.825 2.902 1.767 1.675 0.003
36 89 1 70.931 72.865 37.962 1.661 0.722 1.018 0.011
36 98 1 91.106 53.315 37.915 3.533 1.103 1.115 3.021
37 21 1 41.304 65.467 37.878 2.831 1.631 1.643 -0.249
37 89 1 68.202 72.11 37.667 2.011 0.747 1.511 -0.12
37 98 1 95.333 53.517 38.004 2.552 1.439 0.882 -0.106
38 21 1 39.05 65.433 37.835 1.026 1.477 1.659 -0.131
38 89 1 66.009 71.5 38.036 1.016 0.531 0.858 -0.024
38 98 1 99.118 53.923 37.556 0.319 1.019 0.038 3.017
38 106 1 81.181 53.232 37.85 3.254 1.475 1.905 2.993
39 21 1 34.162 65.949 37.743 4.319 1.733 1.702 -0.437
39 106 1 86.014 53.474 37.826 4.651 1.848 1.897 2.957
40 21 1 31.072 66.988 37.709 4.133 1.782 1.637 -0.657
40 106 1 91.471 53.89 38.085 4.691 1.84 1.212 2.982
40 110 5 60.12 70.023 38.074 0.41 0.499 0.778 0.044
41 21 1 28.049 68.645 37.744 4.212 1.873 1.742 -0.795
41 106 1 96.649 54.326 38.021 4.256 1.873 1.186 2.985
41 110 5 57.383 69.621 37.722 2.007 0.958 1.469 -0.132
42 21 1 25.309 70.957 37.726 4.183 1.882 1.648 -1.009
42 106 1 101.597 54.764 38.168 3.326 1.807 1.39 3.036
42 110 5 54.56 68.827 37.687 2.183 0.703 1.632 -0.094
43 21 1 22.808 73.942 37.622 4.135 1.78 1.69 -1.138
43 106 1 106.838 55.042 38.349 3.486 1.482 0.951 3.088
43 110 5 52.119 68.235 37.791 1.6 0.638 1.37 -0.022
44 21 1 20.545 77.401 37.586 4.334 1.694 1.585 -1.259
44 106 1 112.302 55.72 38.397 3.2 1.755 0.794 3.016
44 110 5 49.461 67.65 38.053 1.473 0.702 0.799 -0.052
45 21 1 18.926 80.466 37.507 2.513 1.616 1.66 -1.363
45 106 1 117.882 56.207 38.424 3.199 1.683 0.639 3.095
45 110 5 46.779 67.016 38.006 1.551 0.694 0.991 -0.084
46 21 1 17.107 85.308 37.535 3.661 0.758 0.328 -1.43
46 110 5 44.143 66.394 37.782 1.795 0.626 1.335 -0.028
47 110 5 41.632 65.731 37.74 1.908 0.595 1.533 0.097
47 134 4 74.829 47.103 37.755 1.652 0.556 1.432 2.834
48 110 5 39.467 65.231 37.78 1.321 0.628 1.517 0.051
48 134 4 72.226 47.74 37.744 2.06 0.698 1.56 2.946
49 110 5 37.656 64.947 37.985 0.071 0.119 0.391 -0.049
49 134 4 75.722 48.051 37.695 1.989 0.74 1.545 2.951
50 134 4 79.3 48.388 37.765 1.996 0.574 1.232 2.955
50 142 1 72.675 63.548 37.866 3.675 2.009 1.569 0.017
51 134 4 82.866 48.703 38.212 0.384 0.361 0.473 -0.128
51 142 1 72.422 63.545 37.854 4.096 1.858 1.576 -0.016
52 134 4 93.528 48.348 38.08 0.295 0.393 0.266 -0.242
52 142 1 72.367 63.475 37.848 4.134 2.011 1.591 -0.023
53 134 4 96.993 48.701 37.568 0.731 0.489 1.101 3.037
53 142 1 72.007 63.36 37.85 4.095 2.043 1.575 0.003
53 159 4 90.258 49.339 37.526 1.771 0.584 1.53 3.009
54 134 4 101.241 49.239 37.584 1.509 0.314 1.388 3.141
54 142 1 71.25 63.198 37.834 4.194 2.007 1.545 0.024
54 159 4 93.715 49.651 37.717 0.691 0.954 0.966 -1.822
54 165 1 24.911 37.709 38.436 6.047 2.215 2.648 1.169
55 134 4 105.118 49.717 37.63 1.549 0.503 1.19 3.01
55 142 1 70.264 62.918 37.853 4.56 2.034 1.532 -0.006
55 159 4 97.549 50.126 37.831 0.507 1.159 1.024 1.317
55 165 1 24.505 34.332 38.454 6.308 2.172 2.693 1.205
56 134 4 108.838 50.224 37.616 1.12 0.256 0.979 3.126
56 142 1 68.824 62.558 37.854 4.106 2.024 1.575 -0.004
56 159 4 101.395 50.488 37.719 1.428 0.551 1.043 -3.121
56 165 1 24.258 31.289 39.092 5.544 2.227 1.503 1.245
57 134 4 112.615 50.684 37.552 1.07 0.439 1.208 3.13
57 142 1 67.226 62.26 37.84 4.235 1.824 1.592 -0.003
57 159 4 105.048 50.892 37.638 1.276 0.571 1.149 3.022
57 165 1 24.026 27.408 38.233 5.633 2.4 2.638 1.298
58 134 4 116.546 51.365 37.61 1.454 0.482 0.707 3.063
58 142 1 65.475 61.718 37.853 4.46 2.213 1.536 -0.013
58 159 4 108.758 51.295 37.64 1.083 0.671 0.99 2.918
58 165 1 23.958 24.06 38.411 5.531 2.2 2.627 1.347
58 193 1 24.383 34.489 37.948 4.018 1.323 1.488 1.135
58 194 1 50.43 57.934 37.997 3.704 1.785 1.935 0.092
59 134 4 116.02 50.814 41.298 0.817 1.82 0.799 -0.092
59 142 1 63.213 61.162 37.848 4.195 2.145 1.586 0.009
59 159 4 112.656 51.709 37.531 1.339 0.699 0.993 -3.115
59 165 1 24.159 20.468 38.474 5.604 2.077 2.567 1.398
59 193 1 23.857 31.487 37.928 4.27 1.547 1.615 1.256
59 194 1 47.735 57.018 38.029 4.406 1.772 1.932 0.092
60 134 4 116.026 50.796 41.332 0.714 1.878 0.809 -0.162
60 142 1 61.105 60.608 37.978 4.463 1.986 1.407 0.001
60 159 4 116.297 52.288 37.793 1.017 0.522 0.986 3.113
60 165 1 24.443 17.044 38.461 5.008 2.137 2.57 1.406
60 193 1 23.478 28.199 37.543 4.297 1.848 1.193 1.268
60 194 1 45.638 56.114 38.025 3.963 1.802 1.892 0.121
61 134 4 115.962 51.334 41.318 0.728 0.737 0.802 -0.128
61 142 1 58.656 60.166 37.928 4.27 1.921 1.766 0.024
61 165 1 24.789 13.475 38.551 4.273 1.949 1.968 1.448
61 193 1 23.49 24.727 37.554 4.27 1.492 1.18 1.304
61 194 1 43.457 55.153 38.028 3.316 1.726 1.864 0.181
61 202 5 88.604 77.789 38.07 0.43 0.368 0.541 0.05
62 142 1 56.169 59.473 37.855 4.057 1.864 1.585 0.004
62 193 1 23.577 21.233 37.659 3.691 1.453 0.925 1.371
62 194 1 41.379 53.984 38.002 2.386 1.707 1.873 0.304
62 202 5 86.789 77.274 38.12 0.208 0.454 0.535 3.102
63 142 1 53.568 58.748 37.855 4.178 1.891 1.61 0.008
63 193 1 23.771 16.971 37.648 4.025 1.621 0.955 1.371
63 194 1 38.308 52.223 38.01 3.459 1.653 1.827 0.324
63 202 5 84.8 76.785 38.064 0.249 0.573 0.608 -0.062
64 142 1 51.003 58.099 37.862 3.933 1.845 1.606 0.027
64 194 1 36.062 50.58 38.074 3.928 1.643 1.692 0.422
64 202 5 82.844 76.344 38.086 0.449 0.545 0.545 -0.005
65 142 1 48.726 57.339 37.872 4.432 1.894 1.633 0.051
65 194 1 33.685 48.629 38.426 3.769 1.628 0.957 0.496
65 202 5 81.023 75.85 37.952 1.123 0.7 0.899 0.026
66 142 1 46.536 56.474 37.841 3.895 1.772 1.535 0.125
66 194 1 31.497 46.327 37.957 3.812 1.621 1.873 0.579
66 202 5 79.151 75.313 37.934 0.825 0.721 1.003 0.039
66 225 1 81.268 65.478 37.739 2.821 0.876 1.431 -0.064
67 142 1 44.525 55.488 37.891 2.845 2.103 1.556 0.21
67 194 1 29.629 43.976 38.046 3.998 1.73 1.709 0.743
67 202 5 77.485 74.828 37.994 0.747 0.692 0.735 -1.539
67 225 1 78.691 65.035 37.745 2.651 1.203 1.338 0.005
68 142 1 41.978 54.097 37.847 2.92 1.857 1.527 0.308
68 202 5 76.121 74.427 38.011 1.29 0.698 0.786 0.008
68 225 1 76.476 64.646 37.739 3.607 1.789 1.34 0.017
68 230 4 85.377 77.002 38.147 0.481 0.604 0.523 0.111
68 231 2 90.653 67.578 39.306 3.917 0.981 2.235 -2.986
69 202 5 74.301 73.957 37.976 0.667 0.654 0.753 0.015
69 225 1 73.849 64.083 37.743 3.879 1.817 1.385 -0.002
69 230 4 83.675 76.491 38.085 0.561 0.603 0.741 -0.02
69 231 2 88.533 66.843 38.898 2.947 0.982 2.8 0.089
69 237 5 86.309 76.711 38.097 0.734 0.473 0.643 0.012
70 202 5 72.828 73.642 38.067 0.567 0.621 0.657 0.001
70 225 1 71.254 63.453 37.756 4.176 1.854 1.417 0.011
70 230 4 82.18 76.131 38.1 0.367 0.621 0.768 -0.049
70 231 2 86.569 66.493 38.708 2.933 1.275 2.781 0.064
70 237 5 84.612 76.148 38.181 0.408 0.592 0.504 -0.008
71 202 5 71.351 73.372 37.807 1.454 0.676 1.253 -0.054
71 225 1 68.564 62.791 37.73 4.207 1.858 1.495 0.013
71 230 4 80.528 75.677 37.921 0.708 0.61 1.126 -0.015
71 231 2 87.472 66.882 38.55 9.44 1.548 3.099 0.039
71 237 5 82.869 75.543 38.232 0.243 0.61 0.432 -0.05
72 202 5 70.006 73.104 37.646 1.759 0.721 1.481 0.024
72 225 1 65.737 62.003 37.749 4.219 1.983 1.446 -0.001
72 230 4 78.948 75.21 37.966 0.898 0.692 1.141 0.024
72 231 2 86.115 67.049 38.516 11.658 2.507 2.98 0.04
72 237 5 81.07 75.03 38.201 0.387 0.58 0.586 0.024
72 247 4 35.361 18.112 37.814 1.049 0.373 1.091 -1.612
72 249 5 34.15 30.797 37.881 0.967 0.808 0.265 -2.176
73 202 5 68.79 72.771 37.641 1.998 0.716 1.488 0.016
73 225 1 62.965 61.272 37.76 4.322 1.892 1.443 0.031
73 230 4 77.636 74.882 38.036 0.913 0.628 1.068 0.038
73 231 2 84.24 66.639 38.639 12.356 2.603 2.695 0.033
73 237 5 79.219 74.462 38.125 0.56 0.598 0.656 0.038
73 247 4 34.98 19.842 37.66 1.35 0.487 1.402 -1.526
73 249 5 34.524 33.145 37.712 2.127 0.776 1.371 -2.075
74 202 5 67.558 72.432 37.651 1.425 0.777 1.562 -0.013
74 225 1 60.198 60.564 37.812 4.39 1.796 1.386 0.009
74 230 4 76 74.56 38.048 0.818 0.717 0.911 0.012
74 231 2 81.989 66.154 38.571 12.511 3.017 2.816 0.035
74 237 5 77.411 73.908 38.051 0.892 0.684 0.887 0
74 247 4 34.88 21.197 37.73 1.484 0.482 1.29 1.38
74 249 5 35.832 36.105 37.732 1.912 0.647 1.415 0.958
74 262 1 27.268 39.384 37.751 3.943 1.816 1.417 0.77
75 202 5 66.41 72.077 38.049 0.844 0.437 0.675 0.086
75 225 1 57.474 59.909 37.784 4.048 1.793 1.386 -0.007
75 230 4 74.39 74.237 38.118 0.597 0.658 0.781 0.057
75 231 2 79.548 65.594 38.61 12.541 2.981 2.526 0.027
75 237 5 75.683 73.394 38.103 0.882 0.691 0.816 0.084
75 247 4 34.751 22.684 37.855 1.433 0.337 0.956 1.529
75 249 5 38.004 39.102 37.843 1.303 0.86 1.281 0.589
75 262 1 25.674 36.544 37.778 4.368 1.823 1.284 0.839
75 263 5 82.879 74.967 38.193 0.195 0.319 0.293 0.067
76 225 1 54.903 59.237 37.777 3.802 1.719 1.418 -0.012
76 230 4 72.828 73.788 38.161 0.552 0.689 0.831 0.043
76 231 2 75.672 64.551 38.508 9.683 2.985 2.916 0.026
76 237 5 74.095 72.979 38.127 0.622 0.706 0.723 0.014
76 247 4 34.596 23.733 37.773 1.866 0.814 1.241 -1.733
76 249 5 40.521 41.394 37.699 1.813 0.872 1.226 -2.673
76 262 1 24.46 33.8 37.76 3.105 1.698 1.311 0.957
76 263 5 79.538 74.197 38.23 1.107 0.588 0.443 -0.007
77 225 1 52.39 58.594 37.781 3.957 1.698 1.459 -0.001
77 230 4 71.367 73.29 38.027 0.741 0.679 1.012 0.005
77 231 2 74.105 64.201 38.496 12.188 2.944 2.684 0.019
77 237 5 72.394 72.583 38.211 0.621 0.603 0.655 -0.007
77 247 4 34.854 25.216 37.75 0.952 0.528 1.274 -1.607
77 249 5 43.893 43.448 37.727 1.664 0.922 1.377 0.087
77 262 1 23.079 29.872 37.724 3.714 1.779 1.331 1.053
77 263 5 77.24 73.741 38.141 0.959 0.638 0.731 0.026
77 273 1 42.126 61.399 37.686 3.718 0.483 1.457 0.006
78 225 1 49.731 57.817 37.76 3.879 1.692 1.459 0.023
78 230 4 69.942 72.869 37.822 1.788 0.691 1.488 0.001
78 231 2 70.985 63.329 38.399 12.384 2.921 2.68 0.002
78 237 5 70.665 72.125 38.199 0.747 0.615 0.562 -3.127
78 249 5 47.466 44.88 37.758 2.257 0.789 1.5 -3.085
78 262 1 22.269 26.034 37.814 3.938 1.564 1.108 1.142
78 263 5 75.144 73.244 38.081 0.99 0.728 0.68 -0.033
78 273 1 42.11 61.397 37.674 3.775 0.44 1.425 -0.006
79 225 1 46.999 56.961 37.785 3.936 1.737 1.437 0.059
79 230 4 68.424 72.486 37.733 1.764 0.714 1.588 -0.021
79 231 2 68.199 62.667 38.362 12.173 2.769 2.498 0.014
79 237 5 68.925 71.596 38.06 0.86 0.645 0.943 0.012
79 249 5 51.639 45.91 37.789 2.2 0.779 1.514 2.986
79 262 1 21.887 22.246 37.799 3.692 1.488 1.171 1.25
79 263 5 73.519 72.846 38.16 0.742 0.866 0.681 0.009
79 273 1 42.019 61.34 37.697 3.989 0.433 1.43 0.037
80 225 1 44.188 55.938 37.786 3.781 1.803 1.457 0.098
80 230 4 67.089 72.282 37.766 1.288 0.701 1.654 0.073
80 231 2 65.162 61.845 38.265 12.155 2.837 2.442 0.002
80 237 5 67.197 71.062 37.869 1.242 0.684 1.341 0.053
80 262 1 21.871 18.362 37.757 3.482 1.427 1.252 -1.785
80 263 5 71.919 72.504 38.17 0.669 0.698 0.557 -0.027
80 273 1 42.085 61.376 37.695 3.772 0.41 1.391 0.009
80 286 1 79.376 65.323 37.886 4.029 1.107 1.236 0.003
81 225 1 41.674 54.858 37.725 2.93 2.039 1.41 0.114
81 230 4 65.49 71.909 38.363 0.602 0.377 0.32 -3.121
81 231 2 62.124 61.247 38.184 11.729 2.818 2.321 -0.002
81 237 5 66.128 70.843 37.713 1.272 0.741 1.706 0.066
81 263 5 70.308 71.962 38.102 0.945 0.871 0.827 -3.074
81 273 1 42.013 61.34 37.678 3.983 0.466 1.464 0.057
81 286 1 76.341 64.424 37.782 4.177 1.846 1.48 -0.101
82 225 1 39.462 53.961 37.803 1.396 1.755 1.426 0.017
82 230 4 63.798 71.506 38.462 0.159 0.195 0.12 -1.814
82 231 2 58.442 61.141 38.216 12.235 1.513 2.178 0.025
82 237 5 64.264 70.35 38.525 0.163 0.255 0.257 -1.815
82 263 5 68.68 71.546 37.94 1.342 0.845 1.085 -0.046
82 273 1 42.003 61.354 37.696 3.973 0.512 1.427 -0.004
82 286 1 73.436 63.596 37.786 4.339 1.806 1.472 0.021
83 225 1 36.285 52.934 37.569 0.872 0.502 0.749 -3.002
83 231 2 53.999 60.191 38.216 9.682 0.785 2.365 0.008
83 263 5 67.31 71.245 37.735 1.908 1.023 1.504 -0.026
83 273 1 42.046 61.364 37.689 3.831 0.544 1.439 -0.018
83 286 1 70.42 62.748 37.795 4.423 1.998 1.469 0.015
83 294 1 82.549 65.823 37.672 1.704 0.535 0.707 0.015
83 295 4 70.148 48.881 37.733 2.209 0.796 1.461 3.09
84 231 2 52.316 58.8 38.257 12.505 2.648 2.502 0.014
84 263 5 66.293 70.954 37.681 1.447 0.802 1.61 -0.012
84 273 1 42.148 61.368 37.692 3.625 0.493 1.444 0.023
84 286 1 67.259 61.99 37.812 4.449 2.005 1.421 0.015
84 294 1 80.031 65.395 37.721 3.541 1.139 1.375 -0
84 295 4 75.219 49.32 37.74 2.212 0.732 1.551 3.001
85 231 2 49.431 57.955 38.306 12.811 2.813 2.565 0.034
85 263 5 64.648 70.607 38.406 0.165 0.133 0.107 0
85 273 1 42.323 61.41 37.722 3.315 0.503 1.379 0.082
85 286 1 63.998 61.157 37.794 4.484 2.12 1.461 -0.019
85 294 1 76.298 64.662 37.722 2.692 1.614 1.357 -0.001
85 295 4 80.536 49.834 37.772 2.127 0.604 1.535 -3.1
85 308 4 35.549 34.138 37.749 1.512 0.789 1.337 -1.744
86 231 2 46.339 57.105 38.318 12.629 2.605 2.694 0.025
86 263 5 58.512 69.689 38.109 0.872 0.826 1.014 0.012
86 286 1 60.865 60.386 37.77 4.819 1.971 1.507 -0
86 294 1 73.78 64.164 37.778 4.373 1.878 1.33 0.024
86 295 4 85.944 50.37 37.633 2.391 0.772 1.59 3.067
86 308 4 35.554 34.948 37.764 1.38 0.799 1.345 -1.537
86 313 4 58.167 68.564 38.072 1.221 0.778 1.022 0.012
87 231 2 43.174 56.073 38.412 12.648 3.148 2.595 0.031
87 263 5 57.115 69.056 37.784 1.621 0.865 1.655 0.09
87 286 1 57.75 59.784 37.784 4.507 1.867 1.424 0.026
87 294 1 70.485 63.344 37.766 4.474 1.973 1.399 0.008
87 295 4 91.079 50.766 37.579 1.362 0.438 1.463 -3.076
87 308 4 35.678 35.738 37.737 1.765 0.747 1.378 -1.974
87 313 4 56.687 68.002 37.798 1.622 0.675 1.61 0.161
88 231 2 39.956 55.31 38.573 12.866 2.927 2.462 0.025
88 263 5 55.838 68.722 37.799 1.762 0.742 1.633 -0.04
88 286 1 55.122 59.073 37.813 4.429 1.767 1.473 -0.011
88 294 1 67.213 62.603 37.776 4.511 1.99 1.396 0.015
88 295 4 97.456 51.398 37.908 1.362 0.455 0.993 2.985
88 308 4 35.541 36.596 37.76 1.657 0.797 1.361 -1.57
88 313 4 55.323 67.599 37.793 1.788 0.661 1.627 -0.04
88 319 2 15.86 36.271 38.888 2.554 0.425 3.121 -1.948
88 322 5 84.108 66.042 37.797 1.688 0.662 1.711 0.049
89 231 2 37.066 54.678 38.411 12.449 2.704 2.781 -0.005
89 263 5 54.378 68.349 37.766 1.898 0.744 1.688 0.068
89 286 1 52.066 58.376 37.785 4.475 1.693 1.473 -0.007
89 294 1 63.955 61.785 37.763 4.561 1.972 1.385 -0.013
89 295 4 102.83 51.88 37.76 1.713 0.466 1.07 3.043
89 308 4 35.605 37.208 37.748 1.6 0.83 1.385 -1.987
89 313 4 53.94 67.243 38.093 1.203 0.624 0.978 0.08
89 319 2 15.742 37.373 38.837 6.963 3.004 3.528 1.269
89 322 5 81.095 65.553 37.882 3.167 1.058 1.583 0.011
89 330 4 58.572 69.064 38.079 1.054 0.823 0.73 0.056
90 231 2 34.037 53.978 38.432 12.265 2.905 2.698 0.007
90 263 5 53.204 68.098 37.757 1.391 0.685 1.672 0.007
90 286 1 49.114 57.486 37.799 4.334 1.808 1.518 0.007
90 294 1 60.609 60.923 37.937 4.659 1.76 1.097 0.009
90 295 4 109.002 52.594 37.681 1.409 0.535 1.002 2.99
90 308 4 35.577 37.961 37.726 1.74 0.82 1.428 -1.671
90 313 4 52.509 66.942 38.266 0.607 0.581 0.658 0.007
90 319 2 16.412 37.576 38.822 10.163 2.753 3.443 1.42
90 322 5 78.016 64.98 37.906 4.088 1.646 1.59 -0.001
90 330 4 57.255 68.667 37.735 2.008 0.812 1.536 0.007
90 332 1 34.193 19.41 37.78 4.284 1.092 1.146 -1.592
91 231 2 30.93 53.278 38.418 12.215 2.817 2.985 -0.007
91 263 5 51.563 67.79 38.037 0.942 0.595 1.079 0.076
91 286 1 46.103 56.635 37.843 4.426 1.869 1.474 0.024
91 294 1 57.725 60.252 37.779 3.653 1.81 1.427 0.028
91 295 4 114.517 53.378 37.692 0.503 0.385 0.651 3.043
91 308 4 35.66 38.665 37.734 1.76 0.534 1.411 -1.68
91 313 4 50.946 66.564 38.278 0.701 0.601 0.544 0.05
91 319 2 16.808 37.336 38.836 12.188 2.669 3.544 1.58
91 322 5 74.499 64.134 37.882 4.048 1.95 1.754 0
91 330 4 55.917 68.285 37.719 2.116 0.897 1.541 0.042
91 332 1 33.515 21.527 37.629 4.021 1.652 1.409 -1.641
92 231 2 27.915 52.641 38.597 12.197 2.648 2.711 -0.025
92 263 5 50.078 67.575 38.198 0.915 0.598 0.752 -0.046
92 286 1 43.497 55.928 37.621 3.46 1.87 1.02 -0.022
92 294 1 54.957 59.496 37.783 4.111 1.768 1.411 -0.012
92 308 4 35.564 39.288 37.849 1.679 0.831 1.55 -1.908
92 313 4 49.369 66.249 38.208 0.971 0.598 0.737 0
92 319 2 17.617 36.188 38.907 12.185 2.792 3.451 1.725
92 322 5 71.299 63.279 37.905 4.538 1.986 1.704 -0.014
92 330 4 54.596 67.951 37.744 1.989 0.83 1.551 -0.045
92 332 1 33.157 23.732 37.793 4.033 1.613 1.07 -1.586
92 335 1 83.277 65.648 37.444 0.861 0.684 0.676 0.035
93 231 2 30.795 53.328 38.835 0.459 2.631 2.106 0.077
93 263 5 48.608 67.3 38.156 0.914 0.441 0.793 0.265
93 286 1 40.877 55.155 37.65 2.69 1.902 1.091 0.08
93 294 1 52.027 58.711 37.767 4.155 1.733 1.423 0.022
93 308 4 35.592 39.946 37.773 1.567 0.695 1.351 1.374
93 313 4 47.857 66.077 38.1 1.032 0.534 0.952 0.047
93 319 2 18.597 34.94 38.93 12.146 2.728 3.388 1.877
93 322 5 67.604 62.388 37.873 3.668 1.843 1.689 0.011
93 330 4 53.311 67.625 37.728 1.507 0.628 1.6 0.196
93 332 1 33.32 27.076 37.463 1.901 0.718 0.606 1.612
93 335 1 80.582 65.29 37.75 2.859 1.196 1.245 0.044
94 231 2 22.948 50.643 38.978 12.232 2.561 1.808 0.142
94 263 5 47.074 66.956 38.104 1.07 0.536 1.066 0.004
94 286 1 38.203 54.35 37.888 2.061 1.693 1.427 -0.021
94 294 1 49.439 57.996 37.781 4.159 1.738 1.441 0.014
94 308 4 35.684 40.622 37.86 1.696 0.703 1.511 -1.937
94 313 4 46.333 65.889 37.961 1.458 0.605 1.122 0.012
94 319 2 19.835 34.125 38.806 12.358 2.745 3.693 2.015
94 322 5 64.322 61.389 37.957 3.684 2.267 1.755 0.002
94 330 4 51.565 67.225 38.13 0.85 0.554 0.647 0.066
94 332 1 32.96 27.956 37.723 4.069 1.643 1.179 1.359
94 335 1 77.24 64.695 37.762 2.912 1.484 1.418 0
95 231 2 24.114 51.062 39.032 5.333 2.664 1.926 0.26
95 263 5 45.82 66.793 38.038 1.144 0.633 1.128 0.016
95 286 1 36.212 53.654 37.726 0.487 1.435 0.754 -0.087
95 294 1 47.205 57.369 37.753 3.881 1.859 1.456 0.032
95 308 4 35.735 41.294 37.762 1.616 0.778 1.381 -1.77
95 313 4 44.792 65.61 37.864 1.5 0.698 1.466 0.054
95 319 2 20.939 33.378 38.87 12.097 2.9 3.558 2.167
95 322 5 61.128 60.892 38.046 3.736 1.649 1.486 0.04
95 330 4 50.16 66.956 37.872 1.274 0.744 1.219 0.007
95 332 1 33.385 29.894 37.441 4.025 1.405 0.795 -1.946
95 335 1 74.547 64.196 37.675 3.903 1.83 1.277 0.014
96 231 2 19.841 48.168 39.011 12.103 2.591 2.365 0.423
96 263 5 44.409 66.662 37.88 1.273 0.681 1.362 -0.017
96 286 1 33.658 52.906 37.877 1.28 0.273 0.512 1.555
96 294 1 45.609 56.931 37.792 3.005 1.774 1.382 0.026
96 308 4 35.693 41.85 37.867 1.865 0.734 1.497 -1.835
96 313 4 43.57 65.423 37.75 1.756 0.671 1.615 -0.074
96 319 2 22.052 32.842 38.856 12.553 2.895 3.575 2.315
96 322 5 58.236 60.15 37.924 3.573 1.74 1.706 0.009
96 330 4 48.138 66.474 38.123 1.323 0.68 0.807 0.137
96 332 1 33.542 32.819 37.448 2.162 1.721 0.826 1.198
96 335 1 71.908 63.565 37.796 4.507 1.934 1.436 0.021
97 231 2 18.715 46.548 39.059 12.24 2.687 2.555 0.604
97 263 5 42.582 66.287 37.779 1.277 0.687 1.653 -0.079
97 286 1 31.511 52.082 37.852 0.857 0.649 0.369 0.751
97 294 1 44.018 56.434 37.781 2.997 1.756 1.434 0.02
97 308 4 35.701 42.519 37.879 1.786 0.799 1.471 -1.941
97 313 4 42.211 65.213 37.773 1.752 0.656 1.673 0.003
97 319 2 23.322 32.511 38.848 12.249 2.798 3.577 2.441
97 322 5 55.91 59.52 37.928 3.512 1.663 1.717 0.007
97 330 4 46.579 66.097 37.953 2.03 0.614 1.151 0.041
97 332 1 34.121 33.655 37.836 4.224 1.372 1.103 -2.012
97 335 1 69.292 62.86 37.777 4.376 1.991 1.442 0.013
97 351 1 84.797 65.856 37.696 1.683 0.894 1.05 0.027
98 231 2 18.248 45.059 38.784 12.248 2.678 3.338 0.795
98 263 5 41.393 65.99 38.221 0.575 0.718 0.705 -0.253
98 286 1 30.012 51.658 37.877 0.148 0.559 0.241 0.066
98 294 1 42.783 56.096 37.775 2.992 1.681 1.36 0.018
98 308 4 35.662 43.044 38.249 1.005 0.68 0.708 -1.614
98 313 4 41.028 64.983 37.788 0.555 0.609 1.577 -0.604
98 319 2 24.525 32.374 38.759 12.302 2.77 3.867 2.573
98 322 5 53.333 58.883 37.907 3.505 1.729 1.712 0.003
98 330 4 44.849 65.658 37.69 2.04 0.84 1.551 0
98 332 1 34.591 35.596 37.725 4.355 1.858 1.358 -2.109
98 335 1 66.99 62.41 37.792 4.745 1.892 1.49 0.018
98 351 1 81.871 65.356 37.854 2.797 1.312 1.628 0
99 231 2 18.085 43.781 38.755 12.367 2.508 3.329 0.946
99 263 5 39.854 65.434 38.069 0.573 1.279 0.894 -0.614
99 294 1 42.004 55.926 37.734 2.775 1.599 1.393 -0.023
99 308 4 35.625 43.751 37.884 1.586 0.696 1.437 -1.832
99 319 2 25.606 32.322 38.823 12.037 3.033 3.565 2.687
99 322 5 51.016 58.377 37.894 3.5 1.71 1.735 -0.026
99 330 4 43.203 65.294 37.681 2.155 0.697 1.461 0.16
99 332 1 35.407 37.614 37.734 4.156 1.875 1.408 -2.203
99 335 1 64.628 61.714 37.784 4.886 2.039 1.421 -0.01
99 351 1 78.411 64.707 37.847 2.468 1.869 1.581 -0.044
100 231 2 18.094 42.606 38.961 12.257 2.608 2.984 1.084
100 263 5 38.836 65.663 37.731 1.006 0.653 1.562 -0.067
100 294 1 41.996 55.926 37.752 2.006 1.438 1.327 0.099
100 308 4 35.597 44.616 37.865 1.813 0.628 1.469 -1.725
100 319 2 26.693 32.647 38.86 12.117 2.784 3.504 2.8
100 322 5 49.09 57.969 37.915 3.48 1.644 1.752 -0.036
100 330 4 42.133 65.162 37.713 1.035 0.695 1.532 0.021
100 332 1 36.787 39.659 37.743 4.16 1.755 1.452 -2.394
100 335 1 62.111 61.112 37.774 4.913 1.817 1.484 0.034
100 351 1 75.875 64.206 37.861 4.001 1.944 1.688 -0.068
101 231 2 18.228 41.43 38.82 12.347 2.678 3.209 1.243
101 263 5 37.285 65.576 37.774 1.087 0.695 1.687 -0.111
101 294 1 42.017 56.008 37.859 1.377 1.237 1.031 0.15
101 308 4 35.428 45.423 37.863 1.681 0.58 1.448 -1.564
101 319 2 27.726 32.81 38.735 12.276 2.883 3.572 2.915
101 322 5 47.618 57.641 37.912 3.491 1.671 1.687 -0.023
101 330 4 40.548 64.97 37.703 0.861 0.299 1.159 -0.111
101 332 1 39.268 42.392 37.611 1.872 1.99 0.987 -2.596
101 335 1 59.887 60.594 37.809 4.449 1.932 1.326 0.036
101 351 1 72.968 63.502 37.862 4.266 2.085 1.639 0.007
102 231 2 18.639 40.218 38.727 12.196 2.841 3.477 1.356
102 263 5 35.965 65.578 37.844 1.057 0.733 1.542 -0.002
102 294 1 41.75 56.36 37.989 1.341 0.594 0.832 -0.002
102 308 4 35.017 46.398 37.876 1.736 0.752 1.429 -1.4
102 319 2 28.878 33.209 38.79 12.093 2.959 3.571 3.036
102 322 5 46.415 57.288 37.91 4.119 1.695 1.66 0.004
102 332 1 40.573 43.352 37.8 4.264 1.927 1.528 -2.735
102 335 1 57.697 60.076 37.757 4.037 1.891 1.304 -0.007
102 351 1 69.886 62.7 37.854 4.291 2.054 1.617 -0.008
103 231 2 19.112 39.407 38.732 12.36 2.255 3.657 1.507
103 263 5 34.754 65.523 37.782 1.32 0.675 1.629 -0.005
103 294 1 41.428 56.247 37.969 1.919 0.408 0.879 0.025
103 308 4 34.555 47.433 37.879 1.806 0.789 1.4 -1.366
103 319 2 29.711 33.685 38.863 12.091 2.895 3.516 3.127
103 322 5 46.496 57.311 37.936 3.052 1.636 1.734 -0.002
103 332 1 43.035 44.881 37.73 4.382 1.914 1.39 -2.812
103 335 1 55.786 59.616 37.756 4.393 1.815 1.383 -0.011
103 351 1 67.036 62.023 37.867 4.334 2.058 1.655 0.012
103 363 3 96.719 82.893 37.907 0.423 0.395 1.065 0.014
104 231 2 19.464 38.458 38.709 12.265 2.701 3.592 1.621
104 263 5 33.75 65.337 37.811 0.916 0.491 1.523 0.145
104 294 1 41.345 56.284 37.971 2.103 0.48 0.861 0
104 308 4 34.135 48.362 37.883 1.515 0.859 1.355 -1.476
104 319 2 30.518 34.136 38.809 11.941 3.035 3.418 -3.057
104 322 5 46.366 57.273 37.927 3.005 1.657 1.726 0.011
104 332 1 46.159 46.434 37.777 5.215 1.911 1.461 -2.927
104 335 1 54.107 59.124 37.749 4.52 1.801 1.392 0.007
104 351 1 64.354 61.34 37.844 4.372 2.058 1.562 0.014
104 363 3 94.011 82.303 37.842 0.856 0.526 1.27 -0.028
104 364 5 83.369 65.701 37.692 0.661 0.653 0.63 -0.056
105 231 2 19.913 37.744 38.738 12.072 2.655 3.54 1.722
105 263 5 32.601 65.188 38.07 0.471 0.358 0.623 -0.116
105 294 1 41.439 56.27 37.975 1.942 0.454 0.873 0.029
105 308 4 33.988 49.095 37.861 0.386 0.559 1.403 -0.927
105 319 2 31.054 34.519 38.765 12.065 2.954 3.522 -2.969
105 322 5 46.312 57.243 37.959 3.102 1.756 1.675 0.064
105 332 1 49.309 47.683 37.78 5.344 1.683 1.484 -3.038
105 335 1 53.017 58.879 37.788 4.43 1.893 1.455 0.019
105 351 1 61.941 60.768 37.874 4.372 2.01 1.588 0.002
105 363 3 91.729 81.751 37.793 0.791 0.465 1.411 -0.022
105 364 5 81.592 65.354 37.681 1.893 1.259 1.285 0.069
106 231 2 20.278 37.42 38.857 12.35 2.824 3.509 1.775
106 294 1 41.374 56.298 37.984 2.061 0.477 0.834 0
106 319 2 31.696 35.219 38.787 11.87 2.924 3.356 -2.885
106 322 5 46.336 57.285 37.934 3.071 1.574 1.725 0
106 332 1 53.214 48.784 37.762 4.746 1.801 1.571 -3.127
106 335 1 52.184 58.674 37.756 4.578 1.795 1.531 0
106 351 1 60.119 60.389 38.057 4.548 1.791 1.894 0
106 363 3 89.286 81.171 37.785 0.567 0.413 1.533 -3.12
106 364 5 79.222 64.938 37.667 1.934 1.539 1.202 0
107 231 2 20.53 37.149 38.786 12.229 2.881 3.777 1.826
107 294 1 41.454 56.243 37.991 1.894 0.498 0.83 0.098
107 319 2 32.379 35.855 38.783 11.653 3.12 3.381 -2.826
107 322 5 46.383 57.313 37.957 2.931 1.618 1.677 0.034
107 332 1 56.489 49.369 38.05 3.461 1.85 0.871 -0.025
107 335 1 51.926 58.595 37.787 4.382 1.984 1.455 0.063
107 351 1 59.039 60.179 37.87 4.249 1.804 1.556 0.016
107 363 3 86.826 80.469 37.916 0.597 0.466 1.668 3.05
107 364 5 77.332 64.61 37.975 2.741 1.988 1.639 0.031
108 231 2 21.252 36.224 38.816 13.163 2.839 3.468 1.895
108 294 1 41.78 56.345 37.992 1.28 0.381 0.844 0.042
108 319 2 33.334 36.643 38.641 11.14 3.036 3.09 -2.756
108 322 5 46.357 57.324 37.953 2.951 1.492 1.702 0.008
108 332 1 61.076 50.167 37.741 4.633 1.923 1.521 3.053
108 335 1 51.943 58.622 37.784 4.38 1.75 1.468 -0.001
108 351 1 58.325 60.1 37.877 4.188 1.624 1.618 -0.001
108 363 3 84.563 79.777 37.925 0.936 0.43 1.363 0.026
108 364 5 75.672 64.32 37.921 4.126 2.018 1.727 0.006
109 231 2 21.662 35.984 38.692 12.771 2.787 3.774 1.976
109 294 1 41.443 56.29 37.967 1.912 0.467 0.875 0.031
109 319 2 34.073 37.52 38.437 11.368 3.081 2.745 -2.715
109 322 5 46.374 57.283 37.941 2.966 1.646 1.714 0.035
109 332 1 65.329 50.658 37.792 4.717 1.871 1.456 3.017
109 335 1 51.894 58.567 37.792 4.58 1.903 1.444 0.02
109 351 1 58.204 60.07 37.881 4.154 1.653 1.613 0.015
109 363 3 81.952 79.129 37.919 1.664 0.624 1.429 0.038
109 364 5 73.66 63.816 37.964 4.614 2.192 1.631 0
109 382 5 24.332 59.093 38.219 0.743 0.373 0.467 0.158
110 231 2 22.212 35.854 38.81 12.107 2.747 3.585 -1.068
110 294 1 41.487 56.274 37.997 1.89 0.423 0.82 0.008
110 319 2 34.661 38.032 38.594 11.999 2.945 3.063 -2.666
110 322 5 46.294 57.303 37.953 3.127 1.585 1.692 0.008
110 332 1 69.835 51.027 37.751 4.6 2.009 1.461 3.019
110 335 1 51.929 58.59 37.788 4.468 1.852 1.455 0.008
110 351 1 58.197 59.975 37.887 4.234 1.831 1.657 0.002
110 363 3 79.704 78.623 37.924 1.37 0.579 1.465 -0.051
110 364 5 71.506 63.329 37.941 4.786 2.129 1.745 -0.006
110 382 5 21.749 58.396 38.018 0.694 0.521 0.838 0.025
110 387 1 84.987 66.019 37.745 1.829 0.509 1.201 -0.051
111 231 2 22.617 35.793 38.918 11.103 2.564 3.308 -0.965
111 294 1 41.49 56.27 37.987 1.876 0.49 0.784 0.051
111 319 2 35.574 38.96 38.707 11.821 3.026 2.74 -2.638
111 322 5 46.323 57.308 37.961 3.122 1.574 1.681 0.007
111 332 1 74.599 51.576 37.767 4.427 1.864 1.397 3.012
111 335 1 51.928 58.625 37.763 4.465 1.809 1.417 -0.019
111 351 1 58.128 60.019 37.892 4.327 1.734 1.639 0.002
111 363 3 77.396 78.043 37.896 1.461 0.566 1.571 0.016
111 364 5 69.612 62.915 37.95 4.909 2.123 1.716 -0.012
111 382 5 19.056 57.825 37.944 0.728 0.676 0.903 -0.006
111 387 1 82.827 65.634 37.785 2.081 0.994 1.253 0.007
112 231 2 23.362 35.728 38.846 10.305 2.221 3.624 -0.836
112 294 1 41.479 56.307 37.98 1.901 0.43 0.806 0
112 319 2 36.879 39.839 38.513 11.995 3.055 2.878 -2.584
112 322 5 46.339 57.319 37.95 3.081 1.547 1.691 0
112 332 1 79.547 52.136 37.746 4.142 1.709 1.44 3.046
112 335 1 51.922 58.619 37.793 4.451 1.82 1.437 0
112 351 1 58.207 60.022 37.903 4.171 1.732 1.625 0
112 363 3 75.005 77.325 37.893 1.632 0.625 1.428 0.013
112 364 5 68.055 62.633 37.927 4.966 1.838 1.718 -0.001
112 382 5 16.716 56.696 37.646 0.505 1.513 1.441 0.132
112 387 1 81.29 65.397 37.771 3.749 1.287 1.407 -0
113 231 2 24.064 35.302 38.884 9.898 2.688 3.593 2.439
113 294 1 41.778 56.389 37.999 1.402 0.522 0.824 -0
113 319 2 37.978 41.065 38.564 11.951 3.163 2.934 -2.632
113 322 5 46.365 57.283 37.951 2.996 1.583 1.704 0.011
113 332 1 84.434 52.547 37.728 3.284 1.752 1.445 2.976
113 335 1 51.895 58.625 37.801 4.564 1.788 1.426 0.008
113 351 1 58.211 60.024 37.895 4.157 1.706 1.635 0.006
113 363 3 72.711 76.789 37.911 1.8 0.595 1.624 0.059
113 364 5 66.828 62.283 37.955 5.011 2.033 1.748 0.005
113 382 5 13.508 56.34 37.804 0.907 0.593 1.057 0.026
113 387 1 79.251 65.108 37.798 3.82 1.576 1.447 0.025
114 231 2 24.76 35.145 38.869 9.159 2.628 3.656 2.565
114 294 1 41.478 56.246 37.989 1.887 0.495 0.835 0.081
114 319 2 39.406 42.493 38.633 12.179 3.011 2.941 -2.684
114 322 5 46.381 57.322 37.957 2.971 1.602 1.683 0.032
114 332 1 90.015 53.021 38.075 3.207 1.29 0.534 3.033
114 335 1 51.944 58.613 37.755 4.415 1.868 1.409 0.007
114 351 1 58.199 60.032 37.9 4.188 1.695 1.624 0.016
114 363 3 70.62 76.29 37.951 1.556 0.627 1.569 0.013
114 364 5 65.979 62.115 37.932 4.949 2.082 1.727 0.009
114 382 5 10.235 55.625 37.649 0.595 1.124 1.253 1.828
114 387 1 77.174 64.692 37.791 3.84 1.791 1.416 -0.01
115 231 2 25.622 34.791 38.897 8.514 3.233 3.597 2.716
115 294 1 41.525 56.282 37.98 1.898 0.47 0.799 0.085
115 319 2 41.199 43.592 38.535 12.234 3.155 3.024 -2.687
115 322 5 46.447 57.334 37.954 2.804 1.628 1.686 0.017
115 332 1 95.678 53.561 38.042 1.942 1.282 0.311 3.081
115 335 1 51.945 58.584 37.792 4.436 1.91 1.44 0.01
115 351 1 58.2 59.953 37.901 4.202 1.889 1.62 0.024
115 363 3 68.358 75.634 38.259 0.791 0.655 0.919 0.092
115 364 5 65.526 62.019 37.968 5.057 1.988 1.778 -0.001
115 382 5 6.858 54.6 37.848 0.571 0.482 0.651 -0.153
115 387 1 75.481 64.328 37.798 4.092 2.032 1.494 0.021
116 231 2 26.665 35.313 38.811 8.405 2.249 3.482 2.864
116 294 1 41.363 56.271 37.982 2.063 0.457 0.843 0.03
116 319 2 43.054 44.896 38.531 12.232 3.101 3.069 -2.761
116 322 5 46.324 57.314 37.938 3.084 1.544 1.711 -0.01
116 332 1 101.325 53.991 38.018 2.353 1.373 0.541 3.017
116 335 1 51.959 58.452 37.781 4.459 2.144 1.465 0.009
116 351 1 58.176 59.966 37.895 4.254 1.78 1.636 0.01
116 363 3 66.436 75.006 38.397 0.698 0.553 0.743 0.031
116 364 5 65.434 61.992 38.006 5.049 2.059 1.875 -0.001
116 382 5 2.943 53.866 37.76 1.077 0.653 0.801 0.098
116 387 1 74.037 63.952 37.786 4.021 1.998 1.437 0.036
