0 1 3 88.568 28.704 38.414 0.227 0.269 1.122 0.016
0 3 1 87.721 90.276 37.563 1.545 1.56 0.765 -2.322
0 9 4 100.864 77.129 37.846 2.471 1.344 1.063 0.003
0 12 1 102.137 34.064 38.251 2.654 2.022 1.655 0.003
0 13 1 89.708 59.861 38.08 4.75 1.831 1.451 3.11
0 16 3 80.619 70.079 38.671 0.374 0.526 1.287 -2.387
0 17 1 102.084 66.154 38.286 4.36 1.634 1.862 -0.012
0 18 3 88.909 33.409 38.453 0.536 0.401 1.187 0.019
0 22 3 78.884 80.932 38.462 0.372 0.466 1.337 -2.773
0 24 1 95.573 73.395 38.14 2.918 1.899 1.546 0.01
0 29 3 86.179 49.558 38.329 0.336 0.579 1.743 -0.516
1 1 3 88.602 28.691 38.232 0.29 0.416 1.373 -3.114
1 3 1 87.448 90.94 37.695 3.896 1.668 1.179 -2.738
1 9 4 100.829 77.208 37.852 2.615 1.289 1.062 0.005
1 12 1 101.523 38.174 38.288 2.943 2.102 1.67 -0
1 13 1 89.677 60.11 38.105 5.291 1.88 1.492 3.126
1 16 3 80.597 70.177 38.436 0.449 0.555 1.642 0.91
1 17 1 102.107 66.203 38.314 4.501 1.749 1.938 -0.018
1 18 3 88.889 33.949 38.451 0.52 0.494 1.123 -0.059
1 22 3 79.296 80.705 38.465 0.564 0.342 1.458 2.751
1 24 1 94.861 78.329 38.094 3.929 2.263 1.569 -0.005
1 29 3 86.296 49.502 38.357 0.519 0.568 1.787 -0.019
2 1 3 88.677 28.685 38.364 0.342 0.339 1.267 -3.127
2 3 1 87.786 90.775 37.773 4.049 1.874 1.167 -2.769
2 9 4 100.848 77.268 37.853 2.658 1.279 1.061 -0.008
2 12 1 100.802 42.128 38.289 3.36 2.118 1.737 0.028
2 13 1 89.726 59.778 38.114 4.376 1.838 1.529 -3.13
2 16 3 80.578 70.325 38.487 0.341 0.592 1.618 0.705
2 17 1 102.107 66.216 38.317 4.475 1.75 1.861 -0.019
2 18 3 88.809 34.529 38.342 0.482 0.504 1.022 -3.082
2 22 3 79.538 80.378 38.429 0.714 0.745 1.562 -2.655
2 24 1 94.178 82.765 38.058 3.864 1.878 1.493 0.01
2 29 3 86.286 49.472 38.567 0.355 0.561 1.335 -0.058
2 30 1 91.143 61.894 37.602 0.32 0.271 0.427 1.534
2 31 5 92.669 120.164 37.424 3.141 0.409 0.397 0.073
2 32 3 89.373 62.597 37.672 0.243 0.279 0.614 1.31
2 33 1 87.745 62.973 37.663 0.413 0.231 0.623 0.972
3 1 3 88.7 28.694 38.29 0.347 0.368 1.214 0.023
3 3 1 87.932 90.43 38.01 4.276 1.807 1.565 -2.757
3 9 4 100.888 77.273 37.841 2.814 1.35 1.076 0.009
3 12 1 100.034 46.681 38.213 2.713 2.011 1.624 0.035
3 13 1 89.744 59.957 38.094 4.401 1.907 1.561 3.136
3 16 3 80.558 70.415 38.531 0.479 0.603 1.602 0.832
3 17 1 102.108 66.283 38.33 4.588 1.828 1.923 -0.021
3 18 3 88.689 35.279 38.39 0.444 0.476 1.198 0.005
3 22 3 79.909 80.183 38.483 0.469 0.793 1.655 -3.028
3 24 1 93.729 85.929 38.144 1.083 1.82 1.587 -0.016
3 29 3 86.157 49.477 38.592 0.537 0.846 1.297 -3.129
3 30 1 91.21 61.947 37.604 0.32 0.311 0.407 -3.091
3 31 5 92.807 119.933 37.597 2.573 0.545 1.124 0.031
3 32 3 89.375 62.631 37.68 0.375 0.38 0.611 -1.901
3 33 1 87.797 63.015 37.611 0.446 0.421 0.55 -1.898
3 34 3 105.579 76.588 38.043 0.541 0.667 1.195 0.043
4 1 3 88.73 28.736 38.378 0.313 0.399 1.076 0.013
4 3 1 88.29 89.978 37.992 4.231 2.074 1.492 -2.73
4 9 4 100.821 77.56 37.891 3.328 1.454 1.16 0.036
4 12 1 99.376 51.001 38.235 2.737 2.08 1.581 -0.003
4 13 1 89.767 60.03 38.122 4.296 1.906 1.488 3.116
4 16 3 80.453 70.465 38.5 0.526 0.43 1.732 1.827
4 17 1 102.14 66.288 38.326 4.664 1.806 1.923 -0.018
4 18 3 88.811 35.772 38.443 0.46 0.436 1.134 -3.089
4 22 3 80.068 79.913 38.537 0.421 0.72 1.547 -2.607
4 24 1 92.875 91.732 38.048 3.795 1.879 1.438 0.018
4 29 3 86.417 49.449 38.53 0.28 0.565 1.288 -0.367
4 30 1 91.262 62.012 37.618 0.278 0.289 0.42 3.089
4 31 5 92.389 120.443 37.551 3.681 1.281 0.748 0.043
4 32 3 89.489 62.701 37.682 0.237 0.282 0.54 -3.128
4 33 1 87.931 63.115 37.631 0.315 0.296 0.573 -3.05
4 34 3 105.609 76.697 38.12 0.846 0.417 1.179 0.904
4 36 3 79.632 78.595 38.309 0.641 0.548 1.555 -2.866
5 3 1 88.766 89.268 38.075 3.941 2.041 1.572 -2.805
5 9 4 100.916 77.632 37.888 3.323 1.272 1.162 0.01
5 12 1 98.85 54.782 38.279 3.692 2.068 1.703 0.034
5 13 1 89.8 60.171 38.111 4.146 1.879 1.529 3.124
5 16 3 80.451 70.57 38.499 0.457 0.544 1.766 1.4
5 17 1 102.209 66.437 38.311 4.537 1.827 1.853 -0.006
5 18 3 88.728 36.379 38.37 0.431 0.684 0.995 3.134
5 22 3 80.367 79.754 38.322 0.73 0.822 1.891 -2.738
5 24 1 92.53 94.892 37.966 1.15 1.849 1.566 0.023
5 29 3 86.575 49.345 38.605 0.654 0.332 1.123 3.12
5 30 1 91.315 62.054 37.635 0.188 0.282 0.422 0.038
5 31 5 92.937 120.383 37.556 3.409 1.051 0.956 -0.002
5 32 3 89.532 62.737 37.672 0.475 0.308 0.692 -0.002
5 33 1 87.979 63.045 37.623 0.519 0.382 0.644 -0.063
5 34 3 105.682 76.808 38.077 0.877 0.723 1.273 1.342
5 36 3 80.017 78.545 38.379 0.49 0.658 1.56 -2.788
6 3 1 89.071 88.578 38.079 3.763 1.997 1.649 -2.847
6 9 4 100.966 77.699 37.899 3.388 1.489 1.146 0.029
6 12 1 98.192 59.33 38.277 3.13 2.064 1.667 0.013
6 13 1 89.935 60.21 38.093 4.143 1.788 1.492 -3.129
6 16 3 80.382 70.722 38.464 0.643 0.611 1.734 -1.356
6 17 1 102.271 66.481 38.299 4.49 1.773 1.923 -0.003
6 18 3 88.835 36.964 38.49 0.328 0.489 1.047 3.142
6 22 3 80.619 79.977 38.305 0.57 0.693 1.646 -2.072
6 24 1 91.664 100.56 37.948 3.789 1.865 1.522 0.008
6 29 3 86.506 49.564 38.895 0.347 0.356 0.476 0.008
6 30 1 91.349 62.108 37.625 0.2 0.288 0.329 -3.134
6 31 5 93.101 120.638 37.67 3.833 1.251 1.548 0.028
6 32 3 89.552 62.779 37.651 0.286 0.453 0.631 -2.386
6 33 1 88.014 63.179 37.636 0.398 0.43 0.612 3.013
6 34 3 105.753 76.896 38.066 0.774 0.629 1.24 0.932
6 36 3 80.337 78.397 38.41 0.416 0.647 1.449 -1.916
7 3 1 89.2 88.137 38.099 4.419 1.998 1.657 -2.897
7 9 4 101.055 77.671 37.902 3.426 1.353 1.14 -0.009
7 12 1 97.601 63.211 38.256 3.742 2.062 1.73 0
7 13 1 89.937 60.273 38.105 4.07 1.812 1.503 -3.137
7 16 3 80.428 70.967 38.599 0.581 0.399 1.553 0.696
7 17 1 102.333 66.558 38.287 4.525 1.816 1.883 -0.009
7 18 3 88.674 37.654 38.373 0.214 0.201 0.864 -3.083
7 22 3 80.863 79.979 38.404 0.499 0.732 1.554 1.313
7 24 1 90.966 104.745 37.983 3.56 1.997 1.714 0.048
7 29 3 86.618 49.53 38.9 0.329 0.279 0.517 3.141
7 30 1 91.395 62.086 37.615 0.249 0.292 0.305 -3.12
7 31 5 93.169 120.641 37.707 3.795 1.319 1.481 0.106
7 32 3 89.587 62.819 37.616 0.206 0.305 0.532 -3.137
7 33 1 88.031 63.194 37.555 0.237 0.279 0.401 -3.137
7 34 3 105.784 76.824 38.121 0.717 0.472 1.182 1.299
7 36 3 80.525 78.268 38.355 0.468 0.742 1.652 -1.573
7 49 1 85.026 98.218 37.446 0.241 0.315 0.532 0.006
8 3 1 89.536 87.476 38.125 4.695 1.858 1.639 -2.939
8 9 4 101.009 77.718 37.903 3.352 1.228 1.124 0.02
8 12 1 96.966 67.346 38.243 3.748 2.085 1.724 -0.026
8 13 1 90.014 60.244 38.089 4.048 1.832 1.524 3.141
8 16 3 80.302 70.969 38.472 0.662 0.566 1.763 0.671
8 17 1 102.34 66.525 38.291 4.601 1.831 1.798 0.002
8 18 3 88.625 38.259 38.418 0.304 0.505 0.735 3.136
8 24 1 90.33 109.041 37.986 3.488 1.934 1.653 0.081
8 29 3 86.697 49.588 38.814 0.394 0.31 0.593 -3.141
8 31 5 93.261 120.7 37.773 3.842 1.561 1.47 0.058
8 32 3 89.653 62.829 37.581 0.211 0.266 0.434 1.567
8 33 1 88.086 63.18 37.578 0.288 0.208 0.424 1.567
8 34 3 105.875 76.794 38.219 0.713 0.527 0.888 1.656
8 49 1 85.079 98.257 37.485 0.24 0.231 0.537 0
9 3 1 89.735 86.532 38.158 4.674 2.076 1.683 -3.01
9 9 4 101.077 77.6 37.891 3.59 1.218 1.1 0.008
9 12 1 96.256 71.906 38.188 2.747 2.108 1.606 0.005
9 13 1 90.041 60.283 38.085 3.993 1.702 1.433 -3.134
9 17 1 102.408 66.556 38.295 4.473 1.829 1.869 0.001
9 24 1 89.846 112.062 37.976 1.074 1.789 1.656 0.014
9 29 3 86.734 49.58 38.959 0.406 0.198 0.317 -3.122
9 31 5 93.334 120.649 37.742 3.782 1.616 1.463 0.086
9 32 3 89.655 62.826 37.59 0.266 0.338 0.497 0.004
9 33 1 88.113 63.161 37.587 0.26 0.274 0.492 0.024
9 49 1 85.097 98.292 37.525 0.304 0.324 0.599 1.582
10 3 1 89.993 85.33 38.139 4.345 2.044 1.672 -3.056
10 9 4 101.181 77.643 37.853 3.593 1.381 1.102 0.004
10 12 1 95.665 75.61 38.228 3.379 2.06 1.72 0.025
10 13 1 90.05 60.302 38.008 4.033 1.725 1.331 -3.13
10 17 1 102.476 66.564 38.268 4.516 1.77 1.832 -0.015
10 24 1 89.207 116.179 37.929 1.084 1.858 1.517 0.024
10 31 5 93.361 120.743 37.706 3.955 1.645 1.37 0.068
10 32 3 89.664 62.781 37.575 0.416 0.328 0.486 -1.566
10 49 1 85.154 98.311 37.535 0.327 0.358 0.682 -3.114
11 3 1 90.336 84.076 38.139 4.339 1.876 1.619 -3.07
11 9 4 101.067 77.591 37.914 3.028 1.032 1.072 -0.021
11 12 1 94.981 79.925 38.185 3.009 2.126 1.702 0.004
11 13 1 90.289 60.199 38.015 4.276 1.404 1.293 3.131
11 17 1 102.479 66.567 38.306 4.56 1.716 1.876 0.008
11 24 1 88.391 121.503 37.875 3.651 2.222 1.572 0
11 31 5 93.411 120.727 37.79 3.913 1.658 1.504 0.063
11 49 1 85.213 98.336 37.611 0.206 0.222 0.533 -0.013
12 3 1 90.631 82.766 38.113 4.304 1.798 1.559 -3.088
12 9 4 100.978 77.425 37.874 2.74 0.572 0.93 -0.016
12 12 1 94.332 84.138 38.175 2.751 2.06 1.625 -3.125
12 17 1 102.519 66.748 38.246 3.946 1.678 1.793 -0.002
12 24 1 87.69 125.659 37.789 3.842 1.829 1.4 0.021
12 31 5 93.452 120.75 37.795 3.926 1.659 1.438 0.058
12 49 1 85.235 98.352 37.568 0.329 0.304 0.573 -0.063
12 58 3 79.282 80.99 38.335 0.291 0.642 1.605 -0.591
12 61 3 80.165 79.488 38.433 0.312 0.305 1.384 -0.024
13 3 1 90.896 81.345 38.156 4.138 1.811 1.639 -3.113
13 9 4 100.917 77.207 37.86 2.262 0.428 1.063 -0.028
13 12 1 93.656 88.276 38.158 2.973 2.079 1.674 -0.018
13 17 1 102.514 66.744 38.235 4.152 1.619 1.841 0
13 24 1 87.175 129.467 37.818 3.612 1.982 1.499 -0.008
13 31 5 93.463 120.761 37.81 4.043 1.676 1.514 0.045
13 49 1 85.253 98.36 37.527 0.339 0.305 0.598 -3.138
13 58 3 79.44 81.422 38.371 0.407 0.448 1.608 -3.094
13 61 3 80.533 79.074 38.311 0.591 0.62 1.384 -3.135
14 3 1 91.184 79.785 38.121 3.989 1.792 1.637 -3.107
14 9 4 100.914 77.073 37.837 1.91 0.447 0.968 -0.003
14 12 1 93.046 92.379 38.134 3.387 2.062 1.726 -0.022
14 17 1 102.511 66.812 38.284 3.985 1.607 1.84 -0.056
14 24 1 86.626 132.168 37.9 1.117 1.858 1.656 0.014
14 31 5 93.451 120.811 37.816 4.118 1.946 1.513 0.053
14 49 1 85.247 98.419 37.503 0.28 0.202 0.628 2.666
14 58 3 79.517 81.915 38.55 0.307 0.451 1.206 2.462
14 61 3 80.637 78.991 38.397 0.308 0.28 1.134 2.818
15 3 1 91.309 79.288 37.96 1.433 1.648 0.966 -3.013
15 9 4 100.876 76.988 37.769 1.812 0.287 1.008 -0.026
15 12 1 92.274 97.077 38.058 2.745 2.085 1.613 -0.025
15 17 1 102.286 68.433 37.849 0.463 1.62 0.816 0.037
15 24 1 85.663 137.221 37.84 3.575 2.217 1.606 0.022
15 31 5 93.557 120.869 37.868 4.178 1.916 1.5 0.063
15 49 1 85.244 98.385 37.579 0.2 0.192 0.378 -3.128
15 58 3 79.438 82.445 38.428 0.493 0.727 1.498 3.073
15 61 3 80.908 78.769 38.465 0.425 0.412 1.002 1.562
16 3 1 91.588 77.559 37.863 1.338 1.724 1.112 -3.13
16 9 4 100.858 76.958 37.866 1.829 0.191 0.81 0
16 12 1 91.561 101.154 38.098 3.355 2.013 1.736 0
16 17 1 102.417 67.712 38.289 1.897 1.514 1.783 0
16 24 1 85.2 139.92 37.915 1.144 1.874 1.569 0
16 31 5 93.423 120.907 37.864 4.196 1.844 1.558 0.072
16 49 1 85.262 98.464 37.627 0.13 0.144 0.25 -0.153
16 61 3 81.365 78.519 38.268 0.409 0.524 1.154 0.001
16 67 3 72.892 153.296 37.666 0.353 0.588 1.44 3.138
17 3 1 91.893 76.081 37.948 0.22 1.501 0.553 -3.126
17 12 1 90.785 105.348 38.069 3.739 2.096 1.762 -0.002
17 17 1 102.319 68.555 37.796 0.16 1.372 0.305 0.021
17 24 1 84.165 145.239 37.854 3.814 1.943 1.65 0.007
17 31 5 93.36 121.021 37.867 4.211 1.789 1.514 0.063
17 61 3 81.603 78.182 38.409 0.254 0.273 0.699 -3.006
17 67 3 73.022 152.975 37.644 0.599 0.562 1.655 -3.112
18 3 1 92.286 73.765 38.255 0.466 1.47 1.102 3.117
18 12 1 89.993 109.953 38.066 3.227 2.055 1.71 0.007
18 24 1 83.598 147.986 37.747 1.201 1.842 1.551 0.011
18 31 5 93.457 120.746 37.875 4.195 1.697 1.484 0.054
18 67 3 73.06 152.596 37.645 0.398 0.555 1.407 3.132
19 12 1 89.243 114.089 38.039 3.855 2.109 1.748 0.05
19 24 1 82.609 153.358 37.725 3.835 1.998 1.558 -0.011
19 31 5 93.34 120.66 37.856 3.224 1.445 1.503 0.05
19 67 3 73.183 152.237 37.68 0.475 0.59 1.555 -2.977
20 12 1 88.502 118.543 38.043 3.441 2.076 1.711 -0.053
20 24 1 81.887 157.318 37.81 3.8 1.862 1.669 0.031
20 31 5 93.082 120.336 37.83 2.487 0.775 1.497 0.051
20 67 3 73.281 151.862 37.671 0.626 0.725 1.559 3.129
20 76 3 61.393 143.81 38.663 0.345 0.469 1.395 -1.724
20 77 3 60.592 147.473 38.462 0.308 0.53 1.517 1.281
20 78 3 64.917 148.288 38.234 0.813 0.514 1.647 2.537
21 12 1 87.793 122.779 38.025 3.507 2.061 1.698 0.041
21 24 1 81.261 161.256 37.821 3.857 1.835 1.643 -0.009
21 31 5 92.945 120.351 37.855 2.228 0.486 1.333 0.016
21 67 3 73.308 151.423 37.682 0.537 0.647 1.527 -3.14
21 76 3 60.942 143.723 38.52 0.276 0.669 1.778 1.535
21 77 3 60.11 147.302 38.481 0.339 0.535 1.583 1.483
21 78 3 64.67 148.28 38.289 0.381 0.505 1.641 1.569
21 79 1 73.13 171.476 36.975 0.084 0.222 0.311 -3.111
22 12 1 87.067 127.18 38.028 3.359 2.043 1.705 -0.005
22 24 1 80.647 165.122 37.83 3.854 1.896 1.609 -0.015
22 67 3 73.45 151.046 37.746 0.57 0.775 1.613 -3.081
22 76 3 60.571 143.574 38.493 0.685 0.668 1.79 1.501
22 77 3 59.752 147.299 38.634 0.388 0.579 1.464 1.524
22 78 3 64.504 148.211 38.282 0.439 0.75 1.624 1.786
22 79 1 73.14 171.429 37.124 0.121 0.2 0.219 -0.071
23 12 1 86.293 131.704 37.984 2.847 2.089 1.698 0.017
23 24 1 79.953 168.793 37.78 3.612 2.243 1.535 -0.006
23 67 3 73.456 150.629 37.786 0.637 0.726 1.547 3.127
23 76 3 60.065 143.554 38.483 0.343 0.599 1.511 3.105
23 77 3 59.217 147.138 38.528 0.915 0.567 1.67 1.552
23 78 3 64.393 148.164 38.306 0.306 0.599 1.593 1.552
23 79 1 73.153 171.39 37.106 0.117 0.22 0.3 -3.134
24 12 1 85.545 135.961 37.963 3.019 2.202 1.706 0.042
24 24 1 79.396 172.618 37.765 3.61 2.29 1.643 0.016
24 67 3 73.487 150.16 37.803 0.656 0.694 1.547 -3.101
24 76 3 59.685 143.305 38.608 0.44 0.625 1.758 1.717
24 77 3 58.829 147.048 38.629 0.52 0.558 1.419 1.717
24 78 3 64.111 148.117 38.354 0.4 0.843 1.678 1.717
24 79 1 73.157 171.444 37.144 0.291 0.269 0.352 -0
25 12 1 84.934 139.815 37.968 3.616 2.06 1.719 -0.041
25 24 1 78.84 176.325 37.73 3.598 2.07 1.682 0.01
25 67 3 73.687 149.562 37.763 0.751 0.824 1.568 3.017
25 76 3 59.384 143.078 38.601 0.71 0.636 1.589 1.829
25 77 3 58.473 147.014 38.826 0.316 0.571 1.135 1.608
25 78 3 63.758 148.103 38.696 0.28 0.502 1.065 1.025
25 79 1 73.184 171.428 37.141 0.258 0.292 0.451 -0
26 12 1 84.107 144.431 37.883 2.745 2.1 1.636 0.014
26 24 1 78.315 179.06 37.688 1.639 1.869 1.559 0.008
26 67 3 73.749 149.164 37.75 0.561 0.608 1.584 3.119
26 76 3 58.97 142.951 38.848 0.374 0.58 1.278 2.046
26 77 3 58.136 146.711 38.716 0.296 0.262 1.24 -0.058
26 78 3 63.38 148.291 38.341 0.442 0.529 1.575 2.242
26 79 1 73.208 171.429 37.167 0.114 0.218 0.393 -2.916
26 84 3 59.843 204.753 37.604 0.798 0.426 1.238 -3.139
27 12 1 83.393 148.615 37.888 2.725 2.082 1.598 0.026
27 24 1 77.524 183.84 37.697 3.987 2.194 1.604 0.032
27 67 3 73.987 148.514 38.16 0.536 0.616 0.853 -3.133
27 79 1 73.265 171.445 37.208 0.338 0.169 0.422 1.893
27 84 3 60.241 205.887 37.686 0.425 0.587 0.907 -3.142
27 88 1 52.498 216.714 37.325 2.51 0.453 1.194 -1.575
27 90 4 49.31 200.184 38.756 1.152 0.431 0.695 -1.571
28 12 1 82.698 152.755 37.866 2.74 2.062 1.595 0.037
28 24 1 76.99 187.528 37.671 3.952 1.968 1.638 -0.004
28 67 3 74.045 148.113 38.261 0.307 0.398 0.635 -3.138
28 79 1 73.262 171.471 37.17 0.293 0.259 0.414 -0
28 84 3 60.252 207.056 37.756 0.98 0.427 0.895 0.054
28 88 1 53.316 216.922 37.206 2.454 0.423 0.664 -1.516
28 90 4 50.925 200.575 38.541 1.545 0.511 0.642 -1.441
28 92 3 70.553 169.835 37.239 0.447 0.312 0.589 -1.563
29 12 1 82.141 156.411 37.893 3.729 2.055 1.619 0.001
29 24 1 76.352 190.76 37.631 2.911 1.911 1.563 0.013
29 79 1 73.305 171.479 37.166 0.303 0.288 0.392 0
29 84 3 60.471 207.993 37.791 0.838 0.372 0.611 -3.091
29 88 1 54.387 217.417 37.556 2.077 1.049 1.077 -1.612
29 90 4 52.329 200.748 38.547 1.457 0.478 0.742 -1.571
29 92 3 70.577 169.844 37.183 0.307 0.294 0.591 1.58
30 12 1 81.436 160.493 37.885 3.713 2.095 1.745 0.005
30 24 1 75.627 195.249 37.621 3.922 2.171 1.66 0.032
30 79 1 73.33 171.516 37.201 0.266 0.27 0.408 0
30 84 3 60.436 208.746 37.767 0.918 0.517 0.943 -0.027
30 88 1 56.498 218.116 37.47 4.564 1.163 0.988 -1.489
30 90 4 53.674 200.973 38.203 1.683 0.601 1.499 -1.571
30 92 3 70.617 169.801 37.185 0.371 0.241 0.597 -3.113
31 12 1 80.737 164.558 37.888 3.706 2.085 1.674 -0.024
31 24 1 74.897 199.198 37.63 3.971 2.197 1.613 0.027
31 79 1 73.352 171.51 37.152 0.202 0.258 0.408 -3.136
31 84 3 60.469 209.205 37.835 0.403 0.607 0.876 3.086
31 88 1 58.313 218.682 37.376 3.279 1.68 1.352 -1.588
31 90 4 54.672 201.072 38.211 1.63 0.633 1.412 -1.571
31 92 3 70.615 169.883 37.157 0.296 0.337 0.542 -3.108
32 12 1 79.952 169.117 37.797 2.712 2.09 1.624 0.025
32 24 1 74.135 203.072 37.593 3.817 2.068 1.589 0.018
32 79 1 73.321 171.537 37.153 0.299 0.254 0.462 3.142
32 84 3 60.356 209.893 37.678 0.167 0.285 0.703 -3.139
32 88 1 59.22 218.787 37.369 4.044 1.177 1.436 -1.442
32 90 4 55.637 201.229 38.045 1.993 0.796 1.468 -1.571
32 92 3 70.627 169.894 37.183 0.177 0.114 0.424 3.136
33 12 1 79.298 172.692 37.832 3.636 2.051 1.734 0.002
33 24 1 73.493 206.995 37.563 3.854 1.858 1.568 0.005
33 79 1 73.372 171.506 37.186 0.217 0.235 0.415 0.001
33 84 3 60.363 210.959 37.748 0.985 0.6 0.729 0
33 88 1 59.803 218.825 37.219 3.96 0.57 1.271 -1.332
33 90 4 56.932 201.692 37.925 1.448 0.696 1.384 -1.572
33 92 3 70.616 169.886 37.174 0.172 0.182 0.537 -3.11
34 12 1 78.548 176.832 37.756 3.497 2.122 1.775 -0.007
34 24 1 72.783 210.553 37.551 3.564 1.999 1.653 0.035
34 79 1 73.409 171.559 37.143 0.249 0.198 0.432 0
34 84 3 60.398 211.575 37.768 1.032 0.567 0.859 -0.014
34 88 1 60.267 219.522 37.286 1.328 2.913 1.457 0.263
34 90 4 57.993 202.267 37.744 1.683 0.631 1.65 -1.278
34 92 3 70.666 169.906 37.175 0.203 0.255 0.485 -0.006
35 12 1 77.849 180.88 37.765 3.274 2.078 1.711 0
35 24 1 72.444 212.803 37.6 1.253 1.886 1.569 0.021
35 79 1 73.456 171.572 37.096 0.209 0.223 0.377 3.142
35 84 3 60.485 212.089 37.453 1.196 0.585 1.555 -0.181
35 88 1 61.876 220.839 37.316 4.762 1.647 1.332 -1.13
35 90 4 58.884 203.134 37.642 1.622 0.706 1.524 -0.932
35 92 3 70.666 169.894 37.126 0.217 0.177 0.418 3.142
36 12 1 77.166 184.8 37.763 3.478 2.058 1.717 0.008
36 24 1 71.714 216.803 37.533 3.628 2.213 1.726 -0.011
36 79 1 73.417 171.659 37.117 0.317 0.17 0.258 -3.142
36 84 3 60.569 212.407 37.41 1.165 0.778 1.505 -0.487
36 88 1 62.781 221.622 37.322 4.2 1.759 1.308 2.079
36 90 4 59.496 204.158 37.611 1.622 0.665 1.435 -0.589
36 92 3 70.701 169.828 37.138 0.37 0.206 0.49 3.141
37 12 1 76.509 188.91 37.704 3.25 2.021 1.707 -0.005
37 24 1 71.561 217.997 37.517 1.674 1.909 1.598 0.007
37 84 3 60.704 212.693 37.419 1.499 0.673 1.546 -0.327
37 88 1 63.064 221.981 37.334 4.681 1.777 1.427 -1.01
37 90 4 59.786 205.227 37.732 1.659 0.644 1.265 -0.297
38 12 1 75.807 192.746 37.71 3.547 2.103 1.699 0.063
38 24 1 71.278 219.399 37.568 1.817 1.905 1.548 -0.002
38 84 3 60.871 212.926 37.457 1.656 0.626 1.438 -0.416
38 88 1 63.383 222.377 37.338 4.813 1.831 1.525 -0.974
38 90 4 59.918 206.329 37.611 1.835 0.778 1.56 -0.06
38 101 1 58.554 263.763 37.095 1.64 1.929 0.796 3.108
38 102 3 51.79 247.073 37.465 0.461 0.269 0.969 0.002
39 12 1 75.164 196.61 37.681 3.23 2.092 1.653 0.029
39 24 1 70.945 220.891 37.544 3.583 2.191 1.67 -0.014
39 84 3 60.955 213.396 37.516 1.75 0.851 1.204 -0.18
39 88 1 63.738 222.764 37.337 4.842 1.848 1.513 -0.929
39 90 4 60.048 207.264 37.594 1.638 0.677 1.476 -0.281
39 101 1 59.477 259.201 37.241 1.767 1.705 0.666 -3.136
39 102 3 51.53 247.469 37.459 0.409 0.408 0.914 3.132
39 104 2 73.468 217.999 36.95 0.245 0.194 0.352 1.521
40 12 1 74.627 199.764 37.657 3.773 2.083 1.698 0.025
40 24 1 71.052 220.858 37.528 2.811 1.832 1.613 -0.041
40 84 3 61.034 213.753 37.6 0.569 0.934 1.04 -1.34
40 88 1 64.019 223.17 37.368 4.705 1.808 1.38 -0.879
40 90 4 60.076 208.236 37.75 1.58 0.559 1.118 -0.224
40 101 1 60.212 255.293 37.214 2.488 1.61 1.354 -3.075
40 102 3 51.379 247.892 37.485 0.452 0.47 0.845 0.021
40 104 2 73.497 218.015 36.909 0.239 0.301 0.431 -1.481
41 12 1 74.066 202.709 37.623 3.689 2.098 1.688 -0.015
41 24 1 70.946 221.186 37.485 3.245 1.846 1.677 0.048
41 84 3 61.417 214.492 37.632 1.124 0.723 0.967 -0.359
41 88 1 64.334 223.666 37.335 4.754 1.856 1.433 -0.839
41 90 4 60.08 209.095 37.735 1.629 0.637 1.135 -0.16
41 101 1 61.034 251.159 37.164 3.366 1.936 1.445 -3.139
41 102 3 51.372 248.348 37.487 0.523 0.51 1.062 3.142
41 104 2 73.545 218.017 36.92 0.331 0.412 0.48 -0
41 110 5 80.311 169.99 38.11 0.424 1.068 0.32 0
42 12 1 73.547 204.95 37.622 4.116 2.074 1.71 0.007
42 24 1 70.906 221.487 37.544 3.586 1.858 1.559 0.001
42 84 3 61.45 215.486 37.341 1.264 0.656 1.551 -0.099
42 88 1 64.785 224.496 37.313 4.861 1.722 1.482 -0.74
42 90 4 60.168 209.956 37.711 1.531 0.644 1.121 -0.273
42 101 1 61.849 247.155 37.13 3.509 1.712 1.39 3.139
42 102 3 51.442 248.848 37.48 0.324 0.447 1.044 -1.504
42 104 2 73.608 218.076 36.998 1.021 0.412 0.33 -0.288
42 110 5 79.965 174.454 37.841 1.373 1.134 0.27 0
42 111 1 58.06 268.954 37.066 1.902 1.458 0.826 3.112
43 12 1 73.082 206.399 37.606 4.439 2.127 1.719 0.11
43 24 1 70.91 221.616 37.494 3.484 1.853 1.68 0.02
43 84 3 61.351 216.315 37.37 1.692 0.787 1.489 -0.024
43 88 1 65.363 225.526 37.334 4.672 1.904 1.484 -0.654
43 90 4 60.295 210.686 37.784 1.553 0.681 0.98 -0.321
43 101 1 62.563 243.513 37.107 3.736 1.807 1.237 3.044
43 104 2 73.58 218 37.066 0.159 0.266 0.088 -3.142
43 110 5 79.104 178.643 37.468 2.292 1.979 1.13 -0.007
43 111 1 58.982 263.951 36.74 0.328 1.375 0.507 -3.128
44 12 1 72.634 207.425 37.628 4.408 2.132 1.765 0.165
44 24 1 70.715 221.789 37.667 3.665 2.012 1.944 0.081
44 84 3 61.274 217.711 37.329 1.772 0.612 1.515 0.012
44 88 1 65.911 226.949 37.303 4.553 1.755 1.502 -0.604
44 90 4 60.398 211.326 37.833 1.558 0.727 0.769 -0.35
44 101 1 63.028 240.282 37.179 3.829 1.825 1.393 3.128
44 110 5 78.443 182.698 37.424 2.546 1.677 1.256 -0.157
44 111 1 59.566 260.69 37.03 1.856 1.626 1.041 3.119
45 12 1 72.307 208.169 37.662 4.411 2.135 1.788 0.213
45 24 1 70.712 221.946 37.488 3.71 1.865 1.619 0.132
45 84 3 61.074 219.3 37.355 1.672 0.61 1.495 0.04
45 88 1 66.382 228.221 37.339 3.707 1.794 1.495 -0.568
45 90 4 60.495 211.647 37.578 1.364 0.77 1.308 -0.508
45 101 1 63.597 238.13 37.531 2.172 1.743 0.726 3.112
45 110 5 77.688 186.501 37.456 2.431 1.64 1.274 0.011
45 111 1 60.224 257.616 36.883 3.61 1.695 0.619 -3.109
46 12 1 71.975 208.762 37.607 4.355 2.11 1.718 0.236
46 24 1 70.49 222.431 37.486 4.525 1.888 1.587 0.171
46 84 3 60.808 221.027 37.301 1.714 0.614 1.473 -0.045
46 88 1 66.761 229.615 37.313 2.925 1.836 1.492 -0.459
46 90 4 60.73 212.309 37.604 1.497 0.719 1.304 -0.535
46 101 1 63.698 235.174 37.454 3.488 1.567 1.048 3.097
46 110 5 77.131 189.659 37.485 3.544 1.757 1.331 0.008
46 111 1 60.938 253.972 37.298 3.539 1.773 1.111 3.097
47 12 1 71.586 209.319 37.668 4.507 2.029 1.752 0.27
47 24 1 70.332 222.594 37.543 4.54 1.861 1.623 0.185
47 84 3 60.47 222.907 37.356 1.67 0.586 1.523 0.019
47 88 1 66.974 231.348 37.368 2.885 1.422 1.474 -0.472
47 90 4 60.801 212.727 37.801 1.532 0.662 0.996 -0.515
47 101 1 64.12 232.992 37.333 3.701 1.982 1.386 -3.126
47 110 5 76.384 192.803 37.532 3.551 1.913 1.469 -0.05
48 12 1 71.315 209.698 37.647 4.473 2.052 1.748 0.323
48 24 1 70.231 222.704 37.53 4.481 1.991 1.673 0.201
48 84 3 60.226 224.994 37.34 1.723 0.596 1.535 -0.005
48 88 1 67.281 233.13 37.684 2.733 1.349 0.754 2.788
48 90 4 61.04 213.008 37.773 1.414 0.649 1.033 -0.692
48 101 1 64.422 230.95 37.336 3.923 1.987 1.482 3.115
48 110 5 75.791 196.157 37.521 2.613 1.911 1.454 0.017
48 113 1 62.069 245.738 37.07 1.667 1.503 0.841 -3.131
49 12 1 71.228 209.799 37.676 4.493 2.076 1.761 0.335
49 24 1 70.163 222.862 37.564 4.486 1.998 1.625 0.229
49 84 3 60.038 227.057 37.321 1.696 0.628 1.446 -0.049
49 88 1 67.487 235.237 37.902 2.165 1.376 0.344 -0.203
49 90 4 61.213 213.308 37.727 1.47 0.665 1.06 -0.765
49 101 1 64.674 228.829 37.374 3.931 2.311 1.472 3.14
49 110 5 75.471 198.228 37.557 3.473 1.985 1.488 0.015
49 113 1 62.593 242.847 37.312 2.268 1.76 1.202 3.036
49 114 3 50.601 252.289 37.278 0.508 0.477 1.396 -3.031
50 12 1 71.242 209.823 37.681 4.416 2.072 1.786 0.322
50 24 1 70.029 222.984 37.539 4.504 2.074 1.631 0.238
50 84 3 59.883 229.233 37.337 1.669 0.579 1.497 0.002
50 88 1 67.436 236.94 37.866 2.317 1.439 0.378 -0.193
50 90 4 61.424 213.643 37.721 1.616 0.738 1.091 -0.807
50 101 1 65.182 226.848 37.381 3.894 1.994 1.427 -3.127
50 110 5 75.091 200.267 37.557 3.549 2.007 1.402 0
50 113 1 63.096 240.197 37.34 2.985 1.636 1.345 3.059
50 114 3 50.499 252.78 37.284 0.424 0.52 1.423 -0
50 115 1 82.556 157.371 37.803 2.728 1.017 0.865 0
51 12 1 71.285 209.757 37.695 4.537 2.091 1.772 0.324
51 24 1 69.959 223.058 37.557 4.505 2.003 1.625 0.284
51 84 3 59.738 231.237 37.461 1.163 0.592 1.108 2.96
51 88 1 67.279 238.47 37.753 2.824 1.696 0.683 -0.024
51 90 4 61.731 214.28 37.468 1.735 0.737 1.537 -0.777
51 101 1 65.65 224.864 37.409 4.025 1.979 1.455 -3.134
51 110 5 74.79 201.818 37.569 3.554 2.025 1.464 -0.023
51 113 1 63.467 237.571 37.31 3.556 1.965 1.409 3.117
51 114 3 50.424 253.25 37.442 0.568 0.566 1.112 0.167
51 115 1 81.529 161.098 37.726 2.621 1.688 1.151 0.035
52 12 1 71.256 209.824 37.694 4.529 2.024 1.743 0.304
52 24 1 69.975 223.02 37.546 4.555 2.04 1.625 0.277
52 84 3 59.325 233.95 37.608 1.067 0.772 0.781 0.012
52 88 1 66.8 240.863 37.697 3.1 1.72 0.617 -0.022
52 90 4 62.093 215.049 37.457 1.772 0.844 1.594 -0.44
52 101 1 66.089 223.053 37.425 4.134 1.991 1.469 -3.082
52 110 5 74.575 202.801 37.544 3.598 1.846 1.466 -0.036
52 113 1 63.796 235.228 37.36 4.467 1.953 1.425 3.118
52 114 3 50.459 253.711 37.462 0.516 0.478 0.912 0.001
52 115 1 80.839 164.454 37.61 3.723 1.733 1.052 -0.037
53 12 1 71.223 209.842 37.682 4.485 2.037 1.731 0.279
53 24 1 69.979 223.214 37.681 4.538 2.241 1.902 0.264
53 84 3 58.93 236.237 37.305 1.631 0.633 1.494 0.001
53 88 1 66.469 242.674 37.607 1.403 1.718 0.681 0.002
53 90 4 62.181 216.093 37.469 1.731 0.661 1.593 -0.146
53 101 1 66.645 221.102 37.455 3.971 1.967 1.383 -3.081
53 110 5 74.322 203.516 37.596 3.475 1.706 1.39 0.035
53 113 1 64.262 232.432 37.343 4.309 1.905 1.49 3.12
53 114 3 50.327 254.131 37.615 0.577 0.432 0.638 0.092
53 115 1 80.361 168.049 37.675 3.713 1.67 0.972 0.045
54 12 1 71.228 209.888 37.759 4.445 2.07 1.868 0.302
54 24 1 69.975 223.153 37.703 4.434 2.133 1.905 0.298
54 84 3 58.363 238.67 37.265 1.503 0.696 1.375 0.012
54 88 1 65.871 246.354 37.514 3.028 2.013 1.106 -0.016
54 90 4 62.108 217.354 37.455 1.767 0.675 1.493 0.046
54 101 1 67.146 219.292 37.487 4.032 1.921 1.452 -3.072
54 110 5 74.138 203.78 37.581 3.958 1.774 1.465 0.144
54 113 1 64.69 230.055 37.386 4.304 1.929 1.446 3.124
54 114 3 50.223 254.581 37.425 0.32 0.486 0.947 3.142
54 115 1 79.701 172.237 37.916 2.708 1.705 1.113 0.017
55 12 1 71.232 209.835 37.689 4.49 2.083 1.759 0.312
55 24 1 69.914 223.254 37.698 4.506 2.067 1.931 0.34
55 84 3 57.73 241.413 37.639 0.966 0.664 0.765 0.082
55 88 1 65.247 248.858 37.496 1.973 1.834 1.084 -3.12
55 90 4 61.862 218.717 37.797 1.61 0.693 0.863 0.13
55 101 1 67.516 217.58 37.483 4.089 1.928 1.423 -3.114
55 110 5 74.11 203.811 37.572 4.008 1.743 1.459 0.154
55 113 1 65.107 228.018 37.372 4.6 1.946 1.431 3.13
55 115 1 79.1 175.605 37.905 2.665 1.586 1.051 0.002
56 12 1 71.205 209.84 37.694 4.467 2.077 1.728 0.294
56 24 1 69.806 223.273 37.697 4.49 2.005 1.929 0.348
56 84 3 57.179 243.738 37.3 1.272 0.553 1.283 -0.219
56 88 1 64.76 251.845 37.379 1.517 1.771 1.175 -0.007
56 90 4 61.548 220.349 37.425 1.741 0.609 1.51 0.036
56 101 1 67.705 216.123 37.545 4.03 1.868 1.356 -3.125
56 110 5 74.077 203.836 37.57 3.919 1.724 1.483 0.163
56 113 1 65.572 225.872 37.396 4.484 1.895 1.458 -3.119
56 115 1 78.506 178.231 38.004 3.504 1.893 0.982 -0.125
57 12 1 71.257 209.835 37.761 4.507 2.056 1.854 0.309
57 24 1 69.815 223.291 37.576 4.507 1.995 1.678 0.332
57 84 3 56.642 246.383 37.222 1.454 0.593 1.272 -0.014
57 88 1 64.165 255.023 37.217 1.391 1.833 1.331 0.035
57 90 4 61.227 222.139 37.421 1.799 0.615 1.485 0.032
57 101 1 68.019 214.962 37.504 4.254 1.843 1.458 -3.094
57 110 5 74.106 203.791 37.563 3.954 1.745 1.493 0.182
57 113 1 66.034 224.03 37.444 4.439 1.943 1.439 -3.094
57 115 1 78.294 181.122 38.048 3.471 1.67 0.923 -0.03
58 12 1 71.228 209.837 37.706 4.502 2.093 1.748 0.294
58 24 1 69.721 223.325 37.549 4.432 2.065 1.621 0.345
58 84 3 56.222 248.962 37.111 1.378 0.55 1.322 0.015
58 88 1 63.426 258.884 37.323 1.929 1.753 1.361 -0.057
58 90 4 60.895 224.032 37.402 1.738 0.675 1.529 0.021
58 101 1 68.172 214.047 37.555 4.32 1.88 1.515 3.114
58 110 5 74.097 203.828 37.573 3.946 1.735 1.472 0.157
58 113 1 66.359 222.619 37.435 4.749 1.886 1.397 -3.095
58 115 1 77.717 182.996 38.135 2.295 1.625 0.798 -0.024
59 12 1 71.204 209.848 37.75 4.407 2.042 1.881 0.296
59 24 1 69.611 223.452 37.584 4.535 2.022 1.656 0.389
59 84 3 55.811 251.668 37.114 1.486 0.667 1.166 0
59 88 1 62.744 262.286 37.358 1.271 1.794 1.188 0
59 90 4 60.641 225.984 37.712 1.515 0.725 0.877 -0
59 101 1 68.248 213.55 37.515 4.044 1.816 1.42 3.1
59 110 5 74.074 203.812 37.568 3.884 1.756 1.489 0.2
59 113 1 66.722 221.35 37.48 4.639 1.893 1.401 -3.102
59 115 1 77.509 185.099 38.092 1.911 2.03 0.607 0
60 12 1 71.253 209.804 37.683 4.473 2.083 1.742 0.311
60 24 1 69.439 223.623 37.538 4.609 1.971 1.672 0.442
60 84 3 55.459 254.165 37.384 0.451 0.543 1.049 -0.021
60 88 1 61.922 266.882 37.199 2.992 1.837 1.312 -0.041
60 90 4 60.538 228.135 37.558 1.597 0.607 1.204 -0.201
60 101 1 68.162 213.124 37.52 4.094 2.131 1.439 3.099
60 110 5 74.124 203.837 37.565 3.881 1.717 1.492 0.172
60 113 1 66.889 220.434 37.462 4.804 1.97 1.413 -3.091
60 115 1 77.112 187.713 37.758 3.473 1.378 0.832 -0.033
61 12 1 71.262 209.699 37.682 4.474 2.045 1.736 0.309
61 24 1 69.245 223.813 37.55 4.594 2.115 1.657 0.451
61 84 3 55.115 256.868 37.162 1.286 0.51 1.411 -0.006
61 88 1 61.306 269.88 37.233 1.301 1.809 1.1 -0.011
61 90 4 60.251 230.394 37.312 1.748 0.638 1.449 -0.066
61 101 1 68.273 212.739 37.517 4.194 2.048 1.41 3.088
61 110 5 74.126 203.806 37.55 3.795 1.599 1.456 0.19
61 113 1 67.039 219.786 37.459 4.772 1.954 1.386 -3.092
61 115 1 76.82 188.565 38.108 2.122 1.923 0.669 -0.021
62 12 1 71.351 209.545 37.692 4.37 2.022 1.705 0.33
62 24 1 68.927 224.037 37.534 4.568 1.943 1.648 0.572
62 84 3 54.699 259.767 37.176 1.614 0.376 1.187 -0.063
62 88 1 60.606 273.396 37.108 0.506 1.463 0.554 0.033
62 90 4 59.901 232.644 37.343 1.663 0.652 1.406 -0.021
62 101 1 68.413 212.38 37.507 4.084 1.826 1.429 3.087
62 110 5 74.124 203.817 37.579 3.775 1.608 1.409 0.167
62 113 1 67.196 219.317 37.485 4.615 1.886 1.406 -3.108
62 115 1 76.662 189.594 38.13 2.208 1.896 0.601 -0.012
63 12 1 71.426 209.421 37.665 4.446 1.998 1.744 0.352
63 24 1 68.511 224.266 37.512 4.639 2.029 1.648 0.656
63 84 3 54.316 262.215 37.122 1.041 0.505 1.23 -0.006
63 90 4 59.391 234.85 37.31 1.581 0.778 1.589 -0.002
63 101 1 68.452 211.947 37.526 4.11 1.797 1.425 3.078
63 110 5 74.189 203.821 37.561 3.783 1.576 1.427 0.17
63 113 1 67.238 218.979 37.466 4.697 1.923 1.39 -3.096
63 115 1 76.395 190.897 38.145 2.137 1.612 0.592 -0.008
64 12 1 71.465 209.282 37.749 4.439 2.081 1.822 0.338
64 24 1 67.961 224.535 37.564 4.748 2.068 1.72 0.787
64 84 3 53.799 265.039 37.253 1.008 0.441 1.334 -0.014
64 90 4 59.004 236.975 37.412 1.146 0.73 1.21 -0.008
64 101 1 68.431 211.443 37.526 4.083 1.804 1.441 3.062
64 110 5 74.229 203.722 37.577 3.777 1.614 1.443 0.157
64 113 1 67.323 218.638 37.467 4.82 1.951 1.42 -3.094
64 115 1 76.28 191.852 38.159 2.123 1.405 0.638 -0.034
65 12 1 71.552 209.066 37.69 4.453 2.108 1.716 0.365
65 24 1 67.301 224.738 37.544 4.771 2.234 1.751 0.943
65 84 3 53.132 267.77 37.179 0.554 0.54 1.443 3.139
65 90 4 58.544 239.222 37.757 0.726 0.442 0.374 -0.491
65 101 1 68.454 210.854 37.555 3.965 2.017 1.496 3.077
65 110 5 74.434 203.601 37.545 3.816 1.456 1.46 0.137
65 113 1 67.381 218.181 37.474 4.916 2.03 1.445 -3.115
65 115 1 76.21 192.566 38.135 2.039 1.307 0.644 -0.02
65 119 1 37.189 211.019 37.645 3.736 1.647 1.148 -0.823
66 12 1 71.645 208.93 37.686 4.444 2.006 1.74 0.368
66 24 1 66.639 224.788 37.553 4.743 2.057 1.725 1.061
66 84 3 52.438 270.76 37.329 0.925 0.363 1.109 0.01
66 90 4 58.043 241.6 37.818 0.615 0.475 0.326 -3.119
66 101 1 68.72 209.925 37.524 3.918 1.788 1.426 3.085
66 110 5 74.504 203.616 37.567 3.463 1.408 1.481 0.022
66 113 1 67.531 217.61 37.484 4.76 1.826 1.432 -3.1
66 115 1 76.102 192.892 38.153 1.982 1.37 0.537 -0.01
66 119 1 38.831 212.712 37.717 2.551 1.573 1.036 -0.893
67 12 1 71.706 208.773 37.67 4.451 2.064 1.772 0.387
67 24 1 66.036 224.779 37.53 4.793 1.932 1.68 1.198
67 84 3 51.714 273.379 37.112 0.582 0.38 1.239 -0.043
67 90 4 57.588 244.001 37.676 0.698 0.48 0.433 -0.018
67 101 1 68.821 208.451 37.505 3.716 1.976 1.475 3.073
67 110 5 74.649 203.483 37.533 3.427 1.245 1.46 -0.155
67 113 1 67.65 217.187 37.486 5.329 1.784 1.426 -3.116
67 115 1 76.126 192.824 38.193 1.824 1.252 0.571 -0.017
67 119 1 40.26 213.851 37.843 3.554 1.821 1.359 -1.072
68 12 1 71.84 208.586 37.668 4.582 2.037 1.746 0.396
68 24 1 65.556 224.69 37.54 4.703 2.002 1.726 1.312
68 90 4 57.147 246.874 37.153 1.669 0.71 1.517 -0.031
68 101 1 69.216 206.355 37.49 3.441 1.903 1.472 3.085
68 110 5 74.691 203.468 37.543 3.336 1.196 1.486 -0.176
68 113 1 67.845 216.54 37.5 4.737 1.799 1.408 3.14
68 115 1 76.14 193.322 38.193 0.794 0.868 0.44 0.003
68 119 1 41.928 214.857 37.625 3.667 2.189 1.367 -1.428
69 12 1 71.824 208.579 37.654 4.534 2.013 1.719 0.399
69 24 1 64.969 224.555 37.537 4.781 2.029 1.777 1.417
69 90 4 56.867 249.14 37.243 1.399 0.691 1.297 -0.1
69 101 1 69.628 203.775 37.508 3.236 1.84 1.484 -3.132
69 110 5 74.769 203.399 37.542 3.397 1.082 1.539 0.012
69 113 1 68.056 215.634 37.488 4.757 1.786 1.433 -3.123
69 115 1 76.111 192.767 38.152 1.461 0.901 0.415 3.142
69 119 1 43.457 215.432 37.604 3.89 1.762 1.39 1.81
70 12 1 71.963 208.44 37.658 4.424 2.039 1.792 0.404
70 24 1 64.47 224.332 37.523 4.83 1.99 1.754 1.539
70 90 4 56.49 251.572 37.209 1.536 0.688 1.477 0.023
70 101 1 70.191 201.005 37.489 2.808 1.727 1.465 -3.101
70 110 5 74.878 203.323 37.531 3.357 1.021 1.518 -0.049
70 113 1 68.276 214.406 37.475 4.896 1.865 1.43 3.134
70 115 1 75.978 193.047 38.34 0.089 0.622 0.01 -0.049
70 119 1 45.002 215.816 37.562 3.795 1.749 1.411 -1.501
71 12 1 71.962 208.268 37.662 4.505 2.291 1.743 0.407
71 24 1 64.071 224.146 37.508 4.841 1.972 1.677 1.647
71 90 4 56.115 253.94 37.221 1.425 0.626 1.355 -0.168
71 101 1 70.856 197.699 37.49 2.753 1.802 1.387 3.141
71 110 5 74.961 203.205 37.543 3.358 1.089 1.435 2.881
71 113 1 68.466 213.193 37.499 4.389 1.834 1.435 3.131
71 115 1 75.985 193.012 38.33 0.181 0.683 0.051 -3.134
71 119 1 46.232 216.116 37.589 3.641 1.968 1.365 -1.568
72 12 1 72.098 208.246 37.662 4.399 2.007 1.696 0.401
72 24 1 63.83 223.952 37.656 4.524 2.046 1.976 1.73
72 90 4 55.602 256.408 37.147 1.465 0.685 1.339 -0.094
72 101 1 71.605 193.97 37.428 2.761 1.756 1.265 -3.138
72 110 5 75.072 203.057 37.509 3.326 0.814 1.44 -0.188
72 113 1 68.752 211.729 37.506 4.428 1.715 1.395 3.091
72 115 1 76.159 193.068 38.349 0.214 0.675 0.083 0.027
72 119 1 47.061 216.164 37.543 3.919 1.802 1.365 -1.617
73 12 1 72.297 208.022 37.643 4.811 2.034 1.68 0.392
73 24 1 63.473 223.699 37.657 4.711 2.072 1.943 1.87
73 90 4 55.21 258.964 37.273 1.424 0.763 1.452 -0.012
73 101 1 72.26 190.952 37.545 0.868 1.577 1.347 3.087
73 110 5 75.208 202.844 37.54 3.388 0.852 1.306 -0.012
73 113 1 68.998 210.188 37.483 4.217 1.727 1.395 3.109
73 115 1 76.172 193.037 38.331 0.203 0.462 0.055 0
73 119 1 47.63 216.293 37.596 3.95 1.893 1.541 -1.608
73 125 5 72.334 222.678 37.058 0.246 0.258 0.225 0.026
74 12 1 72.239 208.139 37.644 4.488 1.984 1.732 0.441
74 24 1 63.84 223.827 37.593 3.06 1.856 1.498 2.011
74 90 4 54.692 261.514 37.319 1.274 0.607 1.423 -0.004
74 101 1 73.04 187.059 37.337 0.927 1.463 0.828 -3.119
74 110 5 75.205 203.566 37.465 1.704 0.662 1.245 0.006
74 113 1 69.351 208.143 37.472 4.242 1.787 1.438 -3.094
74 119 1 48.067 216.351 37.523 3.691 1.899 1.421 -1.582
74 125 5 72.34 222.723 36.95 0.236 0.223 0.466 1.39
74 126 2 72.083 223.437 36.968 0.314 0.253 0.481 1.39
75 12 1 72.246 208.146 37.622 4.393 2.05 1.664 0.443
75 24 1 62.768 223.072 37.537 4.273 1.876 1.735 2.078
75 90 4 54.096 264.219 37.277 1.45 0.477 1.412 -0.006
75 101 1 73.925 183.094 37.841 0.558 1.501 0.638 3.14
75 110 5 75.087 203.42 37.477 1.842 0.769 1.397 -0.196
75 113 1 69.713 205.805 37.471 4.145 1.946 1.412 -3.136
75 119 1 48.942 216.578 37.58 3.915 1.797 1.219 -1.541
75 125 5 72.35 222.746 36.93 0.166 0.25 0.377 -3.137
75 126 2 72.111 223.381 36.947 0.296 0.245 0.456 -3.101
76 12 1 72.396 207.98 37.589 4.782 2.013 1.641 0.456
76 24 1 62.365 222.441 37.49 4.718 1.927 1.696 2.224
76 90 4 53.547 266.846 37.26 1.445 0.685 1.437 0.066
76 101 1 74.72 178.832 37.507 1.007 1.317 1.102 -3.125
76 110 5 75.238 203.435 37.472 1.867 0.512 1.389 0.044
76 113 1 70.086 203.628 37.336 3.129 1.783 1.014 3.138
76 119 1 49.734 216.684 37.546 4.036 1.787 1.532 -1.535
76 125 5 72.389 222.709 37.07 0.068 0.256 0.098 3.023
76 126 2 72.124 223.429 36.969 0.309 0.185 0.445 1.57
77 12 1 72.335 208.249 37.652 4.402 1.822 1.665 0.454
77 24 1 62.132 222.04 37.502 4.685 1.856 1.646 2.307
77 90 4 53.001 269.473 37.137 1.496 0.582 1.336 0.015
77 110 5 75.186 203.404 37.547 1.988 0.746 1.309 0.023
77 113 1 70.45 201.551 37.268 1.328 1.777 0.938 -3.132
77 119 1 50.67 216.925 37.483 3.946 1.662 1.508 -1.535
77 125 5 72.383 222.748 37.107 0.2 0.179 0.086 0.023
77 126 2 72.135 223.48 36.887 0.167 0.227 0.357 0.023
77 137 3 47.848 267.016 37.607 0.466 0.419 0.948 -0.027
78 12 1 72.164 208.494 37.614 4.271 1.988 1.611 0.408
78 24 1 62.116 221.714 37.445 4.563 1.997 1.539 2.414
78 90 4 52.556 272.086 37.211 1.437 0.698 1.315 0.044
78 110 5 75.026 203.151 37.501 2.395 0.861 1.148 -0.209
78 113 1 71.088 198.073 37.203 1.661 1.585 0.591 -3.112
78 119 1 51.728 217.204 37.606 3.958 1.64 1.211 -1.517
78 125 5 72.442 222.767 37.069 0.214 0.19 0.122 -0.018
78 126 2 72.159 223.469 36.91 0.106 0.2 0.367 -0.018
78 137 3 47.562 267.536 37.417 0.478 0.796 1.526 -0.016
79 12 1 71.968 209.087 37.601 4.231 2.091 1.65 0.32
79 24 1 62.052 221.509 37.464 4.57 2.046 1.676 2.474
79 90 4 51.989 274.617 37.219 1.378 0.675 1.334 0.004
79 110 5 75.185 203.268 37.296 2.583 0.939 1.127 0.099
79 113 1 71.778 194.661 37.33 1.585 1.456 0.823 -3.083
79 119 1 52.782 217.513 37.497 3.951 1.768 1.365 -1.484
79 126 2 72.202 223.471 36.945 0.142 0.202 0.403 -3.074
79 137 3 47.517 268.159 37.629 0.33 0.365 1.174 3.123
80 12 1 71.803 209.953 37.518 4.046 1.814 1.686 0.246
80 24 1 62.037 221.332 37.296 4.574 1.879 1.34 2.469
80 90 4 51.483 277.16 37.202 1.462 0.65 1.383 -0.01
80 110 5 74.993 203.325 37.389 2.24 1.293 1.186 0.015
80 113 1 72.677 190.829 37.547 1.625 1.59 1.312 -3.089
80 119 1 53.964 218.016 37.497 3.631 1.318 1.485 -1.545
80 137 3 47.782 268.835 37.469 0.31 0.408 1.099 0.546
81 12 1 71.477 211.302 37.591 3.637 1.948 1.624 0.143
81 24 1 61.99 221.188 37.188 4.428 1.837 1.151 -0.681
81 90 4 50.889 279.612 37.241 1.503 0.676 1.386 0
81 110 5 74.824 203.556 37.507 1.715 1.635 1.141 0
81 119 1 55.101 218.412 37.406 3.122 1.259 1.393 -1.507
81 137 3 47.515 269.331 37.448 0.535 0.679 1.523 0.02
81 146 3 40.123 303.275 37.197 0.47 0.379 0.69 -1.489
82 12 1 70.842 213.569 37.347 1.865 2.081 1.204 0.126
82 24 1 62.139 220.983 37.16 4.022 1.914 1.081 2.604
82 90 4 50.305 282.138 37.166 1.871 0.631 1.595 -0.019
82 110 5 74.712 203.863 37.366 1.612 1.821 0.795 0.035
82 119 1 55.997 218.468 37.466 3.063 1.18 1.315 -1.545
82 137 3 47.596 269.92 37.458 0.602 0.59 1.652 0.002
82 146 3 39.195 304.215 37.234 0.323 0.359 0.655 0.957
82 148 2 42.044 314.58 38.108 12.064 2.705 3.043 -1.549
82 149 4 44.821 302.142 37.037 0.873 0.656 1.178 -2.799
82 151 5 65.298 315.98 37.065 2.831 1.222 0.457 -1.484
83 12 1 70.445 215.401 37.38 1.784 1.782 0.978 -0.015
83 24 1 62.525 221.993 37.129 1.894 1.236 0.829 1.11
83 90 4 49.692 284.082 37.192 1.409 0.63 1.533 -0.004
83 110 5 74.687 204.703 37.45 0.684 1.632 0.36 -0.015
83 119 1 56.498 218.676 37.1 2.934 1.001 0.744 -1.572
83 137 3 47.424 270.561 37.462 0.578 0.734 1.511 -0.033
83 146 3 38.019 305.454 37.466 0.945 0.573 0.638 0.432
83 148 2 45.733 315.299 38.1 11.991 2.749 3.109 -1.555
83 149 4 45.938 300.714 37.251 1.137 0.655 1.29 -2.646
83 151 5 68.886 316.86 37.182 4.03 0.514 1.475 -1.431
83 152 1 58.271 321.714 37.311 4.308 1.164 1.268 -1.533
84 12 1 70.011 217.235 37.359 1.838 2.025 1.067 0.025
84 24 1 62.358 221.713 37.524 1.962 1.309 1.473 1.341
84 90 4 48.864 286.048 37.234 1.475 0.71 1.532 0.207
84 119 1 57.099 218.71 37.192 3.168 1.272 0.865 -1.494
84 137 3 47.46 271.084 37.473 0.671 0.457 1.496 0.027
84 146 3 37.113 306.145 37.056 1.241 0.423 0.919 0.828
84 148 2 49.881 316.02 38.026 12.891 2.761 3.521 -1.583
84 149 4 47.146 299.108 37.095 1.038 0.546 1.327 -2.475
84 151 5 71.187 317.968 37.297 4.091 1.484 1.141 -1.518
84 152 1 63.86 322.539 37.238 3.597 0.697 1.277 -1.634
84 155 1 33.917 313.814 37.313 2.487 1.433 1.466 -1.591
85 12 1 69.451 219.703 37.394 0.714 1.802 0.606 3.124
85 24 1 62.436 221.758 37.577 0.48 1.721 1.289 2.854
85 90 4 48.15 287.848 37.244 1.417 0.677 1.415 -0.05
85 119 1 57.031 219.207 37.171 3.378 0.428 0.746 -1.586
85 137 3 47.476 271.83 37.856 0.527 0.437 0.82 -0.012
85 146 3 36.052 307.169 37.095 1.492 0.299 1.17 0.737
85 148 2 53.399 316.797 38.137 11.959 2.797 3.191 -1.571
85 149 4 48.089 297.233 37.252 1.09 0.668 1.5 -2.968
85 151 5 74.365 319.015 37.324 4.538 1.653 1.16 -1.465
85 152 1 69.769 323.569 37.317 3.307 0.214 0.303 -1.539
85 155 1 37.248 314.629 37.307 3.915 1.649 1.648 -1.548
85 157 1 18.752 311.15 37.535 5.007 1.496 1.923 -1.562
85 159 1 34.566 316.579 37.352 2.515 0.256 0.8 -1.493
86 12 1 68.833 221.286 37.311 0.886 1.853 0.67 3.095
86 24 1 62.435 221.2 37.098 1.665 1.14 0.689 -1.948
86 90 4 47.361 289.609 37.203 1.497 0.646 1.502 0.015
86 119 1 57.564 218.869 37.197 3.853 1.08 0.946 -1.53
86 137 3 47.499 272.264 37.472 0.784 0.619 1.565 0.001
86 146 3 35.285 307.645 37.19 0.922 0.532 1.399 0.937
86 148 2 57.668 317.566 38.131 12.528 2.962 3.1 -1.538
86 149 4 48.923 295.307 37.252 1.313 0.606 1.51 -3.089
86 151 5 77.458 319.758 37.331 4.167 1.275 1.332 -1.492
86 152 1 75.775 324.784 37.369 3.128 0.378 1.124 -1.573
86 155 1 42.048 315.522 37.391 4.489 1.646 1.749 -1.56
86 157 1 22.333 311.29 37.624 1.565 0.484 2.008 -1.61
86 159 1 42.22 318.67 37.289 3.55 1.615 1.234 -1.639
87 12 1 68.453 222.173 37.336 2.947 1.774 0.797 0.256
87 24 1 62.357 221.19 37.611 0.446 1.816 1.202 3.073
87 90 4 46.7 291.464 37.178 1.713 0.739 1.516 0.143
87 119 1 57.893 219.094 37.039 3.469 0.837 0.79 -1.536
87 137 3 47.735 272.71 37.515 0.747 0.635 1.579 0.101
87 146 3 34.183 308.312 37.069 1.463 0.566 1.393 0.997
87 148 2 61.304 318.433 38.095 12.144 2.897 3.076 -1.546
87 149 4 49.645 293.357 37.241 1.489 0.677 1.537 -3.07
87 151 5 81.043 320.949 37.211 4.422 1.604 1.339 -1.502
87 152 1 80.978 326.403 37.56 2.485 1.493 0.988 -1.551
87 155 1 46.603 316.249 37.402 4.443 1.317 1.79 -1.566
87 157 1 29.324 313.183 37.52 2.778 1.698 1.713 -1.564
87 159 1 48.752 319.328 37.211 3.786 0.81 1.103 -1.549
88 12 1 67.882 223.095 37.335 4.103 1.683 0.868 -2.856
88 90 4 46.269 293.155 37.327 1.6 0.683 1.316 0.036
88 137 3 48.195 273.333 37.497 0.595 0.683 1.556 -0.999
88 146 3 33.209 308.683 37.201 1.439 0.523 1.129 -1.823
88 148 2 65.26 319.167 37.958 12.06 2.664 2.776 -1.567
88 149 4 50.221 291.358 37.296 1.609 0.619 1.539 -3.071
88 151 5 84.584 322.004 37.337 4.24 1.768 1.314 -1.489
88 152 1 85.929 327.772 37.529 0.771 0.779 0.727 1.655
88 155 1 51.093 316.912 37.416 4.415 0.929 1.718 -1.584
88 157 1 32.596 313.698 37.533 5.478 1.724 2.031 -1.552
88 159 1 54.881 320.647 37.302 4.648 0.983 1.418 -1.569
88 165 1 33.459 317.321 37.327 1.844 1.728 1.437 -1.504
89 90 4 45.834 294.93 37.212 1.764 0.602 1.488 -0.029
89 137 3 48.476 273.734 37.506 0.53 0.789 1.547 -0.855
89 146 3 32.374 308.939 37.486 0.378 0.275 0.701 2.95
89 148 2 68.918 319.874 37.949 11.491 2.607 2.741 -1.56
89 149 4 50.726 289.246 37.31 1.639 0.666 1.56 3.136
89 151 5 88.591 323.155 37.258 4.225 1.962 1.266 -1.428
89 152 1 93.56 328.377 37.873 1.796 0.577 0.353 -1.544
89 155 1 55.408 318.134 37.467 4.634 1.786 1.758 -1.549
89 157 1 37.072 314.597 37.574 5.304 1.788 1.983 -1.555
89 159 1 61.488 322.053 37.336 4.399 1.271 1.203 -1.549
89 165 1 39.075 318.337 37.402 2.369 1.883 1.454 -1.551
89 172 2 0.389 310.676 38.33 8.135 1.983 2.654 -1.526
90 90 4 45.355 296.548 37.218 1.754 0.61 1.494 0.164
90 137 3 48.716 274.296 37.433 0.294 0.614 1.575 -0.63
90 146 3 31.353 309.003 37.695 0.247 0.237 0.252 0.098
90 148 2 72.862 320.62 37.988 11.417 2.6 2.614 -1.55
90 149 4 51.046 286.843 37.31 2.048 0.859 1.58 -3.122
90 151 5 92.918 324.081 37.499 4.252 1.554 1.38 -1.501
90 155 1 59.566 318.899 37.528 4.316 1.841 1.89 -1.538
90 157 1 41.421 315.589 37.635 5.415 2.017 2.152 -1.56
90 159 1 66.808 323.286 37.429 1.875 1.696 1.378 -1.566
90 165 1 43.975 319.298 37.447 4.138 1.811 1.672 -1.557
90 172 2 4.039 311.507 39.679 6.436 2.245 0.307 1.64
90 177 1 20.244 311.167 37.008 3.84 1.308 1.189 -1.543
91 90 4 44.817 298.079 37.21 1.745 0.569 1.487 0.17
91 137 3 48.916 274.735 37.426 0.454 0.643 1.578 0.012
91 148 2 76.979 321.488 37.968 11.838 2.733 2.677 -1.536
91 149 4 51.462 284.478 37.335 1.676 0.645 1.515 -3.117
91 151 5 96.224 324.814 37.456 1.881 1.269 0.336 -1.568
91 155 1 63.829 319.796 37.567 4.31 1.633 1.843 -1.534
91 157 1 45.937 316.213 37.628 5.362 1.707 2.063 -1.552
91 159 1 72.401 324.617 37.361 0.201 0.823 0.698 -1.548
91 165 1 49.601 320.317 37.47 4.384 1.801 1.654 -1.56
91 172 2 9.57 312.798 38.201 8.402 2.38 3.484 -1.541
91 177 1 26.61 312.687 37.205 2.598 1.795 1.474 -1.614
91 188 5 37.122 304.492 36.731 0.164 0.12 0.322 0.528
92 90 4 44.275 299.501 37.231 1.737 0.626 1.559 0.225
92 137 3 48.932 275.289 37.653 0.325 0.492 1.038 -0.627
92 148 2 80.955 322.146 38.179 12.025 2.608 3.189 -1.545
92 149 4 51.874 282.268 37.325 1.696 0.541 1.555 -3.091
92 151 5 101.801 326.213 37.351 4.184 1.803 1.441 -1.469
92 155 1 67.919 320.721 37.526 4.238 1.862 1.74 -1.481
92 157 1 50.421 317.017 37.643 5.425 1.756 2.014 -1.531
92 165 1 55.338 320.994 37.451 4.411 1.054 1.609 -1.545
92 172 2 14.039 313.646 38.211 8.533 2.486 3.317 -1.531
92 177 1 31.334 313.44 37.277 4.385 1.734 1.522 -1.559
92 188 5 8.29 306.49 37.491 1.755 0.97 1.298 -1.497
92 190 3 86.298 315.137 37.64 0.482 0.549 1.595 -1.603
93 90 4 43.542 300.79 37.232 1.799 0.912 1.539 0.38
93 137 3 49.083 275.88 37.321 0.519 0.617 1.561 0.053
93 148 2 84.856 322.967 38.188 11.814 2.799 2.954 -1.517
93 149 4 52.22 279.995 37.324 1.583 0.598 1.579 3.133
93 151 5 106.466 327.223 37.343 4.051 1.63 0.509 -1.566
93 155 1 71.982 321.601 37.585 4.207 1.772 1.815 -1.506
93 157 1 54.802 317.961 37.657 5.276 1.873 2.159 -1.507
93 165 1 61.354 322.237 37.522 4.612 1.297 1.598 -1.525
93 172 2 18.514 314.498 38.221 8.452 2.504 3.236 -1.52
93 177 1 36.599 314.469 37.319 4.353 1.712 1.479 -1.521
93 188 5 10.872 307.038 37.869 1.693 1.138 0.506 -1.555
93 190 3 86.077 315.039 37.576 0.334 0.414 1.296 -1.478
93 192 1 79.48 342.133 37.496 3.366 0.907 0.688 1.652
93 194 1 3.313 310.942 37.081 3.826 1.657 1.142 -1.521
94 90 4 42.874 302.098 37.277 1.986 0.83 1.584 0.466
94 137 3 49.191 276.404 37.271 0.681 0.481 1.398 0.062
94 148 2 88.792 323.744 38.258 11.708 2.828 3.219 -1.484
94 149 4 52.757 277.735 37.298 1.715 0.576 1.472 -3.102
94 155 1 76.013 322.401 37.542 4.248 1.683 1.789 -1.486
94 157 1 59.162 318.774 37.717 5.173 1.82 2.175 -1.498
94 165 1 67.167 323.674 37.507 4.244 1.897 1.57 -1.468
94 172 2 22.857 315.308 38.16 8.525 2.567 3.28 -1.5
94 177 1 41.567 315.479 37.327 4.472 1.839 1.498 -1.512
94 188 5 14.213 307.706 37.382 2.207 1.099 1.606 -1.516
94 190 3 85.804 315.089 37.763 0.444 0.554 1.457 -1.561
94 192 1 70.638 340.195 37.601 2.02 0.581 0.926 1.638
94 194 1 9.205 311.364 37.129 4.09 1.016 1.286 -1.516
95 90 4 42.368 303.116 37.239 1.722 0.634 1.53 0.456
95 137 3 49.189 277.081 37.189 0.529 0.525 1.428 0.279
95 148 2 92.413 324.398 38.304 11.022 2.761 3.236 -1.452
95 149 4 53.329 275.519 37.325 1.496 0.614 1.574 -2.978
95 155 1 79.991 323.189 37.551 4.212 1.711 1.737 -1.441
95 157 1 63.474 319.635 37.714 5.137 1.774 2.126 -1.443
95 165 1 73.226 324.887 37.462 4.237 1.852 1.552 -1.424
95 172 2 27.099 316.111 38.141 8.675 2.499 3.138 -1.45
95 177 1 46.407 316.358 37.355 4.54 1.77 1.501 -1.458
95 188 5 17.354 307.975 37.262 2.176 0.564 1.526 -1.435
95 190 3 85.592 314.978 37.683 0.265 0.54 1.472 -1.54
95 192 1 62.75 339.031 37.456 3.812 1.404 0.808 1.687
95 194 1 16.163 312.789 37.22 1.971 1.592 1.095 -1.388
96 90 4 41.633 304.068 37.278 1.744 0.649 1.533 0.678
96 137 3 49.189 277.6 37.277 0.512 0.775 1.47 0.152
96 148 2 96.108 324.905 38.334 10.156 2.599 3.165 -1.427
96 149 4 53.886 273.272 37.257 1.497 0.537 1.37 0.131
96 155 1 83.74 323.828 37.609 4.06 1.823 1.798 -1.456
96 157 1 67.758 320.549 37.786 5.227 1.818 2.163 -1.384
96 165 1 79.185 326.098 37.528 4.155 1.769 1.562 -1.384
96 172 2 31.071 316.891 38.112 8.748 2.421 2.966 -1.386
96 177 1 51.283 317.284 37.402 4.55 1.709 1.549 -1.407
96 188 5 20.532 308.657 37.936 0.564 0.755 0.247 -1.493
96 190 3 85.304 314.925 37.671 0.448 0.631 1.645 -1.515
96 192 1 56.12 337.531 37.478 1.562 0.953 0.645 1.699
96 194 1 20.877 313.184 37.216 4.069 1.865 1.336 -1.48
97 90 4 40.856 304.878 37.215 1.709 0.509 1.481 0.867
97 137 3 49.233 278.121 37.3 0.571 0.527 1.441 -3.057
97 148 2 100.177 325.781 38.345 10.33 2.689 3.17 -1.354
97 149 4 54.32 271.118 37.24 1.11 0.482 1.329 -2.739
97 155 1 87.881 324.563 37.659 4.083 1.736 1.815 -1.357
97 157 1 71.973 321.532 37.801 5.106 1.754 2.221 -1.302
97 165 1 85.152 327.268 37.551 4.076 1.728 1.546 -1.357
97 172 2 34.938 317.539 38.001 8.7 2.289 2.829 -1.321
97 177 1 56.185 318.163 37.435 4.559 1.719 1.579 -1.357
97 188 5 23.749 309.332 37.438 1.924 1.151 1.609 -1.357
97 190 3 85.157 314.911 37.675 0.552 0.451 1.35 -1.273
97 192 1 46.842 335.996 37.492 1.571 1.552 1.033 1.872
97 194 1 26.564 313.758 37.233 4.177 1.901 1.379 -1.436
97 211 5 18.314 311.427 37.07 0.32 0.834 0.247 -1.34
98 90 4 40.041 305.514 37.226 1.79 0.522 1.511 1.061
98 137 3 49.186 278.663 37.229 0.424 0.62 1.503 0.347
98 148 2 104.397 326.544 38.296 10.308 2.7 3.3 -1.284
98 149 4 54.827 268.704 37.24 1.308 0.513 1.493 -2.864
98 155 1 91.92 325.307 37.621 4.113 1.71 1.767 -1.247
98 157 1 76.199 322.505 37.764 5.105 1.827 2.114 -1.233
98 165 1 91.028 328.518 37.229 4.176 1.834 0.989 -1.268
98 172 2 38.688 318.352 37.996 8.751 2.448 2.754 -1.252
98 177 1 61.14 319.048 37.453 4.412 1.607 1.605 -1.277
98 188 5 26.577 309.729 37.344 2.243 1.161 1.63 -1.321
98 190 3 84.9 314.922 37.751 0.525 0.501 1.532 1.893
98 192 1 38.236 334.368 37.498 3.944 1.552 1.087 1.853
98 194 1 32.206 314.268 37.228 4.353 1.858 1.367 -1.337
98 211 5 21.624 311.68 37.217 3.143 1.616 1.357 -1.117
99 90 4 39.267 306 37.227 1.784 0.572 1.462 1.175
99 137 3 49.069 279.108 37.27 0.528 0.535 1.343 0.437
99 148 2 108.461 327.364 38.333 10.075 3.021 3.241 -1.152
99 149 4 55.409 266.362 37.227 1.315 0.37 1.031 -2.771
99 155 1 96.081 326.101 37.546 3.962 1.73 1.63 -1.147
99 157 1 80.41 323.377 37.808 4.983 1.795 2.163 -1.157
99 165 1 96.952 329.28 37.593 4.16 1.062 1.458 -1.237
99 172 2 42.396 319.099 37.876 8.785 2.493 2.349 -1.171
99 177 1 66.133 320.136 37.473 4.339 1.691 1.567 -1.173
99 188 5 29.498 310.197 37.398 2.199 1.217 1.723 -1.213
99 190 3 84.555 314.877 37.67 0.712 0.48 1.619 2.032
99 194 1 37.603 314.877 37.317 4.39 1.906 1.391 -1.258
99 211 5 26.105 312.515 37.183 3.688 1.501 1.328 -1.146
100 90 4 38.408 306.359 37.223 1.806 0.752 1.498 1.439
100 137 3 48.984 279.672 37.233 0.553 0.611 1.557 0.437
100 148 2 112.644 327.921 37.885 10.126 2.657 2.814 -1.152
100 149 4 55.782 264.228 37.329 0.804 0.519 1.437 -2.661
100 155 1 100.421 326.922 37.61 4.188 1.555 1.734 -1.16
100 157 1 84.674 324.225 37.799 5.112 1.762 2.131 -1.099
100 165 1 102.584 330.36 37.315 3.969 1.041 0.998 -1.16
100 172 2 46.116 319.814 37.893 8.922 2.482 2.602 -1.105
100 177 1 71.057 321.121 37.455 4.191 1.797 1.531 -1.123
100 188 5 32.416 310.619 37.369 2.313 1.228 1.694 -1.107
100 190 3 84.388 314.789 37.708 0.574 0.622 1.749 -1.078
100 194 1 42.882 315.63 37.343 4.421 1.969 1.497 -1.141
100 211 5 30.518 313.331 37.165 4.029 1.554 1.358 -1.075
101 90 4 37.745 306.928 37.253 1.724 0.491 1.551 1.303
101 137 3 48.957 280.072 37.23 0.739 0.581 1.505 0.532
101 148 2 113.926 328.365 38.388 4.058 2.619 3.018 -1.106
101 149 4 56.147 261.834 37.146 0.573 0.599 1.212 -1.67
101 155 1 103.65 327.64 37.687 1.985 1.679 1.493 -1.108
101 157 1 88.8 325.059 37.822 4.971 1.76 2.139 -1.062
101 165 1 107.048 331.108 37.466 1.191 0.735 0.72 -1.098
101 172 2 49.708 320.521 37.856 9.076 2.57 2.413 -1.056
101 177 1 75.718 322.044 37.426 3.995 1.727 1.514 -1.053
101 188 5 35.239 311.109 37.389 2.322 1.255 1.736 -1.075
101 190 3 84.096 314.717 37.632 0.433 0.491 1.562 -2.551
101 194 1 48.098 316.532 37.34 4.51 1.955 1.478 -1.077
101 211 5 34.952 314.278 37.251 4.2 1.654 1.426 -1.056
101 217 1 14.741 313.098 37.246 2.249 1.169 1.231 -1.013
102 90 4 37.156 307.552 37.217 1.695 0.586 1.515 1.112
102 137 3 48.858 280.631 37.243 0.614 0.605 1.404 0.453
102 149 4 56.576 259.659 37.325 0.726 0.412 1.129 -2.559
102 155 1 107.712 328.474 37.798 1.094 1.594 1.331 -1.05
102 157 1 93.061 325.921 37.711 4.925 1.867 1.97 -1.045
102 172 2 53.673 321.097 37.863 8.904 2.316 2.204 -1.042
102 177 1 80.143 322.945 37.468 4.064 1.738 1.585 -1.054
102 188 5 38.234 311.624 37.387 2.807 1.252 1.686 -1.017
102 190 3 83.838 314.652 37.862 0.484 0.478 1.399 2.085
102 194 1 53.267 317.518 37.348 4.678 2.036 1.466 -1.053
102 211 5 39.409 315.129 37.309 4.236 1.844 1.422 -0.989
102 217 1 20.059 313.993 37.227 1.939 1.922 1.155 -1.017
103 90 4 36.384 308.185 37.245 1.721 0.583 1.437 1.222
103 137 3 48.796 281.006 37.221 0.799 0.65 1.386 0.581
103 149 4 57.14 257.268 37.354 1.013 0.506 1.374 -2.584
103 155 1 112.159 329.503 37.797 1.064 1.625 1.385 -1.001
103 157 1 97.341 326.695 37.749 4.887 1.798 2.036 -1.058
103 172 2 57.57 321.77 37.874 8.838 2.175 2.153 -1.022
103 177 1 84.29 323.782 37.474 4.063 1.676 1.526 -1.054
103 188 5 40.761 312.033 37.423 2.264 1.255 1.716 -1.032
103 190 3 83.71 314.645 37.752 0.538 0.527 1.634 -1.033
103 194 1 58.411 318.386 37.405 4.79 2.161 1.495 -1.03
103 211 5 43.839 316.045 37.337 4.346 1.863 1.453 -1.032
103 217 1 24.909 314.767 37.292 2.491 1.96 1.231 -1.036
104 90 4 35.502 308.603 37.215 1.68 0.691 1.45 1.483
104 137 3 48.597 281.736 37.223 0.801 0.584 1.337 0.562
104 149 4 57.624 255.037 37.392 0.773 0.436 1.129 -2.593
104 157 1 101.278 327.427 37.76 4.091 1.723 1.941 -1.05
104 172 2 61.424 322.68 37.866 8.659 2.635 2.293 -1
104 177 1 88.321 324.643 37.282 4.072 1.745 1.079 -1.012
104 188 5 43.493 312.607 37.472 2.447 1.216 1.721 -1.006
104 190 3 83.418 314.505 37.758 0.653 0.578 1.618 2.11
104 194 1 63.394 319.278 37.426 4.389 1.919 1.497 -1.044
104 211 5 48.303 316.997 37.336 4.332 2.02 1.472 -1.054
104 217 1 29.986 315.825 37.257 2.499 1.85 1.26 -1.085
105 90 4 34.555 309.005 37.187 1.904 0.689 1.45 -1.518
105 137 3 48.579 282.112 37.21 0.44 0.644 1.369 0.378
105 149 4 58.144 252.958 37.326 0.498 0.449 1.155 0.329
105 157 1 105.492 328.293 37.757 3.736 1.74 1.994 -1.038
105 172 2 65.46 323.44 37.925 8.654 2.501 2.375 -1.011
105 177 1 92.275 325.499 37.318 3.826 1.717 1.158 -1.022
105 188 5 46.191 313.216 37.482 2.448 1.204 1.737 -0.984
105 190 3 83.153 314.442 37.74 0.475 0.471 1.664 -0.957
105 194 1 68.465 320.118 37.445 4.17 1.907 1.488 -1.015
105 211 5 52.823 317.759 37.351 4.383 1.963 1.436 -1.027
105 217 1 34.581 316.847 37.339 3.062 1.956 1.324 -0.995
106 90 4 33.381 309.469 37.264 1.914 0.727 1.492 -1.632
106 137 3 48.318 282.579 37.265 0.543 0.616 1.22 0.577
106 157 1 109.546 329.082 38.032 3.337 1.707 1.751 -1.027
106 172 2 69.49 324.224 37.964 8.812 2.647 2.465 -1.006
106 177 1 96.573 326.405 37.241 4.076 1.759 0.991 -0.964
106 188 5 48.969 313.842 37.475 2.4 1.309 1.741 -1.011
106 190 3 82.835 314.432 37.722 0.576 0.523 1.441 2.107
106 194 1 73.487 321.034 37.381 4.232 1.781 1.374 -1.04
106 211 5 57.281 318.558 37.378 4.393 1.946 1.485 -1.057
106 217 1 39.42 317.706 37.336 3.287 2.014 1.345 -1.077
106 226 1 40.705 343.094 37.303 1.324 1.499 0.912 -2.829
107 90 4 32.149 309.896 37.249 1.656 0.772 1.459 1.696
107 137 3 48.253 283.132 37.229 0.531 0.59 1.305 0.477
107 157 1 113.71 329.914 37.966 3.122 1.789 1.715 -1.023
107 172 2 73.535 324.968 38.017 8.76 2.528 2.553 -1
107 177 1 99.87 327.104 37.551 2.18 1.61 1.515 -1.023
107 188 5 51.814 314.443 37.492 2.5 1.518 1.82 -0.959
107 190 3 82.616 314.397 37.698 0.552 0.597 1.494 -0.871
107 194 1 78.448 321.991 37.384 4.158 1.838 1.429 -1.052
107 211 5 61.662 319.22 37.412 4.345 1.766 1.44 -1.033
107 217 1 43.867 318.638 37.349 4.001 1.857 1.413 -1.012
107 226 1 40.278 342.219 37.426 3.502 1.606 1.641 -3.021
107 230 4 83.254 348.585 37.535 0.739 0.466 1.275 2.219
107 231 1 71.931 340.584 37.516 3.367 1.019 0.879 2.156
108 90 4 30.744 310.383 37.297 1.562 0.644 1.527 1.603
108 137 3 48.099 283.545 37.25 0.505 0.491 1.3 -2.623
108 172 2 77.756 325.787 38.05 8.771 2.474 2.632 -1.011
108 177 1 104.175 327.946 37.602 2.115 1.571 1.359 -0.948
108 188 5 54.809 315.11 37.478 2.515 1.622 1.746 -0.961
108 190 3 82.287 314.314 37.747 0.524 0.594 1.407 1.822
108 194 1 83.37 322.98 37.397 4.07 1.865 1.445 -0.995
108 211 5 65.97 320.09 37.397 3.979 1.677 1.495 -1.011
108 217 1 48.272 319.344 37.359 4.077 1.767 1.45 -1.001
108 226 1 39.885 341.647 37.41 2.569 1.634 1.329 3.129
108 230 4 81.415 348.132 37.898 0.21 0.278 0.55 2.125
108 231 1 65.94 339.502 37.645 4.46 1.282 1.484 2.145
108 233 4 115.19 324.462 37.643 0.519 0.472 1.124 -0.968
109 90 4 29.116 310.814 37.257 1.446 0.667 1.517 -1.502
109 137 3 48.046 284.076 37.24 0.763 0.671 1.278 -2.451
109 172 2 81.886 326.638 38.12 8.777 2.565 2.754 -0.993
109 177 1 108.537 328.91 37.587 2.039 1.548 1.406 -0.966
109 188 5 57.807 315.592 37.529 2.494 1.404 1.732 -1.032
109 190 3 82.081 314.192 37.737 0.404 0.543 1.461 -1.015
109 194 1 88.25 323.957 37.342 4 1.949 1.425 -0.966
109 211 5 70.427 321.003 37.438 4.074 1.67 1.437 -1.042
109 217 1 53.271 320.37 37.397 4.573 1.948 1.482 -1.019
109 226 1 40.018 340.671 37.337 0.115 0.583 0.666 1.439
109 230 4 79.116 347.805 37.908 0.609 0.529 1.138 2.184
109 231 1 59.766 338.018 37.681 4.549 1.151 1.214 2.164
109 233 4 112.233 323.868 37.622 0.398 0.427 0.72 -0.987
109 234 1 93.665 345.164 37.898 4.279 1.955 0.978 2.203
110 90 4 27.335 311.176 37.235 1.372 0.675 1.441 1.885
110 137 3 47.901 284.61 37.155 0.515 0.574 1.315 0.095
110 172 2 86.053 327.419 38.202 8.711 2.482 2.815 -0.993
110 177 1 112.922 329.759 37.765 2.159 1.54 1.048 -1.02
110 188 5 61.103 316.13 37.538 2.827 1.264 1.725 -1.02
110 190 3 81.817 314.187 37.772 0.351 0.522 1.359 2.112
110 194 1 93.09 324.94 37.39 3.905 1.747 1.227 -1.02
110 211 5 74.856 321.945 37.39 4.009 1.63 1.326 -1.02
110 217 1 58.03 321.265 37.442 4.756 1.846 1.421 -1.02
110 230 4 76.842 347.221 37.558 1.155 0.322 1.046 2.052
110 231 1 54.586 336.726 37.702 2.676 0.582 1.318 2.145
110 233 4 109.633 323.417 37.325 0.636 0.462 1.404 -2.579
110 234 1 87.518 343.745 37.893 4.618 1.739 1.19 2.145
111 90 4 25.462 311.556 37.243 1.352 0.727 1.226 -1.073
111 137 3 47.771 285.17 37.215 0.718 0.588 1.487 0.403
111 172 2 90.258 328.343 38.473 8.778 2.575 3.033 -0.952
111 188 5 64.147 316.562 37.542 2.786 1.439 1.714 -1.032
111 190 3 81.705 314.16 37.785 0.362 0.612 1.554 -1.504
111 194 1 97.919 326.023 37.427 4.054 1.855 1.426 -0.979
111 211 5 79.341 322.861 37.403 3.89 1.609 1.322 -1.005
111 217 1 62.715 322.119 37.452 4.486 1.706 1.398 -1.014
111 230 4 74.744 346.767 37.62 0.999 0.353 1.293 2.196
111 233 4 106.703 322.739 37.451 0.775 0.535 1.034 -0.859
111 234 1 81.406 342.399 37.883 4.352 1.794 1.551 2.183
112 90 4 23.402 312.137 37.289 1.479 0.643 1.404 1.665
112 137 3 47.698 285.706 37.184 0.486 0.58 1.482 -2.56
112 172 2 94.454 329.243 38.948 8.734 2.596 2.444 -0.897
112 188 5 67.21 316.963 37.534 2.468 1.392 1.764 -0.997
112 190 3 81.533 314.056 37.718 0.4 0.456 1.545 1.6
112 194 1 101.69 326.811 37.439 2.032 1.794 1.256 -0.897
112 211 5 84.503 323.702 37.442 2.654 1.268 1.383 -0.955
112 217 1 67.459 323.124 37.422 4.395 1.753 1.439 -0.959
112 230 4 72.559 346.23 37.541 1.137 0.394 1.355 2.264
112 233 4 103.916 322.134 37.433 0.443 0.555 1.017 -1.07
112 234 1 75.253 341.067 37.918 4.297 1.688 1.448 2.189
112 238 1 43.497 334.592 37.518 1.018 1.583 1.283 2.167
112 239 1 19.689 306.304 37.221 2.368 1.102 1.463 -0.942
113 90 4 21.118 312.621 37.322 1.776 0.695 1.406 1.88
113 137 3 47.592 286.301 37.277 0.491 0.549 1.466 -2.442
113 172 2 97.755 329.875 38.584 6.513 2.458 3.446 -0.839
113 188 5 70.497 317.403 37.533 2.764 1.192 1.748 -0.923
113 190 3 81.584 314.066 37.704 0.449 0.313 1.652 -0.88
113 194 1 107.256 327.909 37.385 3.477 1.71 0.846 -0.846
113 211 5 87.285 324.568 37.467 1.936 1.414 1.36 -0.88
113 217 1 72.212 324.093 37.478 4.353 1.785 1.422 -0.875
113 233 4 101.223 321.505 37.58 0.586 0.659 1.318 2.244
113 234 1 69.104 339.694 37.759 4.474 1.791 1.692 2.281
113 238 1 35.036 332.044 37.384 1.797 0.133 0.428 2.254
113 239 1 20.035 306.205 37.212 2.035 0.824 1.237 -0.869
114 90 4 18.75 313.157 37.41 1.391 0.922 1.374 2.443
114 137 3 47.618 286.819 37.224 0.431 0.645 1.512 0.547
114 172 2 102.021 330.773 38.635 6.546 2.476 3.33 -0.696
114 188 5 73.641 317.877 37.541 2.778 1.242 1.739 -0.69
114 190 3 81.632 313.944 37.691 0.572 0.473 1.646 0.118
114 194 1 110.796 328.763 37.399 1.327 1.761 1.094 -0.734
114 211 5 92.561 325.436 37.395 3.86 1.762 1.352 -0.726
114 217 1 76.917 325.082 37.469 4.289 1.788 1.416 -0.69
114 233 4 98.441 320.743 37.41 0.65 0.653 1.649 0.589
114 234 1 63.106 338.539 37.799 4.646 1.909 1.749 2.426
114 238 1 30.029 331.827 37.527 4.087 1.683 1.52 2.428
114 239 1 20.019 305.975 37.261 2.551 1.281 1.35 -0.687
115 90 4 16.869 313.398 37.299 0.572 0.66 1.422 -0.473
115 137 3 47.541 287.3 37.216 0.614 0.599 1.47 1.058
115 172 2 107.218 331.786 38.598 8.387 2.586 3.538 -0.54
115 188 5 76.744 318.363 37.52 2.765 1.258 1.734 -0.484
115 190 3 81.755 313.847 37.701 0.406 0.445 1.404 -0.576
115 194 1 115.425 329.635 37.624 1.339 1.365 0.942 -0.487
115 211 5 95.774 326.085 37.473 1.784 1.508 1.345 -0.529
115 217 1 81.615 326.064 37.463 4.303 1.853 1.424 -0.523
115 234 1 56.924 337.246 37.842 4.547 1.641 1.577 2.592
115 238 1 25.154 330.912 37.698 1.948 1.659 1.259 2.616
115 239 1 20.359 305.943 37.179 1.833 1.519 1.136 -0.508
