0 1 4 399.284 95.391 37.571 1.705 0.963 1.571 2.887
0 2 1 396.407 87.671 38.177 3.288 1.626 0.881 2.964
0 3 1 409.859 86.818 37.766 4.068 1.732 1.659 1.778
0 4 4 385.961 63.455 37.492 1.5 0.588 1.289 -0.271
0 5 3 441.898 110.08 37.747 0.288 0.578 1.505 -0.078
1 1 4 397.292 94.797 37.564 1.769 0.843 1.538 2.908
1 2 1 390.173 86.292 38.252 2.99 1.707 0.827 2.897
1 3 1 408.821 87.549 37.774 4.059 1.879 1.689 1.972
1 4 4 389.452 64.172 37.54 1.662 0.751 1.425 -0.272
1 5 3 441.279 109.855 37.727 0.382 0.454 1.49 2.894
2 1 4 395.435 94.127 37.613 1.787 0.71 1.522 2.921
2 2 1 383.828 84.787 38.343 2.956 1.594 0.712 2.857
2 3 1 407.465 88.128 37.785 4.038 1.863 1.653 2.184
2 4 4 392.843 64.936 37.604 1.613 0.648 1.471 -0.304
2 5 3 440.64 109.742 37.724 0.545 0.627 1.42 2.857
2 11 3 441.01 108.857 37.706 0.269 0.449 1.429 2.857
2 12 2 464.667 106.499 37.882 5.002 2.001 1.901 2.857
3 1 4 393.442 93.706 37.61 1.703 0.842 1.578 2.729
3 2 1 378.416 83.74 38.174 1.056 1.644 0.743 2.732
3 3 1 405.8 88.516 37.829 4.038 2.142 1.567 2.349
3 4 4 396.333 65.638 37.576 1.592 0.681 1.459 -0.36
3 5 3 439.979 109.563 37.72 0.437 0.578 1.385 2.81
3 11 3 440.434 108.785 37.716 0.516 0.507 1.371 2.746
3 12 2 456.986 104.524 37.838 5.521 1.633 2.052 2.742
3 14 2 463.092 102.062 38.409 5.977 2.007 2.78 2.752
4 1 4 391.55 93.196 37.64 1.863 0.785 1.566 2.651
4 2 1 372.166 82.599 38.297 0.502 0.949 0.588 2.657
4 3 1 403.655 88.386 37.779 3.973 1.741 1.645 2.452
4 4 4 399.769 66.363 37.532 1.606 0.714 1.443 -0.47
4 5 3 439.294 109.438 37.658 0.463 0.526 1.624 2.658
4 11 3 439.722 108.686 37.686 0.568 0.453 1.563 2.658
4 12 2 447.438 102.436 37.765 2.211 1.866 2.19 2.668
4 14 2 457.764 100.785 38.36 6.136 2.059 3.207 2.647
4 15 4 358.538 85.759 37.882 0.623 0.424 1.11 2.652
5 1 4 389.635 92.812 37.702 1.491 0.657 1.34 2.497
5 3 1 401.257 88.162 37.761 3.954 1.805 1.69 2.54
5 4 4 403.271 67.047 37.56 1.589 0.789 1.514 -0.57
5 5 3 438.695 109.266 37.675 0.462 0.344 1.27 2.59
5 11 3 439.037 108.595 37.562 0.476 0.478 1.505 2.59
5 12 2 441.95 101.064 37.745 7.137 1.915 2.109 2.581
5 14 2 453.307 99.593 38.206 7.67 1.807 3.13 2.588
5 15 4 356.502 85.236 37.874 0.585 0.531 0.79 2.506
6 1 4 387.706 92.617 38.198 0.317 0.339 0.154 2.469
6 3 1 398.589 87.79 37.777 3.957 1.767 1.656 2.458
6 4 4 406.705 67.857 37.537 1.562 0.648 1.449 -0.593
6 5 3 437.859 109.342 37.673 0.386 0.489 1.677 2.508
6 11 3 438.415 108.452 37.59 0.561 0.487 1.486 2.508
6 12 2 434.27 99.279 37.792 7.497 2.128 2.23 2.523
6 14 2 447.143 98.755 38.306 4.435 2.098 3.173 2.457
6 15 4 354.274 84.535 37.789 1.002 0.481 1.083 2.572
7 1 4 385.803 92.252 38.069 0.347 0.428 0.351 2.474
7 3 1 395.693 87.259 37.817 3.829 1.913 1.585 2.37
7 4 4 410.143 68.619 37.526 1.565 0.673 1.463 -0.654
7 12 2 426.633 97.451 37.851 7.494 2.207 2.228 2.46
7 14 2 443.1 97.724 38.253 6.895 2.641 3.183 2.46
7 15 4 352.546 83.968 37.978 0.502 0.411 0.848 2.409
8 1 4 383.798 91.793 37.632 1.76 0.674 1.516 2.462
8 3 1 392.791 86.622 37.781 3.152 1.623 1.619 2.466
8 4 4 413.589 69.444 37.541 1.633 0.607 1.503 -0.661
8 12 2 418.475 95.507 37.917 5.963 2.074 2.276 2.402
8 14 2 437.794 96.482 38.227 6.812 2.643 2.936 2.383
8 15 4 350.582 83.269 38.016 0.428 0.513 0.868 2.339
8 16 2 460.449 104.569 38.664 3.02 0.265 1.637 2.421
9 1 4 381.807 91.279 37.587 1.522 0.605 1.462 2.437
9 3 1 389.308 85.89 37.844 3.004 1.799 1.485 2.288
9 4 4 417.008 70.295 37.524 1.518 0.618 1.466 -0.737
9 12 2 411.237 93.864 37.942 5.825 2.146 2.258 2.375
9 14 2 432.567 95.478 38.201 6.941 2.701 2.877 2.341
9 16 2 453.308 103.125 38.326 4.51 0.354 2.82 2.387
10 1 4 380.008 90.834 37.604 1.65 0.702 1.409 2.383
10 3 1 386.291 85.199 37.929 1.44 1.477 1.217 2.342
10 4 4 420.461 71.034 37.548 1.728 0.73 1.507 -0.846
10 12 2 404.409 92.391 37.973 5.613 2.076 2.22 2.314
10 14 2 426.861 94.265 38.095 7.891 2.675 2.634 2.286
10 16 2 446.576 101.915 38.194 5.873 1.134 3.063 2.306
11 1 4 377.899 90.338 37.638 1.187 0.367 1.036 2.27
11 3 1 381.485 84.114 37.85 2.869 1.77 1.483 2.292
11 4 4 423.855 71.776 37.519 1.65 0.591 1.485 -0.932
11 12 2 397.376 90.815 37.974 5.706 1.954 2.259 2.265
11 14 2 421.718 93.235 38.119 7.87 2.618 2.642 2.253
11 16 2 440.445 101.178 38.261 6.007 2.023 2.83 2.246
12 1 4 376.241 89.795 37.984 0.523 0.448 0.672 2.205
12 3 1 378.286 83.347 37.953 0.547 1.61 0.993 2.205
12 4 4 427.277 72.51 37.492 1.606 0.595 1.498 -0.921
12 12 2 390.342 89.275 37.964 5.56 2.022 2.201 2.213
12 14 2 416.662 92.13 38.094 7.843 2.628 2.514 2.202
12 16 2 434.26 99.827 38.228 7.215 2.227 3.126 2.202
13 3 1 373.704 82.281 38.009 0.727 1.427 0.976 2.241
13 4 4 430.767 73.014 37.461 1.537 0.905 1.484 -0.992
13 12 2 383.863 87.832 37.94 4.098 1.958 2.183 2.174
13 14 2 411.184 91.057 38.034 6.584 2.874 2.362 2.141
13 16 2 428.587 98.587 38.259 7.247 2.385 3.041 2.157
14 3 1 369.037 81.296 37.922 0.627 1.514 0.932 2.117
14 4 4 434.178 73.747 37.465 1.614 0.517 1.514 -0.995
14 12 2 376.65 86.366 37.928 3.952 2.342 2.198 2.117
14 14 2 406.265 89.922 38.061 6.82 2.669 2.32 2.075
14 16 2 423.099 97.363 38.232 7.248 2.37 2.95 2.09
14 22 1 462.879 106.035 37.284 3.76 1.17 1.088 2.117
15 3 1 364.266 79.954 38.047 0.505 1.276 1.024 2.023
15 4 4 437.695 74.247 37.476 1.568 0.567 1.497 -1.163
15 12 2 368.851 84.638 38.042 4.968 2.035 2.051 2.008
15 14 2 401.211 88.854 38.141 6.696 2.478 2.454 2.023
15 16 2 417.596 96.245 38.17 7.155 2.364 2.722 2.023
15 22 1 457.107 105.111 37.338 3.867 1.597 0.956 1.981
15 24 3 432.466 106.953 37.626 0.588 0.444 1.307 2.034
16 3 1 359.357 79.011 37.554 0.266 1.404 0.506 1.985
16 4 4 441.136 74.829 37.404 1.485 0.593 1.411 -1.069
16 12 2 361.551 83.265 38.088 4.723 1.903 2.035 1.91
16 14 2 395.647 87.614 38.355 7.699 2.395 2.828 1.938
16 16 2 411.662 94.845 38.07 6.001 2.26 2.531 1.907
16 22 1 451.379 103.905 37.48 3.796 1.836 1.48 1.935
16 24 3 431.87 106.772 37.566 0.311 0.282 1.405 1.881
16 27 3 431.485 107.73 37.75 0.595 0.539 1.741 1.816
17 3 1 354.115 77.848 37.573 0.537 1.509 0.72 1.774
17 4 4 444.669 75.707 37.35 1.591 0.519 1.349 -1.383
17 12 2 354.108 81.822 38.014 4.74 1.89 1.943 1.739
17 14 2 391.058 86.683 38.422 6.513 2.498 3.013 1.779
17 16 2 406.304 93.504 38.092 6.172 2.31 2.467 1.737
17 22 1 445.887 102.583 37.476 4.185 1.717 1.515 1.764
17 24 3 431.134 106.736 37.781 0.423 0.507 1.642 1.742
17 27 3 430.749 107.54 37.772 0.629 0.567 1.658 1.824
18 4 4 448.076 76.474 37.295 1.495 0.597 1.212 -1.465
18 14 2 385.923 85.549 38.48 6.527 2.508 3.046 1.648
18 16 2 400.849 92.379 38.115 6.047 2.305 2.531 1.648
18 22 1 440.126 101.256 37.459 4.115 1.856 1.516 1.648
18 24 3 430.513 106.628 37.737 0.348 0.392 1.73 1.662
18 27 3 430.126 107.41 37.792 0.503 0.627 1.604 1.662
19 4 4 451.451 77.251 37.303 1.493 0.584 1.085 -1.621
19 14 2 380.78 84.349 38.571 6.488 2.386 3.242 1.555
19 16 2 395.278 91.113 38.17 5.967 2.331 2.753 1.524
19 22 1 434.566 100.118 37.36 4.234 1.842 1.165 1.555
19 24 3 429.849 106.463 37.803 0.444 0.487 1.525 1.534
19 27 3 429.452 107.297 37.867 0.533 0.726 1.689 1.433
20 4 4 454.831 78.078 37.451 1.333 0.445 1.209 -1.697
20 14 2 376.161 83.365 38.484 5.304 2.422 3.124 1.388
20 16 2 389.362 89.68 38.325 6.173 2.277 2.928 1.398
20 22 1 428.999 98.923 37.517 4.439 1.734 1.501 1.384
20 24 3 429.186 106.335 37.823 0.341 0.414 1.644 1.408
20 27 3 428.788 107.056 37.813 0.463 0.499 1.643 1.408
21 14 2 371.061 82.214 38.545 5.451 2.439 3.161 1.28
21 16 2 383.728 88.317 38.388 5.83 2.442 2.976 1.255
21 22 1 423.615 97.789 37.541 4.529 1.807 1.514 1.267
21 24 3 428.535 106.199 37.762 0.44 0.512 1.536 1.255
21 27 3 428.113 106.826 37.823 0.491 0.339 1.689 1.255
22 14 2 365.799 81.033 38.501 5.365 2.492 3.067 1.182
22 16 2 377.878 86.959 38.445 5.87 2.34 2.978 1.198
22 22 1 418.242 96.655 37.534 4.521 1.78 1.52 1.145
22 24 3 427.836 106.131 38.047 0.411 0.555 1.003 1.198
22 27 3 427.465 106.952 37.956 0.607 0.715 1.446 1.198
23 14 2 360.743 79.841 38.673 5.284 2.327 3.059 1.088
23 16 2 372.699 85.597 38.489 4.85 2.433 3.156 1.088
23 22 1 413.058 95.679 37.586 4.538 1.78 1.511 1.088
23 24 3 427.218 105.866 37.69 0.533 0.292 1.453 1.217
23 27 3 426.779 106.725 37.803 0.514 0.682 1.734 1.115
24 14 2 355.553 78.632 38.586 5.451 2.54 2.633 0.974
24 16 2 366.464 84.016 38.496 5.674 2.42 2.759 0.966
24 22 1 407.667 94.622 37.617 5.413 1.952 1.51 0.987
24 24 3 426.505 105.806 37.843 0.443 0.442 1.539 -1.948
24 27 3 426.142 106.474 37.893 0.372 0.67 1.659 -2.069
24 34 1 466.29 107.145 37.669 2.124 1.844 1.453 1.015
25 14 2 350.312 77.481 38.487 5.37 2.516 2.956 0.792
25 16 2 360.995 82.504 38.453 4.643 2.272 3.176 0.846
25 22 1 402.257 93.598 37.613 4.309 2.013 1.539 0.822
25 24 3 425.891 105.581 37.802 0.578 0.587 1.613 0.811
25 27 3 425.567 106.363 37.808 0.55 0.599 1.574 0.783
25 34 1 459.388 105.536 37.69 2.687 1.929 1.617 0.798
25 36 4 350.796 83.329 37.473 0.83 0.733 1.078 0.797
26 16 2 354.799 81.013 38.543 5.632 2.257 2.89 0.584
26 22 1 397.249 92.43 37.599 4.272 1.813 1.529 0.581
26 24 3 425.213 105.508 37.778 0.616 0.594 1.619 0.563
26 27 3 424.919 106.209 37.775 0.735 0.549 1.599 0.563
26 34 1 452.749 104.156 37.399 3.67 2.058 1.274 0.57
26 36 4 348.96 82.979 37.652 1.384 0.487 0.928 0.551
27 16 2 350.847 80.161 38.295 1.235 2.313 3.109 0.303
27 22 1 392.283 91.257 37.611 4.223 1.739 1.435 0.36
27 24 3 424.62 105.349 37.786 0.688 0.551 1.693 0.408
27 27 3 424.262 106.036 37.795 0.729 0.443 1.649 0.304
27 34 1 445.743 102.706 37.585 3.88 1.918 1.838 0.356
27 36 4 346.736 82.528 37.507 0.909 0.533 1.012 0.79
27 37 5 456.339 100.954 37.425 0.798 1.645 0.345 0.456
28 16 2 344.677 78.974 38.445 0.673 2.423 2.609 0.075
28 22 1 387.249 90.018 37.618 4.203 1.83 1.493 0.165
28 24 3 423.974 105.208 37.758 0.758 0.558 1.604 0.118
28 27 3 423.362 105.965 37.811 0.487 0.494 1.712 0.118
28 34 1 438.897 101.282 37.609 4.026 2.085 1.662 0.081
28 36 4 345.049 82.158 37.464 1.236 0.672 0.741 0.094
28 37 5 451.291 99.766 37.312 0.88 1.515 0.554 0.116
29 22 1 382.26 88.616 37.622 4.18 1.87 1.443 0.068
29 24 3 423.302 105.022 37.612 0.625 0.35 1.425 0.051
29 27 3 422.912 105.92 37.794 0.791 0.647 1.603 0.051
29 34 1 432.032 99.796 37.629 4.025 2.081 1.748 -0.005
29 36 4 342.968 81.634 37.455 1.19 0.67 1.012 0.06
29 37 5 446.053 98.976 37.125 0.748 1.27 0.302 0.01
29 39 5 455.083 103.127 37.425 0.333 0.743 0.351 -0.039
30 22 1 377.281 87.325 37.643 4.162 1.883 1.505 0.037
30 24 3 422.411 104.953 37.747 0.437 0.432 1.576 -3.105
30 27 3 422.109 105.727 37.803 0.347 0.501 1.714 0.232
30 34 1 425.154 98.364 37.626 4.097 2.12 1.733 -0.035
30 36 4 340.792 81.286 37.514 0.824 0.819 1.026 -0.071
30 37 5 441.284 97.386 37.278 0.904 1.072 0.674 -0.035
30 39 5 447.951 102.138 37.388 0.315 0.563 0.283 3.097
31 22 1 373.397 86.267 37.577 3.934 1.819 1.384 0.042
31 24 3 421.846 104.823 37.739 0.75 0.459 1.355 0.005
31 27 3 421.349 105.687 37.804 0.52 0.63 1.587 0.051
31 34 1 418.284 96.885 37.638 4.122 2.152 1.714 -0.014
31 36 4 339.277 81 37.435 1.063 0.711 1.164 -0.047
31 37 5 436.379 96.546 37.205 0.789 1.747 0.604 0.037
31 39 5 441.1 100.952 37.316 1.424 1.865 0.84 0.029
31 41 1 392.43 71.189 38.037 4.729 1.666 1.257 -3.116
32 22 1 368.322 84.934 37.66 4.098 2.034 1.43 -0.015
32 24 3 421.262 104.794 37.613 0.585 0.552 1.254 -3.03
32 27 3 420.843 105.636 37.769 0.683 0.566 1.663 -3.03
32 34 1 411.428 95.424 37.669 4.139 2.137 1.633 -0.015
32 37 5 431.517 95.6 37.226 0.476 1.444 0.367 -0.015
32 39 5 435.14 100.002 37.428 4.063 2.064 1.528 -0.015
32 41 1 400.113 73.033 37.739 4.858 1.961 1.819 3.127
33 22 1 363.527 83.73 37.648 3.755 2.032 1.49 -0.024
33 24 3 420.351 104.619 37.806 0.411 0.465 1.492 -0.015
33 27 3 420.228 105.556 37.762 0.8 0.636 1.545 -0.015
33 34 1 404.629 93.903 37.698 4.244 2.168 1.711 -0.018
33 37 5 426.897 94.539 37.138 0.855 1.82 0.523 -0.012
33 39 5 427.656 98.565 37.369 3.954 1.991 1.28 0.002
33 41 1 407.894 75.044 38.042 4.587 1.441 1.106 3.119
34 22 1 358.418 82.493 37.679 3.919 1.941 1.484 -0.024
34 24 3 419.674 104.572 38.115 0.346 0.555 0.733 -3.124
34 27 3 419.523 105.459 38.125 0.403 0.621 0.683 -3.124
34 34 1 397.898 92.421 37.737 4.453 2.191 1.784 -0.007
34 37 5 422.2 93.526 37.246 0.903 1.739 0.727 -0.011
34 39 5 420.679 97.143 37.574 4.177 2.188 1.714 -0.011
34 41 1 415.32 76.456 37.929 3.616 1.959 0.792 3.085
34 43 1 362.727 65.566 37.832 3.74 1.399 1.224 3.093
34 44 5 333.055 80.957 37.702 0.585 0.454 0.346 0.033
35 22 1 353.47 81.418 37.671 3.741 1.688 1.374 0.017
35 24 3 418.98 104.465 37.748 0.228 0.287 1.712 0.017
35 27 3 418.729 105.27 37.843 0.525 0.558 1.455 0.017
35 34 1 391.052 90.836 37.776 4.368 2.147 1.746 0.036
35 37 5 417.625 92.493 37.22 0.826 1.693 0.638 0.039
35 39 5 413.38 95.414 37.69 4.267 2.004 1.797 0.008
35 43 1 370.606 67.014 37.823 3.809 1.768 1.278 3.124
35 44 5 330.767 80.944 37.405 0.954 0.942 1.332 0.038
36 22 1 348.372 80.367 37.645 3.622 1.668 1.475 0.01
36 24 3 418.454 104.375 37.717 0.677 0.513 1.609 0.039
36 27 3 418.224 105.165 37.589 0.453 0.356 1.356 0.056
36 34 1 384.468 89.178 37.824 4.414 2.12 1.715 0.048
36 37 5 413.078 91.577 37.213 1.079 1.782 0.71 0.074
36 39 5 405.907 93.769 37.692 4.438 2.008 1.822 -0.029
36 43 1 379.27 68.797 37.827 5.576 1.738 1.42 -3.128
36 44 5 328.96 80.653 37.717 0.825 0.56 0.87 0.04
37 22 1 343.136 79.344 37.645 3.69 1.748 1.454 0.019
37 24 3 417.704 104.227 37.599 0.401 0.722 1.469 0.056
37 27 3 417.373 105.174 38.14 0.198 0.385 0.896 0.003
37 34 1 377.863 87.514 37.839 4.337 2.018 1.76 0.036
37 37 5 408.447 90.64 37.321 0.905 1.71 0.665 0.009
37 39 5 398.256 92.133 37.727 4.446 2.069 1.749 0.003
37 43 1 387.648 70.543 37.907 3.6 1.609 1.327 3.122
37 44 5 327.059 80.451 37.605 0.867 0.827 1.205 0.029
38 22 1 338.593 78.469 37.723 2.105 1.736 1.436 0.01
38 24 3 417.124 104.046 37.537 0.402 0.237 1.135 -3.108
38 27 3 416.624 104.977 37.784 0.773 0.647 1.71 -3.139
38 34 1 371.351 86.07 37.992 4.286 2.003 1.524 0.029
38 37 5 404.395 89.916 37.606 2.111 1.779 1.34 0.009
38 39 5 390.664 90.368 37.783 4.49 2.041 1.815 -0.001
38 43 1 394.929 72.286 37.846 2.255 1.19 1.075 -3.066
38 44 5 324.954 80.223 37.568 0.815 0.774 1.206 -0.026
39 22 1 333.127 77.402 37.607 2.318 1.796 1.309 -0.114
39 34 1 364.941 84.481 37.954 4.344 1.912 1.936 0.08
39 37 5 399.071 88.824 37.22 0.953 1.767 0.63 0.126
39 39 5 383.138 88.677 37.844 4.54 2.215 1.799 0.047
39 44 5 322.997 79.864 37.673 0.765 0.855 1.073 0.126
40 22 1 327.699 76.341 37.558 2.235 1.737 1.283 0.004
40 34 1 358.434 82.984 37.925 4.385 2.046 1.789 0.036
40 37 5 394.292 87.872 37.262 1.248 1.72 0.686 -0.02
40 39 5 375.628 86.889 37.856 4.52 2.085 1.772 0
40 44 5 321.203 79.528 37.7 1.116 0.782 1.004 -0.02
41 22 1 321.647 75.224 37.543 3.067 1.763 1.263 0
41 34 1 351.907 81.636 37.905 4.223 2.155 1.77 -0.002
41 37 5 389.194 86.723 37.367 0.843 1.704 0.47 0.037
41 39 5 368.206 85.278 37.884 4.491 2.285 1.831 0.011
41 44 5 319.261 79.126 37.515 0.935 0.728 1.358 -0.023
42 22 1 315.689 74.065 37.609 3.648 1.815 1.453 -0.002
42 34 1 345.262 80.267 37.918 4.209 2.026 1.733 0.016
42 37 5 384.063 85.836 37.364 0.798 1.559 0.438 0.033
42 39 5 360.901 83.565 37.882 4.573 2.262 1.814 0.033
42 44 5 317.227 78.657 37.559 1.109 0.796 1.452 0.113
43 22 1 310.621 73.045 37.647 2.188 1.677 1.549 0.049
43 34 1 338.621 78.911 38.049 4.235 2.017 1.946 0.044
43 37 5 379.04 84.666 37.343 0.948 1.719 0.509 0.049
43 39 5 353.661 81.864 37.909 4.571 2.227 1.81 0.044
43 44 5 315.286 78.33 37.594 1.256 0.776 1.292 0.049
44 22 1 303.964 71.827 37.538 3.732 1.775 1.269 0.011
44 34 1 332.001 77.599 37.915 4.197 2.033 1.737 0.025
44 37 5 373.847 83.33 37.537 0.489 1.28 0.524 0.01
44 39 5 346.489 80.087 37.97 4.697 2.017 1.763 0.024
44 44 5 313.248 77.955 37.668 1.442 0.691 1.416 0.038
44 50 5 394.081 91.32 37.414 0.625 1.745 0.399 0.098
45 22 1 298.165 70.738 37.518 3.352 1.746 1.27 0.026
45 34 1 325.394 76.307 37.909 4.226 2.026 1.724 0
45 37 5 368.532 82.239 37.399 0.745 1.635 0.628 0.013
45 39 5 339.264 78.55 37.977 4.695 1.955 1.764 0
45 44 5 311.148 77.598 37.732 1.595 0.804 1.475 0.026
45 50 5 387.996 90.148 37.69 2.284 1.963 1.187 0.026
46 22 1 291.777 69.548 37.635 4.016 1.785 1.307 0.039
46 34 1 318.732 74.966 37.913 4.188 1.999 1.721 -0.001
46 37 5 363.176 81.031 37.49 0.737 1.522 0.412 0.039
46 39 5 332.24 77.064 37.986 4.728 2.046 1.786 0.028
46 44 5 309.257 77.392 38.219 0.374 0.443 0.414 0.039
46 50 5 381.116 88.518 37.721 2.283 1.747 1.212 0.041
46 52 4 268.523 70.379 37.539 0.486 0.652 1.513 0.039
47 22 1 285.961 68.456 37.614 3.143 1.739 1.49 0
47 34 1 311.958 73.754 37.902 4.255 2.03 1.748 0
47 37 5 357.886 79.829 37.439 0.887 1.695 0.612 -0.026
47 39 5 325.234 75.658 38.012 4.752 2.051 1.834 -0
47 44 5 307.082 77.151 38.35 0.428 0.359 0.298 0
47 50 5 373.426 86.745 37.593 0.61 1.627 0.512 0.048
47 52 4 265.783 69.801 37.582 0.555 0.511 1.083 0.007
48 22 1 279.351 67.197 37.597 3.87 1.762 1.338 -0
48 34 1 305.216 72.4 37.895 4.279 1.94 1.735 0
48 37 5 352.432 78.668 37.478 0.749 1.786 0.638 0.024
48 39 5 318.385 74.387 37.975 4.685 2.19 1.816 0
48 44 5 304.972 76.815 37.709 1.882 0.932 1.53 0
48 50 5 366.737 85.139 37.451 0.738 1.692 0.759 0.016
48 52 4 262.97 69.345 37.544 0.675 0.59 1.632 -0
48 54 1 300.464 54.306 37.471 2.968 1.82 1.446 3.128
48 55 1 273.79 49.807 37.081 1.793 1.712 1.129 -3.138
48 56 1 281.716 48.096 37.257 3.23 1.761 1.349 -3.138
49 22 1 273.074 66.036 37.585 3.707 1.896 1.497 -0.044
49 34 1 298.389 71.155 37.85 4.301 1.925 1.785 0.006
49 37 5 347.095 77.452 37.461 0.878 1.743 0.611 0.082
49 39 5 311.794 73.055 37.98 4.847 1.98 1.861 -0.047
49 44 5 302.859 76.614 37.685 1.931 1.221 1.586 -0.042
49 50 5 359.795 83.447 37.491 0.671 1.67 0.642 0.109
49 52 4 260.389 68.772 37.61 0.512 0.738 1.176 0.005
49 54 1 306.11 55.4 37.505 5.916 1.876 1.465 -3.116
49 55 1 278.254 50.928 37.22 4.186 1.884 1.205 -3.126
49 56 1 285.455 48.816 37.504 4.341 1.77 1.773 -3.126
49 58 1 296.948 47.934 37.2 4.423 1.335 1.187 -3.067
50 22 1 266.919 64.852 37.495 3.349 1.722 1.492 0.035
50 34 1 291.596 69.856 37.844 4.29 1.97 1.724 0.032
50 37 5 341.697 76.373 37.378 0.841 1.505 0.67 -0.007
50 39 5 305.236 71.806 37.962 4.737 2.047 1.829 -0.008
50 44 5 300.88 76.198 37.721 1.754 0.962 1.563 -0.01
50 50 5 352.815 81.96 37.494 0.635 1.546 0.693 0.046
50 52 4 257.822 68.382 37.509 0.838 0.7 1.336 0.022
50 54 1 312.593 56.496 37.576 4.402 1.694 1.447 -3.127
50 55 1 283.523 51.948 37.451 4.358 1.731 1.406 -3.134
50 56 1 289.474 49.607 37.541 4.295 1.905 1.745 -3.14
50 58 1 300.772 48.766 37.412 5.074 1.732 1.469 -3.108
50 60 1 269.468 45.769 36.908 0.698 1.084 0.606 -3.104
50 63 3 307.268 43.468 37.718 0.57 0.408 1.638 -3.106
51 22 1 260.061 63.646 37.308 3.945 1.817 1.195 -0.02
51 34 1 284.887 68.58 37.821 4.397 2.019 1.733 -0.016
51 37 5 336.025 75.175 37.452 0.811 1.559 0.625 0.11
51 39 5 298.758 70.583 37.943 4.687 2.058 1.787 -0.02
51 44 5 298.877 75.769 37.743 1.794 0.933 1.531 -0.02
51 50 5 345.863 80.565 37.624 0.776 1.626 0.638 0.074
51 52 4 254.997 67.917 37.525 0.879 0.681 1.256 0.357
51 54 1 317.799 57.401 37.599 2.44 1.683 1.439 -3.13
51 55 1 288.755 53.021 37.528 4.753 1.752 1.485 -3.134
51 56 1 293.738 50.405 37.584 5.041 2.037 1.808 3.13
51 58 1 304.424 49.675 37.402 4.163 1.715 1.352 -3.098
51 60 1 274.095 46.349 37.323 4.717 2.025 1.477 3.132
51 63 3 307.067 43.395 38.144 0.445 0.603 0.729 -3.032
51 67 1 263.997 79.869 37.269 4.025 1.916 0.987 1.51
52 22 1 253.673 62.363 37.3 3.722 1.662 1.092 0.096
52 34 1 278.183 67.31 37.801 4.429 1.994 1.74 0.01
52 37 5 330.398 74.057 37.545 0.88 1.686 0.563 0.029
52 39 5 292.227 69.407 37.954 4.733 2.006 1.886 0.014
52 44 5 296.971 75.501 38.29 0.317 0.413 0.273 0.034
52 50 5 339.571 79.316 37.775 2.359 1.72 1.353 0.029
52 52 4 251.828 67.321 37.548 1.255 0.652 1.556 -0.029
52 54 1 324.604 58.596 37.392 3.742 1.643 1.028 -3.135
52 55 1 295.219 54.244 37.569 4.753 1.95 1.443 -3.117
52 56 1 298.279 51.252 38.015 3.667 1.603 0.854 -3.117
52 58 1 308.265 50.738 37.239 4.172 1.826 1.096 -3.138
52 60 1 280.18 47.666 37.369 4.95 1.66 1.386 -3.103
52 63 3 306.819 43.375 37.852 0.374 0.49 1.271 2.166
52 67 1 264.145 77.983 37.685 4.442 1.704 1.694 1.442
53 22 1 246.86 61.305 37.474 4.028 1.862 1.402 -0.014
53 34 1 271.547 66.008 37.745 4.293 2.034 1.752 0.011
53 37 5 325.026 72.88 37.337 0.853 1.557 0.648 -0.013
53 39 5 285.496 68.117 37.878 4.822 2.083 1.8 0.011
53 44 5 295.019 74.977 38.3 0.236 0.15 0.112 -3.105
53 50 5 331.72 77.823 37.584 0.663 1.82 0.631 0.027
53 52 4 249.275 66.818 37.627 1.067 0.624 1.37 0.017
53 54 1 329.387 59.245 37.302 0.999 1.472 0.866 -3.135
53 55 1 300.621 55.338 37.556 4.489 1.921 1.516 -3.104
53 56 1 301.315 51.832 37.509 2.778 1.852 1.474 -3.12
53 58 1 313.749 52.917 37.296 1.137 0.284 0.997 -3.127
53 60 1 286.113 49.081 37.464 6.008 1.136 1.473 -3.107
53 63 3 306.473 43.223 37.949 0.275 0.45 1.388 3.099
53 67 1 264.089 76.497 37.707 4.724 1.959 1.733 1.415
53 72 1 273.046 50.353 37.505 3.992 0.808 1.295 -3.119
54 22 1 240.241 60.054 37.371 3.99 1.748 1.178 0.026
54 34 1 264.856 64.704 37.701 4.264 1.946 1.734 0.026
54 37 5 319.175 71.729 37.537 0.657 1.57 0.38 0.026
54 39 5 278.638 66.955 37.832 4.719 2.174 1.774 0.026
54 44 5 292.701 74.417 37.635 1.263 0.843 1.482 0.026
54 50 5 325.146 76.594 37.514 1.858 1.985 1.008 0.026
54 52 4 246.9 66.271 38.06 0.389 0.628 0.669 0.003
54 55 1 306.166 56.543 37.484 4.309 1.838 1.338 -3.084
54 56 1 305.811 52.757 37.581 3.906 1.927 1.641 3.102
54 60 1 291.619 49.707 37.503 4.616 2.088 1.461 -3.136
54 63 3 306.359 43.243 37.727 0.511 0.516 1.67 3.142
54 67 1 263.988 75.368 37.693 4.813 2.103 1.73 1.379
54 72 1 280.376 51.396 37.578 4.603 1.878 1.386 -3.131
55 22 1 233.915 58.935 37.363 3.312 1.639 1.014 0.027
55 34 1 258.16 63.589 37.665 4.326 1.979 1.731 0.014
55 37 5 313.561 70.558 37.47 0.93 1.716 0.604 0.013
55 39 5 271.892 65.788 37.794 4.749 1.944 1.802 0.001
55 44 5 290.792 73.904 37.709 1.358 0.731 1.457 0.005
55 50 5 318.324 75.402 37.77 2.375 1.825 1.287 -0.029
55 52 4 244.261 65.583 38.16 0.226 0.344 0.231 -0.057
55 55 1 310.321 57.375 37.454 1.367 1.699 1.325 3.128
55 56 1 309.614 53.515 37.513 2.89 1.936 1.528 3.132
55 60 1 296.438 50.928 37.285 4.756 1.779 1.207 -3.141
55 63 3 306.079 43.304 37.791 0.394 0.358 1.281 3.119
55 67 1 263.836 74.391 37.722 4.61 2.148 1.785 1.329
55 72 1 286.099 52.565 37.494 4.409 1.69 1.457 -3.106
55 74 1 279.411 33.351 37.049 3.965 1.438 1.093 -2.08
55 75 1 254.977 45.331 37.33 3.913 1.552 1.517 3.054
56 22 1 227.42 57.808 37.176 3.17 1.682 1.129 -0.031
56 34 1 251.443 62.316 37.649 4.336 2.047 1.77 0
56 37 5 307.756 69.234 37.42 0.448 0.732 0.375 0.034
56 39 5 265.158 64.582 37.797 4.522 1.865 1.803 -0.053
56 44 5 288.868 73.416 37.68 1.242 0.777 1.609 -0.01
56 50 5 311.083 73.939 37.526 1.897 1.692 1.011 -0.027
56 52 4 241.669 65.019 38.007 0.349 0.493 0.613 0
56 55 1 315.899 58.37 37.364 1.104 1.499 0.662 -3.14
56 56 1 313.928 55.089 37.456 3.087 0.577 0.763 3.117
56 63 3 305.783 43.266 37.825 0.549 0.511 1.579 3.142
56 67 1 263.659 73.454 37.722 4.328 2.227 1.757 1.295
56 72 1 292.093 53.86 37.523 4.298 1.759 1.482 -3.13
56 74 1 279.679 35.259 37.086 3.799 0.433 1.02 -2.084
56 75 1 262.197 46.688 37.454 6.105 1.734 1.467 3.134
57 22 1 221.329 56.732 37.332 2.149 1.683 0.901 0
57 34 1 244.692 61.136 37.657 4.342 2.158 1.75 0
57 37 5 302.264 68.076 37.471 0.533 1.396 0.423 0
57 39 5 258.472 63.483 37.932 4.569 2.028 1.5 0
57 44 5 287.231 72.977 37.627 1.095 0.776 1.414 0
57 50 5 304.183 72.601 37.779 2.26 1.785 1.204 0
57 52 4 238.6 64.38 37.538 1.865 0.751 1.752 0
57 56 1 317.787 54.968 37.705 1.032 1.134 1.247 -3.112
57 67 1 263.381 73.153 38.212 3.51 2.205 0.752 1.355
57 72 1 298.263 55.22 37.49 4.432 1.59 1.492 -3.063
57 74 1 281.085 37.236 37.397 4.483 1.287 0.998 -2.139
57 75 1 269.548 47.921 37.399 4.332 1.662 1.505 -3.134
58 22 1 214.057 55.424 37.262 3.847 1.712 1.198 0.035
58 34 1 237.888 59.923 37.664 4.287 1.936 1.726 0.023
58 37 5 296.78 66.972 37.389 0.918 1.716 0.586 0.031
58 39 5 251.798 62.313 37.866 4.511 1.937 1.517 0.022
58 44 5 285.105 72.433 37.693 0.898 0.838 1.338 0.034
58 50 5 296.86 71.088 37.65 2.053 1.88 1.187 0.028
58 52 4 236.05 64.119 37.579 1.629 0.715 1.642 -0.011
58 67 1 263.047 71.847 37.678 4.389 2.133 1.795 1.14
58 72 1 304.265 56.297 37.312 3.804 1.724 0.66 -3.094
58 74 1 282.616 39.801 37.3 2.943 1.653 1.381 -2.313
58 75 1 275.091 48.948 37.293 1.382 1.663 1.294 3.137
59 22 1 208.84 54.493 37.26 1.334 1.767 0.979 0.027
59 34 1 231.109 58.679 37.597 4.269 2.045 1.689 -0.004
59 37 5 291.133 65.813 37.401 0.811 1.6 0.599 0.011
59 39 5 245.163 61.039 37.755 4.58 1.948 1.773 -0.036
59 44 5 283.084 72.028 37.611 0.796 0.89 1.327 -0.106
59 50 5 289.717 69.546 37.654 2.144 1.735 1.157 0.038
59 52 4 233.369 63.876 37.562 1.645 0.789 1.666 -0.066
59 67 1 262.559 70.953 37.662 4.595 2.114 1.689 1.044
60 22 1 201.349 53.188 37.403 3.77 1.916 1.355 -0.035
60 34 1 224.244 57.524 37.606 4.38 1.912 1.746 -0.006
60 37 5 285.645 64.659 37.386 0.862 1.615 0.587 0.009
60 39 5 238.46 59.891 37.731 4.576 2.078 1.819 0.071
60 44 5 281.231 71.755 37.677 0.707 0.702 1.142 -0.001
60 50 5 282.642 67.961 37.721 2.187 1.965 1.094 0.046
60 52 4 230.445 63.486 37.566 1.507 0.789 1.65 0.079
60 67 1 261.846 69.983 37.633 4.288 2.022 1.711 0.908
61 22 1 195.429 52.138 37.098 3.102 1.734 0.822 0.01
61 34 1 217.622 56.339 37.564 4.308 1.913 1.723 0.01
61 37 5 280.177 63.347 37.484 0.815 1.111 0.52 -0.018
61 39 5 231.745 58.57 37.777 4.569 2.07 1.929 0.01
61 44 5 279.25 71.367 37.664 0.926 0.602 1.205 0.004
61 50 5 275.513 66.395 37.596 2.462 1.858 1.506 0.01
61 52 4 228.12 63.191 38.294 0.216 0.521 0.224 -3.086
61 67 1 260.967 68.992 37.646 4.328 2.074 1.663 0.782
62 22 1 190.034 51.128 37.095 1.574 1.62 0.771 0.075
62 34 1 210.899 55.198 37.575 4.334 1.867 1.772 0.028
62 37 5 274.828 62.487 37.233 0.994 1.545 0.666 0
62 39 5 224.88 57.229 37.69 4.567 2.004 1.796 0.05
62 44 5 277.166 71.226 37.741 0.896 0.733 1.115 0
62 50 5 268.139 64.696 37.511 1.909 1.97 1.18 0.04
62 52 4 225.403 62.53 37.567 1.598 0.705 1.691 0.037
62 67 1 259.948 68.157 37.681 4.437 2.145 1.746 0.631
63 22 1 183.994 50.047 37.125 1.392 1.673 0.946 0.043
63 34 1 204.302 54.111 37.542 4.267 2.072 1.637 -0.009
63 37 5 268.9 61.448 37.297 0.261 0.682 0.309 -3.082
63 39 5 217.819 55.715 37.701 4.584 1.967 1.815 0.029
63 44 5 275.594 71.031 37.579 0.689 0.73 1.043 -0.108
63 50 5 261.118 63.062 37.542 2.209 1.951 1.255 -0.013
63 52 4 222.786 62.241 37.531 1.742 0.865 1.66 -0.034
63 67 1 258.578 67.393 37.255 4.213 2.022 0.952 0.478
63 86 1 226.711 37.961 37.55 4.072 1.751 2.023 3.097
64 22 1 176.907 48.794 37.255 3.706 1.741 1.083 -0.01
64 34 1 197.727 52.864 37.566 4.189 1.725 1.741 -0.01
64 37 5 263.35 60.383 37.333 0.863 1.618 0.632 0
64 39 5 210.517 54.128 37.667 4.575 2.069 1.806 0.039
64 44 5 273.226 70.862 37.717 1.091 0.38 1.17 0.012
64 50 5 253.716 61.625 37.467 1.898 1.982 1.129 0.004
64 52 4 220.23 61.83 37.552 1.74 0.838 1.705 -0.013
64 67 1 256.881 66.63 37.284 3.737 1.963 0.953 0.295
64 86 1 233.016 38.941 37.553 4.296 2.018 1.866 3.125
64 87 3 189.619 59.415 38.018 0.286 0.655 0.735 2.31
64 88 1 209.626 37.777 36.961 4.008 1.649 0.622 3.126
65 22 1 171.694 47.834 37.164 2.216 1.782 1.385 -0.053
65 34 1 191.035 51.54 37.8 3.68 1.233 1.279 0.124
65 37 5 257.615 59.385 37.303 1.067 1.669 0.607 -0.046
65 39 5 203.026 52.243 37.655 4.698 2.101 1.804 0.123
65 50 5 247.323 60.439 37.641 3.591 1.895 1.334 -0.051
65 52 4 217.691 61.306 37.551 1.606 0.737 1.667 0.005
65 67 1 253.67 65.622 37.304 0.706 1.943 0.577 0.084
65 86 1 238.721 40.239 37.472 4.738 1.527 1.891 3.102
65 87 3 189.651 59.468 37.554 0.418 0.623 1.503 2.5
65 88 1 216.324 39.276 37.495 4.21 1.457 1.361 3.133
65 89 5 268.414 64.181 37.202 0.293 0.917 0.661 0.086
66 22 1 165.093 46.377 37.434 3.596 0.94 1.289 0.008
66 34 1 185.377 50.882 38.318 2.116 1.274 0.208 0.033
66 37 5 251.618 58.329 37.237 0.201 0.983 0.294 0.023
66 39 5 195.473 50.228 37.611 4.643 2.103 1.732 0.086
66 50 5 240.013 59.206 37.486 3.745 1.844 1.163 -0.038
66 52 4 215.223 60.811 37.532 1.66 0.724 1.653 0.022
66 67 1 251.876 65.305 37.31 0.759 1.906 0.827 -0.038
66 86 1 245.91 42.046 37.589 1.775 0.414 1.18 3.097
66 87 3 189.641 59.455 37.716 0.649 0.694 1.541 2.595
66 88 1 222.152 40.415 37.08 4.064 1.235 0.44 -3.14
66 89 5 261.981 63.054 37.242 0.564 0.84 0.651 0.036
67 34 1 179.213 50.013 37.532 2.401 1.548 1.733 -0.032
67 37 5 245.737 57.257 37.258 0.911 1.53 0.532 0.056
67 39 5 187.82 48.332 37.644 4.528 2.018 1.799 0.091
67 50 5 232.545 57.991 37.397 3.922 1.965 1.304 0.025
67 52 4 212.752 60.253 37.507 1.632 0.736 1.703 0.084
67 67 1 249.675 64.996 37.21 0.633 1.213 0.572 0.105
67 87 3 189.657 59.48 37.683 0.532 0.671 1.535 2.654
67 88 1 226.805 41.827 37.128 1.091 0.19 0.39 -3.142
67 89 5 255.841 62.175 37.114 1.491 1.914 0.697 0.032
67 91 1 154.231 27.008 37.388 3.013 1.615 1.115 3.103
68 34 1 171.979 48.625 37.537 4.23 1.916 1.713 0.019
68 37 5 239.689 56.26 37.369 0.845 1.694 0.383 0
68 39 5 180.136 46.498 37.657 4.287 2.079 1.818 0.071
68 50 5 224.916 56.945 37.432 4.116 1.916 1.317 -0.006
68 52 4 210.289 59.815 37.485 1.654 0.758 1.627 0.003
68 87 3 189.656 59.527 37.665 0.455 0.608 1.667 3.071
68 89 5 250.434 61.157 37.096 3.697 2.043 0.809 -0.001
68 91 1 160.452 28.073 37.401 3.604 1.732 1.433 -3.135
68 92 1 182.07 28.908 37.49 3.866 1.543 1.159 -3.133
69 34 1 165.648 47.61 37.486 4.216 1.887 1.604 0.007
69 37 5 233.788 55.324 37.148 0.879 1.714 0.56 0.007
69 39 5 172.352 44.879 37.61 4.026 2.17 1.767 0.032
69 50 5 217.108 55.911 37.491 4.068 1.933 1.503 -0.011
69 52 4 207.812 59.444 37.48 1.599 0.71 1.614 0.007
69 87 3 189.548 59.528 37.66 0.658 0.66 1.595 2.833
69 91 1 166.887 29.283 37.404 3.891 1.738 1.482 -3.115
69 92 1 187.829 30.112 37.371 4.662 1.631 1.462 -3.115
69 93 1 148.279 44.206 37.355 1.159 1.304 1.088 0.007
70 34 1 159.135 46.729 37.562 4.249 1.865 1.726 -0.021
70 37 5 227.564 54.344 37.275 0.6 1.536 0.307 -0.01
70 39 5 164.662 43.435 37.651 3.475 2.063 1.791 0.083
70 50 5 209.153 54.671 37.418 4.041 1.982 1.365 -0.014
70 52 4 205.316 59.017 37.467 1.254 0.699 1.628 -0.008
70 87 3 189.546 59.56 37.679 0.681 0.79 1.658 -2.238
70 91 1 173.389 30.638 37.425 4.088 1.608 1.456 -3.111
70 92 1 193.233 31.206 37.314 3.608 1.958 1.416 -3.12
70 93 1 142.304 43.054 37.191 1.196 1.623 0.81 0.02
71 34 1 152.772 45.875 37.586 4.137 1.913 1.632 -0.002
71 37 5 221.655 53.421 37.246 0.794 1.639 0.571 0
71 39 5 156.729 41.927 37.647 3.423 2.164 1.757 -0.002
71 50 5 201.24 53.315 37.457 4.057 1.912 1.496 0
71 52 4 202.947 58.555 37.441 1.306 0.766 1.625 0
71 87 3 189.537 59.58 37.675 0.597 0.718 1.561 3.142
71 91 1 180.42 32.071 37.454 5.429 1.689 1.507 -3.107
71 92 1 198.546 32.483 37.326 3.045 1.425 1.442 3.114
71 93 1 135.211 41.96 37.235 3.446 1.819 0.675 -0.055
71 95 1 229.608 58.2 37.119 0.911 1.63 0.683 0
71 96 1 132.282 19.516 37.259 3.395 2.596 0.802 -3.122
72 34 1 146.315 44.947 37.626 4.223 1.804 1.615 0.019
72 37 5 215.76 52.428 37.253 0.902 1.621 0.537 0.053
72 39 5 149.82 40.792 37.699 1.409 2.006 1.681 0.154
72 50 5 193.263 51.892 37.446 4.183 2.006 1.44 0.032
72 52 4 200.733 58.136 37.493 1.636 0.776 1.649 0.043
72 87 3 189.528 59.58 37.702 0.599 0.474 1.62 2.644
72 91 1 187.14 33.59 37.366 3.282 1.372 1.379 -3.116
72 93 1 129.855 41.161 37.526 2.204 1.57 0.89 0.044
72 95 1 223.114 57.17 37.141 0.976 1.71 0.627 0.072
72 96 1 131.4 19.529 37.322 11.225 2.632 1.239 -3.14
72 98 4 129.573 54.317 36.953 0.147 0.284 0.8 3.142
73 34 1 139.744 44.178 37.573 4.213 1.804 1.641 -0.028
73 37 5 209.903 51.363 37.07 0.923 1.593 0.588 0
73 39 5 142.048 39.313 37.677 1.209 1.927 1.601 0
73 50 5 185.109 50.366 37.467 4.076 2.087 1.448 0.036
73 52 4 198.217 57.701 37.546 1.151 0.772 1.241 0.075
73 87 3 189.453 59.549 37.625 0.42 0.534 1.413 0.63
73 93 1 124.787 40.387 37.286 0.309 1.549 0.512 0
73 95 1 216.19 56.129 37.151 0.214 1.263 0.307 0
73 96 1 135.417 19.97 37.761 9.54 2.816 2.325 -3.103
73 98 4 129.498 54.333 37.074 0.137 0.111 0.679 -0.268
73 99 3 115.195 46.885 37.538 0.24 0.379 1.42 -2.83
73 100 1 129.215 56.161 37.123 0.217 0.145 0.473 -1.629
73 101 1 128.657 59.81 37.001 0.216 0.073 0.492 -1.645
74 34 1 133.226 43.348 37.61 4.168 1.889 1.711 -0.049
74 37 5 203.894 50.277 37.254 0.792 1.596 0.53 -0.028
74 39 5 134.309 37.947 37.743 1.147 1.984 1.586 -0.013
74 50 5 177.025 48.881 37.496 4.108 2.037 1.506 0.02
74 52 4 196.057 57.345 37.883 0.516 0.772 0.732 0.019
74 87 3 189.247 59.506 37.69 0.391 0.615 1.544 0.859
74 93 1 118.49 39.378 37.391 1.337 1.581 0.605 -0.013
74 95 1 210.386 55.23 37.738 2.07 1.458 0.751 -0.015
74 96 1 137.588 20.53 37.847 11.906 2.708 2.296 3.141
74 98 4 129.551 54.317 37.155 0.224 0.26 0.743 3.142
74 99 3 115.663 46.947 37.53 0.453 0.598 1.231 -3.014
74 100 1 129.226 56.206 37.116 0.185 0.189 0.757 3.142
74 101 1 128.638 59.851 37.219 0.209 0.244 0.71 3.142
74 102 1 128.957 58.02 37.153 0.211 0.231 0.574 3.142
75 34 1 126.659 42.53 37.654 4.293 1.806 1.667 -0.002
75 37 5 197.973 49.329 37.19 0.843 1.581 0.59 0
75 39 5 126.657 36.551 37.68 1.317 1.905 1.738 -0.002
75 50 5 168.952 47.444 37.522 4.258 1.986 1.505 0.023
75 52 4 193.574 56.977 37.395 1.592 0.695 1.527 -3.072
75 87 3 189.055 59.377 37.614 0.332 0.515 1.225 0
75 93 1 112.351 38.447 37.607 2.194 1.651 0.949 0
75 95 1 202.711 53.93 37.157 0.584 1.633 0.635 0
75 96 1 141.073 21.085 38.295 11.828 2.998 3.139 -3.107
75 98 4 129.496 54.388 37.117 0.18 0.243 0.539 3.142
75 99 3 116.246 47.177 37.559 0.576 0.448 1.414 3.102
75 100 1 129.209 56.244 37.159 0.141 0.292 0.653 3.142
75 101 1 128.574 59.909 37.204 0.109 0.184 0.697 3.142
75 102 1 128.838 58.128 37.071 0.417 0.468 0.701 0
75 105 1 127.988 23.568 37.315 1.476 1.242 0.994 3.138
75 108 3 120.299 58.425 37.571 0.595 0.434 1.654 1.612
76 34 1 120.035 41.838 37.584 4.161 1.913 1.664 -0.052
76 37 5 192.253 48.234 37.095 0.991 1.561 0.812 3.126
76 39 5 119.094 35.231 37.755 1.396 1.954 1.79 -0.03
76 50 5 160.772 46.06 37.512 4.463 2.008 1.553 0.002
76 52 4 191.09 56.568 37.31 0.91 0.732 1.545 0.613
76 87 3 188.814 59.19 37.544 0.317 0.598 1.564 0.01
76 93 1 107.067 37.658 37.435 1.299 1.707 0.874 -0.029
76 95 1 195.921 52.766 36.984 1.032 1.386 0.612 -0.002
76 96 1 145.21 21.865 38.325 13.22 3.059 3.169 -3.115
76 98 4 129.491 54.555 37.084 0.201 0.391 1.041 -3.132
76 99 3 116.881 47.336 37.377 0.347 0.599 1.106 3.1
76 100 1 129.206 56.263 37.205 0.072 0.227 0.582 -3.132
76 101 1 128.629 59.909 37.012 0.196 0.148 0.987 -3.132
76 102 1 128.914 58.112 37.173 0.121 0.14 0.762 -3.132
76 105 1 133.177 24.961 37.544 4.174 1.774 1.48 -3.131
76 108 3 120.631 58.615 37.51 0.237 0.724 1.428 2.21
76 111 1 116.334 20.844 37.39 2.316 1.848 0.825 -3.092
77 34 1 113.508 40.95 37.597 4.129 1.884 1.633 -0.026
77 37 5 186.107 47.148 37.223 0.856 1.545 0.505 -0.005
77 39 5 112.054 33.915 37.82 0.995 1.862 1.637 0.033
77 50 5 152.621 44.701 37.58 4.469 2.009 1.466 0.033
77 52 4 188.528 56.112 37.551 1.091 0.661 1.476 0.046
77 87 3 188.531 59.376 37.577 0.455 0.653 1.297 0
77 93 1 101.509 36.74 37.469 1.418 1.632 0.825 0.033
77 95 1 188.861 51.47 37.104 0.895 1.531 0.781 -0.005
77 96 1 148.619 23.138 38.287 12.536 1.669 2.99 -3.115
77 98 4 129.483 54.415 37.193 0.107 0.157 0.577 -1.872
77 99 3 117.383 47.547 37.549 0.627 0.535 1.568 -3.077
77 100 1 129.176 56.294 37.194 0.121 0.148 0.62 -1.872
77 101 1 128.575 59.924 37.145 0.172 0.145 0.738 -1.872
77 102 1 128.94 58.073 37.168 0.14 0.082 0.467 -1.872
77 105 1 139.517 26.1 37.616 4.637 1.905 1.355 -3.108
77 108 3 121.039 58.862 37.595 0.718 0.708 1.399 1.478
77 111 1 122.054 21.97 37.486 2.748 1.504 0.909 3.124
78 34 1 106.733 39.999 37.677 4.224 1.823 1.623 0
78 37 5 180.3 46.051 37.123 0.986 1.753 0.561 0
78 39 5 105.216 32.606 37.525 1.268 2.023 1.041 0
78 50 5 144.584 43.337 37.618 4.54 1.869 1.46 0
78 52 4 186.333 55.788 37.467 0.645 0.732 1.295 0.002
78 87 3 188.13 59.376 37.506 0.337 0.587 1.055 -0
78 93 1 96.126 35.86 37.464 1.4 1.675 0.62 0
78 95 1 181.529 50.231 37.204 0.568 1.626 0.613 0
78 96 1 152.608 23.501 38.265 11.54 2.731 3.127 -3.11
78 98 4 129.516 54.436 37.24 0.173 0.169 0.635 -2.159
78 99 3 118.163 47.723 37.591 0.331 0.674 1.584 3.018
78 100 1 129.218 56.25 37.216 0.292 0.228 0.729 -2.159
78 101 1 128.611 59.942 37.147 0.154 0.127 0.667 -2.159
78 102 1 128.899 58.135 37.198 0.238 0.201 0.768 -2.159
78 105 1 147.295 27.579 37.647 4.882 1.678 1.358 -3.11
78 108 3 121.439 59.056 37.597 0.495 0.613 1.461 3.018
78 111 1 127.168 22.761 37.343 4.278 1.765 0.993 -3.11
79 34 1 100.08 39.06 37.734 4.173 1.762 1.66 0.009
79 37 5 174.512 45.008 37.061 0.87 1.764 0.552 -0.003
79 39 5 98.783 31.455 37.775 1.574 1.901 1.687 -0.03
79 50 5 136.586 42.113 37.636 4.44 1.838 1.484 0.024
79 52 4 183.919 55.409 37.328 0.86 0.613 1.344 0.174
79 87 3 187.812 59.251 37.46 0.191 0.403 0.847 0
79 93 1 89.8 34.87 37.486 3.862 1.818 0.823 -0.041
79 95 1 175.745 49.015 37.109 3.629 1.544 0.796 -0.003
79 96 1 156.446 24.214 38.005 11.71 2.736 2.571 -3.117
79 98 4 129.467 54.492 37.134 0.152 0.13 0.664 -1.68
79 99 3 118.561 47.976 37.583 0.636 0.627 1.557 2.639
79 100 1 129.201 56.334 37.189 0.127 0.14 0.774 -1.679
79 101 1 128.575 59.982 37.194 0.107 0.11 0.725 -1.679
79 102 1 128.919 58.132 37.225 0.219 0.159 0.644 -1.679
79 105 1 153.859 28.678 37.55 4.564 1.943 1.499 -3.131
79 108 3 121.723 59.213 37.594 0.543 0.548 1.641 2.727
79 111 1 134.08 24.033 37.587 4.776 1.755 1.505 -3.127
79 114 3 88.7 44 37.879 0.764 0.627 1.579 -0.18
80 34 1 93.439 38.272 37.7 4.124 1.841 1.736 -0.011
80 37 5 168.611 44.066 37.101 1.001 1.725 0.541 -0.075
80 39 5 93.196 30.352 37.914 1.324 1.884 1.496 0.031
80 50 5 128.718 40.861 37.672 4.383 1.91 1.474 -0.025
80 52 4 181.435 55.01 37.422 0.87 0.593 1.087 0.061
80 93 1 86.068 34.35 37.539 1.345 1.702 0.797 0.013
80 95 1 168.461 47.737 37.203 4.185 1.685 1.11 -0.079
80 96 1 162.419 26.747 37.21 6.061 0.441 1.05 -3.124
80 98 4 129.462 54.495 37.22 0.119 0.107 0.642 3.015
80 99 3 119.204 48.124 37.634 0.768 0.783 1.63 3.025
80 100 1 129.2 56.339 37.166 0.084 0.163 0.747 3.015
80 101 1 128.551 60.061 37.148 0.11 0.181 0.747 3.015
80 102 1 128.897 58.19 37.19 0.133 0.077 0.661 3.015
80 105 1 160.793 30.072 37.299 4.436 1.675 0.634 -3.127
80 108 3 122.026 59.463 37.601 0.556 0.556 1.547 -2.176
80 111 1 140.064 25.919 37.432 3.79 0.072 0.74 -3.136
80 114 3 87.981 44.003 37.837 0.549 0.601 1.124 0.005
81 34 1 86.876 37.393 37.638 4.147 1.91 1.59 -0.036
81 37 5 162.824 43.058 37.263 0.744 1.589 0.512 0.03
81 39 5 87.869 29.378 37.915 1.601 1.907 1.737 0.006
81 50 5 120.878 39.702 37.667 4.43 1.899 1.471 0.023
81 52 4 178.984 54.624 37.538 0.659 0.987 1.111 -1.642
81 93 1 81.096 33.442 37.574 2.218 1.759 1.128 -0.004
81 95 1 159.652 46.224 37.3 1.397 1.717 0.893 -0.016
81 98 4 129.46 54.565 37.196 0.18 0.195 0.73 1.557
81 99 3 119.763 48.309 37.65 0.769 0.495 1.625 3.056
81 100 1 129.17 56.391 37.238 0.139 0.142 0.644 1.601
81 101 1 128.559 60.053 37.141 0.072 0.106 0.649 1.58
81 102 1 128.867 58.277 37.21 0.189 0.165 0.707 1.544
81 108 3 122.2 59.831 37.589 0.479 0.625 1.524 -1.679
81 114 3 87.129 43.944 37.925 0.802 0.573 1.669 -0.067
82 34 1 80.369 36.47 37.609 4.108 1.785 1.594 -0.008
82 37 5 157.157 42.133 37.278 0.726 1.526 0.565 0.006
82 39 5 83.263 28.455 37.9 1.181 1.96 1.735 -0.008
82 50 5 113.096 38.45 37.687 4.492 1.838 1.469 0
82 93 1 75.931 32.618 37.578 3.938 1.764 1.124 -0.008
82 95 1 153.534 45.186 37.178 4.215 1.714 0.68 0.006
82 98 4 129.442 54.624 37.233 0.169 0.26 0.72 3.124
82 99 3 120.396 48.428 37.667 0.817 0.666 1.675 3.117
82 100 1 129.145 56.535 37.157 0.165 0.371 0.658 -3.075
82 101 1 128.546 60.123 37.228 0.203 0.122 0.723 -3.075
82 102 1 128.864 58.332 37.162 0.179 0.272 0.685 -3.075
82 108 3 122.392 59.962 37.852 0.328 0.636 1.059 -2.423
82 114 3 86.359 43.826 37.902 0.975 0.597 1.732 -0.064
82 119 1 101.498 18.325 37.296 4.652 1.854 0.797 -3.12
83 34 1 73.96 35.563 37.635 4.18 2.056 1.631 0.04
83 37 5 152.099 41.032 37.45 1.622 1.615 0.722 0
83 39 5 78.904 27.697 37.91 1.349 2.01 1.832 0.061
83 50 5 105.622 37.289 37.693 4.344 1.81 1.508 -0.004
83 93 1 72.758 32.065 37.549 2.263 1.809 1.374 -0.055
83 95 1 144.725 43.661 37.233 1.483 1.856 0.788 0.048
83 98 4 129.46 54.658 37.205 0.073 0.103 0.711 3.142
83 99 3 121.033 48.658 37.652 0.636 0.723 1.619 -2.198
83 100 1 129.124 56.646 37.187 0.135 0.427 0.534 -3.142
83 101 1 128.584 60.173 37.163 0.235 0.133 0.674 -3.141
83 102 1 128.896 58.343 37.243 0.129 0.187 0.65 3.142
83 114 3 85.812 43.792 37.838 0.708 0.715 1.309 -0.012
83 119 1 104.582 19.781 37.563 4.404 0.405 1.206 -3.142
84 34 1 67.757 34.538 37.706 4.111 1.81 1.541 0
84 37 5 146.284 40.401 37.198 1.406 1.642 0.842 0
84 39 5 75.214 26.946 37.872 1.066 1.933 1.557 0
84 50 5 98.322 36.099 37.706 4.315 1.753 1.505 0.013
84 93 1 68.427 31.088 37.557 3.639 1.773 1.222 0.036
84 95 1 138.628 42.612 37.544 4.069 1.715 1.415 -0
84 98 4 129.445 54.717 37.256 0.222 0.044 0.567 -0
84 99 3 121.537 48.798 37.617 0.666 0.683 1.62 -2.997
84 100 1 129.151 56.563 37.185 0.111 0.038 0.573 -0.121
84 101 1 128.557 60.217 37.221 0.185 0.051 0.667 0
84 102 1 128.856 58.352 37.101 0.099 0.151 0.597 -0
84 114 3 85.138 43.693 37.957 0.621 0.591 1.757 -0.037
84 119 1 109.521 20.742 37.716 6.021 0.579 1.445 3.142
85 34 1 61.721 33.555 37.644 4.037 1.871 1.528 0.008
85 37 5 140.476 39.488 37.311 0.792 1.647 0.506 0.003
85 39 5 69.846 26.056 37.948 4.953 1.932 1.811 0.022
85 50 5 91.42 35.005 37.722 4.242 1.897 1.468 0.008
85 93 1 65.067 30.19 37.639 4.148 1.767 1.325 0.096
85 95 1 131.239 41.423 37.326 4.146 1.817 1.125 0.02
85 99 3 122.167 49.054 37.616 0.641 0.777 1.578 -1.73
85 102 1 128.842 58.422 37.301 0.222 0.184 0.561 3.142
85 114 3 84.455 43.684 37.946 0.665 0.702 1.761 -0
85 119 1 113.773 20.815 37.697 5.743 2.004 1.504 -3.14
86 34 1 55.777 32.478 37.727 4.256 1.803 1.664 0.041
86 37 5 135.102 38.715 37.317 0.846 1.647 0.582 0
86 39 5 68.496 25.817 37.924 1.322 1.975 1.737 0.044
86 50 5 84.941 33.93 37.717 4.343 1.754 1.521 0.011
86 93 1 61.557 29.206 37.702 5.656 1.899 1.482 0.083
86 95 1 124.091 40.171 37.293 4.319 1.763 0.812 -0.003
86 99 3 122.754 49.135 37.546 0.672 0.742 1.376 -3.084
86 102 1 128.848 58.478 37.154 0.2 0.281 0.576 -3.14
86 114 3 83.786 43.541 38.056 0.631 0.5 1.781 -0.102
86 119 1 118.8 22.606 37.34 2.424 0.168 0.554 -3.136
87 34 1 50.393 31.533 37.794 3.984 1.733 1.662 0.034
87 37 5 129.742 37.88 37.34 0.266 0.72 0.347 -0.021
87 39 5 65.419 25.303 37.977 1.694 1.942 1.766 0.033
87 50 5 79.002 33.083 37.738 4.355 1.799 1.463 0.009
87 93 1 59.956 28.62 37.681 4.024 1.682 1.439 0.206
87 95 1 117.008 38.994 37.455 4.209 1.895 1.046 0
87 99 3 123.255 49.367 37.568 0.514 0.634 1.482 -0.028
87 114 3 83.066 43.498 37.982 0.712 0.579 1.78 -0.071
88 34 1 44.936 30.7 37.743 4.078 1.75 1.567 0
88 37 5 124.662 37.145 37.517 0.821 1.632 0.323 0
88 39 5 62.978 24.862 37.946 1.337 2.038 1.765 0
88 50 5 73.429 32.246 37.741 4.378 1.816 1.49 0
88 93 1 57.99 27.96 37.57 4.167 1.818 1.158 0.198
88 95 1 109.943 37.823 37.683 4.199 1.875 1.452 0
88 99 3 123.967 49.549 37.703 0.393 0.533 1.414 -2.664
88 114 3 82.394 43.584 38.011 0.744 0.573 1.813 -0.022
89 34 1 39.867 29.984 37.735 4.176 1.825 1.604 -0.018
89 37 5 119.56 36.354 37.416 0.862 1.615 0.548 0.003
89 39 5 60.738 24.47 38.001 1.241 2.019 1.732 -0.016
89 50 5 68.222 31.497 37.736 4.358 1.8 1.491 -0.016
89 93 1 56.299 27.41 37.736 4.261 1.725 1.5 0.167
89 95 1 103.167 36.579 37.486 4.263 1.784 1.038 -0.006
89 99 3 124.544 49.689 37.589 0.502 0.565 1.539 0.276
89 114 3 81.618 43.471 38.003 0.841 0.718 1.771 -0.058
90 34 1 35.297 29.393 37.741 3.987 1.777 1.637 -0.052
90 37 5 114.459 35.717 37.287 0.838 1.63 0.732 -0.265
90 39 5 58.953 24.147 37.974 1.342 2.011 1.737 -0.12
90 50 5 63.332 30.788 37.78 4.252 1.726 1.505 -0.055
90 93 1 54.657 26.959 37.821 4.26 1.735 1.506 0.114
90 95 1 96.819 35.506 37.699 4.316 1.996 1.415 -0.045
90 99 3 125.198 49.852 37.392 0.494 0.509 1.308 2.31
90 114 3 80.964 43.424 37.989 0.983 0.551 1.78 -0.064
91 34 1 31.267 28.971 37.647 3.873 1.903 1.671 -0.085
91 37 5 109.651 34.871 37.317 1.107 1.84 0.772 0.005
91 39 5 57.265 23.881 37.993 1.522 2.042 1.84 -0.018
91 50 5 58.723 30.179 37.748 4.274 1.89 1.492 -0.038
91 93 1 52.973 26.647 37.741 4.342 1.811 1.486 0.055
91 95 1 90.899 34.319 37.746 4.364 1.811 1.486 -0.006
91 99 3 125.674 49.889 37.672 0.269 0.552 0.69 -0.057
91 114 3 80.225 43.401 37.962 1.009 0.689 1.761 -0.099
92 34 1 27.798 28.65 37.819 3.875 1.86 1.753 -0.063
92 37 5 104.601 34.266 37.376 0.902 1.745 0.765 3.127
92 39 5 54.867 23.397 38.064 3.429 2.287 1.724 -0.034
92 50 5 54.428 29.494 37.817 4.292 1.902 1.466 -0.003
92 93 1 51.414 26.272 37.833 4.235 1.976 1.494 -0.008
92 95 1 85.399 33.147 37.736 4.392 1.816 1.475 -0.049
92 114 3 79.452 43.371 37.934 0.961 0.656 1.693 -0.033
93 34 1 24.883 28.686 37.826 3.351 1.91 1.632 -0.157
93 37 5 101.148 33.875 37.49 3.947 1.892 1.058 -0.006
93 39 5 53.326 23.224 38.033 3.965 2.222 1.81 0.013
93 50 5 50.421 28.861 37.799 4.287 1.824 1.43 0.026
93 93 1 49.591 25.94 37.85 4.239 1.713 1.499 0.043
93 95 1 80.446 32.177 37.762 4.656 1.799 1.344 -0.013
93 114 3 78.739 43.328 37.999 0.856 0.731 1.836 -0.019
93 130 1 50.956 3.01 37.804 3.83 0.692 1.52 -3.048
94 34 1 23.089 28.804 37.773 1.123 1.692 1.387 -0.31
94 37 5 96.413 33.126 37.528 3.933 1.975 1.016 -0.005
94 39 5 52.606 23.072 38.037 3.468 2.219 1.802 0
94 50 5 46.701 28.178 37.773 4.396 1.838 1.462 0.042
94 93 1 47.662 25.632 37.822 4.219 1.908 1.494 0.019
94 95 1 75.714 31.239 37.812 4.581 1.882 1.476 0
94 114 3 78.119 43.251 38 0.771 0.576 1.654 0
94 130 1 51.229 2.518 37.871 4.344 1.754 1.484 -3.102
94 133 2 3.2 15.741 38.788 11.908 3.038 2.721 1.816
94 134 1 45.942 7.824 38.1 2.19 1.313 0.717 -3.089
94 135 1 10.226 11.718 37.987 3.487 1.755 1.474 2.075
95 34 1 19.141 29.581 37.763 3.526 1.781 1.684 -0.406
95 37 5 90.534 32.204 37.399 1.054 1.776 0.684 0.007
95 39 5 52.91 23.174 38.089 1.645 1.984 1.778 0.013
95 50 5 43.702 27.641 37.776 3.463 1.792 1.372 0.069
95 93 1 45.648 25.242 37.861 4.106 1.75 1.418 0.024
95 95 1 71.273 30.448 37.791 4.573 1.895 1.384 0.013
95 114 3 77.495 43.229 38.003 0.604 0.687 1.719 0.051
95 130 1 51.372 2.624 37.858 4.316 1.67 1.571 -3.073
95 133 2 6.407 11.075 38.953 5.032 1.46 2.916 1.953
95 134 1 49.914 8.422 38.168 3.039 1.792 0.787 -3.08
95 135 1 12.526 9.805 38.027 3.769 1.699 1.421 2.275
96 34 1 16.354 30.724 37.917 4.063 1.861 1.305 -0.605
96 37 5 87.788 31.942 37.721 4.036 2.115 1.345 0.035
96 39 5 52.341 23.045 38.082 2.228 2.042 1.783 0.091
96 50 5 40.728 27.096 37.743 3.362 1.764 1.365 0.047
96 93 1 43.414 24.848 37.846 4.218 1.822 1.428 0.047
96 95 1 67.181 29.657 37.843 4.577 1.849 1.469 -0.026
96 114 3 76.836 43.118 37.854 0.591 0.593 1.386 1.619
96 130 1 50.759 2.428 38.11 2.405 1.792 0.974 -3.034
96 133 2 6.923 9.949 38.979 6.69 2.991 3.042 1.992
96 134 1 55.18 9.336 38.117 4.043 1.748 0.818 -3.121
96 135 1 15.325 8.141 38.185 4.012 1.829 0.74 2.451
96 138 3 20.503 33.452 37.554 0.521 0.403 1.104 0.435
96 139 3 62.365 0 37.962 0.316 0.639 1.518 -1.871
97 34 1 13.937 32.143 37.796 4.101 1.813 1.509 -0.715
97 37 5 83.964 31.312 37.742 4.094 1.786 1.182 -0.009
97 39 5 51.597 22.973 38.1 3.459 2.002 1.793 -0.009
97 50 5 38.268 26.747 37.784 3.304 1.749 1.535 0.007
97 93 1 41.257 24.546 37.82 4.046 1.792 1.438 0.03
97 95 1 63.344 28.957 37.842 4.678 1.866 1.448 0.006
97 114 3 76.096 43.083 37.964 0.485 0.584 1.801 -0.01
97 130 1 52.279 2.934 37.934 4.386 1.643 1.354 -3.059
97 133 2 8.045 9.01 39.03 8.446 2.924 2.607 2.087
97 134 1 59.788 10.209 37.943 4.05 1.637 1.081 -3.119
97 135 1 18.271 6.916 38.337 3.705 1.629 0.625 2.629
97 138 3 20.005 33.192 37.709 0.555 0.439 1.393 -0
97 139 3 63.466 0.24 37.831 0.586 0.291 1.224 -3.026
98 34 1 12.295 33.579 37.781 2.417 1.775 1.653 -0.919
98 37 5 80.269 30.722 37.741 4.137 2.118 1.303 0.088
98 39 5 52.168 23.029 38.093 2.076 2.041 1.816 0.064
98 50 5 36.242 26.362 37.799 3.458 1.743 1.53 0.062
98 93 1 39.153 24.162 37.82 3.948 1.789 1.419 0.062
98 95 1 59.836 28.394 37.838 4.608 1.831 1.471 0.047
98 114 3 75.516 43.004 38.1 0.69 0.587 1.771 0.104
98 130 1 53.097 3.188 37.904 4.493 1.705 1.379 -3.007
98 133 2 9.126 8.306 39.07 10.386 3.033 3.145 2.196
98 134 1 63.258 10.781 38.019 0.968 1.519 0.639 3.123
98 135 1 21.993 6.108 38.212 3.779 1.621 0.667 2.782
98 138 3 19.538 33.069 37.787 0.464 0.432 1.399 -0.17
98 139 3 64.992 0.518 37.903 0.583 0.317 1.461 3.036
98 140 2 0.1 41.646 38.744 7.183 1.513 3.086 1.693
99 34 1 9.865 36.396 37.75 3.433 1.623 1.392 -1.098
99 37 5 76.868 30.358 37.776 4.208 2.013 1.358 0.002
99 39 5 51.434 22.948 38.104 3.402 2.012 1.822 -0.048
99 50 5 34.8 26.098 37.74 3.605 1.705 1.387 0.055
99 93 1 37.225 23.835 37.817 3.714 1.798 1.448 0.055
99 95 1 56.62 27.746 37.859 4.521 1.905 1.449 0.055
99 114 3 74.824 42.915 38.042 0.703 0.569 1.756 0.004
99 130 1 54.158 3.575 37.955 4.307 1.751 1.371 -2.953
99 133 2 10.462 7.365 38.94 12.146 3.266 3.107 2.311
99 134 1 70.723 12.722 37.422 0.421 0.134 0.36 -3.128
99 135 1 25.822 5.669 38.141 3.859 1.717 1.193 2.902
99 138 3 19.361 32.833 37.709 0.354 0.427 1.281 0.077
99 139 3 66.311 0.788 37.931 0.764 0.375 1.375 -3.044
99 140 2 0 39.564 38.526 11.632 2.689 3.336 1.686
100 34 1 7.832 39.545 37.787 3.993 1.594 1.692 -1.245
100 37 5 73.566 29.74 37.792 4.127 1.899 1.377 0.016
100 39 5 51.296 22.943 38.079 3.421 2.175 1.814 0.038
100 50 5 33.713 25.945 37.799 4.19 1.792 1.453 0.048
100 93 1 36.085 23.661 37.902 2.387 1.812 1.387 0.048
100 95 1 53.456 27.138 37.822 4.458 1.773 1.327 0.038
100 114 3 74.11 42.788 38.008 0.879 0.701 1.693 0.012
100 130 1 55.477 4.053 37.941 4.334 1.663 1.311 -2.959
100 133 2 12.892 6.162 38.893 11.925 2.833 2.774 2.432
100 135 1 29.877 5.602 38.025 3.689 1.779 0.991 2.998
100 138 3 19.173 32.63 37.665 0.378 0.544 1.348 2.167
100 139 3 67.535 1.037 38.041 0.521 0.239 1.369 2.945
100 140 2 0.697 37.282 38.548 11.855 2.843 2.994 1.73
100 141 1 106.76 33.567 37.772 1.784 1.87 0.959 0.059
101 34 1 6.718 41.835 37.929 1.468 1.521 1.261 -1.477
101 37 5 70.596 29.273 37.739 4.29 2.007 1.356 -0.039
101 39 5 51.682 23.021 38.102 2.327 2.216 1.803 0.039
101 50 5 33.21 25.809 37.788 4.217 1.578 1.431 0.069
101 93 1 34.269 23.308 37.835 2.956 1.579 1.427 0.07
101 95 1 50.443 26.517 37.862 4.486 1.884 1.411 0.041
101 114 3 73.382 42.752 38.004 0.795 0.567 1.708 0.145
101 130 1 57.093 4.551 37.794 4.414 1.885 1.672 -2.951
101 133 2 15.718 4.972 38.985 12.175 3.032 3.301 2.515
101 135 1 34.94 5.873 38.148 3.781 1.865 0.947 3.087
101 138 3 19.009 32.544 37.622 0.271 0.436 1.388 2.292
101 140 2 1.734 34.63 38.683 11.201 2.728 3.293 -1.393
101 141 1 101.551 32.586 37.401 0.526 1.887 0.806 0.059
102 37 5 67.605 28.763 37.797 4.257 1.901 1.353 0.035
102 39 5 51.022 22.885 38.086 3.419 2.11 1.829 0
102 50 5 32.866 25.759 37.727 4.278 1.741 1.538 0.054
102 93 1 33.167 23.199 37.776 2.124 1.645 1.231 0
102 95 1 47.668 26.007 37.878 4.452 1.768 1.511 0.075
102 114 3 72.539 42.634 37.993 1.141 0.653 1.742 0
102 130 1 59.013 5.241 37.792 4.415 1.89 1.728 -2.966
102 133 2 18.142 4.038 39.011 11.917 3.278 3.048 2.653
102 135 1 39.442 6.576 38.197 3.941 1.849 1.029 3.142
102 138 3 19.035 32.518 37.651 0.391 0.531 1.33 1.454
102 140 2 2.567 32.634 38.668 12.073 2.769 3.299 -1.37
102 141 1 97.506 31.904 37.541 0.697 1.884 0.807 0.037
103 37 5 64.94 28.422 37.815 4.378 1.926 1.346 0.007
103 39 5 50.856 22.866 38.093 3.417 2.07 1.814 -0.009
103 50 5 32.661 25.699 37.92 3.754 1.565 1.155 0.051
103 93 1 31.926 22.926 37.752 2.179 1.595 1.219 0.04
103 95 1 45.119 25.491 37.875 4.376 1.814 1.502 0.083
103 114 3 71.828 42.504 37.931 0.969 0.52 1.581 -0.044
103 130 1 61.106 5.946 37.742 4.404 1.761 1.869 -2.959
103 133 2 20.763 3.543 38.861 11.856 2.995 3.01 2.723
103 135 1 44.081 7.557 38.274 3.855 1.8 0.871 -3.103
103 138 3 19.053 32.519 37.648 0.363 0.468 1.347 1.503
103 140 2 3.788 30.287 38.72 11.927 2.279 3.24 1.824
103 141 1 94.222 31.326 37.911 2.298 1.913 1.561 0.025
103 144 1 8.05 11.047 38.1 2.625 1.458 1.031 2.239
104 37 5 62.677 27.969 37.817 4.792 1.86 1.327 0.015
104 39 5 50.769 22.85 38.202 3.437 2.132 2.043 0.007
104 50 5 34.003 26.078 37.767 1.477 1.417 1.456 -0.003
104 93 1 31.312 22.822 37.71 1.337 1.519 1.237 0.057
104 95 1 42.264 24.845 37.875 5.859 1.952 1.529 0.066
104 114 3 71.051 42.444 38.015 0.935 0.631 1.722 0.086
104 130 1 63.283 6.671 37.81 4.317 1.66 1.744 -3.002
104 133 2 23.556 2.969 38.98 11.844 3.73 3.198 2.821
104 135 1 48.852 8.569 38.186 4.134 1.792 1.055 -3.062
104 138 3 19.082 32.566 37.754 0.217 0.536 1.542 -0.743
104 140 2 4.695 27.332 38.793 12.682 3.616 3.35 1.873
104 141 1 90.332 30.624 37.893 2.65 2.099 1.716 -0.005
104 144 1 10.393 9.493 37.903 3.761 1.086 1.014 2.294
104 146 1 33.749 7.639 38.322 3.925 1.59 1.002 2.908
105 37 5 60.968 27.733 37.869 3.488 1.838 1.431 -0.053
105 39 5 50.755 22.86 38.072 3.376 2.245 1.798 0.019
105 50 5 33.845 26.133 37.792 2.158 1.53 1.402 0.083
105 93 1 29.467 22.556 37.749 3.419 1.615 1.377 0.012
105 95 1 40.87 24.652 37.832 4.59 1.876 1.43 0.059
105 114 3 70.521 42.286 38.121 0.691 0.53 1.73 0.004
105 130 1 64.908 7.136 37.954 2.066 1.592 1.449 -3.013
105 133 2 26.537 2.722 38.89 11.919 3.152 2.915 2.919
105 135 1 53.975 9.579 38.289 3.964 1.882 0.907 -3.072
105 138 3 19.054 32.57 37.646 0.5 0.346 1.346 1.141
105 140 2 6.394 25.031 38.955 12.79 2.871 2.768 1.914
105 141 1 85.929 29.839 37.701 1.481 1.969 1.211 0.033
105 144 1 13.062 7.817 37.929 3.994 0.748 1.076 2.413
105 146 1 38.359 7.792 38.249 3.045 1.776 0.6 2.968
106 37 5 58.833 27.439 38.126 3.596 1.759 0.98 0.07
106 39 5 50.728 22.824 38.107 3.377 2.128 1.777 0.046
106 50 5 33.841 26.103 37.799 2.169 1.67 1.399 -0.029
106 93 1 30.239 22.551 37.924 0.671 1.093 0.683 0.044
106 95 1 39.367 24.302 37.873 4.327 1.925 1.434 0.043
106 114 3 69.801 42.229 38.083 0.758 0.663 1.81 0.005
106 133 2 29.547 2.781 38.869 11.712 3.076 2.887 2.953
106 135 1 59.111 10.688 38.131 4.093 1.803 1.196 -3.072
106 138 3 19.054 32.516 37.658 0.393 0.421 1.341 -0.433
106 140 2 7.73 23.729 39.006 10.314 1.898 2.547 1.981
106 141 1 82.595 29.181 37.91 2.444 2.181 1.646 0.054
106 144 1 15.792 6.388 38.157 3.885 0.655 0.746 2.513
106 146 1 42.887 8.064 38.277 3.299 1.845 1.001 3.141
107 37 5 56.136 26.874 37.881 3.171 1.718 1.49 -0.006
107 39 5 50.746 22.864 38.084 3.45 2.257 1.825 0.053
107 50 5 33.816 25.99 37.78 2.25 1.669 1.447 0.059
107 93 1 29.908 22.297 37.755 0.643 0.814 1.071 0.065
107 95 1 38.088 23.936 37.738 4.243 1.704 1.251 0.061
107 114 3 69.158 42.042 38.107 0.582 0.596 1.771 -0.021
107 133 2 32.685 2.761 38.794 11.775 3.163 2.922 3.037
107 135 1 63.843 11.674 38.155 2.876 1.507 1.054 -3.099
107 138 3 19.064 32.51 37.652 0.467 0.547 1.362 -0.349
107 140 2 8.897 22.925 38.946 7.51 1.007 2.646 -1.18
107 141 1 80.023 28.722 37.922 4.075 2.201 1.752 -0.008
107 144 1 18.722 5.174 38.206 3.675 1.076 0.738 2.666
107 146 1 47.079 8.589 38.183 4.296 1.8 1.353 3.097
108 37 5 54.873 26.682 37.838 4.554 1.657 1.345 0.056
108 39 5 51.258 22.911 38.095 2.343 2.109 1.745 0.053
108 50 5 33.176 25.885 37.782 3.479 1.754 1.381 0.015
108 93 1 29.702 22.273 37.978 0.562 0.53 0.519 -0.057
108 95 1 37.849 23.996 37.837 2.391 1.904 1.541 0.034
108 114 3 68.426 41.967 38.108 0.584 0.617 1.721 0.105
108 133 2 35.862 3.117 38.903 11.922 3.006 2.912 3.053
108 135 1 70.409 12.911 38.039 2.359 1.407 1.217 -3.097
108 138 3 19.018 32.469 37.635 0.376 0.411 1.318 0.012
108 140 2 11.294 18.157 39.057 12.197 2.805 2.445 2.086
108 141 1 77.019 28.217 37.967 3.848 2.239 1.72 0.036
108 144 1 21.918 4.366 37.926 3.837 1.254 0.676 2.784
108 146 1 51.399 9.159 38.297 3.725 1.788 1.13 -3.102
109 37 5 53.156 26.522 38.116 4.463 1.796 1.88 0
109 39 5 50.71 22.834 38.12 3.429 2.159 1.754 0.013
109 50 5 33.181 25.838 37.782 3.548 1.782 1.438 0.013
109 93 1 29.694 22.206 38.276 0.644 0.807 0.503 0.039
109 95 1 37.01 23.789 37.87 2.343 1.921 1.457 0.013
109 114 3 67.758 41.779 38.051 0.721 0.649 1.699 0.056
109 133 2 39.276 3.353 38.81 11.813 3.187 2.982 3.098
109 138 3 19.025 32.505 37.603 0.39 0.521 1.446 -0.001
109 140 2 13.242 16.151 38.864 12.384 2.905 2.867 2.145
109 141 1 74.629 27.757 37.955 3.905 2.155 1.631 0.028
109 144 1 25.297 3.814 37.894 3.798 1.994 0.989 2.881
109 146 1 56.326 9.983 38.335 4.18 1.827 1.037 -3.119
110 37 5 51.552 26.208 37.853 4.428 1.736 1.346 0.03
110 39 5 50.727 22.839 38.081 3.399 2.199 1.83 0.03
110 50 5 32.99 25.802 37.794 3.944 1.738 1.41 0.03
110 95 1 36.239 23.683 37.735 2.307 1.869 1.247 0.03
110 114 3 67.067 41.656 38.093 0.747 0.597 1.819 0.012
110 133 2 42.806 3.78 38.833 11.769 3.066 2.98 3.114
110 138 3 19.021 32.499 37.662 0.382 0.411 1.323 -0.017
110 140 2 17.357 12.277 38.969 6.357 2.915 2.772 2.291
110 141 1 72.748 27.401 37.992 4.123 2.221 1.66 0.03
110 144 1 28.827 3.944 37.934 3.828 1.58 1.055 2.989
110 146 1 61.051 10.811 38.141 4.2 1.767 1.356 -3.112
111 37 5 50.03 25.974 37.836 4.438 1.687 1.42 0.024
111 39 5 50.685 22.843 38.079 3.537 2.041 1.833 -0.05
111 50 5 32.933 25.768 37.786 4.067 1.681 1.434 0.026
111 95 1 35.869 23.581 37.76 2.014 1.763 1.165 0.015
111 114 3 66.34 41.478 37.955 0.928 0.617 1.476 0.007
111 133 2 46.373 4.291 38.779 11.916 3.038 2.962 3.128
111 138 3 19.009 32.497 37.642 0.283 0.472 1.372 -0.683
111 140 2 18.953 11.411 38.859 9.113 2.893 2.872 2.307
111 141 1 71.278 27.131 37.983 4.066 2.188 1.746 0.048
111 144 1 32.681 4.419 38.064 3.97 1.666 0.958 3.096
112 37 5 48.585 25.727 37.728 4.459 1.762 1.109 0.042
112 39 5 50.757 22.864 38.107 3.415 2.291 1.778 0.072
112 50 5 32.864 25.72 37.792 4.109 1.65 1.424 0.032
112 95 1 35.969 23.569 37.732 1.346 1.903 1.22 0.033
112 114 3 65.54 41.296 38.035 0.746 0.492 1.752 0.064
112 133 2 50.168 4.769 38.755 11.82 3.024 2.942 -3.136
112 138 3 18.952 32.505 37.667 0.464 0.539 1.324 2.971
112 140 2 20.363 10.594 38.87 11.722 3.065 2.877 2.407
112 141 1 70.135 26.931 37.989 3.838 2.221 1.687 0.058
112 144 1 36.912 5.305 38.075 3.64 1.693 0.867 -3.05
113 37 5 47.081 25.461 37.814 4.598 1.723 1.382 0.054
113 39 5 50.717 22.785 38.1 3.446 2.097 1.784 0.008
113 50 5 32.76 25.708 37.779 4.106 1.635 1.462 0.016
113 95 1 36.016 23.561 37.735 1.259 1.667 1.142 0.016
113 114 3 64.876 41.183 38.041 0.983 0.599 1.707 0.024
113 133 2 53.979 5.285 38.763 11.837 3.064 2.86 -3.137
113 138 3 18.902 32.452 37.646 0.479 0.486 1.332 0.144
113 140 2 22.924 9.23 39.019 12.208 2.889 2.555 2.484
113 141 1 69.339 26.757 37.993 4.114 2.16 1.707 0
113 144 1 41.343 6.449 38.079 3.909 1.706 0.78 -3.122
113 148 4 104.514 42.314 37.766 0.74 0.815 1.267 -0.018
114 37 5 45.778 25.267 37.828 4.409 1.727 1.366 0.028
114 39 5 50.732 22.788 38.085 3.406 2.052 1.822 0.014
114 50 5 32.819 25.713 38.036 4.026 1.657 0.933 0.014
114 95 1 36.017 23.566 37.709 1.273 1.725 1.253 0.014
114 114 3 64.145 41.015 38.038 1.006 0.513 1.761 -0.203
114 133 2 57.856 5.909 38.478 11.752 3.047 3.202 -3.14
114 138 3 18.96 32.28 37.649 0.409 0.473 1.365 2.332
114 140 2 25.691 8.115 38.906 12.374 2.917 2.69 2.548
114 141 1 68.595 26.611 38.011 4.07 2.244 1.728 0.014
114 144 1 46.125 7.454 38.121 3.904 1.902 0.789 -3.113
114 148 4 102.36 42.13 37.832 0.88 0.751 1.216 0.005
115 37 5 44.684 25.076 37.652 4.399 1.769 1.039 0.028
115 39 5 51.33 22.872 38.099 2.318 2.057 1.82 0.084
115 50 5 33.754 25.936 38.287 1.892 1.475 0.532 -0.022
115 95 1 35.983 23.548 37.704 1.37 1.558 1.271 -0.098
115 114 3 63.427 40.964 38.076 0.953 0.641 1.857 -0.102
115 133 2 61.644 6.582 38.54 11.836 2.821 3.263 3.127
115 138 3 18.995 32.179 37.674 0.42 0.587 1.336 1.164
115 140 2 28.567 7.16 38.902 12.389 2.908 2.814 2.62
115 141 1 68.154 26.55 38.013 4.091 2.208 1.656 0.055
115 144 1 50.601 8.627 38.027 2.913 1.706 1.017 -3.141
115 148 4 100.333 41.958 37.728 0.456 0.713 1.457 0.08
116 37 5 43.891 24.976 37.834 4.301 1.873 1.332 0.017
116 39 5 50.717 22.774 38.11 3.428 2.085 1.768 0.016
116 50 5 33.783 25.97 38.031 2.129 1.454 0.943 0.102
116 95 1 36.025 23.432 37.749 1.322 1.38 1.177 0.102
116 114 3 62.782 40.802 38.097 0.817 0.589 1.813 0.132
116 133 2 65.629 7.028 38.572 11.687 2.834 3.012 3.126
116 138 3 18.842 32.06 37.675 0.491 0.407 1.324 0.01
116 140 2 31.634 6.263 39.008 12.483 3.109 2.901 2.684
116 141 1 67.87 26.471 38.008 4.149 2.161 1.682 -0.025
116 144 1 56.668 9.785 38.097 4.232 1.794 0.82 -3.088
116 148 4 97.866 41.651 37.696 1.12 0.746 1.576 0.094
